lambda	F11	F12	F13	F21	F22	F23	F31	F32	F33	J	P11	P12	P13	P21	P22	P23	P31	P32	P33	p	StrEn	t(1)	t(2)	d
0	1	0	0	0	1	0	0	0	1	1	0	0	0	0	0	0	0	0	0	-0	0	inf	inf	inf
0.002	1.002	0.0016	0	0	0.9994955	0	0	0	0.99954879	1.0010426	2.7504089e-06	9.931956e-07	-5.6709501e-08	9.8705262e-07	3.9098163e-09	-2.0724277e-08	-5.9936788e-08	-2.1907517e-08	4.9422338e-09	-9.1975365e-07	3.4389125e-09	3.5427611e-06	3.5901108e-06	0.013188943
0.004	1.004	0.0032	0	0	0.99893722	0	0	0	0.9990567	1.0019869	5.8294376e-06	2.0582349e-06	-1.0871267e-07	2.0409936e-06	7.3624263e-09	-5.0620776e-08	-1.1347149e-07	-5.2961583e-08	1.0023497e-08	-1.9489412e-06	1.4360443e-08	7.4712284e-06	7.4698171e-06	-0.00018892699
0.006	1.006	0.0048	0	0	0.99831271	0	0	0	0.99850321	1.0027994	9.0378392e-06	3.1811957e-06	-1.5411505e-07	3.1470855e-06	1.0455787e-08	-1.0165858e-07	-1.5884246e-07	-1.0450196e-07	1.5281098e-08	-3.021192e-06	3.3318181e-08	1.1574404e-05	1.1532455e-05	-0.0036375147
0.008	1.008	0.0064	0	0	0.99754809	0	0	0	0.99781062	1.003327	1.2190689e-05	4.3432436e-06	-1.9217755e-07	4.285588e-06	1.3169709e-08	-2.1883392e-07	-1.9500122e-07	-2.2086039e-07	2.0854481e-08	-4.0749044e-06	6.0490262e-08	1.5648562e-05	1.5513523e-05	-0.0087046097
0.01	1.01	0.008	0	0	0.99613127	0	0	0	0.99667348	1.0027458	1.4868317e-05	5.3063191e-06	-2.0499291e-07	5.2223027e-06	1.8129216e-08	-4.7161037e-07	-2.1307908e-07	-4.7169623e-07	2.4718233e-08	-4.9703883e-06	9.5372273e-08	1.9077782e-05	1.8893061e-05	-0.0097772293
0.012	1.012	0.0096	0	0	0.99346635	0	0	0	0.99504495	1.0004062	1.6929159e-05	5.6749661e-06	-2.0026805e-07	5.5643159e-06	2.3307917e-08	-7.4515136e-07	-2.1711151e-07	-7.4612823e-07	2.6196885e-08	-5.6595547e-06	1.360625e-07	2.1412404e-05	2.1402891e-05	-0.00044448608
0.014	1.014	0.0112	0	0	0.99028604	0	0	0	0.99321233	0.99733421	1.8700734e-05	5.8474319e-06	-1.9705194e-07	5.7077865e-06	2.7087664e-08	-9.4367752e-07	-2.1878781e-07	-9.4779561e-07	2.7163161e-08	-6.2516616e-06	1.8098384e-07	2.330882e-05	2.3379455e-05	0.0030212318
0.016	1.016	0.0128	0	0	0.98690976	0	0	0	0.99129598	0.99397279	2.0369931e-05	5.9581584e-06	-1.9630898e-07	5.7884264e-06	3.0529952e-08	-1.0862809e-06	-2.2084203e-07	-1.0948671e-06	2.7973318e-08	-6.809478e-06	2.2958032e-07	2.5056971e-05	2.5164978e-05	0.0042919561
0.018	1.018	0.0144	0	0	0.983427	0	0	0	0.98933228	0.99044892	2.1993164e-05	6.0443556e-06	-1.9701745e-07	5.8436603e-06	3.3806464e-08	-1.1912969e-06	-2.2315919e-07	-1.2051915e-06	2.86441e-08	-7.3518715e-06	2.8164375e-07	2.6740755e-05	2.6873639e-05	0.0049447412
0.02	1.02	0.016	0	0	0.97986712	0	0	0	0.98733406	0.9868053	2.3590449e-05	6.1188769e-06	-1.9806065e-07	5.8863265e-06	3.689872e-08	-1.2695525e-06	-2.2513404e-07	-1.2893443e-06	2.9148653e-08	-7.8854986e-06	3.3707488e-07	2.8389943e-05	2.8543121e-05	0.0053665402
0.022	1.022	0.0176	0	0	0.97624253	0	0	0	0.98530704	0.98306041	2.5170619e-05	6.1872094e-06	-1.9868455e-07	5.921902e-06	3.9822597e-08	-1.3275956e-06	-2.2629547e-07	-1.3537266e-06	2.9507688e-08	-8.4133163e-06	3.9581623e-07	3.0017569e-05	3.0188912e-05	0.0056757013
0.024	1.024	0.0192	0	0	0.97256177	0	0	0	0.98325546	0.97922731	2.6739012e-05	6.2521394e-06	-1.9861989e-07	5.9531752e-06	4.2622219e-08	-1.3698513e-06	-2.2654338e-07	-1.4026662e-06	2.9758785e-08	-8.9371309e-06	4.5783053e-07	3.1631088e-05	3.1819228e-05	0.0059127848
0.026	1.026	0.0208	0	0	0.96883263	0	0	0	0.98118335	0.97531811	2.8299695e-05	6.3152222e-06	-1.9804736e-07	5.9817101e-06	4.5331867e-08	-1.3996942e-06	-2.2615483e-07	-1.4394667e-06	2.992877e-08	-9.4583186e-06	5.2309315e-07	3.3235734e-05	3.3439504e-05	0.0060936748
0.028	1.028	0.0224	0	0	0.96506139	0	0	0	0.97909399	0.97134261	2.9855684e-05	6.3773516e-06	-1.9732326e-07	6.0084098e-06	4.7963433e-08	-1.4197927e-06	-2.2553598e-07	-1.4667442e-06	3.0028251e-08	-9.977892e-06	5.9158854e-07	3.4835186e-05	3.5053576e-05	0.0062301518
0.03	1.03	0.024	0	0	0.96125215	0	0	0	0.97698959	0.96730734	3.1408986e-05	6.439063e-06	-1.9671705e-07	6.0338137e-06	5.0520888e-08	-1.4321729e-06	-2.2498592e-07	-1.4864887e-06	3.0061527e-08	-1.0496523e-05	6.6330745e-07	3.643183e-05	3.666403e-05	0.0063331597
0.032	1.032	0.0256	0	0	0.95740735	0	0	0	0.97487142	0.96321623	3.2960871e-05	6.5006988e-06	-1.9636635e-07	6.0582629e-06	5.3008787e-08	-1.4383387e-06	-2.2466478e-07	-1.5001808e-06	3.0032649e-08	-1.1014638e-05	7.3824466e-07	3.8027168e-05	3.827254e-05	0.0064111804
0.034	1.034	0.0272	0	0	0.95352832	0	0	0	0.97274023	0.95907157	3.4512155e-05	6.5624918e-06	-1.9632766e-07	6.0819838e-06	5.5432495e-08	-1.4394214e-06	-2.2464754e-07	-1.5089368e-06	2.9946126e-08	-1.1532511e-05	8.1639761e-07	3.9622167e-05	3.9880197e-05	0.0064701283
0.036	1.036	0.0288	0	0	0.94961581	0	0	0	0.97059643	0.95487468	3.606338e-05	6.6246069e-06	-1.9661935e-07	6.1051316e-06	5.7797087e-08	-1.4362924e-06	-2.2496751e-07	-1.5136185e-06	2.980647e-08	-1.2050328e-05	8.9776545e-07	4.1217479e-05	4.1487734e-05	0.0065141019
0.038	1.038	0.0304	0	0	0.94567015	0	0	0	0.96844023	0.95062637	3.7614928e-05	6.6871649e-06	-1.9724385e-07	6.1278151e-06	6.0106857e-08	-1.4296366e-06	-2.2563884e-07	-1.5149052e-06	2.9617934e-08	-1.2568218e-05	9.8234855e-07	4.2813562e-05	4.3095667e-05	0.006546033
0.04	1.04	0.032	0	0	0.94169149	0	0	0	0.96627171	0.94632704	3.9167074e-05	6.750257e-06	-1.9819753e-07	6.1501117e-06	6.236525e-08	-1.4200013e-06	-2.2666695e-07	-1.5133415e-06	2.9384425e-08	-1.3086275e-05	1.0701481e-06	4.4410749e-05	4.4704371e-05	0.0065680958
0.042	1.042	0.0336	0	0	0.93767979	0	0	0	0.9640909	0.94197691	4.0720025e-05	6.8139532e-06	-1.9947506e-07	6.1720765e-06	6.4574971e-08	-1.4078294e-06	-2.2805338e-07	-1.5093697e-06	2.9109517e-08	-1.360457e-05	1.161166e-06	4.6009294e-05	4.6314131e-05	0.0065819511
0.044	1.044	0.0352	0	0	0.93363492	0	0	0	0.96189774	0.93757602	4.2273943e-05	6.878309e-06	-2.0107119e-07	6.1937488e-06	6.6738109e-08	-1.393483e-06	-2.2979803e-07	-1.5033532e-06	2.8796453e-08	-1.4123159e-05	1.2554046e-06	4.7609393e-05	4.7925167e-05	0.0065888963
0.046	1.046	0.0368	0	0	0.92955667	0	0	0	0.95969214	0.93312429	4.3828955e-05	6.9433693e-06	-2.0298154e-07	6.2151564e-06	6.8856252e-08	-1.3772609e-06	-2.3190028e-07	-1.4955936e-06	2.8448157e-08	-1.4642087e-05	1.3528667e-06	4.9211203e-05	4.9537654e-05	0.0065899615
0.048	1.048	0.0384	0	0	0.92544478	0	0	0	0.95747398	0.92862158	4.5385167e-05	7.0091708e-06	-2.0520281e-07	6.2363181e-06	7.0930564e-08	-1.3594115e-06	-2.3435955e-07	-1.4863432e-06	2.8067236e-08	-1.5161388e-05	1.4535553e-06	5.0814854e-05	5.1151738e-05	0.0065859739
0.05	1.05	0.04	0	0	0.92129892	0	0	0	0.9552431	0.92406767	4.6942664e-05	7.0757446e-06	-2.0773288e-07	6.2572462e-06	7.2961852e-08	-1.3401427e-06	-2.3717563e-07	-1.4758152e-06	2.765598e-08	-1.5681094e-05	1.5574736e-06	5.2420452e-05	5.2767535e-05	0.0065776035
0.052	1.052	0.0416	0	0	0.91711875	0	0	0	0.95299934	0.91946227	4.8501521e-05	7.1431172e-06	-2.1057073e-07	6.2779476e-06	7.4950605e-08	-1.3196298e-06	-2.4034875e-07	-1.464191e-06	2.7216369e-08	-1.6201229e-05	1.6646254e-06	5.4028089e-05	5.4385149e-05	0.006565396
0.054	1.054	0.0432	0	0	0.91290387	0	0	0	0.95074251	0.91480509	5.00618e-05	7.2113115e-06	-2.1371646e-07	6.2984248e-06	7.6897035e-08	-1.2980212e-06	-2.4387974e-07	-1.4516264e-06	2.6750087e-08	-1.6721816e-05	1.7750142e-06	5.5637844e-05	5.6004663e-05	0.0065497971
0.056	1.056	0.0448	0	0	0.90865386	0	0	0	0.94847238	0.91009574	5.1623557e-05	7.2803478e-06	-2.171711e-07	6.3186771e-06	7.8801102e-08	-1.2754437e-06	-2.4776995e-07	-1.438256e-06	2.6258547e-08	-1.7242872e-05	1.8886441e-06	5.7249788e-05	5.7626154e-05	0.0065311721
0.058	1.058	0.0464	0	0	0.90436828	0	0	0	0.94618872	0.90533384	5.3186839e-05	7.3502441e-06	-2.2093662e-07	6.3387006e-06	8.0662539e-08	-1.2520058e-06	-2.5202129e-07	-1.4241975e-06	2.5742913e-08	-1.7764415e-05	2.0055189e-06	5.8863981e-05	5.9249686e-05	0.0065098205
0.06	1.06	0.048	0	0	0.90004663	0	0	0	0.94389129	0.90051895	5.4751687e-05	7.4210167e-06	-2.2501577e-07	6.358489e-06	8.2480872e-08	-1.2278014e-06	-2.5663614e-07	-1.4095541e-06	2.5204131e-08	-1.8286457e-05	2.1256428e-06	6.048048e-05	6.0875316e-05	0.0064859876
0.062	1.062	0.0496	0	0	0.89568843	0	0	0	0.94157982	0.89565061	5.631814e-05	7.4926803e-06	-2.2941202e-07	6.3780339e-06	8.425544e-08	-1.2029118e-06	-2.6161731e-07	-1.3944177e-06	2.4642958e-08	-1.8809013e-05	2.2490201e-06	6.2099333e-05	6.2503095e-05	0.0064598746
0.064	1.064	0.0512	0	0	0.89129315	0	0	0	0.93925402	0.89072832	5.788623e-05	7.5652483e-06	-2.3412945e-07	6.3973248e-06	8.5985403e-08	-1.1774082e-06	-2.6696794e-07	-1.3788705e-06	2.4059984e-08	-1.9332092e-05	2.3756552e-06	6.3720587e-05	6.4133068e-05	0.0064316454
0.066	1.066	0.0528	0	0	0.88686022	0	0	0	0.9369136	0.88575155	5.9455987e-05	7.6387331e-06	-2.3917265e-07	6.4163492e-06	8.7669762e-08	-1.1513534e-06	-2.7269142e-07	-1.3629868e-06	2.3455658e-08	-1.9855704e-05	2.5055524e-06	6.5344283e-05	6.5765275e-05	0.0064014336
0.068	1.068	0.0544	0	0	0.88238906	0	0	0	0.93455823	0.88071975	6.1027435e-05	7.7131457e-06	-2.4454659e-07	6.4350932e-06	8.9307365e-08	-1.1248033e-06	-2.7879126e-07	-1.3468346e-06	2.2830302e-08	-2.0379857e-05	2.6387163e-06	6.6970457e-05	6.7399749e-05	0.0063693472
0.07	1.07	0.056	0	0	0.87787907	0	0	0	0.93218757	0.87563232	6.2600597e-05	7.7884965e-06	-2.5025649e-07	6.4535412e-06	9.0896922e-08	-1.0978079e-06	-2.8527098e-07	-1.3304767e-06	2.218413e-08	-2.0904559e-05	2.7751514e-06	6.8599143e-05	6.9036522e-05	0.0063354737
0.072	1.072	0.0576	0	0	0.87332962	0	0	0	0.92980128	0.87048865	6.4175493e-05	7.8647948e-06	-2.5630774e-07	6.4716761e-06	9.2437017e-08	-1.0704128e-06	-2.92134e-07	-1.3139716e-06	2.1517262e-08	-2.1429816e-05	2.9148624e-06	7.0230374e-05	7.0675622e-05	0.0062998831
0.074	1.074	0.0592	0	0	0.86874004	0	0	0	0.92739897	0.86528809	6.575214e-05	7.9420493e-06	-2.627057e-07	6.4894793e-06	9.3926119e-08	-1.0426599e-06	-2.9938346e-07	-1.2973748e-06	2.082973e-08	-2.1955632e-05	3.0578539e-06	7.1864175e-05	7.231707e-05	0.0062626321
0.076	1.076	0.0608	0	0	0.86410964	0	0	0	0.92498026	0.86002997	6.7330551e-05	8.0202676e-06	-2.6945557e-07	6.5069312e-06	9.5362603e-08	-1.0145882e-06	-3.070221e-07	-1.280739e-06	2.012149e-08	-2.2482012e-05	3.2041307e-06	7.3500573e-05	7.3960888e-05	0.0062237666
0.078	1.078	0.0624	0	0	0.85943771	0	0	0	0.92254473	0.85471358	6.8910736e-05	8.0994572e-06	-2.7656226e-07	6.5240106e-06	9.6744766e-08	-9.8623474e-07	-3.1505211e-07	-1.264115e-06	1.9392433e-08	-2.3008958e-05	3.3536974e-06	7.5139588e-05	7.5607092e-05	0.0061833249
0.08	1.08	0.064	0	0	0.85472351	0	0	0	0.92009198	0.84933818	7.0492706e-05	8.1796247e-06	-2.8403016e-07	6.5406957e-06	9.807085e-08	-9.5763492e-07	-3.234749e-07	-1.2475523e-06	1.8642389e-08	-2.3536473e-05	3.506559e-06	7.6781243e-05	7.7255696e-05	0.0061413401
0.082	1.082	0.0656	0	0	0.84996626	0	0	0	0.91762154	0.84390303	7.2076467e-05	8.2607766e-06	-2.9186306e-07	6.5569636e-06	9.9339074e-08	-9.2882331e-07	-3.3229102e-07	-1.2310994e-06	1.7871139e-08	-2.4064559e-05	3.6627202e-06	7.8425553e-05	7.8906714e-05	0.006097843
0.084	1.084	0.0672	0	0	0.84516516	0	0	0	0.91513299	0.83840735	7.3662022e-05	8.3429197e-06	-3.0006391e-07	6.5727909e-06	1.0054766e-07	-8.9983402e-07	-3.4149989e-07	-1.2148038e-06	1.7078425e-08	-2.4593216e-05	3.8221859e-06	8.0072536e-05	8.0560155e-05	0.0060528641
0.086	1.086	0.0688	0	0	0.84031939	0	0	0	0.91262584	0.83285034	7.5249375e-05	8.4260605e-06	-3.0863468e-07	6.5881538e-06	1.0169487e-07	-8.7070116e-07	-3.5109973e-07	-1.198713e-06	1.6263955e-08	-2.5122445e-05	3.9849608e-06	8.1722206e-05	8.2216031e-05	0.0060064363
0.088	1.088	0.0704	0	0	0.83542809	0	0	0	0.91009963	0.8272312	7.6838527e-05	8.5102068e-06	-3.1757622e-07	6.6030287e-06	1.0277907e-07	-8.4145913e-07	-3.6108735e-07	-1.1828739e-06	1.5427421e-08	-2.5652245e-05	4.15105e-06	8.3374577e-05	8.387435e-05	0.0059585968
0.09	1.09	0.072	0	0	0.83049039	0	0	0	0.90755387	0.82154909	7.8429479e-05	8.5953672e-06	-3.2688815e-07	6.617392e-06	1.0379872e-07	-8.1214295e-07	-3.7145802e-07	-1.167333e-06	1.4568509e-08	-2.6182615e-05	4.3204582e-06	8.5029664e-05	8.5535125e-05	0.0059093889
0.092	1.092	0.0736	0	0	0.82550538	0	0	0	0.90498809	0.81580321	8.002223e-05	8.681552e-06	-3.3656874e-07	6.6312212e-06	1.047525e-07	-7.8278838e-07	-3.8220542e-07	-1.1521368e-06	1.368691e-08	-2.6713556e-05	4.4931905e-06	8.6687484e-05	8.7198367e-05	0.0058588638
0.094	1.094	0.0752	0	0	0.82047216	0	0	0	0.9024018	0.80999273	8.1616781e-05	8.7687741e-06	-3.4661491e-07	6.6444948e-06	1.0563929e-07	-7.5343204e-07	-3.9332157e-07	-1.1373308e-06	1.2782339e-08	-2.7245068e-05	4.6692517e-06	8.8348053e-05	8.8864094e-05	0.005807082
0.096	1.096	0.0768	0	0	0.81538977	0	0	0	0.89979453	0.80411684	8.3213136e-05	8.8570493e-06	-3.5702219e-07	6.6571933e-06	1.0645827e-07	-7.241114e-07	-4.047968e-07	-1.12296e-06	1.1854547e-08	-2.777715e-05	4.8486469e-06	9.0011393e-05	9.0532326e-05	0.0057541135
0.098	1.098	0.0784	0	0	0.81025726	0	0	0	0.89716581	0.79817476	8.4811297e-05	8.9463971e-06	-3.6778485e-07	6.6692992e-06	1.0720893e-07	-6.9486467e-07	-4.166199e-07	-1.1090681e-06	1.090334e-08	-2.8309803e-05	5.031381e-06	9.167753e-05	9.2203091e-05	0.0057000386
0.1	1.1	0.08	0	0	0.80507368	0	0	0	0.89451521	0.79216572	8.6411273e-05	9.0368418e-06	-3.78896e-07	6.6807978e-06	1.0789115e-07	-6.6573058e-07	-4.2877818e-07	-1.0956972e-06	9.928588e-09	-2.8843031e-05	5.2174592e-06	9.3346497e-05	9.3876425e-05	0.005644947
0.102	1.102	0.0816	0	0	0.79983804	0	0	0	0.8918423	0.786089	8.8013076e-05	9.128413e-06	-3.9034779e-07	6.6916776e-06	1.085052e-07	-6.367481e-07	-4.4125769e-07	-1.0828873e-06	8.930242e-09	-2.9376837e-05	5.4068867e-06	9.5018336e-05	9.5552372e-05	0.0055889376
0.104	1.104	0.0832	0	0	0.79454938	0	0	0	0.88914667	0.77994391	8.9616723e-05	9.2211463e-06	-4.0213172e-07	6.7019305e-06	1.0905177e-07	-6.0795598e-07	-4.5404352e-07	-1.0706759e-06	7.9083447e-09	-2.9911228e-05	5.5996687e-06	9.6693094e-05	9.7230987e-05	0.0055321161
0.106	1.106	0.0848	0	0	0.78920671	0	0	0	0.88642795	0.77372983	9.1222239e-05	9.3150843e-06	-4.1423894e-07	6.7115525e-06	1.09532e-07	-5.7939237e-07	-4.6712008e-07	-1.0590972e-06	6.8630383e-09	-3.0446211e-05	5.7958107e-06	9.8370834e-05	9.8912339e-05	0.0054745939
0.108	1.108	0.0864	0	0	0.78380906	0	0	0	0.88368582	0.76744618	9.2829654e-05	9.410277e-06	-4.2666057e-07	6.7205435e-06	1.0994745e-07	-5.5109421e-07	-4.8047149e-07	-1.048182e-06	5.7945702e-09	-3.0981799e-05	5.9953181e-06	0.00010005163	0.00010059651	0.0054164855
0.11	1.11	0.088	0	0	0.77835545	0	0	0	0.88091997	0.76109243	9.443901e-05	9.5067823e-06	-4.3938812e-07	6.7289075e-06	1.1030012e-07	-5.2309678e-07	-4.9408191e-07	-1.0379568e-06	4.703295e-09	-3.1518004e-05	6.1981967e-06	0.00010173557	0.00010228359	0.0053579061
0.112	1.112	0.0896	0	0	0.77284492	0	0	0	0.87813013	0.75466815	9.6050355e-05	9.6046664e-06	-4.5241383e-07	6.7366526e-06	1.1059236e-07	-4.9543312e-07	-5.0793598e-07	-1.0284438e-06	3.589673e-09	-3.2054846e-05	6.4044524e-06	0.00010342275	0.0001039737	0.0052989697
0.114	1.114	0.0912	0	0	0.76727649	0	0	0	0.87531607	0.74817292	9.7663748e-05	9.704004e-06	-4.6573099e-07	6.7437908e-06	1.1082688e-07	-4.6813358e-07	-5.2201911e-07	-1.0196605e-06	2.4542657e-09	-3.2592343e-05	6.6140915e-06	0.00010511329	0.00010566696	0.0052397864
0.116	1.116	0.0928	0	0	0.76164922	0	0	0	0.87247759	0.74160642	9.927926e-05	9.8048785e-06	-4.7933425e-07	6.7503375e-06	1.1100668e-07	-4.4122538e-07	-5.3631785e-07	-1.0116197e-06	1.2977282e-09	-3.3130521e-05	6.8271203e-06	0.00010680732	0.00010736351	0.0051804609
0.118	1.118	0.0944	0	0	0.75596214	0	0	0	0.86961454	0.73496836	0.00010089697	9.9073815e-06	-4.9321984e-07	6.7563116e-06	1.11135e-07	-4.1473234e-07	-5.5082008e-07	-1.0043292e-06	1.2080018e-10	-3.3669409e-05	7.0435456e-06	0.000108505	0.00010906352	0.0051210908
0.12	1.12	0.096	0	0	0.75021431	0	0	0	0.86672678	0.72825853	0.00010251697	1.0011614e-05	-5.0738575e-07	6.7617346e-06	1.1121525e-07	-3.8867457e-07	-5.6551529e-07	-9.9779222e-07	-1.0757055e-09	-3.4209036e-05	7.2633744e-06	0.00011020648	0.00011076716	0.0050617658
0.122	1.122	0.0976	0	0	0.74440475	0	0	0	0.86381419	0.72147673	0.00010413936	1.0117683e-05	-5.2183182e-07	6.7666301e-06	1.1125094e-07	-3.6306843e-07	-5.8039465e-07	-9.9200754e-07	-2.2909142e-09	-3.474944e-05	7.4866142e-06	0.00011191195	0.00011247462	0.0050025668
0.124	1.124	0.0992	0	0	0.73853252	0	0	0	0.8608767	0.71462283	0.00010576425	1.0225707e-05	-5.3655978e-07	6.7710238e-06	1.1124567e-07	-3.3792648e-07	-5.9545108e-07	-9.8696971e-07	-3.5239014e-09	-3.5290659e-05	7.7132728e-06	0.00011362162	0.0001141861	0.0049435654
0.126	1.126	0.1008	0	0	0.73259664	0	0	0	0.85791422	0.70769672	0.00010739178	1.0335809e-05	-5.5157325e-07	6.7749424e-06	1.1120301e-07	-3.1325759e-07	-6.106793e-07	-9.8266955e-07	-4.7737042e-09	-3.5832735e-05	7.9433586e-06	0.00011533568	0.00011590184	0.0048848244
0.128	1.128	0.1024	0	0	0.72659614	0	0	0	0.85492671	0.70069831	0.00010902206	1.0448122e-05	-5.6687765e-07	6.7784133e-06	1.1112652e-07	-2.8906706e-07	-6.2607578e-07	-9.7909455e-07	-6.0393319e-09	-3.6375715e-05	8.1768802e-06	0.00011705438	0.00011762208	0.0048263972
0.13	1.13	0.104	0	0	0.72053003	0	0	0	0.8519141	0.69362755	0.00011065525	1.0562786e-05	-5.8248014e-07	6.7814646e-06	1.1101965e-07	-2.6535691e-07	-6.4163864e-07	-9.762293e-07	-7.3197757e-09	-3.6919648e-05	8.4138469e-06	0.00011877797	0.00011934705	0.0047683291
0.132	1.132	0.1056	0	0	0.71439728	0	0	0	0.84887636	0.68648438	0.00011229149	1.0679948e-05	-5.9838949e-07	6.784124e-06	1.1088578e-07	-2.4212612e-07	-6.5736758e-07	-9.7405601e-07	-8.6140166e-09	-3.7464588e-05	8.6542684e-06	0.0001205067	0.00012107705	0.0047106568
0.134	1.134	0.1072	0	0	0.70819688	0	0	0	0.84581343	0.67926876	0.00011393097	1.0799763e-05	-6.1461592e-07	6.786419e-06	1.107281e-07	-2.1937094e-07	-6.7326373e-07	-9.7255493e-07	-9.921033e-09	-3.8010591e-05	8.8981551e-06	0.00012224085	0.00012281235	0.0046534098
0.136	1.136	0.1088	0	0	0.70192776	0	0	0	0.84272528	0.67198065	0.00011557384	1.0922393e-05	-6.3117105e-07	6.7883764e-06	1.1054968e-07	-1.9708526e-07	-6.8932959e-07	-9.7170483e-07	-1.1239806e-08	-3.8557717e-05	9.1455178e-06	0.00012398073	0.00012455325	0.0045966102
0.138	1.138	0.1104	0	0	0.69558884	0	0	0	0.83961184	0.66462003	0.0001172203	1.104801e-05	-6.480677e-07	6.7900222e-06	1.103534e-07	-1.7526088e-07	-7.0556883e-07	-9.7148333e-07	-1.2569324e-08	-3.9106028e-05	9.3963681e-06	0.00012572664	0.00012630007	0.0045402738
0.14	1.14	0.112	0	0	0.68917901	0	0	0	0.83647306	0.65718683	0.00011887054	1.1176792e-05	-6.6531982e-07	6.7913812e-06	1.1014196e-07	-1.5388788e-07	-7.2198622e-07	-9.7186735e-07	-1.3908586e-08	-3.9655592e-05	9.6507181e-06	0.00012747891	0.00012805316	0.0044844103
0.142	1.142	0.1136	0	0	0.68269713	0	0	0	0.83330886	0.64968102	0.00012052478	1.1308926e-05	-6.8294238e-07	6.7924773e-06	1.0991789e-07	-1.3295491e-07	-7.385875e-07	-9.7283336e-07	-1.5256604e-08	-4.020648e-05	9.9085807e-06	0.0001292379	0.00012981285	0.0044290237
0.144	1.144	0.1152	0	0	0.67614202	0	0	0	0.83011916	0.64210254	0.00012218322	1.1444611e-05	-7.009513e-07	6.7933329e-06	1.0968349e-07	-1.1244947e-07	-7.5537928e-07	-9.743577e-07	-1.6612406e-08	-4.0758764e-05	1.016997e-05	0.00013100398	0.00013157952	0.0043741133
0.146	1.146	0.1168	0	0	0.66951247	0	0	0	0.82690387	0.63445133	0.00012384611	1.1584053e-05	-7.1936336e-07	6.7939691e-06	1.0944091e-07	-9.2358181e-08	-7.7236898e-07	-9.764168e-07	-1.7975035e-08	-4.1312524e-05	1.0434899e-05	0.00013277752	0.00013335356	0.0043196733
0.148	1.148	0.1184	0	0	0.66280724	0	0	0	0.82366286	0.62672731	0.00012551368	1.172747e-05	-7.3819617e-07	6.7944058e-06	1.091921e-07	-7.2667007e-08	-7.8956469e-07	-9.7898734e-07	-1.9343548e-08	-4.1867842e-05	1.0703384e-05	0.00013455894	0.00013513539	0.0042656939
0.15	1.15	0.12	0	0	0.65602506	0	0	0	0.82039601	0.61893039	0.00012718619	1.1875092e-05	-7.5746812e-07	6.7946612e-06	1.0893882e-07	-5.3361474e-08	-8.0697521e-07	-9.8204646e-07	-2.071702e-08	-4.2424804e-05	1.097544e-05	0.00013634868	0.00013692543	0.004212161
0.152	1.152	0.1216	0	0	0.64916459	0	0	0	0.81710319	0.61106049	0.00012886391	1.202716e-05	-7.7719838e-07	6.7947525e-06	1.0868264e-07	-3.4426842e-08	-8.246099e-07	-9.8557183e-07	-2.2094539e-08	-4.29835e-05	1.1251086e-05	0.00013814719	0.00013872415	0.0041590569
0.154	1.154	0.1232	0	0	0.6422245	0	0	0	0.81378422	0.60311752	0.00013054714	1.2183931e-05	-7.9740688e-07	6.7946952e-06	1.0842498e-07	-1.5848263e-08	-8.4247871e-07	-9.8954174e-07	-2.3475207e-08	-4.3544029e-05	1.1530337e-05	0.00013995496	0.00014053203	0.0041063603
0.156	1.156	0.1248	0	0	0.63520339	0	0	0	0.81043893	0.59510135	0.00013223616	1.2345675e-05	-8.1811433e-07	6.7945036e-06	1.0816706e-07	2.3890919e-09	-8.6059212e-07	-9.9393518e-07	-2.4858139e-08	-4.410649e-05	1.1813214e-05	0.00014177249	0.00014234958	0.0040540467
0.158	1.158	0.1264	0	0	0.62809984	0	0	0	0.80706713	0.5870119	0.00013393131	1.251268e-05	-8.3934223e-07	6.7941908e-06	1.0790994e-07	2.0299919e-08	-8.7896116e-07	-9.9873183e-07	-2.6242458e-08	-4.4670993e-05	1.2099735e-05	0.00014360034	0.00014417735	0.0040020881
0.16	1.16	0.128	0	0	0.6209124	0	0	0	0.8036686	0.57884904	0.00013563292	1.268525e-05	-8.6111288e-07	6.7937682e-06	1.0765454e-07	3.7898693e-08	-8.9759733e-07	-1.0039121e-06	-2.7627298e-08	-4.5237649e-05	1.2389923e-05	0.00014543907	0.0001460159	0.0039504538
0.162	1.162	0.1296	0	0	0.61363957	0	0	0	0.80024311	0.57061269	0.00013734135	1.2863709e-05	-8.8344945e-07	6.7932462e-06	1.0740158e-07	5.5199592e-08	-9.1651269e-07	-1.0094572e-06	-2.9011798e-08	-4.5806581e-05	1.2683799e-05	0.00014728932	0.00014786586	0.0038991098
0.164	1.164	0.1312	0	0	0.60627983	0	0	0	0.79679042	0.56230275	0.00013905699	1.3048402e-05	-9.0637601e-07	6.792634e-06	1.0715163e-07	7.2216439e-08	-9.3571977e-07	-1.0153487e-06	-3.0395103e-08	-4.6377916e-05	1.2981386e-05	0.00014915172	0.00014972788	0.0038480191
0.166	1.166	0.1328	0	0	0.59883165	0	0	0	0.79331026	0.55391913	0.00014078024	1.3239699e-05	-9.2991752e-07	6.7919391e-06	1.0690512e-07	8.8962656e-08	-9.5523166e-07	-1.0215693e-06	-3.177636e-08	-4.6951789e-05	1.328271e-05	0.00015102698	0.00015160264	0.003797142
0.168	1.168	0.1344	0	0	0.59129344	0	0	0	0.78980234	0.54546177	0.00014251153	1.3437991e-05	-9.541e-07	6.7911681e-06	1.0666231e-07	1.0545123e-07	-9.7506195e-07	-1.0281019e-06	-3.3154714e-08	-4.7528347e-05	1.3587797e-05	0.00015291585	0.00015349089	0.0037464354
0.17	1.17	0.136	0	0	0.58366363	0	0	0	0.78626636	0.53693064	0.00014425133	1.3643701e-05	-9.7895044e-07	6.7903263e-06	1.0642328e-07	1.2169467e-07	-9.952248e-07	-1.03493e-06	-3.4529312e-08	-4.8107742e-05	1.3896674e-05	0.00015481911	0.00015539342	0.0036958535
0.172	1.172	0.1376	0	0	0.5759406	0	0	0	0.782702	0.52832572	0.00014600013	1.3857278e-05	-1.004497e-06	6.7894174e-06	1.0618798e-07	1.3770501e-07	-1.0157349e-06	-1.0420376e-06	-3.5899295e-08	-4.8690141e-05	1.4209371e-05	0.00015673763	0.00015731108	0.0036453468
0.174	1.174	0.1392	0	0	0.56812275	0	0	0	0.77910893	0.51964704	0.00014775846	1.4079207e-05	-1.0307689e-06	6.788444e-06	1.0595618e-07	1.5349379e-07	-1.0366076e-06	-1.049409e-06	-3.7263797e-08	-4.9275717e-05	1.4525918e-05	0.00015867231	0.00015924478	0.0035948628
0.176	1.176	0.1408	0	0	0.56020847	0	0	0	0.77548679	0.5108947	0.00014952688	1.4310007e-05	-1.0577967e-06	6.7874073e-06	1.0572748e-07	1.6907204e-07	-1.0578588e-06	-1.0570287e-06	-3.8621945e-08	-4.9864661e-05	1.484635e-05	0.00016062414	0.00016119548	0.0035443453
0.178	1.178	0.1424	0	0	0.55219614	0	0	0	0.77183521	0.50206881	0.00015130599	1.4550236e-05	-1.0856122e-06	6.7863072e-06	1.0550129e-07	1.8445026e-07	-1.0795049e-06	-1.0648813e-06	-3.9972858e-08	-5.0457173e-05	1.51707e-05	0.00016259418	0.00016316423	0.0034937341
0.18	1.18	0.144	0	0	0.5440842	0	0	0	0.7681538	0.4931696	0.00015309645	1.4800497e-05	-1.1142484e-06	6.7851417e-06	1.0527686e-07	1.9963844e-07	-1.1015631e-06	-1.0729516e-06	-4.131564e-08	-5.105347e-05	1.5499007e-05	0.00016458355	0.00016515216	0.0034429649
0.182	1.182	0.1456	0	0	0.53587108	0	0	0	0.76444215	0.48419737	0.00015489895	1.5061436e-05	-1.1437397e-06	6.7839077e-06	1.0505323e-07	2.1464607e-07	-1.1240512e-06	-1.0812241e-06	-4.2649384e-08	-5.1653784e-05	1.5831309e-05	0.00016659347	0.00016716047	0.003391969
0.184	1.184	0.1472	0	0	0.5275553	0	0	0	0.76069985	0.4751525	0.00015671424	1.5333754e-05	-1.1741221e-06	6.7826001e-06	1.0482924e-07	2.2948209e-07	-1.1469876e-06	-1.089683e-06	-4.3973169e-08	-5.2258365e-05	1.6167649e-05	0.00016862527	0.00016919048	0.0033406725
0.186	1.186	0.1488	0	0	0.5191354	0	0	0	0.75692645	0.46603552	0.00015854313	1.5618205e-05	-1.2054329e-06	6.7812121e-06	1.0460353e-07	2.4415493e-07	-1.1703913e-06	-1.0983121e-06	-4.5286057e-08	-5.2867482e-05	1.6508071e-05	0.00017068036	0.00017124358	0.003288996
0.188	1.188	0.1504	0	0	0.51061005	0	0	0	0.7531215	0.45684707	0.00016038649	1.5915608e-05	-1.2377107e-06	6.7797351e-06	1.0437448e-07	2.586725e-07	-1.1942821e-06	-1.1070946e-06	-4.6587094e-08	-5.3481424e-05	1.6852623e-05	0.00017276028	0.00017332129	0.0032368537
0.19	1.19	0.152	0	0	0.50197801	0	0	0	0.74928455	0.44758799	0.00016224525	1.6226846e-05	-1.2709958e-06	6.7781583e-06	1.0414027e-07	2.7304218e-07	-1.2186803e-06	-1.1160129e-06	-4.7875307e-08	-5.4100504e-05	1.7201356e-05	0.00017486668	0.00017542526	0.0031841528
0.192	1.192	0.1536	0	0	0.49323817	0	0	0	0.7454151	0.43825928	0.00016412043	1.6552876e-05	-1.3053298e-06	6.7764687e-06	1.0389877e-07	2.8727082e-07	-1.2436068e-06	-1.1250483e-06	-4.9149708e-08	-5.4725059e-05	1.7554324e-05	0.00017700137	0.00017755727	0.0031307923
0.194	1.194	0.1552	0	0	0.48438963	0	0	0	0.74151266	0.42886217	0.00016601312	1.6894736e-05	-1.3407558e-06	6.7746509e-06	1.0364763e-07	3.0136471e-07	-1.2690831e-06	-1.1341809e-06	-5.0409288e-08	-5.5355453e-05	1.7911585e-05	0.00017916629	0.00017971922	0.0030766615
0.196	1.196	0.1568	0	0	0.47543168	0	0	0	0.73757673	0.41939815	0.00016792451	1.7253552e-05	-1.3773179e-06	6.772687e-06	1.0338417e-07	3.1532962e-07	-1.2951309e-06	-1.1433892e-06	-5.1653022e-08	-5.5992079e-05	1.8273201e-05	0.00018136354	0.00018191322	0.0030216382
0.198	1.198	0.1584	0	0	0.46636388	0	0	0	0.73360681	0.40986901	0.00016985587	1.7630544e-05	-1.4150617e-06	6.770556e-06	1.0310539e-07	3.2917072e-07	-1.3217726e-06	-1.1526499e-06	-5.2879866e-08	-5.6635365e-05	1.8639238e-05	0.00018359542	0.00018414151	0.0029655857
0.2	1.2	0.16	0	0	0.4571861	0	0	0	0.72960236	0.40027687	0.00017180859	1.8027037e-05	-1.4540335e-06	6.7682341e-06	1.0280795e-07	3.428926e-07	-1.3490306e-06	-1.1619377e-06	-5.4088758e-08	-5.728577e-05	1.9009767e-05	0.0001858644	0.00018640653	0.002908349
0.202	1.202	0.1616	0	0	0.44789859	0	0	0	0.72556286	0.39062426	0.00017378417	1.8444471e-05	-1.4942805e-06	6.7656939e-06	1.0248815e-07	3.5649924e-07	-1.3769273e-06	-1.1712244e-06	-5.527862e-08	-5.7943793e-05	1.9384864e-05	0.00018817316	0.00018871094	0.0028497496
0.204	1.204	0.1632	0	0	0.43850206	0	0	0	0.7214878	0.38091416	0.00017578423	1.8884406e-05	-1.5358499e-06	6.762904e-06	1.0214182e-07	3.6999393e-07	-1.4054849e-06	-1.1804794e-06	-5.6448357e-08	-5.8609973e-05	1.9764611e-05	0.00019052463	0.0001910576	0.0027895766
0.206	1.206	0.1648	0	0	0.42899772	0	0	0	0.71737665	0.37115006	0.00017781051	1.9348534e-05	-1.5787891e-06	6.7598289e-06	1.0176432e-07	3.8337925e-07	-1.434725e-06	-1.189668e-06	-5.759686e-08	-5.9284894e-05	2.0149094e-05	0.00019292197	0.00019344961	0.0027275782
0.208	1.208	0.1664	0	0	0.41938742	0	0	0	0.71322891	0.36133603	0.00017986492	1.9838691e-05	-1.6231445e-06	6.7564277e-06	1.0135039e-07	3.9665689e-07	-1.4646681e-06	-1.198752e-06	-5.8723012e-08	-5.9969184e-05	2.0538409e-05	0.00019536858	0.00019589033	0.0026634567
0.21	1.21	0.168	0	0	0.40967369	0	0	0	0.70904408	0.35147681	0.0001819495	2.0356859e-05	-1.6689613e-06	6.7526528e-06	1.0089403e-07	4.0982743e-07	-1.4953332e-06	-1.2076881e-06	-5.9825696e-08	-6.0663522e-05	2.0932656e-05	0.00019786817	0.00019838335	0.0025968956
0.212	1.212	0.1696	0	0	0.39985986	0	0	0	0.70482169	0.34157784	0.00018406642	2.0905179e-05	-1.7162822e-06	6.748449e-06	1.0038836e-07	4.2288977e-07	-1.526737e-06	-1.2164278e-06	-6.0903828e-08	-6.1368636e-05	2.1331943e-05	0.00020042472	0.00020093262	0.0025276868
0.214	1.214	0.1712	0	0	0.38995019	0	0	0	0.7005613	0.33164539	0.00018621806	2.1485958e-05	-1.765148e-06	6.7437534e-06	9.9825837e-08	4.3584011e-07	-1.5588936e-06	-1.2249184e-06	-6.195642e-08	-6.2085311e-05	2.1736386e-05	0.00020304253	0.00020354243	0.0024560208
0.216	1.216	0.1728	0	0	0.37995007	0	0	0	0.69626247	0.32168669	0.00018840695	2.210169e-05	-1.815597e-06	6.7385019e-06	9.9199334e-08	4.4867107e-07	-1.591815e-06	-1.2331058e-06	-6.2982665e-08	-6.2814388e-05	2.2146112e-05	0.00020572621	0.00020621756	0.002382677
0.218	1.218	0.1744	0	0	0.36986642	0	0	0	0.69192476	0.31171023	0.00019063583	2.2755095e-05	-1.8676653e-06	6.7326442e-06	9.8504183e-08	4.6137277e-07	-1.6255119e-06	-1.2409403e-06	-6.398192e-08	-6.3556783e-05	2.2561256e-05	0.00020848082	0.00020896321	0.0023084897
0.22	1.22	0.176	0	0	0.35970802	0	0	0	0.68754771	0.30172604	0.0001929077	2.3449139e-05	-1.9213827e-06	6.7261512e-06	9.7738675e-08	4.739363e-07	-1.659993e-06	-1.2483754e-06	-6.4953487e-08	-6.4313496e-05	2.2981965e-05	0.00021131181	0.00021178482	0.0022334495
0.222	1.222	0.1776	0	0	0.34948559	0	0	0	0.68313097	0.2917457	0.00019522578	2.4186999e-05	-1.9767676e-06	6.7190014e-06	9.6901861e-08	4.8635532e-07	-1.6952605e-06	-1.2553612e-06	-6.5896409e-08	-6.5085594e-05	2.3408396e-05	0.00021422502	0.00021468805	0.0021567326
0.224	1.224	0.1792	0	0	0.33921168	0	0	0	0.67867428	0.28178223	0.00019759342	2.4972026e-05	-2.0338234e-06	6.711165e-06	9.5991492e-08	4.9862402e-07	-1.7313073e-06	-1.2618396e-06	-6.6809491e-08	-6.58742e-05	2.3840717e-05	0.00021722659	0.00021767881	0.0020774505
0.226	1.226	0.1808	0	0	0.32890075	0	0	0	0.67417752	0.27185016	0.00020001413	2.5807712e-05	-2.0925378e-06	6.7026e-06	9.5003773e-08	5.1073473e-07	-1.7681146e-06	-1.2677456e-06	-6.7691404e-08	-6.6680481e-05	2.4279111e-05	0.0002203229	0.00022076333	0.0019950478
0.228	1.228	0.1824	0	0	0.31856931	0	0	0	0.6696407	0.26196552	0.00020249153	2.6697678e-05	-2.1528808e-06	6.6932565e-06	9.3933973e-08	5.2267683e-07	-1.8056517e-06	-1.2730106e-06	-6.8540773e-08	-6.7505642e-05	2.4723771e-05	0.00022352056	0.00022394813	0.0019092625
0.23	1.23	0.184	0	0	0.30823608	0	0	0	0.66506398	0.25214596	0.00020502931	2.7645636e-05	-2.2148028e-06	6.683081e-06	9.2777058e-08	5.3443652e-07	-1.8438744e-06	-1.2775655e-06	-6.9356215e-08	-6.8350912e-05	2.5174904e-05	0.00022682632	0.0002272399	0.0018200065
0.232	1.232	0.1856	0	0	0.29792202	0	0	0	0.66044769	0.24241067	0.00020763121	2.8655353e-05	-2.278232e-06	6.6720209e-06	9.1528178e-08	5.4599695e-07	-1.8827237e-06	-1.2813435e-06	-7.0136367e-08	-6.9217533e-05	2.563273e-05	0.00023024702	0.00023064541	0.0017272978
0.234	1.234	0.1872	0	0	0.28765035	0	0	0	0.65579232	0.23278039	0.00021030092	2.9730588e-05	-2.3430722e-06	6.6600275e-06	9.0183019e-08	5.5733848e-07	-1.9221246e-06	-1.2842831e-06	-7.0879907e-08	-7.010674e-05	2.6097485e-05	0.00023378942	0.00023417141	0.0016312386
0.236	1.236	0.1888	0	0	0.2774464	0	0	0	0.65109852	0.22327714	0.00021304205	3.087502e-05	-2.4092006e-06	6.6470588e-06	8.8738081e-08	5.6843901e-07	-1.961985e-06	-1.2863308e-06	-7.1585579e-08	-7.1019733e-05	2.6569416e-05	0.0002374601	0.00023782445	0.0015320156
0.238	1.238	0.1904	0	0	0.26733731	0	0	0	0.64636718	0.213924	0.00021585801	3.2092154e-05	-2.476467e-06	6.6330819e-06	8.7190894e-08	5.7927452e-07	-2.002195e-06	-1.2874442e-06	-7.2252215e-08	-7.195765e-05	2.7048783e-05	0.0002412653	0.00024161078	0.0014299089
0.24	1.24	0.192	0	0	0.25735171	0	0	0	0.64159938	0.2047447	0.00021875194	3.3385225e-05	-2.5446936e-06	6.6180749e-06	8.5540185e-08	5.8981965e-07	-2.042627e-06	-1.2875955e-06	-7.2878766e-08	-7.2921533e-05	2.7535859e-05	0.00024521068	0.00024553609	0.001325302
0.242	1.242	0.1936	0	0	0.24751911	0	0	0	0.63679639	0.19576314	0.00022172657	3.4757093e-05	-2.613676e-06	6.6020283e-06	8.3785986e-08	6.0004853e-07	-2.0831367e-06	-1.2867734e-06	-7.3464335e-08	-7.3912296e-05	2.8030927e-05	0.00024930119	0.00024960539	0.0012186874
0.244	1.244	0.1952	0	0	0.23786925	0	0	0	0.63195971	0.18700278	0.00022478414	3.6210129e-05	-2.6831868e-06	6.5849458e-06	8.1929686e-08	6.0993572e-07	-2.1235652e-06	-1.2849861e-06	-7.4008212e-08	-7.4930687e-05	2.8534281e-05	0.00025354085	0.00025382276	0.0011106674
0.246	1.246	0.1968	0	0	0.22843134	0	0	0	0.62709103	0.17848607	0.00022792631	3.7746122e-05	-2.7529794e-06	6.5668451e-06	7.9974021e-08	6.1945723e-07	-2.1637417e-06	-1.282262e-06	-7.4509905e-08	-7.5977259e-05	2.9046218e-05	0.00025793256	0.00025819125	0.0010019449
0.248	1.248	0.1984	0	0	0.21923322	0	0	0	0.62219223	0.1702337	0.00023115408	3.9366196e-05	-2.8227944e-06	6.5477566e-06	7.7922992e-08	6.2859167e-07	-2.2034878e-06	-1.2786501e-06	-7.4969169e-08	-7.7052345e-05	2.9567046e-05	0.00026247799	0.00026271268	0.00089330498
0.25	1.25	0.2	0	0	0.21030056	0	0	0	0.61726531	0.16226405	0.00023446772	4.1070747e-05	-2.8923668e-06	6.5277235e-06	7.5781733e-08	6.3732123e-07	-2.2426221e-06	-1.2742188e-06	-7.5386032e-08	-7.8156038e-05	3.0097069e-05	0.00026717751	0.00026738757	0.00078558741
0.252	1.252	0.2016	0	0	0.20165605	0	0	0	0.61231238	0.15459257	0.00023786677	4.2859416e-05	-2.9614335e-06	6.5067991e-06	7.355631e-08	6.4563259e-07	-2.2809653e-06	-1.2690538e-06	-7.5760804e-08	-7.9288187e-05	3.0636596e-05	0.00027203009	0.0002722151	0.00067965141
0.254	1.254	0.2032	0	0	0.19331882	0	0	0	0.60733563	0.1472314	0.00024135004	4.4731097e-05	-3.0297415e-06	6.4850452e-06	7.1253498e-08	6.5351762e-07	-2.3183455e-06	-1.2632545e-06	-7.6094074e-08	-8.04484e-05	3.1185929e-05	0.00027703339	0.00027719315	0.00057633656
0.256	1.256	0.2048	0	0	0.18530397	0	0	0	0.60233725	0.14018904	0.00024491567	4.6683973e-05	-3.0970553e-06	6.4625296e-06	6.8880524e-08	6.6097371e-07	-2.3546034e-06	-1.2569299e-06	-7.6386699e-08	-8.1636055e-05	3.1745368e-05	0.00028218383	0.00028231833	0.0004764238
0.258	1.258	0.2064	0	0	0.17762227	0	0	0	0.59731937	0.13347031	0.00024856119	4.8715586e-05	-3.1631628e-06	6.4393236e-06	6.644482e-08	6.6800383e-07	-2.3895956e-06	-1.2501943e-06	-7.6639775e-08	-8.2850331e-05	3.2315203e-05	0.00028747671	0.00028758617	0.00038060089
0.26	1.26	0.208	0	0	0.17028022	0	0	0	0.59228407	0.12707637	0.00025228361	5.082293e-05	-3.2278799e-06	6.4154989e-06	6.3953776e-08	6.7461627e-07	-2.4231984e-06	-1.243162e-06	-7.6854599e-08	-8.4090235e-05	3.2895713e-05	0.00029290643	0.00029299123	0.00028943591
0.262	1.262	0.2096	0	0	0.1632801	0	0	0	0.58723326	0.12100499	0.00025607953	5.300256e-05	-3.2910537e-06	6.3911262e-06	6.1414542e-08	6.8082408e-07	-2.4553097e-06	-1.2359439e-06	-7.7032633e-08	-8.5354638e-05	3.3487168e-05	0.00029846665	0.00029852736	0.00020336105
0.264	1.264	0.2112	0	0	0.15662038	0	0	0	0.5821687	0.11525087	0.00025994529	5.5250705e-05	-3.3525632e-06	6.3662727e-06	5.8833853e-08	6.8664433e-07	-2.4858491e-06	-1.2286439e-06	-7.7175459e-08	-8.6642315e-05	3.4089823e-05	0.00030415054	0.00030418785	0.00012266716
0.266	1.266	0.2128	0	0	0.15029612	0	0	0	0.57709197	0.10980611	0.00026387702	5.7563383e-05	-3.4123189e-06	6.3410007e-06	5.6217909e-08	6.9209723e-07	-2.5147582e-06	-1.2213557e-06	-7.7284738e-08	-8.7951983e-05	3.4703919e-05	0.00030995094	0.00030996567	4.7508216e-05
0.268	1.268	0.2144	0	0	0.1442995	0	0	0	0.57200441	0.10466066	0.00026787079	5.9936508e-05	-3.4702608e-06	6.3153669e-06	5.3572293e-08	6.9720525e-07	-2.5419993e-06	-1.2141616e-06	-7.7362179e-08	-8.9282333e-05	3.5329685e-05	0.0003158606	0.00031585362	-2.2086403e-05
0.27	1.27	0.216	0	0	0.13862037	0	0	0	0.56690718	0.099802805	0.00027192269	6.236598e-05	-3.5263557e-06	6.2894217e-06	5.0901928e-08	7.0199221e-07	-2.5675532e-06	-1.2071314e-06	-7.740951e-08	-9.063206e-05	3.5967334e-05	0.00032187228	0.00032184454	-8.6194304e-05
0.272	1.272	0.2176	0	0	0.13324682	0	0	0	0.56180121	0.09521966	0.00027602889	6.4847763e-05	-3.5805933e-06	6.263209e-06	4.8211076e-08	7.064825e-07	-2.591417e-06	-1.2003225e-06	-7.7428456e-08	-9.1999889e-05	3.6617063e-05	0.00032797892	0.00032793137	-0.0001449798
0.274	1.274	0.2192	0	0	0.12816562	0	0	0	0.55668724	0.090897561	0.0002801857	6.7377945e-05	-3.6329832e-06	6.2367662e-06	4.5503349e-08	7.1070041e-07	-2.6136022e-06	-1.1937797e-06	-7.7420731e-08	-9.3384595e-05	3.7279059e-05	0.00033417373	0.00033410735	-0.00019867312
0.276	1.276	0.2208	0	0	0.12336274	0	0	0	0.55156582	0.08682245	0.00028438964	6.9952787e-05	-3.6835506e-06	6.2101249e-06	4.2781755e-08	7.1466956e-07	-2.6341314e-06	-1.1875369e-06	-7.7388026e-08	-9.4785012e-05	3.7953493e-05	0.00034045026	0.000340366	-0.00024755091
0.278	1.278	0.2224	0	0	0.11882372	0	0	0	0.54643732	0.082980176	0.00028863743	7.256875e-05	-3.7323329e-06	6.1833113e-06	4.0048747e-08	7.1841248e-07	-2.6530364e-06	-1.1816175e-06	-7.7332012e-08	-9.6200049e-05	3.8640523e-05	0.00034680247	0.00034670126	-0.00029191887
0.28	1.28	0.224	0	0	0.11453396	0	0	0	0.54130199	0.079356746	0.00029292603	7.5222516e-05	-3.7793765e-06	6.1563466e-06	3.7306278e-08	7.2195034e-07	-2.670356e-06	-1.1760361e-06	-7.7254337e-08	-9.7628693e-05	3.9340298e-05	0.00035322471	0.00035310744	-0.00033209735
0.282	1.282	0.2256	0	0	0.110479	0	0	0	0.53615993	0.075938514	0.00029725263	7.7910995e-05	-3.8247341e-06	6.1292478e-06	3.4555866e-08	7.2530272e-07	-2.686134e-06	-1.1707995e-06	-7.715663e-08	-9.907001e-05	4.0052953e-05	0.00035971177	0.0003595793	-0.00036840984
0.284	1.284	0.2272	0	0	0.10664472	0	0	0	0.53101113	0.072712321	0.00030161468	8.063133e-05	-3.8684621e-06	6.1020287e-06	3.1798648e-08	7.2848755e-07	-2.7004177e-06	-1.1659082e-06	-7.7040509e-08	-0.00010052315	4.0778615e-05	0.00036625889	0.00036611202	-0.00040117422
0.286	1.286	0.2288	0	0	0.10301749	0	0	0	0.52585552	0.069665598	0.00030600986	8.3380891e-05	-3.9106186e-06	6.0746997e-06	2.9035444e-08	7.3152103e-07	-2.7132564e-06	-1.1613574e-06	-7.6907582e-08	-0.00010198733	4.1517401e-05	0.00037286171	0.00037270118	-0.00043069655
0.288	1.288	0.2304	0	0	0.099584246	0	0	0	0.52069292	0.066786422	0.00031043606	8.6157263e-05	-3.9512618e-06	6.0472693e-06	2.62668e-08	7.344177e-07	-2.7247002e-06	-1.1571383e-06	-7.6759457e-08	-0.00010346186	4.226942e-05	0.00037951625	0.00037934279	-0.00045726688
0.29	1.29	0.232	0	0	0.096332577	0	0	0	0.51552313	0.064063556	0.00031489142	8.895824e-05	-3.9904488e-06	6.0197437e-06	2.3493041e-08	7.3719047e-07	-2.7347995e-06	-1.1532385e-06	-7.6597739e-08	-0.00010494611	4.3034772e-05	0.00038621895	0.00038603321	-0.00048115679
0.292	1.292	0.2336	0	0	0.093250754	0	0	0	0.51034589	0.06148646	0.00031937425	9.1781809e-05	-4.0282343e-06	5.9921281e-06	2.071431e-08	7.3985071e-07	-2.7436038e-06	-1.1496435e-06	-7.6424044e-08	-0.00010643951	4.3813553e-05	0.00039296658	0.00039276917	-0.00050261828
0.294	1.294	0.2352	0	0	0.090327749	0	0	0	0.50516092	0.059045283	0.00032388307	9.4626135e-05	-4.0646702e-06	5.9644265e-06	1.7930598e-08	7.4240834e-07	-2.7511616e-06	-1.1463368e-06	-7.6239992e-08	-0.00010794159	4.4605849e-05	0.00039975624	0.00039954772	-0.0005218837
0.296	1.296	0.2368	0	0	0.08755323	0	0	0	0.49996791	0.056730852	0.00032841656	9.7489552e-05	-4.0998046e-06	5.9366424e-06	1.514178e-08	7.4487194e-07	-2.7575199e-06	-1.1433006e-06	-7.6047218e-08	-0.00010945189	4.5411743e-05	0.00040658534	0.00040636624	-0.00053916654
0.298	1.298	0.2384	0	0	0.084917546	0	0	0	0.49476656	0.054534642	0.00033297358	0.00010037054	-4.1336818e-06	5.9087786e-06	1.2347628e-08	7.4724887e-07	-2.7627236e-06	-1.1405165e-06	-7.584737e-08	-0.00011097003	4.6231314e-05	0.00041345156	0.00041322237	-0.00055466301
0.3	1.3	0.24	0	0	0.082411704	0	0	0	0.48955654	0.052448746	0.00033755313	0.00010326773	-4.1663417e-06	5.8808381e-06	9.5478315e-09	7.4954534e-07	-2.7668159e-06	-1.1379655e-06	-7.564211e-08	-0.00011249568	4.7064633e-05	inf	inf	inf
