lambda	F11	F12	F13	F21	F22	F23	F31	F32	F33	J	P11	P12	P13	P21	P22	P23	P31	P32	P33	p	StrEn	t(1)	t(2)	d
0	1	0	0	0	1	0	0	0	1	1	0	0	0	0	0	0	0	0	0	-0	0	inf	inf	inf
0.002	1.002	0	0	0	1.002	0	0	0	0.99882359	1.0028229	2.4648093e-05	1.0826636e-07	-5.2678436e-08	1.1607489e-07	2.3966136e-05	-1.3051416e-07	-5.2685431e-08	-1.3854362e-07	-2.8420746e-10	-1.6204648e-05	4.8411624e-08	4.8614397e-05	4.8725387e-05	0.0022778767
0.004	1.004	0	0	0	1.004	0	0	0	0.99763321	1.0056302	4.969079e-05	2.3528293e-07	-1.009764e-07	2.5145258e-07	4.8413975e-05	-2.4857269e-07	-1.0030945e-07	-2.6388381e-07	-7.5765238e-10	-3.2701336e-05	1.9490155e-07	9.8105219e-05	9.8144935e-05	0.00040466495
0.006	1.006	0	0	0	1.006	0	0	0	0.99642826	1.0084213	7.5021811e-05	3.7219548e-07	-1.3637085e-07	3.9722979e-07	7.3227958e-05	-3.5961031e-07	-1.3457098e-07	-3.8151018e-07	-1.4972628e-09	-4.9416091e-05	4.4099136e-07	0.00014825068	0.0001482284	-0.00015028619
0.008	1.008	0	0	0	1.008	0	0	0	0.99520725	1.0111943	0.00010056216	5.1636771e-07	-1.6112126e-07	5.5051436e-07	9.8318494e-05	-4.6683101e-07	-1.5798819e-07	-4.9453143e-07	-2.5331859e-09	-6.6292707e-05	7.8781515e-07	0.00019888221	0.00019880449	-0.00039096638
0.01	1.01	0	0	0	1.01	0	0	0	0.99396706	1.0139458	0.00012625087	6.662003e-07	-1.7853972e-07	7.0948312e-07	0.00012361494	-5.6978986e-07	-1.7400745e-07	-6.0239458e-07	-3.7998983e-09	-8.3287338e-05	1.2362093e-06	0.00024986819	0.00024973827	-0.00052022786
0.012	1.012	0	0	0	1.012	0	0	0	0.99270276	1.0166706	0.00015203598	8.2013554e-07	-1.9038746e-07	8.7243721e-07	0.00014905719	-6.6771341e-07	-1.8443213e-07	-7.0424152e-07	-5.1988249e-09	-0.00010036266	1.7867682e-06	0.00030109649	0.00030091498	-0.00060321165
0.014	1.014	0	0	0	1.014	0	0	0	0.99140732	1.019361	0.00017786776	9.7677582e-07	-1.9756462e-07	1.0378901e-06	0.00017458899	-7.6001879e-07	-1.9013245e-07	-7.9939589e-07	-6.5985316e-09	-0.00011748339	2.4398692e-06	0.0003524611	0.00035222689	-0.00066494419
0.016	1.016	0	0	0	1.016	0	0	0	0.99007129	1.022007	0.00020369458	1.1349917e-06	-2.0069095e-07	1.2046511e-06	0.00020015359	-8.4637168e-07	-1.9162904e-07	-8.8739216e-07	-7.8241065e-09	-0.00013461345	3.1956758e-06	0.0004038535	0.00040356514	-0.0007145289
0.018	1.018	0	0	0	1.018	0	0	0	0.98868308	1.024596	0.00022946162	1.293919e-06	-2.0039842e-07	1.3718105e-06	0.0002256923	-9.2677612e-07	-1.8939281e-07	-9.6805553e-07	-8.6609267e-09	-0.00015171508	4.0541298e-06	0.00045516006	0.00045481795	-0.00075220056
0.02	1.02	0	0	0	1.02	0	0	0	0.9872303	1.0271144	0.0002551145	1.4529097e-06	-1.9745722e-07	1.5386848e-06	0.00025114773	-1.0016852e-06	-1.8400156e-07	-1.041634e-06	-8.8863873e-09	-0.00016875111	5.0149476e-06	0.00050626885	0.00050587786	-0.00077290191
0.022	1.022	0	0	0	1.022	0	0	0	0.98570266	1.0295507	0.00028060836	1.6114645e-06	-1.9275941e-07	1.7047503e-06	0.00027647245	-1.0720328e-06	-1.7618525e-07	-1.1088892e-06	-8.3317419e-09	-0.00018569083	6.0776412e-06	0.00055708735	0.00055665793	-0.00077141185
0.024	1.024	0	0	0	1.024	0	0	0	0.98409535	1.0318988	0.00030591874	1.7691694e-06	-1.8717451e-07	1.8695826e-06	0.0003016394	-1.1390879e-06	-1.6675073e-07	-1.1710219e-06	-6.945637e-09	-0.00020251706	7.2415793e-06	0.00060756385	0.0006071097	-0.00074805778
0.026	1.026	0	0	0	1.026	0	0	0	0.98241049	1.0341599	0.0003310464	1.9256559e-06	-1.8137078e-07	2.0328171e-06	0.00032664648	-1.2041611e-06	-1.5643096e-07	-1.2294106e-06	-4.8113455e-09	-0.00021922936	8.50608e-06	0.00065769702	0.00065723055	-0.00070975467
0.028	1.028	0	0	0	1.028	0	0	0	0.98065574	1.0363413	0.00035601223	2.0805949e-06	-1.7572811e-07	2.1941402e-06	0.00035151151	-1.2683358e-06	-1.4576461e-07	-1.2853104e-06	-2.1032556e-09	-0.00023584055	9.8705015e-06	0.00070752562	0.00070705505	-0.00066553202
0.03	1.03	0	0	0	1.03	0	0	0	0.97884128	1.0384527	0.00038084657	2.2337074e-06	-1.7037507e-07	2.3532952e-06	0.00037626191	-1.3323595e-06	-1.3507132e-07	-1.3396791e-06	9.7965826e-10	-0.00025236982	1.13343e-05	0.00075710758	0.00075663691	-0.00062206323
0.032	1.032	0	0	0	1.032	0	0	0	0.97697721	1.0405042	0.00040558026	2.3847752e-06	-1.6528448e-07	2.5100871e-06	0.00040092585	-1.3966781e-06	-1.244992e-07	-1.3931599e-06	4.261413e-09	-0.00026883679	1.2897049e-05	0.00080650209	0.00080603251	-0.00058259257
0.034	1.034	0	0	0	1.034	0	0	0	0.97507219	1.0425043	0.0004302399	2.5336399e-06	-1.6035909e-07	2.66438e-06	0.00042552764	-1.4615252e-06	-1.1409007e-07	-1.4461476e-06	7.6071599e-09	-0.00028525838	1.455843e-05	0.00085576022	0.00085529154	-0.000547988
0.036	1.036	0	0	0	1.036	0	0	0	0.97313317	1.0444599	0.00045484657	2.680196e-06	-1.5548441e-07	2.816089e-06	0.00045008648	-1.5270051e-06	-1.0383078e-07	-1.498868e-06	1.0922283e-08	-0.00030164799	1.6318215e-05	0.00090492238	0.00090445389	-0.00051798418
0.038	1.038	0	0	0	1.038	0	0	0	0.97116551	1.0463764	0.0004794163	2.824381e-06	-1.505539e-07	2.9651699e-06	0.00047461685	-1.59315e-06	-9.3684932e-08	-1.5514419e-06	1.4144274e-08	-0.00031801576	1.8176246e-05	0.00095401914	0.00095355005	-0.00049194044
0.04	1.04	0	0	0	1.04	0	0	0	0.96917324	1.0482578	0.00050396102	2.966166e-06	-1.4547791e-07	3.11161e-06	0.00049912938	-1.6599544e-06	-8.3609865e-08	-1.6039272e-06	1.7233894e-08	-0.00033436921	2.0132415e-05	0.0010030731	0.0010026027	-0.00046918235
0.042	1.042	0	0	0	1.042	0	0	0	0.96715945	1.0501069	0.00052848955	3.1055476e-06	-1.40185e-07	3.2554207e-06	0.00052363184	-1.7273947e-06	-7.356466e-08	-1.6563456e-06	2.0167952e-08	-0.00035071385	2.2186657e-05	0.001052101	0.0010516287	-0.00044912032
0.044	1.044	0	0	0	1.044	0	0	0	0.96512646	1.0519261	0.00055300843	3.2425414e-06	-1.3462001e-07	3.3966313e-06	0.00054812984	-1.7954394e-06	-6.3513429e-08	-1.7086982e-06	2.2934025e-08	-0.00036705373	2.433893e-05	0.0011011149	0.0011006402	-0.00043127327
0.046	1.046	0	0	0	1.046	0	0	0	0.96307607	1.0537169	0.00057752249	3.3771777e-06	-1.2874144e-07	3.5352839e-06	0.00057262747	-1.864055e-06	-5.342623e-08	-1.7609749e-06	2.5526791e-08	-0.00038339183	2.6589217e-05	0.0011501237	0.0011496463	-0.00041525872
0.048	1.048	0	0	0	1.048	0	0	0	0.96100965	1.0554807	0.00060203535	3.5094968e-06	-1.2251874e-07	3.6714304e-06	0.00059712768	-1.9332079e-06	-4.3278898e-08	-1.8131595e-06	2.7945554e-08	-0.00039973033	2.8937515e-05	0.0011991341	0.0011986537	-0.00040077464
0.05	1.05	0	0	0	1.05	0	0	0	0.95892828	1.0572184	0.0006265497	3.6395469e-06	-1.1593003e-07	3.8051293e-06	0.00062163263	-2.0028665e-06	-3.3052457e-08	-1.8652332e-06	3.0192579e-08	-0.00041607084	3.1383832e-05	0.0012481508	0.0012476672	-0.00038758191
0.052	1.052	0	0	0	1.052	0	0	0	0.95683279	1.0589307	0.00065106759	3.7673816e-06	-1.0896022e-07	3.9364438e-06	0.00064614388	-2.0730012e-06	-2.2732402e-08	-1.9171761e-06	3.227199e-08	-0.00043241458	3.3928184e-05	0.0012971775	0.0012966907	-0.00037548987
0.054	1.054	0	0	0	1.054	0	0	0	0.95472385	1.060618	0.00067559056	3.8930581e-06	-1.0159953e-07	4.0654402e-06	0.00067066254	-2.1435843e-06	-1.2307996e-08	-1.9689682e-06	3.4189029e-08	-0.00044876243	3.6570595e-05	0.0013462169	0.0013457266	-0.00036434506
0.056	1.056	0	0	0	1.056	0	0	0	0.95260198	1.0622808	0.00070011978	4.0166361e-06	-9.3842298e-08	4.1921865e-06	0.00069518943	-2.2145906e-06	-1.7716402e-09	-2.0205899e-06	3.5949567e-08	-0.00046511505	3.9311091e-05	0.001395271	0.0013947772	-0.00035402275
0.058	1.058	0	0	0	1.058	0	0	0	0.95046763	1.0639192	0.00072465614	4.1381768e-06	-8.5686094e-08	4.3167518e-06	0.00071972511	-2.2859965e-06	8.8816675e-09	-2.0720224e-06	3.755978e-08	-0.00048147294	4.2149703e-05	0.0014443411	0.0014438438	-0.00034442048
0.06	1.06	0	0	0	1.06	0	0	0	0.94832111	1.0655336	0.00074920034	4.2577419e-06	-7.7131004e-08	4.4392051e-06	0.00074426999	-2.3577801e-06	1.965479e-08	-2.1232479e-06	3.9025933e-08	-0.00049783645	4.5086466e-05	0.0014934283	0.0014929275	-0.00033545331
0.062	1.062	0	0	0	1.062	0	0	0	0.94616271	1.0671239	0.00077375288	4.3753933e-06	-6.8179074e-08	4.5596152e-06	0.00076882433	-2.4299212e-06	3.0548833e-08	-2.1742491e-06	4.035424e-08	-0.00051420586	4.8121413e-05	0.0015425335	0.0015420292	-0.00032705011
0.064	1.064	0	0	0	1.064	0	0	0	0.94399265	1.0686903	0.00079831417	4.4911924e-06	-5.8833885e-08	4.67805e-06	0.00079338832	-2.5024007e-06	4.1563455e-08	-2.2250098e-06	4.1550776e-08	-0.00053058135	5.1254583e-05	0.0015916573	0.0015911495	-0.00031915084
0.066	1.066	0	0	0	1.066	0	0	0	0.9418111	1.0702327	0.00082288451	4.6052e-06	-4.9100213e-08	4.7945763e-06	0.00081796205	-2.5752007e-06	5.2697134e-08	-2.2755145e-06	4.2621417e-08	-0.00054696306	5.4486011e-05	0.0016408	0.0016402887	-0.00031170437
0.068	1.068	0	0	0	1.068	0	0	0	0.93961821	1.0717511	0.00084746414	4.7174759e-06	-3.8983763e-08	4.9092595e-06	0.00084254559	-2.6483043e-06	6.3947371e-08	-2.3257484e-06	4.3571813e-08	-0.0005633511	5.7815737e-05	0.0016899618	0.0016894471	-0.00030466684
0.07	1.07	0	0	0	1.07	0	0	0	0.93741408	1.0732454	0.00087205322	4.8280785e-06	-2.8490961e-08	5.0221636e-06	0.00086713895	-2.7216955e-06	7.5310876e-08	-2.3756974e-06	4.4407366e-08	-0.00057974552	6.12438e-05	0.0017391431	0.001738625	-0.00029800038
0.072	1.072	0	0	0	1.072	0	0	0	0.93519881	1.0747155	0.00089665188	4.9370651e-06	-1.7628788e-08	5.1333509e-06	0.00089174211	-2.7953588e-06	8.6783705e-08	-2.4253481e-06	4.5133226e-08	-0.00059614638	6.4770237e-05	0.0017883439	0.0017878224	-0.00029167206
0.074	1.074	0	0	0	1.074	0	0	0	0.93297247	1.0761614	0.00092126023	5.0444914e-06	-6.4046491e-09	5.2428819e-06	0.00091635506	-2.8692797e-06	9.8361384e-08	-2.4746873e-06	4.5754289e-08	-0.00061255368	6.8395089e-05	0.0018375642	0.0018370395	-0.00028565306
0.076	1.076	0	0	0	1.076	0	0	0	0.9307351	1.0775828	0.00094587833	5.1504119e-06	5.1737314e-09	5.3508154e-06	0.00094097775	-2.9434439e-06	1.1003901e-07	-2.5237026e-06	4.6275208e-08	-0.00062896745	7.2118395e-05	0.0018868042	0.0018862762	-0.00027991807
0.078	1.078	0	0	0	1.078	0	0	0	0.92848674	1.0789796	0.00097050624	5.2548791e-06	1.7098393e-08	5.4572084e-06	0.00096561013	-3.0178378e-06	1.2181132e-07	-2.5723821e-06	4.6700392e-08	-0.00064538769	7.5940194e-05	0.0019360637	0.0019355325	-0.00027444467
0.08	1.08	0	0	0	1.08	0	0	0	0.92622742	1.0803517	0.00099514399	5.3579444e-06	2.9361203e-08	5.5621162e-06	0.00099025214	-3.0924481e-06	1.3367278e-07	-2.6207138e-06	4.7034022e-08	-0.00066181439	7.9860525e-05	0.0019853429	0.0019848085	-0.00026921298
0.082	1.082	0	0	0	1.082	0	0	0	0.92395715	1.0816988	0.0010197916	5.4596573e-06	4.1953913e-08	5.6655921e-06	0.0010149037	-3.1672618e-06	1.4561763e-07	-2.6686866e-06	4.7280061e-08	-0.00067824755	8.3879428e-05	0.0020346416	0.0020341042	-0.00026420524
0.084	1.084	0	0	0	1.084	0	0	0	0.92167594	1.0830208	0.0010444491	5.560066e-06	5.4868198e-08	5.7676879e-06	0.0010395649	-3.2422662e-06	1.5763994e-07	-2.7162895e-06	4.7442262e-08	-0.00069468716	8.7996942e-05	0.0020839598	0.0020834193	-0.00025940556
0.086	1.086	0	0	0	1.086	0	0	0	0.91938377	1.0843175	0.0010691166	5.659217e-06	6.809569e-08	5.8684535e-06	0.0010642355	-3.3174491e-06	1.6973362e-07	-2.7635117e-06	4.7524182e-08	-0.0007111332	9.2213106e-05	0.0021332975	0.0021327541	-0.00025479962
0.088	1.088	0	0	0	1.088	0	0	0	0.91708065	1.0855887	0.0010937939	5.7571552e-06	8.1628004e-08	5.9679371e-06	0.0010889155	-3.3927982e-06	1.8189249e-07	-2.8103427e-06	4.7529192e-08	-0.00072758567	9.6527958e-05	0.0021826546	0.0021821083	-0.00025037451
0.09	1.09	0	0	0	1.09	0	0	0	0.91476655	1.0868341	0.0011184812	5.8539244e-06	9.5456761e-08	6.0661855e-06	0.001113605	-3.4683016e-06	1.9411031e-07	-2.8567724e-06	4.7460488e-08	-0.00074404456	0.00010094154	0.0022320312	0.002231482	-0.00024611855
0.092	1.092	0	0	0	1.092	0	0	0	0.91244146	1.0880536	0.0011431784	5.9495667e-06	1.095736e-07	6.1632436e-06	0.0011383038	-3.5439475e-06	2.0638075e-07	-2.9027908e-06	4.7321099e-08	-0.00076050985	0.00010545389	0.0022814271	0.0022808751	-0.0002420211
0.094	1.094	0	0	0	1.094	0	0	0	0.91010534	1.0892468	0.0011678856	6.0441227e-06	1.239702e-07	6.259155e-06	0.0011630119	-3.6197241e-06	2.1869748e-07	-2.9483879e-06	4.7113899e-08	-0.00077698154	0.00011006504	0.0023308423	0.0023302876	-0.00023807249
0.096	1.096	0	0	0	1.096	0	0	0	0.90775817	1.0904136	0.0011926028	6.1376319e-06	1.3863827e-07	6.3539615e-06	0.0011877293	-3.69562e-06	2.3105414e-07	-2.9935544e-06	4.6841614e-08	-0.00079345963	0.00011477504	0.002380277	0.0023797195	-0.00023426385
0.098	1.098	0	0	0	1.098	0	0	0	0.90539991	1.0915537	0.0012173299	6.2301322e-06	1.5356959e-07	6.4477039e-06	0.001212456	-3.7716236e-06	2.4344437e-07	-3.0382806e-06	4.6506833e-08	-0.00080994412	0.00011958392	0.0024297309	0.0024291707	-0.00023058709
0.1	1.1	0	0	0	1.1	0	0	0	0.90303052	1.0926669	0.001242067	6.3216607e-06	1.6875597e-07	6.5404212e-06	0.0012371919	-3.8477237e-06	2.5586181e-07	-3.0825574e-06	4.6112015e-08	-0.000826435	0.00012449172	0.0024792041	0.0024786414	-0.00022703476
0.102	1.102	0	0	0	1.102	0	0	0	0.90064996	1.0937529	0.0012668142	6.4122527e-06	1.841893e-07	6.6321514e-06	0.0012619371	-3.9239088e-06	2.6830013e-07	-3.1263756e-06	4.5659494e-08	-0.00084293229	0.00012949848	0.0025286967	0.0025281315	-0.00022359999
0.104	1.104	0	0	0	1.104	0	0	0	0.89825819	1.0948115	0.0012915713	6.5019427e-06	1.9986152e-07	6.7229309e-06	0.0012866915	-4.0001678e-06	2.8075302e-07	-3.1697263e-06	4.5151489e-08	-0.00085943599	0.00013460425	0.0025782087	0.0025776409	-0.00022027647
0.106	1.106	0	0	0	1.106	0	0	0	0.89585516	1.0958423	0.0013163386	6.590764e-06	2.1576463e-07	6.812795e-06	0.0013114552	-4.0764894e-06	2.9321421e-07	-3.2126005e-06	4.459011e-08	-0.00087594611	0.00013980905	0.00262774	0.0026271698	-0.00021705833
0.108	1.108	0	0	0	1.108	0	0	0	0.89344082	1.0968451	0.0013411159	6.6787488e-06	2.3189071e-07	6.901778e-06	0.0013362281	-4.1528625e-06	3.0567746e-07	-3.2549898e-06	4.3977363e-08	-0.00089246267	0.00014511292	0.0026772908	0.0026767182	-0.00021394018
0.11	1.11	0	0	0	1.11	0	0	0	0.89101513	1.0978197	0.0013659034	6.7659281e-06	2.4823189e-07	6.9899128e-06	0.0013610103	-4.2292758e-06	3.1813658e-07	-3.2968854e-06	4.3315155e-08	-0.00090898568	0.00015051592	0.0027268611	0.0027262861	-0.00021091696
0.112	1.112	0	0	0	1.112	0	0	0	0.88857802	1.0987658	0.0013907011	6.8523322e-06	2.6478036e-07	7.0772313e-06	0.0013858018	-4.3057184e-06	3.3058543e-07	-3.3382789e-06	4.2605302e-08	-0.00092551517	0.00015601807	0.0027764509	0.0027758735	-0.00020798401
0.114	1.114	0	0	0	1.114	0	0	0	0.88612944	1.0996831	0.001415509	6.9379902e-06	2.8152839e-07	7.1637644e-06	0.0014106027	-4.382179e-06	3.4301792e-07	-3.3791621e-06	4.1849533e-08	-0.00094205117	0.00016161941	0.0028260603	0.0028254807	-0.00020513696
0.116	1.116	0	0	0	1.116	0	0	0	0.88366935	1.1005713	0.0014403271	7.0229303e-06	2.9846828e-07	7.2495419e-06	0.0014354129	-4.4586465e-06	3.5542802e-07	-3.4195267e-06	4.104949e-08	-0.00095859369	0.00016731999	0.0028756894	0.0028751076	-0.00020237176
0.118	1.118	0	0	0	1.118	0	0	0	0.88119767	1.1014301	0.0014651556	7.1071798e-06	3.1559243e-07	7.3345929e-06	0.0014602325	-4.5351098e-06	3.6780973e-07	-3.4593646e-06	4.020674e-08	-0.00097514278	0.00017311984	0.0029253383	0.0029247543	-0.0001996846
0.12	1.12	0	0	0	1.12	0	0	0	0.87871435	1.1022593	0.0014899945	7.1907654e-06	3.3289325e-07	7.4189452e-06	0.0014850616	-4.6115579e-06	3.8015715e-07	-3.4986679e-06	3.9322772e-08	-0.00099169847	0.00017901901	0.0029750072	0.002974421	-0.00019707193
0.122	1.122	0	0	0	1.122	0	0	0	0.87621932	1.1030585	0.0015148438	7.2737126e-06	3.5036324e-07	7.5026261e-06	0.0015099002	-4.6879796e-06	3.9246441e-07	-3.5374287e-06	3.8399005e-08	-0.0010082608	0.00018501753	0.003024696	0.0030241077	-0.00019453042
0.124	1.124	0	0	0	1.124	0	0	0	0.87371254	1.1038274	0.0015397036	7.3560465e-06	3.6799494e-07	7.5856618e-06	0.0015347484	-4.7643636e-06	4.047257e-07	-3.5756393e-06	3.7436789e-08	-0.0010248298	0.00019111544	0.003074405	0.0030738146	-0.00019205695
0.126	1.126	0	0	0	1.126	0	0	0	0.87119392	1.1045659	0.0015645741	7.4377911e-06	3.8578094e-07	7.6680778e-06	0.0015596062	-4.840699e-06	4.1693531e-07	-3.6132921e-06	3.643741e-08	-0.0010414056	0.00019731279	0.0031241343	0.0031235419	-0.00018964858
0.128	1.128	0	0	0	1.128	0	0	0	0.86866342	1.1052734	0.0015894551	7.51897e-06	4.0371388e-07	7.7498989e-06	0.0015844737	-4.9169745e-06	4.2908754e-07	-3.6503795e-06	3.5402091e-08	-0.0010579881	0.00020360961	0.003173884	0.0031732896	-0.00018730255
0.13	1.13	0	0	0	1.13	0	0	0	0.86612095	1.1059498	0.001614347	7.5996059e-06	4.2178645e-07	7.8311491e-06	0.001609351	-4.9931789e-06	4.4117679e-07	-3.686894e-06	3.4331995e-08	-0.0010745774	0.00021000594	0.0032236543	0.0032230579	-0.00018501627
0.132	1.132	0	0	0	1.132	0	0	0	0.86356647	1.1065948	0.0016392496	7.6797209e-06	4.3999136e-07	7.9118517e-06	0.0016342382	-5.0693011e-06	4.5319751e-07	-3.7228285e-06	3.3228231e-08	-0.0010911737	0.00021650184	0.0032734453	0.0032728471	-0.00018278727
0.134	1.134	0	0	0	1.134	0	0	0	0.86099989	1.107208	0.0016641632	7.7593367e-06	4.583214e-07	7.9920293e-06	0.0016591354	-5.1453297e-06	4.6514422e-07	-3.7581758e-06	3.2091851e-08	-0.0011077769	0.00022309733	0.0033232573	0.0033226572	-0.00018061326
0.136	1.136	0	0	0	1.136	0	0	0	0.85842115	1.1077891	0.0016890879	7.838474e-06	4.7676937e-07	8.071704e-06	0.0016840426	-5.2212534e-06	4.770115e-07	-3.7929286e-06	3.0923855e-08	-0.0011243871	0.00022979247	0.0033730905	0.0033724885	-0.00017849204
0.138	1.138	0	0	0	1.138	0	0	0	0.85583018	1.1083377	0.0017140236	7.9171533e-06	4.9532813e-07	8.1508972e-06	0.0017089599	-5.2970611e-06	4.8879399e-07	-3.8270802e-06	2.9725194e-08	-0.0011410044	0.00023658729	0.0034229449	0.0034223412	-0.00017642156
0.14	1.14	0	0	0	1.14	0	0	0	0.85322691	1.1088537	0.0017389706	7.9953944e-06	5.1399054e-07	8.2296297e-06	0.0017338875	-5.3727414e-06	5.004864e-07	-3.8606235e-06	2.8496769e-08	-0.0011576289	0.00024348183	0.003472821	0.0034722154	-0.00017439985
0.142	1.142	0	0	0	1.142	0	0	0	0.85061128	1.1093366	0.0017639289	8.0732166e-06	5.3274953e-07	8.3079219e-06	0.0017588255	-5.4482828e-06	5.1208351e-07	-3.8935519e-06	2.7239436e-08	-0.0011742606	0.00025047615	0.0035227188	0.0035221115	-0.00017242506
0.144	1.144	0	0	0	1.144	0	0	0	0.8479832	1.1097861	0.0017888988	8.1506387e-06	5.5159804e-07	8.3857935e-06	0.001783774	-5.5236741e-06	5.2358015e-07	-3.9258587e-06	2.5954006e-08	-0.0011908996	0.00025757028	0.0035726386	0.0035720296	-0.00017049544
0.146	1.146	0	0	0	1.146	0	0	0	0.84534261	1.110202	0.0018138802	8.227679e-06	5.7052904e-07	8.4632637e-06	0.0018087331	-5.5989037e-06	5.3497123e-07	-3.9575374e-06	2.4641245e-08	-0.001207546	0.00026476427	0.0036225807	0.00362197	-0.00016860933
0.148	1.148	0	0	0	1.148	0	0	0	0.84268943	1.1105838	0.0018388733	8.3043554e-06	5.8953553e-07	8.5403515e-06	0.001833703	-5.6739602e-06	5.4625171e-07	-3.9885816e-06	2.3301879e-08	-0.0012241999	0.00027205816	0.0036725453	0.0036719329	-0.00016676514
0.15	1.15	0	0	0	1.15	0	0	0	0.8400236	1.1109312	0.0018638783	8.3806855e-06	6.0861055e-07	8.6170751e-06	0.0018586837	-5.7488321e-06	5.5741661e-07	-4.018985e-06	2.1936592e-08	-0.0012408613	0.000279452	0.0037225327	0.0037219187	-0.00016496137
0.152	1.152	0	0	0	1.152	0	0	0	0.83734503	1.1112439	0.0018888953	8.4566863e-06	6.2774712e-07	8.6934525e-06	0.0018836755	-5.8235078e-06	5.6846104e-07	-4.0487414e-06	2.054603e-08	-0.0012575304	0.00028694583	0.0037725431	0.0037719276	-0.0001631966
0.154	1.154	0	0	0	1.154	0	0	0	0.83465366	1.1115216	0.0019139244	8.5323744e-06	6.4693834e-07	8.7695012e-06	0.0019086784	-5.8979757e-06	5.7938014e-07	-4.0778447e-06	1.9130799e-08	-0.0012742073	0.00029453971	0.0038225769	0.0038219598	-0.00016146945
0.156	1.156	0	0	0	1.156	0	0	0	0.83194941	1.1117639	0.0019389658	8.6077663e-06	6.6617727e-07	8.8452384e-06	0.0019336926	-5.9722242e-06	5.9016913e-07	-4.106289e-06	1.7691469e-08	-0.001290892	0.00030223367	0.0038726344	0.0038720158	-0.00015977864
0.158	1.158	0	0	0	1.158	0	0	0	0.8292322	1.1119705	0.0019640197	8.6828778e-06	6.8545704e-07	8.9206808e-06	0.0019587183	-6.0462417e-06	6.0082329e-07	-4.1340685e-06	1.6228572e-08	-0.0013075847	0.00031002777	0.0039227159	0.0039220957	-0.00015812293
0.16	1.16	0	0	0	1.16	0	0	0	0.82650196	1.112141	0.0019890862	8.7577247e-06	7.0477075e-07	8.9958448e-06	0.0019837556	-6.1200164e-06	6.1133795e-07	-4.1611774e-06	1.4742607e-08	-0.0013242855	0.00031792205	0.0039728216	0.0039722	-0.00015650114
0.162	1.162	0	0	0	1.162	0	0	0	0.82375862	1.1122751	0.0020141654	8.8323223e-06	7.2411155e-07	9.0707465e-06	0.0020088048	-6.1935364e-06	6.2170853e-07	-4.1876101e-06	1.3234037e-08	-0.0013409945	0.00032591657	0.0040229521	0.0040223289	-0.00015491216
0.164	1.164	0	0	0	1.164	0	0	0	0.82100209	1.1123725	0.0020392577	8.9066856e-06	7.4347258e-07	9.1454018e-06	0.002033866	-6.2667901e-06	6.3193048e-07	-4.2133612e-06	1.1703291e-08	-0.0013577118	0.00033401137	0.0040731075	0.0040724829	-0.00015335491
0.166	1.166	0	0	0	1.166	0	0	0	0.81823231	1.1124326	0.0020643631	8.9808294e-06	7.6284701e-07	9.2198262e-06	0.0020589393	-6.3397655e-06	6.4199934e-07	-4.2384253e-06	1.0150765e-08	-0.0013744375	0.0003422065	0.0041232882	0.0041226623	-0.00015182837
0.168	1.168	0	0	0	1.168	0	0	0	0.81544919	1.1124554	0.0020894818	9.0547681e-06	7.82228e-07	9.2940348e-06	0.0020840249	-6.4124506e-06	6.5191067e-07	-4.2627971e-06	8.5768236e-09	-0.0013911718	0.00035050202	0.0041734947	0.0041728674	-0.00015033155
0.17	1.17	0	0	0	1.17	0	0	0	0.81265267	1.1124402	0.002114614	9.1285162e-06	8.0160873e-07	9.3680426e-06	0.0021091232	-6.4848336e-06	6.6166013e-07	-4.2864716e-06	6.9817971e-09	-0.0014079147	0.00035889797	0.0042237274	0.0042230987	-0.00014886353
0.172	1.172	0	0	0	1.172	0	0	0	0.80984266	1.1123869	0.00213976	9.2020875e-06	8.2098239e-07	9.4418643e-06	0.0021342341	-6.5569024e-06	6.7124343e-07	-4.3094438e-06	5.3659862e-09	-0.0014246665	0.00036739441	0.0042739865	0.0042733565	-0.00014742341
0.174	1.174	0	0	0	1.174	0	0	0	0.80701909	1.112295	0.0021649198	9.2754959e-06	8.4034217e-07	9.5155145e-06	0.0021593581	-6.6286449e-06	6.8065632e-07	-4.3317087e-06	3.7296599e-09	-0.0014414272	0.0003759914	0.0043242726	0.0043236413	-0.00014601033
0.176	1.176	0	0	0	1.176	0	0	0	0.80418188	1.1121642	0.0021900939	9.348755e-06	8.5968127e-07	9.5890073e-06	0.0021844952	-6.7000489e-06	6.8989464e-07	-4.3532617e-06	2.0730565e-09	-0.001458197	0.00038468898	0.0043745861	0.0043739535	-0.00014462347
0.178	1.178	0	0	0	1.178	0	0	0	0.80133095	1.1119941	0.0022152823	9.4218782e-06	8.7899288e-07	9.662357e-06	0.0022096457	-6.7711022e-06	6.9895427e-07	-4.3740982e-06	3.9638436e-10	-0.0014749761	0.00039348721	0.0044249274	0.0044242936	-0.00014326205
0.18	1.18	0	0	0	1.18	0	0	0	0.79846624	1.1117844	0.0022404852	9.4948788e-06	8.9827022e-07	9.7355774e-06	0.0022348099	-6.8417926e-06	7.0783115e-07	-4.3942136e-06	-1.3001785e-09	-0.0014917646	0.00040238615	0.004475297	0.0044746619	-0.00014192531
0.182	1.182	0	0	0	1.182	0	0	0	0.79558767	1.1115346	0.002265703	9.5677697e-06	9.1750649e-07	9.8086821e-06	0.0022599879	-6.9121078e-06	7.1652129e-07	-4.4136036e-06	-3.0164835e-09	-0.0015085626	0.00041138586	0.0045256953	0.004525059	-0.00014061253
0.184	1.184	0	0	0	1.184	0	0	0	0.79269516	1.1112445	0.0022909359	9.6405639e-06	9.3669489e-07	9.8816849e-06	0.00228518	-6.9820352e-06	7.2502075e-07	-4.4322641e-06	-4.7524117e-09	-0.0015253704	0.00042048639	0.0045761228	0.0045754853	-0.00013932302
0.186	1.186	0	0	0	1.186	0	0	0	0.78978863	1.1109135	0.0023161841	9.7132742e-06	9.5582863e-07	9.954599e-06	0.0023103865	-7.0515625e-06	7.3332565e-07	-4.4501908e-06	-6.5078734e-09	-0.001542188	0.0004296878	0.0046265801	0.0046259414	-0.00013805611
0.188	1.188	0	0	0	1.188	0	0	0	0.78686802	1.1105415	0.0023414479	9.7859132e-06	9.7490092e-07	1.0027438e-05	0.0023356076	-7.120677e-06	7.4143217e-07	-4.4673798e-06	-8.282808e-09	-0.0015590157	0.00043899016	0.0046770676	0.0046764278	-0.00013681116
0.19	1.19	0	0	0	1.19	0	0	0	0.78393324	1.1101279	0.0023667275	9.8584934e-06	9.9390497e-07	1.0100214e-05	0.0023608435	-7.1893662e-06	7.4933656e-07	-4.4838274e-06	-1.0077184e-08	-0.0015758536	0.00044839351	0.0047275858	0.0047269449	-0.00013558757
0.192	1.192	0	0	0	1.192	0	0	0	0.78098424	1.1096724	0.0023920232	9.9310273e-06	1.012834e-06	1.0172942e-05	0.0023860947	-7.2576173e-06	7.5703511e-07	-4.4995297e-06	-1.1890999e-08	-0.001592702	0.00045789794	0.0047781354	0.0047774934	-0.00013438474
0.194	1.194	0	0	0	1.194	0	0	0	0.77802092	1.1091746	0.0024173353	1.0003527e-05	1.0316812e-06	1.0245633e-05	0.0024113612	-7.3254176e-06	7.6452419e-07	-4.5144833e-06	-1.372428e-08	-0.0016095609	0.00046750349	0.0048287169	0.0048280738	-0.0001332021
0.196	1.196	0	0	0	1.196	0	0	0	0.77504323	1.1086342	0.0024426641	1.0076005e-05	1.0504397e-06	1.0318301e-05	0.0024366435	-7.3927543e-06	7.7180022e-07	-4.5286848e-06	-1.5577082e-08	-0.0016264307	0.00047721023	0.0048793308	0.0048786867	-0.00013203911
0.198	1.198	0	0	0	1.198	0	0	0	0.7720511	1.1080508	0.0024680098	1.0148473e-05	1.0691028e-06	1.0390959e-05	0.0024619418	-7.4596142e-06	7.7885967e-07	-4.5421308e-06	-1.7449489e-08	-0.0016433114	0.00048701823	0.0049299778	0.0049293326	-0.00013089524
0.2	1.2	0	0	0	1.2	0	0	0	0.76904445	1.107424	0.0024933729	1.0220944e-05	1.0876637e-06	1.0463619e-05	0.0024872565	-7.5259845e-06	7.856991e-07	-4.5548182e-06	-1.9341615e-08	-0.0016602033	0.00049692756	0.0049806585	0.0049800122	-0.00012976999
0.202	1.202	0	0	0	1.202	0	0	0	0.76602321	1.1067534	0.0025187535	1.0293429e-05	1.1061156e-06	1.0536294e-05	0.0025125878	-7.5918519e-06	7.923151e-07	-4.5667441e-06	-2.1253604e-08	-0.0016771067	0.00050693828	0.0050313735	0.0050307262	-0.00012866288
0.204	1.204	0	0	0	1.204	0	0	0	0.76298732	1.1060386	0.0025441521	1.0365941e-05	1.1244517e-06	1.0608997e-05	0.002537936	-7.6572032e-06	7.9870434e-07	-4.5779055e-06	-2.3185626e-08	-0.0016940216	0.00051705047	0.0050821234	0.0050814751	-0.00012757342
0.206	1.206	0	0	0	1.206	0	0	0	0.75993672	1.1052793	0.0025695689	1.0438491e-05	1.1426651e-06	1.0681739e-05	0.0025633016	-7.7220251e-06	8.0486357e-07	-4.5882998e-06	-2.5137884e-08	-0.0017109484	0.00052726418	0.0051329089	0.0051322597	-0.00012650117
0.208	1.208	0	0	0	1.208	0	0	0	0.75687133	1.1044751	0.0025950043	1.0511092e-05	1.1607491e-06	1.0754535e-05	0.0025886848	-7.7863042e-06	8.1078956e-07	-4.5979244e-06	-2.711061e-08	-0.0017278873	0.0005375795	0.0051837307	0.0051830805	-0.0001254457
0.21	1.21	0	0	0	1.21	0	0	0	0.75379111	1.1036256	0.0026204587	1.0583754e-05	1.1786969e-06	1.0827396e-05	0.002614086	-7.8500269e-06	8.1647919e-07	-4.6067768e-06	-2.9104064e-08	-0.0017448385	0.0005479965	0.0052345896	0.0052339384	-0.00012440657
0.212	1.212	0	0	0	1.212	0	0	0	0.75069598	1.1027304	0.0026459323	1.0656491e-05	1.1965018e-06	1.0900335e-05	0.0026395055	-7.9131796e-06	8.2192937e-07	-4.614855e-06	-3.1118538e-08	-0.0017618022	0.00055851526	0.0052854861	0.0052848341	-0.00012338339
0.214	1.214	0	0	0	1.214	0	0	0	0.74758589	1.1017891	0.0026714257	1.0729314e-05	1.2141568e-06	1.0973365e-05	0.0026649438	-7.9757484e-06	8.2713712e-07	-4.6221566e-06	-3.3154355e-08	-0.0017787788	0.00056913584	0.0053364212	0.0053357682	-0.00012237575
0.216	1.216	0	0	0	1.216	0	0	0	0.74446078	1.1008014	0.0026969391	1.0802235e-05	1.2316554e-06	1.1046498e-05	0.0026904012	-8.0377196e-06	8.320995e-07	-4.6286799e-06	-3.5211867e-08	-0.0017957684	0.00057985833	0.0053873955	0.0053867416	-0.00012138327
0.218	1.218	0	0	0	1.218	0	0	0	0.74132059	1.0997669	0.002722473	1.0875266e-05	1.2489907e-06	1.1119748e-05	0.0027158781	-8.0990791e-06	8.3681364e-07	-4.6344229e-06	-3.7291458e-08	-0.0018127713	0.00059068281	0.0054384098	0.0054377551	-0.00012040559
0.22	1.22	0	0	0	1.22	0	0	0	0.73816528	1.0986852	0.0027480278	1.0948418e-05	1.266156e-06	1.1193125e-05	0.0027413749	-8.1598128e-06	8.4127677e-07	-4.6393842e-06	-3.9393544e-08	-0.0018297878	0.00060160935	0.005489465	0.0054888094	-0.00011944234
0.222	1.222	0	0	0	1.222	0	0	0	0.7349948	1.097556	0.0027736038	1.1021705e-05	1.2831447e-06	1.1266645e-05	0.002766892	-8.2199064e-06	8.4548618e-07	-4.6435622e-06	-4.1518573e-08	-0.0018468181	0.00061263805	0.0055405618	0.0055399054	-0.00011849317
0.224	1.224	0	0	0	1.224	0	0	0	0.73180909	1.0963788	0.0027992015	1.1095138e-05	1.2999499e-06	1.1340318e-05	0.0027924299	-8.2793456e-06	8.4943925e-07	-4.6469556e-06	-4.3667024e-08	-0.0018638626	0.00062376897	0.0055917012	0.0055910439	-0.00011755775
0.226	1.226	0	0	0	1.226	0	0	0	0.72860812	1.0951534	0.0028248214	1.1168729e-05	1.3165652e-06	1.1414159e-05	0.002817989	-8.3381159e-06	8.5313344e-07	-4.6495633e-06	-4.5839411e-08	-0.0018809215	0.00063500222	0.005642884	0.0056422259	-0.00011663573
0.228	1.228	0	0	0	1.228	0	0	0	0.72539185	1.0938793	0.0028504639	1.124249e-05	1.332984e-06	1.148818e-05	0.0028435697	-8.3962026e-06	8.565663e-07	-4.6513845e-06	-4.8036279e-08	-0.0018979952	0.00064633788	0.0056941111	0.0056934522	-0.0001157268
0.23	1.23	0	0	0	1.23	0	0	0	0.72216023	1.0925562	0.0028761295	1.1316434e-05	1.3491996e-06	1.1562394e-05	0.0028691725	-8.453591e-06	8.5973546e-07	-4.6524183e-06	-5.0258209e-08	-0.0019150839	0.00065777603	0.0057453834	0.0057447237	-0.00011483065
0.232	1.232	0	0	0	1.232	0	0	0	0.71891323	1.0911838	0.0029018186	1.1390573e-05	1.3652057e-06	1.1636815e-05	0.0028947978	-8.5102661e-06	8.6263868e-07	-4.6526641e-06	-5.2505816e-08	-0.001932188	0.00066931677	0.0057967019	0.0057960415	-0.00011394695
0.234	1.234	0	0	0	1.234	0	0	0	0.71565082	1.0897616	0.0029275317	1.146492e-05	1.3809959e-06	1.1711456e-05	0.0029204463	-8.566213e-06	8.652738e-07	-4.6521217e-06	-5.4779747e-08	-0.0019493077	0.0006809602	0.0058480676	0.0058474064	-0.00011307541
0.236	1.236	0	0	0	1.236	0	0	0	0.71237298	1.0882894	0.0029532694	1.1539486e-05	1.3965638e-06	1.178633e-05	0.0029461182	-8.6214163e-06	8.6763876e-07	-4.6507908e-06	-5.7080689e-08	-0.0019664435	0.0006927064	0.0058994814	0.0058988194	-0.00011221572
0.238	1.238	0	0	0	1.238	0	0	0	0.70907968	1.0867667	0.0029790321	1.1614286e-05	1.4119033e-06	1.1861451e-05	0.0029718142	-8.6758609e-06	8.6973165e-07	-4.6486715e-06	-5.9409362e-08	-0.0019835956	0.00070455547	0.0059509444	0.0059502817	-0.0001113676
0.24	1.24	0	0	0	1.24	0	0	0	0.70577091	1.0851934	0.0030048204	1.1689331e-05	1.4270083e-06	1.1936832e-05	0.0029975349	-8.7295313e-06	8.7155067e-07	-4.645764e-06	-6.1766524e-08	-0.0020007645	0.00071650752	0.0060024577	0.0060017943	-0.00011053074
0.242	1.242	0	0	0	1.242	0	0	0	0.70244665	1.0835689	0.0030306348	1.1764635e-05	1.4418728e-06	1.2012488e-05	0.0030232806	-8.7824118e-06	8.7309414e-07	-4.6420687e-06	-6.415297e-08	-0.0020179504	0.00072856265	0.0060540222	0.0060533582	-0.00010970486
0.244	1.244	0	0	0	1.244	0	0	0	0.6991069	1.0818931	0.0030564759	1.1840211e-05	1.4564913e-06	1.2088432e-05	0.003049052	-8.8344869e-06	8.7436056e-07	-4.6375864e-06	-6.6569534e-08	-0.0020351538	0.00074072096	0.0061056393	0.0061049745	-0.00010888966
0.246	1.246	0	0	0	1.246	0	0	0	0.69575165	1.0801656	0.0030823442	1.1916071e-05	1.4708579e-06	1.2164679e-05	0.0030748496	-8.8857407e-06	8.7534856e-07	-4.6323181e-06	-6.9017088e-08	-0.0020523749	0.00075298255	0.0061573099	0.0061566444	-0.00010808486
0.248	1.248	0	0	0	1.248	0	0	0	0.69238091	1.078386	0.0031082403	1.1992231e-05	1.4849676e-06	1.2241243e-05	0.0031006741	-8.9361572e-06	8.7605695e-07	-4.6262648e-06	-7.1496543e-08	-0.0020696143	0.00076534753	0.0062090352	0.0062083691	-0.00010729017
0.25	1.25	0	0	0	1.25	0	0	0	0.68899468	1.0765542	0.0031341649	1.2068702e-05	1.4988151e-06	1.2318139e-05	0.003126526	-8.9857204e-06	8.7648473e-07	-4.6194281e-06	-7.4008854e-08	-0.0020868723	0.00077781602	0.0062608165	0.0062601498	-0.00010650529
0.252	1.252	0	0	0	1.252	0	0	0	0.68559299	1.0746697	0.0031601186	1.21455e-05	1.5123957e-06	1.2395382e-05	0.0031524059	-9.0344143e-06	8.7663111e-07	-4.6118097e-06	-7.6555012e-08	-0.0021041493	0.00079038813	0.006312655	0.0063119876	-0.00010572992
0.254	1.254	0	0	0	1.254	0	0	0	0.68217584	1.0727324	0.0031861019	1.2222637e-05	1.5257051e-06	1.2472986e-05	0.0031783145	-9.0822227e-06	8.7649551e-07	-4.6034116e-06	-7.9136055e-08	-0.0021214458	0.00080306398	0.0063645519	0.0063638839	-0.00010496378
0.256	1.256	0	0	0	1.256	0	0	0	0.67874328	1.070742	0.0032121156	1.2300129e-05	1.5387392e-06	1.2550968e-05	0.0032042524	-9.1291293e-06	8.7607762e-07	-4.5942362e-06	-8.175306e-08	-0.0021387621	0.00081584367	0.0064165086	0.00641584	-0.00010420654
0.258	1.258	0	0	0	1.258	0	0	0	0.67529534	1.0686981	0.0032381602	1.237799e-05	1.5514945e-06	1.2629342e-05	0.0032302202	-9.1751179e-06	8.7537739e-07	-4.584286e-06	-8.4407153e-08	-0.0021560987	0.00082872734	0.0064685262	0.0064678571	-0.0001034579
0.26	1.26	0	0	0	1.26	0	0	0	0.67183205	1.0666006	0.0032642366	1.2456234e-05	1.563968e-06	1.2708125e-05	0.0032562186	-9.2201723e-06	8.7439508e-07	-4.5735642e-06	-8.70995e-08	-0.002173456	0.0008417151	0.0065206063	0.0065199366	-0.00010271754
0.262	1.262	0	0	0	1.262	0	0	0	0.66835349	1.0644492	0.0032903453	1.2534877e-05	1.5761574e-06	1.2787333e-05	0.0032822484	-9.2642764e-06	8.7313129e-07	-4.5620741e-06	-8.9831317e-08	-0.0021908346	0.00085480708	0.0065727502	0.00657208	-0.00010198511
0.264	1.264	0	0	0	1.264	0	0	0	0.66485969	1.0622437	0.0033164871	1.2613934e-05	1.5880612e-06	1.2866981e-05	0.0033083101	-9.3074142e-06	8.71587e-07	-4.5498195e-06	-9.2603865e-08	-0.0022082349	0.00086800342	0.0066249594	0.0066242886	-0.00010126028
0.266	1.266	0	0	0	1.266	0	0	0	0.66135074	1.0599839	0.0033426628	1.2693421e-05	1.5996784e-06	1.2947087e-05	0.0033344046	-9.3495696e-06	8.6976363e-07	-4.5368047e-06	-9.5418457e-08	-0.0022256573	0.00088130424	0.0066772352	0.0066765639	-0.00010054269
0.268	1.268	0	0	0	1.268	0	0	0	0.65782672	1.0576696	0.003368873	1.2773353e-05	1.6110095e-06	1.3027668e-05	0.0033605326	-9.3907271e-06	8.6766309e-07	-4.5230345e-06	-9.8276452e-08	-0.0022431024	0.00089470967	0.0067295791	0.0067289074	-9.9831943e-05
0.27	1.27	0	0	0	1.27	0	0	0	0.6542877	1.0553006	0.0033951186	1.2853747e-05	1.6220558e-06	1.3108741e-05	0.0033866948	-9.4308714e-06	8.6528781e-07	-4.508514e-06	-1.0117927e-07	-0.0022605707	0.00090821987	0.0067819928	0.0067813205	-9.9127656e-05
0.272	1.272	0	0	0	1.272	0	0	0	0.6507338	1.0528769	0.0034214003	1.2934619e-05	1.63282e-06	1.3190324e-05	0.003412892	-9.4699875e-06	8.6264088e-07	-4.4932491e-06	-1.0412836e-07	-0.0022780627	0.00092183496	0.0068344777	0.006833805	-9.8429404e-05
0.274	1.274	0	0	0	1.274	0	0	0	0.64716511	1.0503982	0.0034477189	1.3015986e-05	1.6433066e-06	1.3272435e-05	0.0034391249	-9.508061e-06	8.597261e-07	-4.4772462e-06	-1.0712527e-07	-0.0022955789	0.00093555509	0.0068870354	0.0068863623	-9.7736741e-05
0.276	1.276	0	0	0	1.276	0	0	0	0.64358177	1.0478644	0.0034740753	1.3097866e-05	1.6535217e-06	1.3355093e-05	0.0034653945	-9.5450784e-06	8.5654808e-07	-4.4605127e-06	-1.1017156e-07	-0.0023131199	0.0009493804	0.0069396676	0.0069389942	-9.7049191e-05
0.278	1.278	0	0	0	1.278	0	0	0	0.6399839	1.0452755	0.0035004702	1.3180277e-05	1.6634738e-06	1.3438316e-05	0.0034917015	-9.5810268e-06	8.5311239e-07	-4.4430564e-06	-1.1326888e-07	-0.0023306862	0.00096331106	0.0069923759	0.0069917021	-9.6366243e-05
0.28	1.28	0	0	0	1.28	0	0	0	0.63637165	1.0426313	0.0035269046	1.3263237e-05	1.6731739e-06	1.3522123e-05	0.0035180467	-9.6158945e-06	8.4942572e-07	-4.4248862e-06	-1.1641893e-07	-0.0023482783	0.00097734721	0.0070451621	0.007044488	-9.5687351e-05
0.282	1.282	0	0	0	1.282	0	0	0	0.63274518	1.0399319	0.0035533794	1.3346765e-05	1.6826359e-06	1.3606535e-05	0.0035444311	-9.6496714e-06	8.4549602e-07	-4.4060121e-06	-1.1962348e-07	-0.0023658969	0.00099148901	0.0070980278	0.0070973534	-9.5011921e-05
0.284	1.284	0	0	0	1.284	0	0	0	0.62910465	1.0371772	0.0035798953	1.343088e-05	1.6918778e-06	1.3691572e-05	0.0035708554	-9.6823487e-06	8.413328e-07	-4.386445e-06	-1.2288439e-07	-0.0023835426	0.0010057366	0.0071509748	0.0071503002	-9.4339312e-05
0.286	1.286	0	0	0	1.286	0	0	0	0.62545026	1.0343671	0.0036064533	1.3515603e-05	1.7009215e-06	1.3777254e-05	0.0035973206	-9.71392e-06	8.3694733e-07	-4.3661976e-06	-1.2620356e-07	-0.0024012159	0.0010200902	0.007204005	0.0072033302	-9.3668824e-05
0.288	1.288	0	0	0	1.288	0	0	0	0.62178219	1.0315018	0.0036330544	1.3600955e-05	1.7097944e-06	1.3863604e-05	0.0036238276	-9.7443815e-06	8.3235303e-07	-4.3452836e-06	-1.2958301e-07	-0.0024189175	0.0010345499	0.0072571201	0.0072564452	-9.2999688e-05
0.29	1.29	0	0	0	1.29	0	0	0	0.61810068	1.0285813	0.0036596995	1.3686957e-05	1.7185304e-06	1.3950642e-05	0.0036503772	-9.7737328e-06	8.2756585e-07	-4.3237191e-06	-1.3302483e-07	-0.0024366479	0.001049116	0.007310322	0.0073096471	-9.2331059e-05
0.292	1.292	0	0	0	1.292	0	0	0	0.61440594	1.0256057	0.0036863895	1.3773632e-05	1.7271709e-06	1.4038392e-05	0.0036769705	-9.8019774e-06	8.2260486e-07	-4.3015219e-06	-1.3653121e-07	-0.0024544078	0.0010637885	0.0073636127	0.0073629378	-9.1661999e-05
0.294	1.294	0	0	0	1.294	0	0	0	0.61069822	1.0225751	0.0037131255	1.3861005e-05	1.7357671e-06	1.4126877e-05	0.0037036084	-9.8291241e-06	8.1749285e-07	-4.2787127e-06	-1.4010447e-07	-0.0024721979	0.0010785677	0.0074169941	0.0074163192	-9.099146e-05
0.296	1.296	0	0	0	1.296	0	0	0	0.60697779	1.0194896	0.0037399084	1.39491e-05	1.7443818e-06	1.4216122e-05	0.0037302918	-9.8551879e-06	8.1225725e-07	-4.2553152e-06	-1.4374705e-07	-0.0024900188	0.0010934538	0.007470468	0.0074697934	-9.0318259e-05
0.298	1.298	0	0	0	1.298	0	0	0	0.60324492	1.0163495	0.0037667392	1.4037943e-05	1.7530927e-06	1.4306151e-05	0.0037570218	-9.8801922e-06	8.0693117e-07	-4.2313571e-06	-1.4746153e-07	-0.0025078712	0.0011084469	0.0075240366	0.0075233622	-8.9641055e-05
0.3	1.3	0	0	0	1.3	0	0	0	0.59949992	1.0131549	0.0037936189	1.4127565e-05	1.7619957e-06	1.4396991e-05	0.0037837992	-9.9041706e-06	8.0155489e-07	-4.2068706e-06	-1.512507e-07	-0.0025257556	0.0011235473	inf	inf	inf
