lambda	F11	F12	F13	F21	F22	F23	F31	F32	F33	J	P11	P12	P13	P21	P22	P23	P31	P32	P33	p	StrEn	t(1)	t(2)	d
0	1	0	0	0	1	0	0	0	1	1	0	0	0	0	0	0	0	0	0	-0	0	inf	inf	inf
0.002	1.002	0.0016	0	0	0.999516	0	0	0	0.99955025	1.0010646	1.8822215e-05	5.2658501e-06	2.216605e-07	5.2582786e-06	-5.7585673e-10	-3.7505887e-08	2.368783e-07	-1.9648837e-08	1.4681889e-08	-6.2787738e-06	2.2960577e-08	2.3031696e-05	2.3083966e-05	0.0022643768
0.004	1.004	0.0032	0	0	0.99902364	0	0	0	0.99908988	1.0021069	3.7939381e-05	1.0599925e-05	4.396403e-07	1.0556871e-05	-8.861349e-10	-7.7294857e-08	4.6771675e-07	-3.8181994e-08	2.814277e-08	-1.2655546e-05	9.2335865e-08	4.6412994e-05	4.6449527e-05	0.00078650172
0.006	1.006	0.0048	0	0	0.99852335	0	0	0	0.99861977	1.003128	5.7292063e-05	1.5992167e-05	6.5726271e-07	1.5884838e-05	-1.0335656e-09	-1.1525448e-07	6.9497913e-07	-5.5220727e-08	4.0558204e-08	-1.9110529e-05	2.0875868e-07	7.0076431e-05	7.0100646e-05	0.00034543564
0.008	1.008	0.0064	0	0	0.99801547	0	0	0	0.99814049	1.0041289	7.6833586e-05	2.1431557e-05	8.7284344e-07	2.1230733e-05	-1.0234058e-09	-1.5210206e-07	9.1702989e-07	-7.290766e-08	5.2021797e-08	-2.5628195e-05	3.7273845e-07	9.3966506e-05	9.3982205e-05	0.00016703712
0.01	1.01	0.008	0	0	0.9974999	0	0	0	0.99765198	1.0051093	9.6527818e-05	2.691115e-05	1.0852657e-06	2.6587398e-05	-8.4972322e-10	-1.8807571e-07	1.1329398e-06	-9.2174032e-08	6.2610663e-08	-3.2196526e-05	5.846875e-07	0.00011804151	0.00011805155	8.5036168e-05
0.012	1.012	0.0096	0	0	0.99697608	0	0	0	0.99715365	1.006068	0.00011634538	3.2426986e-05	1.2942118e-06	3.1950738e-05	-5.1556775e-10	-2.2262204e-07	1.3425668e-06	-1.128742e-07	7.2389438e-08	-3.8805751e-05	8.4494465e-07	0.00014226887	0.0001422753	4.5211679e-05
0.014	1.014	0.0112	0	0	0.99644302	0	0	0	0.99664441	1.0070028	0.00013626038	3.7976483e-05	1.4995776e-06	3.7318067e-05	-2.2839639e-11	-2.5486044e-07	1.5459438e-06	-1.3442053e-07	8.1406457e-08	-4.5447255e-05	1.1537887e-06	0.00016662059	0.00016662501	2.6521273e-05
0.016	1.016	0.0128	0	0	0.99589925	0	0	0	0.99612263	1.0079104	0.000156248	4.3557717e-05	1.7012882e-06	4.2687352e-05	6.3518853e-10	-2.8366286e-07	1.7430942e-06	-1.5593529e-07	8.9690174e-08	-5.2112774e-05	1.5114447e-06	0.00019107026	0.00019107398	1.9457386e-05
0.018	1.018	0.0144	0	0	0.9953427	0	0	0	0.99558603	1.0087864	0.00017628232	4.916909e-05	1.8992441e-06	4.8056854e-05	1.4787001e-09	-3.0760029e-07	1.9339896e-06	-1.7622693e-07	9.7246279e-08	-5.8793683e-05	1.9180846e-06	0.00021559065	0.00021559479	1.9188766e-05
0.02	1.02	0.016	0	0	0.99477041	0	0	0	0.99503141	1.0096244	0.00019633424	5.4809147e-05	2.0932922e-06	5.3424914e-05	2.5450298e-09	-3.2486099e-07	2.1185394e-06	-1.9371532e-07	1.0405525e-07	-6.5480279e-05	2.3738238e-06	0.00024015138	0.00024015691	2.3034838e-05
0.022	1.022	0.0176	0	0	0.99417837	0	0	0	0.99445442	1.0104157	0.00021636911	6.0476424e-05	2.2831966e-06	5.878977e-05	3.8912668e-09	-3.3318714e-07	2.2965943e-06	-2.0635839e-07	1.1007088e-07	-7.2161026e-05	2.8787123e-06	0.00026471655	0.00026472435	2.9475664e-05
0.024	1.024	0.0192	0	0	0.99356111	0	0	0	0.99384927	1.0111488	0.00023634476	6.6169281e-05	2.4686075e-06	6.4149338e-05	5.5942278e-09	-3.2988998e-07	2.4679724e-06	-2.1164288e-07	1.1522192e-07	-7.882186e-05	3.4327212e-06	0.00028924253	0.00028925348	3.7860747e-05
0.026	1.026	0.0208	0	0	0.99291163	0	0	0	0.99320859	1.0118087	0.00025621045	7.1885649e-05	2.6490387e-06	6.9500919e-05	7.7444915e-09	-3.1203858e-07	2.6325292e-06	-2.0674194e-07	1.1942057e-07	-8.544587e-05	4.0357262e-06	0.0003136768	0.000313692	4.8455915e-05
0.028	1.028	0.0224	0	0	0.99222158	0	0	0	0.99252372	1.012378	0.00027590872	7.7622606e-05	2.8238733e-06	7.4840745e-05	1.0430396e-08	-2.7691466e-07	2.7903067e-06	-1.8895889e-07	1.2258189e-07	-9.2013909e-05	4.6874892e-06	0.00033795947	0.00033798054	6.234008e-05
0.03	1.03	0.024	0	0	0.99148199	0	0	0	0.99178574	1.0128378	0.00029538171	8.3375528e-05	2.9924126e-06	8.0163168e-05	1.3711316e-08	-2.2268903e-07	2.9417929e-06	-1.5646882e-07	1.2465293e-07	-9.850669e-05	5.3876484e-06	0.00036202897	0.00036205809	8.0444221e-05
0.032	1.032	0.0256	0	0	0.99068433	0	0	0	0.99098697	1.0131714	0.00031458114	8.9136155e-05	3.1539433e-06	8.5458864e-05	1.7588814e-08	-1.489766e-07	3.0883225e-06	-1.0909525e-07	1.2563928e-07	-0.00010490812	6.1357216e-06	0.00038583051	0.00038586976	0.00010172682
0.034	1.034	0.0272	0	0	0.98982074	0	0	0	0.99012237	1.0133651	0.00033347816	9.4887604e-05	3.3077287e-06	9.0710111e-05	2.1991741e-08	-5.6734639e-08	3.2327092e-06	-4.8663389e-08	1.2560956e-07	-0.00011120859	6.9311274e-06	0.0004093219	0.00040937182	0.00012192256
0.036	1.036	0.0288	0	0	0.98888178	0	0	0	0.98919	1.0134069	0.00035207042	0.0001005909	3.4528155e-06	9.5877833e-05	2.6786496e-08	5.2744543e-08	3.3803256e-06	2.1284591e-08	1.2467018e-07	-0.00011740729	7.7732089e-06	0.00043246973	0.00043252772	0.0001340704
0.038	1.038	0.0304	0	0	0.98784996	0	0	0	0.98819055	1.013279	0.0003703891	0.00010615413	3.587823e-06	0.00010087183	3.1824826e-08	1.7915253e-07	3.5400544e-06	9.6385581e-08	1.2291831e-07	-0.00012351461	8.6612383e-06	0.00045523156	0.00045529259	0.00013403794
0.04	1.04	0.032	0	0	0.98669307	0	0	0	0.9871258	1.0129498	0.00038849133	0.00011141462	3.7119336e-06	0.00010553395	3.7062038e-08	3.2219801e-07	3.7195412e-06	1.737574e-07	1.2039367e-07	-0.00012954959	9.5943792e-06	0.00047753407	0.00047759983	0.00013768195
0.042	1.042	0.0336	0	0	0.98537933	0	0	0	0.98599589	1.0123863	0.00040639069	0.00011625473	3.8271331e-06	0.00010975055	4.2595922e-08	4.771845e-07	3.9131306e-06	2.5439293e-07	1.1710482e-07	-0.0001355168	1.0571638e-05	0.0004992966	0.00049937776	0.0001625225
0.044	1.044	0.0352	0	0	0.98389656	0	0	0	0.98479987	1.0115746	0.0004240246	0.00012069875	3.9364634e-06	0.00011354553	4.8435215e-08	6.36938e-07	4.1082368e-06	3.3984365e-07	1.13115e-07	-0.00014139538	1.159189e-05	0.00052047608	0.00052057754	0.00019489337
0.046	1.046	0.0368	0	0	0.98223997	0	0	0	0.98353803	1.0105096	0.00044132456	0.00012480479	4.0413912e-06	0.00011697514	5.4450912e-08	7.9687477e-07	4.2986954e-06	4.2938547e-07	1.0852582e-07	-0.00014716251	1.2653948e-05	0.00054105064	0.00054117259	0.00022534271
0.048	1.048	0.0384	0	0	0.98040437	0	0	0	0.98221206	1.0091873	0.00045824957	0.00012860524	4.1423568e-06	0.0001200708	6.049232e-08	9.5455387e-07	4.483246e-06	5.2122802e-07	1.034395e-07	-0.0001528045	1.3756581e-05	0.00056100533	0.00056114807	0.00025437498
0.05	1.05	0.04	0	0	0.97838722	0	0	0	0.98082449	1.0076075	0.0004747843	0.00013211827	4.2395614e-06	0.00012285074	6.6433741e-08	1.1082791e-06	4.6619938e-06	6.1349864e-07	9.7955081e-08	-0.00015831623	1.489854e-05	0.00058033956	0.00058050369	0.00028272348
0.052	1.052	0.0416	0	0	0.9761919	0	0	0	0.97937839	1.0057764	0.00049093464	0.00013536206	4.3332241e-06	0.00012533388	7.2181421e-08	1.2566004e-06	4.8351645e-06	7.0452707e-07	9.2170396e-08	-0.00016369967	1.6078595e-05	0.00059907411	0.00059925948	0.00030932747
0.054	1.054	0.0432	0	0	0.97382807	0	0	0	0.97787727	1.0037077	0.00050672316	0.00013836019	4.4236209e-06	0.00012754497	7.7673068e-08	1.3982694e-06	5.0028821e-06	7.9293525e-07	8.6179954e-08	-0.00016896234	1.7295578e-05	0.00061725073	0.00061745589	0.00033227775
0.056	1.056	0.0448	0	0	0.97131002	0	0	0	0.97632489	1.0014197	0.00052218344	0.00014114105	4.5110637e-06	0.00012951373	8.2874664e-08	1.5323083e-06	5.1652189e-06	8.7767549e-07	8.0070492e-08	-0.00017411546	1.8548419e-05	0.00063492598	0.00063514829	0.00035000713
0.058	1.058	0.0464	0	0	0.96865425	0	0	0	0.97472513	0.99893359	0.00053735438	0.00014373494	4.59587e-06	0.00013127182	8.7774946e-08	1.6580564e-06	5.3222705e-06	9.5802901e-07	7.3917219e-08	-0.00017917202	1.9836171e-05	0.00065216319	0.00065239927	0.00036187566
0.06	1.06	0.048	0	0	0.96587729	0	0	0	0.97308183	0.9962703	0.00055227551	0.0001461713	4.6783407e-06	0.00013284987	9.2378773e-08	1.77516e-06	5.4741916e-06	1.0335703e-06	6.7782055e-08	-0.00018414522	2.1158016e-05	0.00066902547	0.00066927184	0.00036812398
0.062	1.062	0.0496	0	0	0.96299444	0	0	0	0.97139866	0.99344951	0.00056698407	0.00014847681	4.7587467e-06	0.00013427559	9.6700881e-08	1.8835241e-06	5.621197e-06	1.104113e-06	6.1713725e-08	-0.00018904749	2.2513258e-05	0.00068557139	0.00068582483	0.00036953326
0.064	1.064	0.0512	0	0	0.96001909	0	0	0	0.96967905	0.99048866	0.0005815135	0.00015067463	4.8373241e-06	0.00013557297	1.0076086e-07	1.983249e-06	5.7635443e-06	1.1696515e-06	5.5748957e-08	-0.00019389	2.3901315e-05	0.00070185286	0.00070211059	0.00036708508
0.066	1.066	0.0528	0	0	0.95696257	0	0	0	0.96792612	0.98740283	0.00059589299	0.0001527843	4.9142753e-06	0.0001367622	1.045795e-07	2.0745695e-06	5.9015145e-06	1.2303097e-06	4.991411e-08	-0.00019868249	2.5321701e-05	0.0007179146	0.00071817439	0.0003617378
0.068	1.068	0.0544	0	0	0.95383434	0	0	0	0.96614266	0.98420477	0.00061014759	0.00015482208	4.9897738e-06	0.00013786002	1.0817637e-07	2.1578028e-06	6.0353956e-06	1.2862971e-06	4.4226901e-08	-0.00020343333	2.6774013e-05	0.00073379458	0.00073405467	0.00035431804
0.07	1.07	0.056	0	0	0.95064219	0	0	0	0.96433115	0.98090525	0.00062429863	0.00015680134	5.0639727e-06	0.00013888019	1.1156837e-07	2.2333068e-06	6.1654756e-06	1.3378733e-06	3.8698144e-08	-0.00020814963	2.825792e-05	0.00074952472	0.00074978376	0.00034548829
0.072	1.072	0.0576	0	0	0.94739249	0	0	0	0.96249379	0.97751327	0.00063836416	0.00015873313	5.1370149e-06	0.00013983398	1.1476911e-07	2.3014476e-06	6.2920399e-06	1.3853204e-06	3.3333597e-08	-0.00021283742	2.9773148e-05	0.00076513186	0.00076538884	0.00033575432
0.074	1.074	0.0592	0	0	0.94409051	0	0	0	0.96063248	0.97403639	0.00065235952	0.00016062652	5.2090405e-06	0.00014073064	1.1778902e-07	2.3625767e-06	6.4153724e-06	1.4289227e-06	2.8135735e-08	-0.00021750182	3.1319475e-05	0.00078063852	0.00078089269	0.00032548824
0.076	1.076	0.0608	0	0	0.94074055	0	0	0	0.9587489	0.97048096	0.00066629773	0.00016248905	5.2801876e-06	0.00014157778	1.2063585e-07	2.4170215e-06	6.535751e-06	1.4689591e-06	2.3104751e-08	-0.00022214716	3.2896719e-05	0.00079606369	0.00079631449	0.00031495148
0.078	1.078	0.0624	0	0	0.93734619	0	0	0	0.95684451	0.96685233	0.00068018989	0.00016432696	5.3505786e-06	0.00014238169	1.2331453e-07	2.4650894e-06	6.6534328e-06	1.50571e-06	1.8237591e-08	-0.00022677715	3.4504733e-05	0.00081142344	0.00081167043	0.00030430479
0.08	1.08	0.064	0	0	0.93391036	0	0	0	0.95492056	0.96315502	0.00069404547	0.00016614543	5.4202882e-06	0.00014314752	1.2582743e-07	2.5070825e-06	6.7686237e-06	1.5394775e-06	1.3526477e-08	-0.00023139494	3.61434e-05	0.00082673135	0.00082697418	0.0002936395
0.082	1.082	0.0656	0	0	0.93043547	0	0	0	0.95297814	0.9593928	0.0007078726	0.00016794872	5.4893629e-06	0.0001438795	1.2818613e-07	2.5432692e-06	6.8815144e-06	1.5705523e-06	8.977127e-09	-0.00023600326	3.781263e-05	0.00084199892	0.00084223739	0.00028314801
0.084	1.084	0.0672	0	0	0.92692361	0	0	0	0.95101819	0.955569	0.00072167836	0.0001697406	5.5579894e-06	0.00014458135	1.3041939e-07	2.5737914e-06	6.9924378e-06	1.5990816e-06	4.6298094e-09	-0.00024060447	3.951235e-05	0.00085723613	0.00085747024	0.00027302547
0.086	1.086	0.0688	0	0	0.92337657	0	0	0	0.94904158	0.95168651	0.00073546897	0.0001715245	5.6263968e-06	0.00014525634	1.3253975e-07	2.5987575e-06	7.1017324e-06	1.6251857e-06	5.0592189e-10	-0.00024520067	4.1242511e-05	0.00087245189	0.00087268166	0.00026329566
0.088	1.088	0.0704	0	0	0.91979588	0	0	0	0.94704903	0.94774787	0.00074924988	0.00017330337	5.6946864e-06	0.00014590725	1.345478e-07	2.6183549e-06	7.2095941e-06	1.6490934e-06	-3.4022795e-09	-0.00024979368	4.3003077e-05	0.000887654	0.00088787947	0.00025393467
0.09	1.09	0.072	0	0	0.91618282	0	0	0	0.94504119	0.94375525	0.00076302585	0.00017507981	5.7628816e-06	0.00014653648	1.3644684e-07	2.6328274e-06	7.316141e-06	1.6711024e-06	-7.1103813e-09	-0.00025438506	4.4794028e-05	0.0009028493	0.00090307048	0.0002449258
0.092	1.092	0.0736	0	0	0.91253846	0	0	0	0.94301861	0.9397105	0.00077680106	0.00017685603	5.8309982e-06	0.00014714604	1.3824117e-07	2.6424139e-06	7.4214813e-06	1.6915188e-06	-1.0632127e-08	-0.00025897622	4.6615359e-05	0.00091804372	0.00091826069	0.00023627569
0.094	1.094	0.0752	0	0	0.90886371	0	0	0	0.94098175	0.93561523	0.00079057919	0.00017863396	5.8990637e-06	0.00014773762	1.3993356e-07	2.6473206e-06	7.5257312e-06	1.7106332e-06	-1.3977192e-08	-0.00026356838	4.8467071e-05	0.00093324249	0.00093345531	0.00022799533
0.096	1.096	0.0768	0	0	0.9051593	0	0	0	0.938931	0.93147081	0.00080436351	0.00018041525	5.9671149e-06	0.00014831265	1.4152512e-07	2.6477223e-06	7.629012e-06	1.7287222e-06	-1.7152201e-08	-0.00026816263	5.034918e-05	0.0009484502	0.00094865899	0.00022009319
0.098	1.098	0.0784	0	0	0.90142589	0	0	0	0.93686669	0.92727845	0.00081815696	0.00018220138	6.0351929e-06	0.00014887234	1.4301574e-07	2.6437692e-06	7.7314465e-06	1.7460542e-06	-2.0161982e-08	-0.00027275994	5.2261707e-05	0.00096367095	0.00096387585	0.00021257908
0.1	1.1	0.08	0	0	0.89766399	0	0	0	0.93478912	0.92303918	0.00083196215	0.00018399364	6.1033426e-06	0.00014941773	1.4440446e-07	2.635593e-06	7.8331577e-06	1.7628944e-06	-2.3010315e-08	-0.00027736118	5.4204683e-05	0.00097890841	0.00097910959	0.00020546561
0.102	1.102	0.0816	0	0	0.89387404	0	0	0	0.9326985	0.9187539	0.00084578146	0.00018579319	6.1716121e-06	0.00014994969	1.4568974e-07	2.6233103e-06	7.9342686e-06	1.7795083e-06	-2.5700252e-08	-0.00028196715	5.6178145e-05	0.00099416587	0.00099436351	0.00019876337
0.104	1.104	0.0832	0	0	0.8900564	0	0	0	0.93059504	0.9144234	0.00085961703	0.00018760105	6.2400528e-06	0.00015046898	1.4686952e-07	2.607025e-06	8.0349025e-06	1.796164e-06	-2.8234229e-08	-0.00028657856	5.8182137e-05	0.0010094463	0.0010096406	0.00019247082
0.106	1.106	0.0848	0	0	0.88621137	0	0	0	0.92847888	0.91004837	0.00087347082	0.00018941817	6.3087186e-06	0.00015097623	1.4794127e-07	2.5868271e-06	8.1351833e-06	1.8131321e-06	-3.0614116e-08	-0.00029119605	6.0216708e-05	0.0010247524	0.0010249436	0.0001865651
0.108	1.108	0.0864	0	0	0.88233918	0	0	0	0.92635015	0.90562938	0.00088734458	0.00019124535	6.3776651e-06	0.00015147197	1.4890201e-07	2.5627917e-06	8.2352346e-06	1.8306864e-06	-3.2841318e-08	-0.00029582021	6.2281912e-05	0.0010400866	0.0010402749	0.00018100056
0.11	1.11	0.088	0	0	0.87844	0	0	0	0.92420893	0.90116692	0.00090123993	0.00019308335	6.4469478e-06	0.00015195662	1.4974825e-07	2.534977e-06	8.3351792e-06	1.8491023e-06	-3.4916924e-08	-0.00030045159	6.4377808e-05	0.0010554512	0.0010556366	0.00017571703
0.112	1.112	0.0896	0	0	0.87451395	0	0	0	0.92205526	0.89666141	0.00091515835	0.00019493283	6.5166216e-06	0.00015243053	1.5047596e-07	2.5034232e-06	8.435139e-06	1.8686576e-06	-3.6841877e-08	-0.00030509066	6.6504458e-05	0.001070848	0.0010710308	0.00017065262
0.114	1.114	0.0912	0	0	0.87056108	0	0	0	0.91988918	0.89211317	0.00092910116	0.00019679435	6.5867411e-06	0.00015289397	1.510806e-07	2.4681531e-06	8.5352355e-06	1.8896331e-06	-3.861711e-08	-0.00030973788	6.8661931e-05	0.001086279	0.0010864591	0.00016575361
0.116	1.116	0.0928	0	0	0.86658141	0	0	0	0.91771067	0.88752244	0.00094306959	0.00019866843	6.6573614e-06	0.0001533471	1.5155706e-07	2.4291728e-06	8.6355902e-06	1.9123145e-06	-4.0243609e-08	-0.00031439363	7.0850295e-05	0.0011017457	0.0011019231	0.00016097838
0.118	1.118	0.0944	0	0	0.8625749	0	0	0	0.91551968	0.88288941	0.00095706472	0.0002005555	6.7285387e-06	0.00015379005	1.518997e-07	2.3864732e-06	8.736326e-06	1.9369938e-06	-4.1722437e-08	-0.0003190583	7.3069623e-05	0.0011172496	0.0011174243	0.00015629643
0.12	1.12	0.096	0	0	0.85854147	0	0	0	0.91331615	0.87821416	0.00097108754	0.00020245596	6.8003322e-06	0.00015422286	1.5210233e-07	2.3400311e-06	8.8375681e-06	1.9639719e-06	-4.3054714e-08	-0.0003237322	7.5319992e-05	0.0011327921	0.001132964	0.00015168553
0.122	1.122	0.0976	0	0	0.85448097	0	0	0	0.91109996	0.87349672	0.00098513893	0.00020437011	6.8728044e-06	0.00015464552	1.5215826e-07	2.2898108e-06	8.9394449e-06	1.9935594e-06	-4.424159e-08	-0.00032841561	7.7601479e-05	0.0011483742	0.0011485432	0.00014712865
0.124	1.124	0.0992	0	0	0.85039321	0	0	0	0.90887099	0.86873704	0.00099921966	0.00020629821	6.9460224e-06	0.00015505794	1.5206026e-07	2.2357643e-06	9.0420887e-06	2.0260786e-06	-4.5284218e-08	-0.00033310881	7.9914165e-05	0.001163997	0.001164163	0.00014261184
0.126	1.126	0.1008	0	0	0.84627795	0	0	0	0.90662908	0.86393498	0.0010133304	0.00020824046	7.0200595e-06	0.00015545999	1.5180058e-07	2.1778329e-06	9.145637e-06	2.0618652e-06	-4.6183717e-08	-0.00033781201	8.2258131e-05	0.0011796613	0.0011798243	0.00013812277
0.128	1.128	0.1024	0	0	0.84213491	0	0	0	0.904374	0.85909035	0.0010274717	0.00021019702	7.0949959e-06	0.00015585146	1.5137094e-07	2.1159482e-06	9.250233e-06	2.1012692e-06	-4.6941148e-08	-0.00034252538	8.4633462e-05	0.0011953678	0.0011955276	0.00013365007
0.13	1.13	0.104	0	0	0.83796372	0	0	0	0.90210555	0.85420284	0.0010416441	0.00021216795	7.1709204e-06	0.00015623211	1.5076258e-07	2.0500332e-06	9.3560267e-06	2.1446567e-06	-4.7557484e-08	-0.00034724909	8.7040241e-05	0.001211117	0.0012112735	0.00012918293
0.132	1.132	0.1056	0	0	0.83376398	0	0	0	0.89982343	0.84927209	0.0010558478	0.0002141533	7.2479326e-06	0.00015660162	1.4996619e-07	1.9800045e-06	9.4631759e-06	2.1924106e-06	-4.8033576e-08	-0.00035198324	8.9478556e-05	0.0012269094	0.0012270624	0.00012471106
0.134	1.134	0.1072	0	0	0.82953521	0	0	0	0.89752734	0.84429762	0.0010700831	0.00021615304	7.3261442e-06	0.00015695962	1.4897205e-07	1.9057735e-06	9.5718472e-06	2.2449325e-06	-4.8370119e-08	-0.00035672791	9.1948491e-05	0.0012427452	0.0012428946	0.0001202247
0.136	1.136	0.1088	0	0	0.82527688	0	0	0	0.89521693	0.83927888	0.0010843502	0.0002181671	7.4056822e-06	0.0001573057	1.4776996e-07	1.8272497e-06	9.6822171e-06	2.3026428e-06	-4.856761e-08	-0.00036148313	9.4450134e-05	0.0012586244	0.0012587701	0.00011571472
0.138	1.138	0.1104	0	0	0.82098838	0	0	0	0.8928918	0.83421522	0.001098649	0.00022019533	7.4866899e-06	0.00015763938	1.4634937e-07	1.7443422e-06	9.794472e-06	2.3659811e-06	-4.8626309e-08	-0.0003662489	9.6983571e-05	0.001274547	0.0012746887	0.0001111727
0.14	1.14	0.112	0	0	0.81666903	0	0	0	0.89055152	0.82910587	0.0011129793	0.00022223758	7.5693285e-06	0.00015796014	1.4469944e-07	1.6569627e-06	9.9088087e-06	2.435405e-06	-4.8546195e-08	-0.00037102516	9.9548889e-05	0.0012905128	0.0012906503	0.00010659106
0.142	1.142	0.1136	0	0	0.81231809	0	0	0	0.8881956	0.82394998	0.001127341	0.00022429361	7.6537762e-06	0.00015826741	1.4280912e-07	1.5650266e-06	1.0025432e-05	2.5113868e-06	-4.8326938e-08	-0.00037581184	0.00010214617	0.0013065212	0.0013066544	0.00010196335
0.144	1.144	0.1152	0	0	0.80793474	0	0	0	0.88582352	0.81874661	0.0011417337	0.00022636316	7.7402236e-06	0.00015856058	1.406673e-07	1.4684534e-06	1.0144548e-05	2.5944068e-06	-4.7967893e-08	-0.00038060878	0.00010477551	0.0013225718	0.0013227005	9.7284519e-05
0.146	1.146	0.1168	0	0	0.80351811	0	0	0	0.88343471	0.81349473	0.0011561567	0.00022844594	7.8288658e-06	0.000158839	1.3826291e-07	1.3671642e-06	1.0266362e-05	2.6849432e-06	-4.7468152e-08	-0.00038541583	0.00010743697	0.0013386639	0.0013387878	9.2551617e-05
0.148	1.148	0.1184	0	0	0.79906726	0	0	0	0.88102857	0.80819325	0.0011706096	0.00023054162	7.919888e-06	0.000159102	1.3558516e-07	1.2610782e-06	1.0391061e-05	2.7834568e-06	-4.6826657e-08	-0.00039023278	0.00011013066	0.0013547965	0.0013549154	8.7764523e-05
0.15	1.15	0.12	0	0	0.79458123	0	0	0	0.87860447	0.80284101	0.0011850915	0.00023264987	8.0134505e-06	0.00015934888	1.3262367e-07	1.1501087e-06	1.0518801e-05	2.8903743e-06	-4.6042378e-08	-0.00039505937	0.00011285664	0.0013709688	0.0013710825	8.2926735e-05
0.152	1.152	0.1216	0	0	0.79005903	0	0	0	0.87616175	0.79743687	0.0011996018	0.00023477035	8.1096748e-06	0.00015957895	1.2936891e-07	1.034161e-06	1.0649701e-05	3.0060713e-06	-4.5114537e-08	-0.00039989534	0.00011561499	0.0013871797	0.0013872879	7.8045779e-05
0.154	1.154	0.1232	0	0	0.78549967	0	0	0	0.87369976	0.79197967	0.0012141395	0.00023690274	8.2086373e-06	0.00015979153	1.2581254e-07	9.1313673e-07	1.0783831e-05	3.1308603e-06	-4.4042826e-08	-0.00040474042	0.00011840579	0.0014034281	0.0014035307	7.3132953e-05
0.156	1.156	0.1248	0	0	0.78090218	0	0	0	0.87121783	0.7864683	0.0012287037	0.00023904674	8.310373e-06	0.00015998595	1.2194804e-07	7.8694444e-07	1.0921216e-05	3.2649847e-06	-4.2827553e-08	-0.00040959428	0.00012122911	0.001419713	0.0014198098	6.8202362e-05
0.158	1.158	0.1264	0	0	0.77626559	0	0	0	0.8687153	0.7809017	0.0012432936	0.00024120213	8.4148873e-06	0.00016016161	1.1777135e-07	6.5551476e-07	1.1061839e-05	3.4086185e-06	-4.1469721e-08	-0.00041445664	0.00012408503	0.0014360332	0.0014361241	6.326953e-05
0.16	1.16	0.128	0	0	0.77158901	0	0	0	0.86619153	0.77527889	0.0012579083	0.00024336877	8.5221711e-06	0.00016031797	1.1328149e-07	5.1881695e-07	1.1205652e-05	3.5618669e-06	-3.9971029e-08	-0.0004193272	0.00012697361	0.0014523879	0.0014524727	5.8349965e-05
0.162	1.162	0.1296	0	0	0.76687157	0	0	0	0.86364591	0.76959898	0.0012725468	0.00024554665	8.6322138e-06	0.00016045456	1.0848115e-07	3.7687278e-07	1.1352585e-05	3.724767e-06	-3.833384e-08	-0.00042420566	0.00012989492	0.0014687762	0.0014688547	5.3457999e-05
0.164	1.164	0.1312	0	0	0.76211248	0	0	0	0.86107784	0.76386123	0.0012872085	0.00024773591	8.7450113e-06	0.00016057105	1.0337709e-07	2.2976605e-07	1.1502543e-05	3.8972851e-06	-3.6561126e-08	-0.00042909177	0.00013284903	0.0014851973	0.0014852695	4.8605989e-05
0.166	1.166	0.1328	0	0	0.75731107	0	0	0	0.85848679	0.75806505	0.0013018926	0.00024993684	8.8605692e-06	0.00016066722	9.7980372e-08	7.7647039e-08	1.1655415e-05	4.0793133e-06	-3.4656418e-08	-0.00043398532	0.000135836	0.001501651	0.0015017167	4.3803852e-05
0.168	1.168	0.1344	0	0	0.75246675	0	0	0	0.85587229	0.75221003	0.0013165988	0.00025214997	8.978902e-06	0.00016074298	9.2306409e-08	-7.9267317e-08	1.1811069e-05	4.2706655e-06	-3.262375e-08	-0.00043888615	0.00013885589	0.001518137	0.0015181963	3.9058845e-05
0.17	1.17	0.136	0	0	0.74757908	0	0	0	0.85323393	0.74629601	0.0013313266	0.000254376	9.1000295e-06	0.00016079843	8.6374835e-08	-2.4069701e-07	1.1969352e-05	4.4710744e-06	-3.0467604e-08	-0.00044379415	0.00014190878	0.0015346557	0.0015347085	3.4375552e-05
0.172	1.172	0.1376	0	0	0.74264777	0	0	0	0.85057141	0.74032305	0.001346076	0.00025661589	9.2239734e-06	0.00016083378	8.0209177e-08	-4.0630526e-07	1.2130092e-05	4.6801926e-06	-2.8192862e-08	-0.00044870933	0.00014499473	0.0015512077	0.0015512539	2.9756053e-05
0.174	1.174	0.1392	0	0	0.73767267	0	0	0	0.84788451	0.73429149	0.0013608472	0.00025887078	9.3507527e-06	0.00016084943	7.3836391e-08	-5.7570698e-07	1.2293095e-05	4.897596e-06	-2.5804755e-08	-0.00045363176	0.0001481138	0.0015677942	0.0015678337	2.5200291e-05
0.176	1.176	0.1408	0	0	0.73265383	0	0	0	0.8451731	0.7282019	0.0013756409	0.00026114206	9.4803814e-06	0.00016084589	6.7286254e-08	-7.4847877e-07	1.2458151e-05	5.1227919e-06	-2.3308821e-08	-0.00045856161	0.00015126606	0.0015844167	0.0015844495	2.0706604e-05
0.178	1.178	0.1424	0	0	0.72759143	0	0	0	0.84243715	0.72205516	0.0013904577	0.00026343131	9.6128656e-06	0.00016082383	6.0590669e-08	-9.2416985e-07	1.2625033e-05	5.3552294e-06	-2.071086e-08	-0.00046349918	0.00015445159	0.0016010772	0.0016011032	1.6272408e-05
0.18	1.18	0.144	0	0	0.72248583	0	0	0	0.83967675	0.71585238	0.0014052988	0.00026574028	9.7482033e-06	0.00016078402	5.3782913e-08	-1.1023133e-06	1.2793508e-05	5.5943126e-06	-1.8016898e-08	-0.00046844485	0.00015767047	0.0016177781	0.0016177974	1.1894939e-05
0.182	1.182	0.1456	0	0	0.71733754	0	0	0	0.83689206	0.70959489	0.0014201656	0.00026807088	9.8863835e-06	0.0001607273	4.6896875e-08	-1.2824373e-06	1.2963333e-05	5.8394156e-06	-1.5233142e-08	-0.0004733991	0.00016092278	0.0016345224	0.0016345348	7.5719839e-06
0.184	1.184	0.1472	0	0	0.71214718	0	0	0	0.83408332	0.70328426	0.0014350599	0.00027042513	1.0027387e-05	0.00016065461	3.9966314e-08	-1.4640752e-06	1.3134267e-05	6.089897e-06	-1.2365941e-08	-0.00047836249	0.00016420861	0.0016513133	0.0016513187	3.3025208e-06
0.186	1.186	0.1488	0	0	0.70691551	0	0	0	0.83125085	0.69692221	0.0014499835	0.00027280514	1.0171188e-05	0.0001605669	3.3024198e-08	-1.6467748e-06	1.3306073e-05	6.3451145e-06	-9.4217326e-09	-0.0004833357	0.00016752806	0.0016681543	0.0016681528	-9.1281104e-07
0.188	1.188	0.1504	0	0	0.70164337	0	0	0	0.82839503	0.69051061	0.0014649386	0.0002752131	1.0317754e-05	0.00016046513	2.6102125e-08	-1.8301064e-06	1.3478521e-05	6.604437e-06	-6.4069999e-09	-0.00048831944	0.00017088122	0.0016850492	0.0016850407	-5.0714338e-06
0.19	1.19	0.152	0	0	0.69633169	0	0	0	0.82551627	0.68405144	0.0014799276	0.00027765122	1.0467049e-05	0.00016035028	1.9229854e-08	-2.0136681e-06	1.3651394e-05	6.8672562e-06	-3.3282185e-09	-0.0004933145	0.00017426822	0.0017020021	0.0017019865	-9.1687613e-06
0.192	1.192	0.1536	0	0	0.69098144	0	0	0	0.82261504	0.67754678	0.0014949529	0.00028012172	1.0619033e-05	0.00016022328	1.2434963e-08	-2.197091e-06	1.3824489e-05	7.1329942e-06	-1.9180769e-10	-0.00049832172	0.00017768917	0.0017190172	0.0017189945	-1.3198314e-05
0.194	1.194	0.1552	0	0	0.68559364	0	0	0	0.8196918	0.67099873	0.0015100172	0.00028262681	1.0773664e-05	0.00016008503	5.742615e-09	-2.3800414e-06	1.3997618e-05	7.4011104e-06	2.9959181e-09	-0.00050334198	0.0001811442	0.0017360987	0.001736069	-1.7151976e-05
0.196	1.196	0.1568	0	0	0.68016934	0	0	0	0.81674704	0.66440945	0.0015251231	0.00028516868	1.0930901e-05	0.00015993637	-8.245691e-10	-2.5622221e-06	1.4170611e-05	7.6711044e-06	6.2287922e-09	-0.00050837616	0.00018463345	0.0017532511	0.0017532142	-2.1020351e-05
0.198	1.198	0.1584	0	0	0.67470958	0	0	0	0.81378125	0.65778107	0.0015402733	0.00028774949	1.1090704e-05	0.00015977808	-7.2465442e-09	-2.7433728e-06	1.4343313e-05	7.9425185e-06	9.5008349e-09	-0.00051342519	0.00018815706	0.0017704786	0.0017704347	-2.4793164e-05
0.2	1.2	0.16	0	0	0.66921543	0	0	0	0.81079491	0.65111576	0.0015554707	0.00029037134	1.1253032e-05	0.00015961087	-1.35058e-08	-2.923269e-06	1.4515588e-05	8.2149375e-06	1.2806285e-08	-0.00051849	0.00019171519	0.0017877858	0.0017877349	-2.8459663e-05
0.202	1.202	0.1616	0	0	0.66368796	0	0	0	0.80778849	0.64441563	0.0015707179	0.0002930363	1.1417848e-05	0.0001594354	-1.9587262e-08	-3.1017205e-06	1.4687317e-05	8.4879875e-06	1.6139628e-08	-0.0005235715	0.000195308	0.0018051769	0.0018051192	-3.2008998e-05
0.204	1.204	0.1632	0	0	0.65812821	0	0	0	0.80476244	0.63768279	0.0015860179	0.00029574638	1.1585116e-05	0.00015925223	-2.5478154e-08	-3.2785689e-06	1.4858394e-05	8.7613338e-06	1.9495612e-08	-0.00052867063	0.00019893566	0.0018226564	0.0018225918	-3.5430545e-05
0.206	1.206	0.1648	0	0	0.65253725	0	0	0	0.80171721	0.63091931	0.0016013732	0.00029850354	1.1754805e-05	0.00015906189	-3.1167826e-08	-3.4536855e-06	1.5028728e-05	9.034678e-06	2.2869261e-08	-0.00053378832	0.00020259836	0.0018402285	0.0018401573	-3.8714172e-05
0.208	1.208	0.1664	0	0	0.64691609	0	0	0	0.7986532	0.62412723	0.0016167868	0.00030130971	1.1926886e-05	0.0001588648	-3.6647578e-08	-3.6269686e-06	1.5198241e-05	9.3077545e-06	2.6255887e-08	-0.00053892546	0.00020629629	0.0018578975	0.0018578197	-4.1850439e-05
0.21	1.21	0.168	0	0	0.64126579	0	0	0	0.79557083	0.61730855	0.0016322612	0.00030416676	1.2101331e-05	0.00015866135	-4.1910471e-08	-3.7983405e-06	1.5366867e-05	9.5803273e-06	2.9651086e-08	-0.00054408298	0.00021002964	0.0018756675	0.0018755834	-4.4830736e-05
0.212	1.212	0.1696	0	0	0.63558736	0	0	0	0.79247045	0.61046525	0.0016477992	0.00030707654	1.2278119e-05	0.00015845188	-4.695114e-08	-3.9677455e-06	1.553455e-05	9.8521863e-06	3.3050739e-08	-0.00054926175	0.00021379862	0.0018935426	0.0018934524	-4.7647372e-05
0.214	1.214	0.1712	0	0	0.62988183	0	0	0	0.78935242	0.60359927	0.0016634033	0.00031004085	1.2457228e-05	0.00015823664	-5.176562e-08	-4.1351465e-06	1.5701242e-05	1.0123144e-05	3.6451005e-08	-0.00055446267	0.00021760345	0.001911527	0.0019114309	-5.029361e-05
0.216	1.216	0.1728	0	0	0.62415022	0	0	0	0.78621707	0.59671255	0.0016790763	0.00031306147	1.2638641e-05	0.00015801586	-5.6351177e-08	-4.3005238e-06	1.5866904e-05	1.0393031e-05	3.9848314e-08	-0.0005596866	0.00022144435	0.0019296247	0.0019295229	-5.2763672e-05
0.218	1.218	0.1744	0	0	0.61839355	0	0	0	0.78306473	0.58980698	0.0016948206	0.00031614015	1.2822344e-05	0.00015778971	-6.0706157e-08	-4.4638719e-06	1.6031503e-05	1.0661695e-05	4.3239356e-08	-0.00056493439	0.00022532154	0.0019478395	0.0019477323	-5.5052715e-05
0.22	1.22	0.176	0	0	0.61261287	0	0	0	0.77989569	0.58288445	0.0017106389	0.00031927864	1.3008323e-05	0.00015755835	-6.4829844e-08	-4.6251984e-06	1.6195012e-05	1.0928997e-05	4.6621068e-08	-0.00057020689	0.00022923528	0.0019661755	0.0019660631	-5.7156786e-05
0.222	1.222	0.1776	0	0	0.60680923	0	0	0	0.77671022	0.57594684	0.0017265336	0.00032247863	1.3196569e-05	0.00015732186	-6.8722337e-08	-4.7845217e-06	1.6357409e-05	1.1194808e-05	4.9990624e-08	-0.00057550495	0.0002331858	0.0019846364	0.0019845192	-5.9072766e-05
0.224	1.224	0.1792	0	0	0.60098367	0	0	0	0.77350859	0.56899602	0.0017425072	0.00032574185	1.3387073e-05	0.00015708032	-7.2384441e-08	-4.9418699e-06	1.6518674e-05	1.1459007e-05	5.3345418e-08	-0.00058082937	0.00023717335	0.0020032262	0.0020031045	-6.0798306e-05
0.226	1.226	0.1808	0	0	0.59513728	0	0	0	0.77029106	0.56203386	0.0017585621	0.00032906997	1.3579826e-05	0.00015683378	-7.5817563e-08	-5.0972789e-06	1.6678793e-05	1.1721479e-05	5.6683054e-08	-0.00058618099	0.00024119821	0.0020219487	0.0020218227	-6.233176e-05
0.228	1.228	0.1824	0	0	0.58927117	0	0	0	0.76705786	0.55506224	0.0017747008	0.0003324647	1.3774825e-05	0.00015658224	-7.9023633e-08	-5.250792e-06	1.6837752e-05	1.1982115e-05	6.0001331e-08	-0.00059156061	0.00024526064	0.0020408075	0.0020406776	-6.3672118e-05
0.23	1.23	0.184	0	0	0.58338646	0	0	0	0.76380924	0.54808304	0.0017909258	0.00033592771	1.3972062e-05	0.0001563257	-8.2005029e-08	-5.4024582e-06	1.699554e-05	1.2240805e-05	6.3298234e-08	-0.00059696902	0.00024936092	0.0020598065	0.002059673	-6.4818942e-05
0.232	1.232	0.1856	0	0	0.5774843	0	0	0	0.76054541	0.54109814	0.0018072392	0.00033946068	1.4171535e-05	0.00015606414	-8.476451e-08	-5.5523317e-06	1.7152147e-05	1.2497445e-05	6.6571914e-08	-0.00060240702	0.00025349934	0.0020789494	0.0020788127	-6.5772306e-05
0.234	1.234	0.1872	0	0	0.57156589	0	0	0	0.75726658	0.53410944	0.0018236437	0.00034306528	1.4373238e-05	0.00015579751	-8.7305163e-08	-5.7004709e-06	1.7307565e-05	1.2751926e-05	6.9820686e-08	-0.00060787539	0.00025767617	0.0020982398	0.0020981002	-6.6532739e-05
0.236	1.236	0.1888	0	0	0.56563245	0	0	0	0.75397297	0.52711887	0.0018401413	0.00034674319	1.4577169e-05	0.00015552575	-8.9630359e-08	-5.8469379e-06	1.7461785e-05	1.300414e-05	7.3043012e-08	-0.00061337491	0.00026189174	0.0021176815	0.0021175394	-6.7101176e-05
0.238	1.238	0.1904	0	0	0.55968524	0	0	0	0.75066478	0.52012837	0.0018567345	0.00035049609	1.4783321e-05	0.0001552488	-9.1743709e-08	-5.991798e-06	1.7614798e-05	1.3253979e-05	7.6237494e-08	-0.00061890634	0.00026614633	0.0021372781	0.0021371339	-6.7478913e-05
0.24	1.24	0.192	0	0	0.55372556	0	0	0	0.74734221	0.51313988	0.0018734256	0.00035432563	1.499169e-05	0.00015496657	-9.3649031e-08	-6.135119e-06	1.7766596e-05	1.3501327e-05	7.9402863e-08	-0.00062447046	0.00027044027	0.0021570333	0.0021568873	-6.7667568e-05
0.242	1.242	0.1936	0	0	0.54775474	0	0	0	0.74400547	0.50615539	0.0018902168	0.00035823349	1.5202271e-05	0.00015467897	-9.5350324e-08	-6.276971e-06	1.7917171e-05	1.374607e-05	8.2537975e-08	-0.00063006801	0.00027477388	0.0021769505	0.0021768032	-6.7669047e-05
0.244	1.244	0.1952	0	0	0.54177417	0	0	0	0.74065473	0.4991769	0.0019071104	0.00036222134	1.5415056e-05	0.00015438591	-9.6851745e-08	-6.4174259e-06	1.8066512e-05	1.3988084e-05	8.5641796e-08	-0.00063569974	0.00027914749	0.0021970335	0.0021968853	-6.7485514e-05
0.246	1.246	0.1968	0	0	0.53578528	0	0	0	0.73729021	0.49220644	0.0019241086	0.00036629084	1.5630035e-05	0.00015408727	-9.8157582e-08	-6.556557e-06	1.8214609e-05	1.4227245e-05	8.8713403e-08	-0.00064136639	0.00028356142	0.0022172858	0.002217137	-6.7119369e-05
0.248	1.248	0.1984	0	0	0.52978955	0	0	0	0.73391209	0.48524605	0.0019412136	0.00037044364	1.58472e-05	0.00015378295	-9.9272247e-08	-6.694439e-06	1.836145e-05	1.4463422e-05	9.1751974e-08	-0.00064706869	0.00028801603	0.002237711	0.002237562	-6.6573224e-05
0.25	1.25	0.2	0	0	0.52378848	0	0	0	0.73052056	0.47829782	0.0019584275	0.0003746814	1.6066537e-05	0.00015347284	-1.0020025e-07	-6.8311477e-06	1.8507023e-05	1.4696478e-05	9.4756781e-08	-0.00065280736	0.00029251167	0.0022583124	0.0022581637	-6.584989e-05
0.252	1.252	0.2016	0	0	0.51778365	0	0	0	0.72711583	0.47136384	0.0019757526	0.00037900574	1.628803e-05	0.00015315683	-1.0094621e-07	-6.9667593e-06	1.8651312e-05	1.4926271e-05	9.7727187e-08	-0.00065858311	0.00029704869	0.0022790936	0.0022789456	-6.4952359e-05
0.254	1.254	0.2032	0	0	0.51177668	0	0	0	0.72369808	0.46444624	0.0019931908	0.0003834183	1.6511663e-05	0.00015283479	-1.0151481e-07	-7.101351e-06	1.8794302e-05	1.5152654e-05	1.0066264e-07	-0.00066439665	0.00030162745	0.002300058	0.0022999111	-6.3883797e-05
0.256	1.256	0.2048	0	0	0.50576922	0	0	0	0.7202675	0.45754715	0.0020107443	0.00038792069	1.6737414e-05	0.00015250662	-1.0191081e-07	-7.2350001e-06	1.8935976e-05	1.5375474e-05	1.0356268e-07	-0.00067024865	0.00030624833	0.002321209	0.0023210636	-6.2647531e-05
0.258	1.258	0.2064	0	0	0.49976299	0	0	0	0.71682431	0.45066876	0.0020284151	0.00039251451	1.6965259e-05	0.0001521722	-1.0213906e-07	-7.367784e-06	1.9076313e-05	1.5594572e-05	1.0642691e-07	-0.00067613981	0.00031091171	0.0023425498	0.0023424064	-6.1247048e-05
0.26	1.26	0.208	0	0	0.49375974	0	0	0	0.71336868	0.44381325	0.0020462053	0.00039720132	1.719517e-05	0.00015183142	-1.0220445e-07	-7.4997804e-06	1.9215293e-05	1.5809784e-05	1.0925501e-07	-0.00068207077	0.00031561796	0.0023640839	0.0023639428	-5.9685985e-05
0.262	1.262	0.2096	0	0	0.48776128	0	0	0	0.70990083	0.43698282	0.0020641166	0.00040198268	1.7427115e-05	0.00015148418	-1.0211193e-07	-7.6310665e-06	1.9352892e-05	1.602094e-05	1.1204673e-07	-0.00068804218	0.00032036748	0.0023858142	0.0023856759	-5.7968127e-05
0.264	1.264	0.2112	0	0	0.48176945	0	0	0	0.70642096	0.4301797	0.0020821511	0.0004068601	1.7661059e-05	0.00015113037	-1.018665e-07	-7.7617192e-06	1.9489085e-05	1.6227866e-05	1.148019e-07	-0.00069405468	0.00032516066	0.0024077441	0.002407609	-5.6097403e-05
0.266	1.266	0.2128	0	0	0.47578615	0	0	0	0.70292926	0.42340611	0.0021003106	0.00041183508	1.7896962e-05	0.0001507699	-1.0147321e-07	-7.8918148e-06	1.9623845e-05	1.6430384e-05	1.175204e-07	-0.00070010888	0.00032999791	0.0024298765	0.0024297451	-5.4077888e-05
0.268	1.268	0.2144	0	0	0.46981331	0	0	0	0.69942594	0.41666431	0.0021185968	0.00041690908	1.8134777e-05	0.00015040268	-1.0093716e-07	-8.0214288e-06	1.9757141e-05	1.662831e-05	1.2020216e-07	-0.00070620537	0.00033487964	0.0024522143	0.002452087	-5.1913798e-05
0.27	1.27	0.216	0	0	0.4638529	0	0	0	0.6959112	0.40995655	0.0021370116	0.00042208349	1.8374455e-05	0.00015002863	-1.0026348e-07	-8.1506356e-06	1.9888942e-05	1.682146e-05	1.2284718e-07	-0.00071234472	0.00033980626	0.0024747606	0.0024746378	-4.9609489e-05
0.272	1.272	0.2176	0	0	0.45790693	0	0	0	0.69238526	0.40328507	0.0021555564	0.0004273597	1.861594e-05	0.00014964769	-9.9457337e-08	-8.2795085e-06	2.0019214e-05	1.7009642e-05	1.2545552e-07	-0.00071852748	0.00034477819	0.0024975179	0.0024974001	-4.7169456e-05
0.274	1.274	0.2192	0	0	0.45197745	0	0	0	0.68884831	0.39665213	0.002174233	0.00043273902	1.8859172e-05	0.00014925978	-9.8523926e-08	-8.4081191e-06	2.014792e-05	1.7192668e-05	1.2802725e-07	-0.00072475417	0.00034979586	0.0025204891	0.0025203767	-4.4598332e-05
0.276	1.276	0.2208	0	0	0.44606653	0	0	0	0.68530056	0.39005998	0.0021930428	0.00043822271	1.9104084e-05	0.00014886487	-9.7468475e-08	-8.5365376e-06	2.0275021e-05	1.7370344e-05	1.3056253e-07	-0.00073102531	0.0003548597	0.0025436766	0.00254357	-4.1900886e-05
0.278	1.278	0.2224	0	0	0.44017626	0	0	0	0.68174222	0.38351086	0.0022119873	0.000443812	1.9350602e-05	0.00014846291	-9.629623e-08	-8.6648319e-06	2.0400475e-05	1.7542478e-05	1.3306153e-07	-0.00073734136	0.00035997014	0.0025670829	0.0025669826	-3.9082018e-05
0.28	1.28	0.224	0	0	0.43430878	0	0	0	0.67817349	0.37700698	0.0022310678	0.00044950803	1.9598649e-05	0.00014805387	-9.5012462e-08	-8.793068e-06	2.052424e-05	1.7708878e-05	1.3552446e-07	-0.00074370277	0.00036512763	0.0025907102	0.0025906166	-3.6146756e-05
0.282	1.282	0.2256	0	0	0.42846622	0	0	0	0.67459459	0.37055056	0.0022502855	0.00045531187	1.9848139e-05	0.00014763776	-9.3622454e-08	-8.9213092e-06	2.0646268e-05	1.7869353e-05	1.3795156e-07	-0.00075010996	0.00037033261	0.0026145607	0.0026144742	-3.310025e-05
0.284	1.284	0.2272	0	0	0.42265075	0	0	0	0.6710057	0.36414376	0.0022696417	0.00046122455	2.009898e-05	0.00014721456	-9.2131503e-08	-9.0496161e-06	2.0766511e-05	1.8023715e-05	1.403431e-07	-0.00075656331	0.00037558553	0.0026386364	0.0026385574	-2.9947762e-05
0.286	1.286	0.2288	0	0	0.41686451	0	0	0	0.66740704	0.35778875	0.0022891374	0.00046724698	2.0351074e-05	0.0001467843	-9.0544915e-08	-9.1780465e-06	2.0884916e-05	1.8171781e-05	1.4269939e-07	-0.00076306318	0.00038088684	0.0026629391	0.002662868	-2.6694658e-05
0.288	1.288	0.2304	0	0	0.41110969	0	0	0	0.66379881	0.35148763	0.0023087735	0.00047338003	2.0604316e-05	0.00014634701	-8.8868e-08	-9.3066548e-06	2.1001431e-05	1.8313371e-05	1.4502073e-07	-0.00076960988	0.000386237	0.0026874705	0.0026874078	-2.334639e-05
0.29	1.29	0.232	0	0	0.40538844	0	0	0	0.66018119	0.34524247	0.0023285509	0.00047962445	2.0858593e-05	0.00014590273	-8.7106071e-08	-9.4354919e-06	2.1115999e-05	1.8448312e-05	1.4730748e-07	-0.0007762037	0.00039163647	0.0027122321	0.0027121781	-1.9908486e-05
0.292	1.292	0.2336	0	0	0.39970291	0	0	0	0.65655439	0.3390553	0.0023484704	0.00048598095	2.1113788e-05	0.00014545152	-8.5264443e-08	-9.5646051e-06	2.1228561e-05	1.8576437e-05	1.4956e-07	-0.0007828449	0.00039708571	0.0027372252	0.0027371803	-1.6386519e-05
0.294	1.294	0.2352	0	0	0.39405525	0	0	0	0.6529186	0.33292809	0.0023685326	0.00049245009	2.1369774e-05	0.00014499348	-8.3348425e-08	-9.6940377e-06	2.1339055e-05	1.869759e-05	1.5177869e-07	-0.00078953368	0.00040258519	0.002762451	0.0027624156	-1.2786089e-05
0.296	1.296	0.2368	0	0	0.38844757	0	0	0	0.64927399	0.32686274	0.0023887381	0.00049903237	2.1626417e-05	0.00014452868	-8.1363323e-08	-9.8238289e-06	2.1447417e-05	1.8811622e-05	1.5396396e-07	-0.00079627022	0.00040813538	0.0027879103	0.0027878849	-9.1127873e-06
0.298	1.298	0.2384	0	0	0.38288196	0	0	0	0.64562075	0.32086111	0.0024090872	0.00050572819	2.1883579e-05	0.00014405724	-7.931444e-08	-9.9540136e-06	2.155358e-05	1.8918397e-05	1.561163e-07	-0.00080305465	0.00041373673	0.0028136041	0.0028135889	-5.3721568e-06
0.3	1.3	0.24	0	0	0.37736046	0	0	0	0.64195906	0.31492496	0.0024295802	0.00051253784	2.2141112e-05	0.00014357927	-7.720707e-08	-1.0084622e-05	2.1657477e-05	1.9017789e-05	1.5823624e-07	-0.00080988708	0.00041938973	inf	inf	inf
