lambda	F11	F12	F13	F21	F22	F23	F31	F32	F33	J	P11	P12	P13	P21	P22	P23	P31	P32	P33	p	StrEn	t(1)	t(2)	d
0	1	0	0	0	1	0	0	0	1	1	0	0	0	0	0	0	0	0	0	-0	0	inf	inf	inf
-0.002	0.998	-0.0016	0	0	1.0005395	0	0	0	1.0006251	0.99916262	-8.357405e-06	-4.2342429e-06	3.183816e-08	-4.2436166e-06	-1.5891059e-10	3.8174047e-08	5.5845644e-11	6.9960353e-09	1.4328759e-09	2.785377e-06	1.2043335e-08	-1.174528e-05	-1.0868896e-05	-0.080632248
-0.004	0.996	-0.0032	0	0	1.0005827	0	0	0	1.0014063	0.99798194	-1.4449973e-05	-5.8861181e-06	-4.3585471e-08	-5.9574725e-06	-1.3546785e-08	1.9253179e-07	-2.0672987e-07	-2.1088398e-08	6.7143924e-09	4.818935e-06	4.3475586e-08	-1.9160944e-05	-1.8834266e-05	-0.017344862
-0.006	0.994	-0.0048	0	0	1.0006167	0	0	0	1.0020182	0.99662035	-1.88695e-05	-7.047534e-06	-9.9192842e-07	-7.1979149e-06	-2.371423e-08	3.0278471e-07	-1.2358827e-06	-7.3046475e-08	1.0019146e-08	6.2943983e-06	8.73804e-08	-2.4509968e-05	-2.4341682e-05	-0.0069135099
-0.008	0.992	-0.0064	0	0	1.0006573	0	0	0	1.0025575	0.99519075	-2.2352018e-05	-8.0453641e-06	-2.1342361e-06	-8.2672383e-06	-3.1207176e-08	3.7489472e-07	-2.4476668e-06	-1.0888724e-07	1.1770976e-08	7.4571515e-06	1.4084231e-07	-2.8790937e-05	-2.8669425e-05	-0.0042383746
-0.01	0.99	-0.008	0	0	1.0006708	0	0	0	1.0030542	0.99368972	-2.5242201e-05	-8.8073505e-06	-3.2891954e-06	-9.0854652e-06	-3.7547882e-08	4.4884955e-07	-3.6658199e-06	-1.2442569e-07	1.3793726e-08	8.421985e-06	2.020581e-07	-3.2291354e-05	-3.2197111e-05	-0.002927062
-0.012	0.988	-0.0096	0	0	1.0006548	0	0	0	1.0034998	0.99210701	-2.7695102e-05	-9.3152574e-06	-4.3967566e-06	-9.6407894e-06	-4.3462759e-08	5.4375414e-07	-4.8314532e-06	-1.0616999e-07	1.6302084e-08	9.2407543e-06	2.6963076e-07	-3.5151102e-05	-3.5070593e-05	-0.0022956259
-0.014	0.986	-0.0112	0	0	1.0006249	0	0	0	1.0038626	0.99042703	-2.9711731e-05	-9.5924318e-06	-5.3393852e-06	-9.9600485e-06	-4.9318335e-08	6.6916283e-07	-5.8254536e-06	-4.8031057e-08	1.9437706e-08	9.9138705e-06	3.4234047e-07	-3.7388768e-05	-3.7302939e-05	-0.0023008779
-0.016	0.984	-0.0128	0	0	1.0006271	0	0	0	1.0040657	0.98862019	-3.1119563e-05	-9.699403e-06	-5.8715568e-06	-1.0111073e-05	-5.5344435e-08	8.1924655e-07	-6.3971666e-06	4.5216358e-08	2.2995653e-08	1.0383971e-05	4.1884251e-07	-3.8880205e-05	-3.8843556e-05	-0.00094351347
-0.018	0.982	-0.0144	0	0	1.000658	0	0	0	1.0041371	0.98671145	-3.2043405e-05	-9.6915476e-06	-6.081388e-06	-1.0149413e-05	-6.1365059e-08	9.8517461e-07	-6.6359696e-06	1.629605e-07	2.6294001e-08	1.0692825e-05	4.9771469e-07	-3.9796314e-05	-3.9815145e-05	0.00047295953
-0.02	0.98	-0.016	0	0	1.0006866	0	0	0	1.0041545	0.98474703	-3.2734794e-05	-9.6134886e-06	-6.1883946e-06	-1.0115954e-05	-6.721542e-08	1.1588525e-06	-6.7659249e-06	2.9253064e-07	2.9227809e-08	1.092426e-05	5.7810309e-07	-4.0424917e-05	-4.0465036e-05	0.00099146153
-0.022	0.978	-0.0176	0	0	1.0007027	0	0	0	1.0041485	0.98274723	-3.3292522e-05	-9.5010987e-06	-6.2655535e-06	-1.0045908e-05	-7.2855872e-08	1.3324499e-06	-6.861868e-06	4.2385197e-07	3.1895123e-08	1.1111161e-05	6.5957484e-07	-4.0892909e-05	-4.0942521e-05	0.0012117377
-0.024	0.976	-0.0192	0	0	1.0007035	0	0	0	1.0041314	0.98072169	-3.3756797e-05	-9.3777486e-06	-6.3341127e-06	-9.9629252e-06	-7.8266667e-08	1.5007719e-06	-6.9461649e-06	5.5092211e-07	3.4344193e-08	1.1266907e-05	7.4187317e-07	-4.1258916e-05	-4.1313439e-05	0.0013197482
-0.026	0.974	-0.0208	0	0	1.0006895	0	0	0	1.0041091	0.97867658	-3.415079e-05	-9.2552573e-06	-6.4004469e-06	-9.879163e-06	-8.3425314e-08	1.6611398e-06	-7.0263367e-06	6.7102754e-07	3.656461e-08	1.1399217e-05	8.2482859e-07	-4.1555408e-05	-4.1612404e-05	0.0013696859
-0.028	0.972	-0.0224	0	0	1.0006629	0	0	0	1.004084	0.97661665	-3.4491792e-05	-9.1373573e-06	-6.4660274e-06	-9.798578e-06	-8.8313958e-08	1.8125764e-06	-7.104893e-06	7.8341834e-07	3.8524666e-08	1.151386e-05	9.0832279e-07	-4.1802573e-05	-4.186053e-05	0.0013845281
-0.03	0.97	-0.024	0	0	1.0006263	0	0	0	1.0040572	0.9745455	-3.4793198e-05	-9.0240761e-06	-6.530812e-06	-9.7213329e-06	-9.2929168e-08	1.9550632e-06	-7.182488e-06	8.8823383e-07	4.0205004e-08	1.1615307e-05	9.9227071e-07	-4.2013791e-05	-4.2071774e-05	0.0013781873
-0.032	0.968	-0.0256	0	0	1.0005818	0	0	0	1.0040292	0.97246572	-3.5064854e-05	-8.9145407e-06	-6.5944029e-06	-9.6466512e-06	-9.7281343e-08	2.0890444e-06	-7.259085e-06	9.8593864e-07	4.1605823e-08	1.1706843e-05	1.0766099e-06	-4.2198209e-05	-4.2255672e-05	0.0013598878
-0.034	0.966	-0.0272	0	0	1.000531	0	0	0	1.0040001	0.97037908	-3.5313736e-05	-8.80798e-06	-6.6563942e-06	-9.5738436e-06	-1.0138893e-07	2.2151458e-06	-7.334425e-06	1.0770923e-06	4.2740295e-08	1.1790795e-05	1.1612934e-06	-4.2362197e-05	-4.241884e-05	0.0013353344
-0.036	0.964	-0.0288	0	0	1.000475	0	0	0	1.00397	0.96828682	-3.5544761e-05	-8.7038865e-06	-6.7164608e-06	-9.5024761e-06	-1.0527343e-07	2.3340314e-06	-7.4082193e-06	1.1622576e-06	4.3627438e-08	1.1868802e-05	1.2462852e-06	-4.2510276e-05	-4.2565945e-05	0.0013078207
-0.038	0.962	-0.0304	0	0	1.0004144	0	0	0	1.0039393	0.96618978	-3.576144e-05	-8.6019553e-06	-6.7743723e-06	-9.4323109e-06	-1.0895647e-07	2.446336e-06	-7.4802238e-06	1.2419628e-06	4.4287812e-08	1.1942036e-05	1.3315572e-06	-4.2645724e-05	-4.2700345e-05	0.0012791736
-0.04	0.96	-0.032	0	0	1.0003498	0	0	0	1.0039078	0.9640886	-3.5966333e-05	-8.5020066e-06	-6.8299829e-06	-9.3632288e-06	-1.1245841e-07	2.5526389e-06	-7.5502594e-06	1.3166871e-06	4.4741414e-08	1.201135e-05	1.4170866e-06	-4.2770962e-05	-4.2824508e-05	0.0012503775
-0.042	0.958	-0.0336	0	0	1.0002816	0	0	0	1.0038757	0.9619837	-3.6161349e-05	-8.4039312e-06	-6.8832162e-06	-9.2951753e-06	-1.157978e-07	2.6534572e-06	-7.6182113e-06	1.3868581e-06	4.5006813e-08	1.207738e-05	1.5028552e-06	-4.2887816e-05	-4.2940286e-05	0.0012219425
-0.044	0.956	-0.0352	0	0	1.0002099	0	0	0	1.0038431	0.95987544	-3.6347944e-05	-8.3076577e-06	-6.9340494e-06	-9.2281283e-06	-1.1899125e-07	2.7492481e-06	-7.6840189e-06	1.4528549e-06	4.5100878e-08	1.2140612e-05	1.5888478e-06	-4.2997687e-05	-4.3049093e-05	0.0011941127
-0.046	0.954	-0.0368	0	0	1.0001351	0	0	0	1.00381	0.95776407	-3.6527252e-05	-8.2131344e-06	-6.9824995e-06	-9.1620805e-06	-1.2205353e-07	2.8404155e-06	-7.7476649e-06	1.515013e-06	4.5038778e-08	1.2201422e-05	1.6750516e-06	-4.3101671e-05	-4.3152028e-05	0.0011669839
-0.048	0.952	-0.0384	0	0	1.0000572	0	0	0	1.0037764	0.95564978	-3.6700171e-05	-8.1203191e-06	-7.0286122e-06	-9.0970297e-06	-1.2499772e-07	2.9273168e-06	-7.8091651e-06	1.5736304e-06	4.4834098e-08	1.2260112e-05	1.7614559e-06	-4.3200633e-05	-4.3249963e-05	0.0011405706
-0.05	0.95	-0.04	0	0	0.99997627	0	0	0	1.0037425	0.95353275	-3.6867429e-05	-8.0291736e-06	-7.0724533e-06	-9.0329739e-06	-1.2783539e-07	3.0102696e-06	-7.8685592e-06	1.6289726e-06	4.4499001e-08	1.2316922e-05	1.8480514e-06	-4.329527e-05	-4.3343592e-05	0.0011148435
-0.052	0.948	-0.0416	0	0	0.99989251	0	0	0	1.0037082	0.9514131	-3.7029619e-05	-7.9396611e-06	-7.1141021e-06	-8.9699095e-06	-1.305768e-07	3.0895576e-06	-7.9259043e-06	1.6812777e-06	4.404438e-08	1.2372051e-05	1.9348303e-06	-4.338615e-05	-4.3433481e-05	0.0010897519
-0.054	0.946	-0.0432	0	0	0.99980594	0	0	0	1.0036736	0.94929095	-3.7187237e-05	-7.851745e-06	-7.1536462e-06	-8.9078294e-06	-1.3323102e-07	3.1654354e-06	-7.9812691e-06	1.7307601e-06	4.3480013e-08	1.2425663e-05	2.0217854e-06	-4.3473737e-05	-4.3520096e-05	0.0010652356
-0.056	0.944	-0.0448	0	0	0.9997166	0	0	0	1.0036386	0.94716638	-3.7340701e-05	-7.7653878e-06	-7.1911779e-06	-8.8467239e-06	-1.3580615e-07	3.2381332e-06	-8.0347299e-06	1.7776139e-06	4.2814701e-08	1.2477897e-05	2.1089106e-06	-4.3558419e-05	-4.360382e-05	0.0010412323
-0.058	0.942	-0.0464	0	0	0.99962454	0	0	0	1.0036034	0.94503947	-3.7490364e-05	-7.6805518e-06	-7.2267916e-06	-8.7865799e-06	-1.3830938e-07	3.3078595e-06	-8.0863674e-06	1.8220157e-06	4.2056379e-08	1.2528872e-05	2.1962006e-06	-4.3640521e-05	-4.3684978e-05	0.0010176812
-0.06	0.94	-0.048	0	0	0.99952979	0	0	0	1.003568	0.9429103	-3.7636532e-05	-7.5971984e-06	-7.2605817e-06	-8.7273818e-06	-1.4074712e-07	3.3748044e-06	-8.1362644e-06	1.8641267e-06	4.1212229e-08	1.2578689e-05	2.2836505e-06	-4.3720318e-05	-4.3763843e-05	0.00099452516
-0.062	0.938	-0.0496	0	0	0.99943238	0	0	0	1.0035322	0.94077893	-3.777947e-05	-7.5152887e-06	-7.292641e-06	-8.669112e-06	-1.4312512e-07	3.4391417e-06	-8.1845039e-06	1.9040949e-06	4.028876e-08	1.2627436e-05	2.371256e-06	-4.3798045e-05	-4.3840645e-05	0.00097171137
-0.064	0.936	-0.0512	0	0	0.99933233	0	0	0	1.0034963	0.9386454	-3.7919412e-05	-7.4347837e-06	-7.3230604e-06	-8.6117506e-06	-1.4544856e-07	3.501031e-06	-8.2311681e-06	1.942056e-06	3.9291894e-08	1.267519e-05	2.4590131e-06	-4.3873902e-05	-4.3915586e-05	0.00094919187
-0.066	0.934	-0.0528	0	0	0.99922966	0	0	0	1.0034601	0.93650978	-3.8056561e-05	-7.3556444e-06	-7.3519272e-06	-8.5552768e-06	-1.4772205e-07	3.5606189e-06	-8.2763375e-06	1.9781355e-06	3.8227024e-08	1.2722019e-05	2.5469184e-06	-4.3948063e-05	-4.3988837e-05	0.00092692333
-0.068	0.932	-0.0544	0	0	0.99912439	0	0	0	1.0034238	0.93437209	-3.81911e-05	-7.277832e-06	-7.3793256e-06	-8.4996682e-06	-1.4994978e-07	3.6180411e-06	-8.3200899e-06	2.0124491e-06	3.7099079e-08	1.2767984e-05	2.6349685e-06	-4.402068e-05	-4.4060549e-05	0.00090486683
-0.07	0.93	-0.056	0	0	0.99901653	0	0	0	1.0033872	0.9322324	-3.8323192e-05	-7.2013081e-06	-7.405336e-06	-8.4449019e-06	-1.5213553e-07	3.6734227e-06	-8.3625006e-06	2.0451041e-06	3.591257e-08	1.2813138e-05	2.7231606e-06	-4.4091884e-05	-4.4130851e-05	0.00088298749
-0.072	0.928	-0.0576	0	0	0.99890609	0	0	0	1.0033505	0.93009072	-3.8452982e-05	-7.1260351e-06	-7.4300348e-06	-8.3909545e-06	-1.542827e-07	3.7268799e-06	-8.4036414e-06	2.0761999e-06	3.4671635e-08	1.2857531e-05	2.8114919e-06	-4.4161791e-05	-4.4199858e-05	0.00086125414
-0.074	0.926	-0.0592	0	0	0.99879308	0	0	0	1.0033136	0.9279471	-3.8580602e-05	-7.0519758e-06	-7.4534947e-06	-8.337802e-06	-1.5639439e-07	3.7785203e-06	-8.4435811e-06	2.105829e-06	3.3380077e-08	1.2901206e-05	2.89996e-06	-4.4230504e-05	-4.4267672e-05	0.00083963887
-0.076	0.924	-0.0608	0	0	0.9986775	0	0	0	1.0032766	0.92580158	-3.8706173e-05	-6.979094e-06	-7.4757843e-06	-8.2854206e-06	-1.5847343e-07	3.8284441e-06	-8.4823851e-06	2.1340773e-06	3.2041397e-08	1.2944202e-05	2.9885626e-06	-4.4298113e-05	-4.4334383e-05	0.00081811675
-0.078	0.922	-0.0624	0	0	0.99855938	0	0	0	1.0032394	0.92365418	-3.8829803e-05	-6.9073543e-06	-7.4969686e-06	-8.2337864e-06	-1.6052236e-07	3.8767447e-06	-8.5201155e-06	2.1610248e-06	3.0658824e-08	1.2986555e-05	3.0772975e-06	-4.4364699e-05	-4.4400071e-05	0.00079666542
-0.08	0.92	-0.064	0	0	0.9984387	0	0	0	1.0032021	0.92150493	-3.8951591e-05	-6.8367222e-06	-7.517109e-06	-8.1828755e-06	-1.6254353e-07	3.9235089e-06	-8.556831e-06	2.1867461e-06	2.9235338e-08	1.30283e-05	3.1661629e-06	-4.4430333e-05	-4.4464805e-05	0.00077526484
-0.082	0.918	-0.0656	0	0	0.99831549	0	0	0	1.0031646	0.91935386	-3.907163e-05	-6.7671642e-06	-7.536263e-06	-8.1326646e-06	-1.6453906e-07	3.9688178e-06	-8.5925874e-06	2.2113109e-06	2.7773698e-08	1.3069465e-05	3.2551567e-06	-4.4495082e-05	-4.4528652e-05	0.000753897
-0.084	0.916	-0.0672	0	0	0.99818973	0	0	0	1.0031271	0.91720101	-3.9190003e-05	-6.6986479e-06	-7.5544852e-06	-8.0831304e-06	-1.6651091e-07	4.0127474e-06	-8.6274372e-06	2.234784e-06	2.6276458e-08	1.3110079e-05	3.3442775e-06	-4.4559002e-05	-4.4591667e-05	0.00073254568
-0.086	0.914	-0.0688	0	0	0.99806144	0	0	0	1.0030894	0.91504638	-3.9306787e-05	-6.6311418e-06	-7.5718267e-06	-8.0342504e-06	-1.6846086e-07	4.0553683e-06	-8.6614298e-06	2.2572264e-06	2.4745987e-08	1.3150167e-05	3.4335234e-06	-4.4622146e-05	-4.4653903e-05	0.00071119627
-0.088	0.912	-0.0704	0	0	0.99793062	0	0	0	1.0030516	0.91289002	-3.9422055e-05	-6.5646154e-06	-7.5883356e-06	-7.9860022e-06	-1.7039056e-07	4.0967471e-06	-8.6946121e-06	2.2786949e-06	2.3184482e-08	1.3189754e-05	3.5228931e-06	-4.4684561e-05	-4.4715407e-05	0.00068983552
-0.09	0.91	-0.072	0	0	0.99779728	0	0	0	1.0030137	0.91073193	-3.9535872e-05	-6.4990393e-06	-7.6040571e-06	-7.9383642e-06	-1.7230152e-07	4.1369459e-06	-8.7270281e-06	2.2992427e-06	2.1593989e-08	1.322886e-05	3.612385e-06	-4.474629e-05	-4.4776221e-05	0.00066845145
-0.092	0.908	-0.0736	0	0	0.99766141	0	0	0	1.0029757	0.90857216	-3.9648301e-05	-6.4343851e-06	-7.6190337e-06	-7.891315e-06	-1.7419512e-07	4.1760231e-06	-8.7587193e-06	2.3189197e-06	1.9976408e-08	1.3267507e-05	3.701998e-06	-4.4807373e-05	-4.4836384e-05	0.00064703314
-0.094	0.906	-0.0752	0	0	0.99752301	0	0	0	1.0029376	0.90641071	-3.9759399e-05	-6.3706253e-06	-7.6333054e-06	-7.8448341e-06	-1.7607264e-07	4.2140333e-06	-8.7897247e-06	2.3377727e-06	1.833351e-08	1.3305713e-05	3.7917306e-06	-4.4867844e-05	-4.489593e-05	0.00062557068
-0.096	0.904	-0.0768	0	0	0.99738209	0	0	0	1.0028994	0.90424761	-3.986922e-05	-6.3077336e-06	-7.6469097e-06	-7.7989013e-06	-1.7793527e-07	4.2510281e-06	-8.8200811e-06	2.3558455e-06	1.6666946e-08	1.3343496e-05	3.8815817e-06	-4.4927738e-05	-4.4954893e-05	0.00060405498
-0.098	0.902	-0.0784	0	0	0.99723866	0	0	0	1.0028611	0.90208288	-3.9977814e-05	-6.2456844e-06	-7.6598819e-06	-7.7534971e-06	-1.797841e-07	4.2870559e-06	-8.8498231e-06	2.3731793e-06	1.4978253e-08	1.3380873e-05	3.9715501e-06	-4.4987082e-05	-4.5013301e-05	0.00058247774
-0.1	0.9	-0.08	0	0	0.9970927	0	0	0	1.0028228	0.89991655	-4.0085229e-05	-6.184453e-06	-7.6722552e-06	-7.7086026e-06	-1.8162013e-07	4.322162e-06	-8.8789832e-06	2.3898129e-06	1.326887e-08	1.341786e-05	4.0616349e-06	-4.5045905e-05	-4.5071182e-05	0.00056083133
-0.102	0.898	-0.0816	0	0	0.99694423	0	0	0	1.0027843	0.89774862	-4.0191507e-05	-6.1240159e-06	-7.6840607e-06	-7.6641992e-06	-1.8344432e-07	4.3563895e-06	-8.9075922e-06	2.4057827e-06	1.1540137e-08	1.345447e-05	4.1518349e-06	-4.5104231e-05	-4.5128561e-05	0.00053910875
-0.104	0.896	-0.0832	0	0	0.99679324	0	0	0	1.0027458	0.89557913	-4.0296691e-05	-6.0643503e-06	-7.6953276e-06	-7.6202692e-06	-1.8525751e-07	4.3897786e-06	-8.9356788e-06	2.4211229e-06	9.7933086e-09	1.3490718e-05	4.2421491e-06	-4.5162085e-05	-4.518546e-05	0.00051730352
-0.106	0.894	-0.0848	0	0	0.99663974	0	0	0	1.0027073	0.89340808	-4.040082e-05	-6.005434e-06	-7.7060837e-06	-7.5767953e-06	-1.8706052e-07	4.4223676e-06	-8.9632703e-06	2.4358658e-06	8.0295576e-09	1.3526617e-05	4.3325767e-06	-4.5219487e-05	-4.5241901e-05	0.00049540968
-0.108	0.892	-0.0864	0	0	0.99648372	0	0	0	1.0026686	0.89123551	-4.050393e-05	-5.947246e-06	-7.7163546e-06	-7.5337605e-06	-1.8885411e-07	4.4541925e-06	-8.9903921e-06	2.4500417e-06	6.2499805e-09	1.3562178e-05	4.4231167e-06	-4.5276458e-05	-4.5297903e-05	0.00047342169
-0.11	0.89	-0.088	0	0	0.99632518	0	0	0	1.0026299	0.88906142	-4.0606057e-05	-5.8897658e-06	-7.7261649e-06	-7.4911488e-06	-1.9063895e-07	4.4852871e-06	-9.0170684e-06	2.4636793e-06	4.4556037e-09	1.3597413e-05	4.5137683e-06	-4.5333015e-05	-4.5353484e-05	0.00045133441
-0.112	0.888	-0.0896	0	0	0.99616412	0	0	0	1.0025911	0.88688584	-4.0707232e-05	-5.8329738e-06	-7.7355375e-06	-7.4489443e-06	-1.9241572e-07	4.5156836e-06	-9.0433218e-06	2.4768056e-06	2.6473878e-09	1.3632333e-05	4.6045307e-06	-4.5389175e-05	-4.5408662e-05	0.0004291431
-0.114	0.886	-0.0912	0	0	0.99600055	0	0	0	1.0025523	0.88470878	-4.0807487e-05	-5.7768511e-06	-7.7444939e-06	-7.4071317e-06	-1.94185e-07	4.5454124e-06	-9.0691737e-06	2.4894461e-06	8.2623212e-10	1.3666949e-05	4.695403e-06	-4.5444956e-05	-4.5463452e-05	0.00040684329
-0.116	0.884	-0.0928	0	0	0.99583447	0	0	0	1.0025134	0.88253025	-4.0906852e-05	-5.7213793e-06	-7.7530546e-06	-7.3656962e-06	-1.9594737e-07	4.5745024e-06	-9.0946443e-06	2.5016249e-06	-1.007021e-09	1.3701269e-05	4.7863845e-06	-4.550037e-05	-4.5517869e-05	0.00038443087
-0.118	0.882	-0.0944	0	0	0.99566586	0	0	0	1.0024744	0.88035029	-4.1005353e-05	-5.666541e-06	-7.7612386e-06	-7.3246236e-06	-1.9770335e-07	4.6029807e-06	-9.1197525e-06	2.5133648e-06	-2.8515827e-09	1.3735303e-05	4.8774744e-06	-4.5555433e-05	-4.5571925e-05	0.00036190196
-0.12	0.88	-0.096	0	0	0.99549474	0	0	0	1.0024354	0.8781689	-4.1103018e-05	-5.6123191e-06	-7.7690641e-06	-7.2838998e-06	-1.9945343e-07	4.6308732e-06	-9.1445161e-06	2.5246873e-06	-4.7067143e-09	1.376906e-05	4.9686722e-06	-4.5610157e-05	-4.5625635e-05	0.00033925295
-0.122	0.878	-0.0976	0	0	0.9953211	0	0	0	1.0023964	0.8759861	-4.1199872e-05	-5.5586974e-06	-7.776548e-06	-7.2435114e-06	-2.0119807e-07	4.6582043e-06	-9.1689521e-06	2.5356128e-06	-6.5717239e-09	1.3802547e-05	5.059977e-06	-4.5664553e-05	-4.567901e-05	0.00031648048
-0.124	0.876	-0.0992	0	0	0.99514494	0	0	0	1.0023573	0.87380191	-4.1295939e-05	-5.5056601e-06	-7.7837064e-06	-7.2034454e-06	-2.0293769e-07	4.6849975e-06	-9.1930764e-06	2.5461605e-06	-8.4459638e-09	1.3835774e-05	5.1513882e-06	-4.5718635e-05	-4.5732061e-05	0.00029358137
-0.126	0.874	-0.1008	0	0	0.99496627	0	0	0	1.0023181	0.87161634	-4.1391241e-05	-5.4531918e-06	-7.7905544e-06	-7.1636891e-06	-2.0467271e-07	4.7112747e-06	-9.2169039e-06	2.5563488e-06	-1.0328827e-08	1.3868748e-05	5.2429052e-06	-4.5772411e-05	-4.5784799e-05	0.00027055265
-0.128	0.872	-0.1024	0	0	0.99478507	0	0	0	1.0022789	0.86942941	-4.1485801e-05	-5.4012781e-06	-7.7971065e-06	-7.1242303e-06	-2.0640349e-07	4.7370569e-06	-9.2404489e-06	2.5661949e-06	-1.2219746e-08	1.3901475e-05	5.3345274e-06	-4.5825893e-05	-4.5837233e-05	0.00024739155
-0.13	0.87	-0.104	0	0	0.99460135	0	0	0	1.0022396	0.86724114	-4.1579638e-05	-5.3499047e-06	-7.803376e-06	-7.0850569e-06	-2.0813038e-07	4.7623641e-06	-9.2637247e-06	2.5757152e-06	-1.411819e-08	1.3933962e-05	5.4262542e-06	-4.5879089e-05	-4.5889373e-05	0.00022409543
-0.132	0.868	-0.1056	0	0	0.99441511	0	0	0	1.0022003	0.86505154	-4.1672773e-05	-5.299058e-06	-7.8093756e-06	-7.0461574e-06	-2.0985371e-07	4.7872154e-06	-9.286744e-06	2.5849255e-06	-1.6023662e-08	1.3966217e-05	5.5180849e-06	-4.5932009e-05	-4.5941228e-05	0.00020066186
-0.134	0.866	-0.1072	0	0	0.99422634	0	0	0	1.002161	0.86286062	-4.1765226e-05	-5.2487248e-06	-7.8151176e-06	-7.0075207e-06	-2.1157379e-07	4.8116287e-06	-9.3095187e-06	2.5938403e-06	-1.7935697e-08	1.3998245e-05	5.6100191e-06	-4.5984661e-05	-4.5992806e-05	0.0001770885
-0.136	0.864	-0.1088	0	0	0.99403505	0	0	0	1.0021216	0.86066841	-4.1857013e-05	-5.1988923e-06	-7.8206132e-06	-6.9691357e-06	-2.132909e-07	4.8356213e-06	-9.3320601e-06	2.6024739e-06	-1.9853861e-08	1.4030053e-05	5.7020561e-06	-4.6037053e-05	-4.6044115e-05	0.00015337318
-0.138	0.862	-0.1104	0	0	0.99384123	0	0	0	1.0020822	0.85847491	-4.1948152e-05	-5.1495482e-06	-7.8258732e-06	-6.9309921e-06	-2.1500531e-07	4.8592097e-06	-9.3543788e-06	2.6108395e-06	-2.1777749e-08	1.4061645e-05	5.7941955e-06	-4.6089192e-05	-4.6095162e-05	0.00012951384
-0.14	0.86	-0.112	0	0	0.99364489	0	0	0	1.0020427	0.85628015	-4.2038661e-05	-5.1006806e-06	-7.8309078e-06	-6.8930794e-06	-2.1671726e-07	4.8824094e-06	-9.3764849e-06	2.6189497e-06	-2.3706983e-08	1.4093028e-05	5.8864368e-06	-4.6141086e-05	-4.6145955e-05	0.00010550856
-0.142	0.858	-0.1136	0	0	0.99344602	0	0	0	1.0020032	0.85408413	-4.2128555e-05	-5.052278e-06	-7.8357266e-06	-6.8553877e-06	-2.18427e-07	4.9052354e-06	-9.398388e-06	2.6268168e-06	-2.5641211e-08	1.4124208e-05	5.9787794e-06	-4.6192742e-05	-4.6196501e-05	8.1355505e-05
-0.144	0.856	-0.1152	0	0	0.99324461	0	0	0	1.0019636	0.85188688	-4.221785e-05	-5.0043293e-06	-7.8403389e-06	-6.8179073e-06	-2.2013472e-07	4.9277018e-06	-9.4200971e-06	2.6344522e-06	-2.7580104e-08	1.4155188e-05	6.0712228e-06	-4.6244166e-05	-4.6246805e-05	5.7052944e-05
-0.146	0.854	-0.1168	0	0	0.99304068	0	0	0	1.001924	0.84968841	-4.230656e-05	-4.9568237e-06	-7.8447531e-06	-6.7806287e-06	-2.2184065e-07	4.9498224e-06	-9.4416207e-06	2.6418667e-06	-2.9523357e-08	1.4185975e-05	6.1637666e-06	-4.6295365e-05	-4.6296874e-05	3.2599247e-05
-0.148	0.852	-0.1184	0	0	0.99283421	0	0	0	1.0018844	0.84748873	-4.23947e-05	-4.9097508e-06	-7.8489776e-06	-6.7435429e-06	-2.2354495e-07	4.9716101e-06	-9.462967e-06	2.6490708e-06	-3.1470686e-08	1.4216572e-05	6.2564103e-06	-4.6346344e-05	-4.6346714e-05	7.9928651e-06
-0.15	0.85	-0.12	0	0	0.99262521	0	0	0	1.0018447	0.84528786	-4.2482284e-05	-4.8631006e-06	-7.8530201e-06	-6.706641e-06	-2.2524781e-07	4.9930773e-06	-9.4841436e-06	2.6560745e-06	-3.3421829e-08	1.4246984e-05	6.3491534e-06	-4.6397109e-05	-4.6396331e-05	-1.6767668e-05
-0.152	0.848	-0.1216	0	0	0.99241368	0	0	0	1.001805	0.84308581	-4.2569324e-05	-4.8168633e-06	-7.856888e-06	-6.6699141e-06	-2.2694939e-07	5.0142358e-06	-9.5051578e-06	2.6628871e-06	-3.537654e-08	1.4277217e-05	6.4419956e-06	-4.6447666e-05	-4.644573e-05	-4.1683749e-05
-0.154	0.846	-0.1232	0	0	0.9921996	0	0	0	1.0017652	0.8408826	-4.2655834e-05	-4.7710294e-06	-7.8605883e-06	-6.633354e-06	-2.2864984e-07	5.035097e-06	-9.5260165e-06	2.6695176e-06	-3.7334594e-08	1.4307273e-05	6.5349363e-06	-4.6498019e-05	-4.6494916e-05	-6.6756704e-05
-0.156	0.844	-0.1248	0	0	0.99198299	0	0	0	1.0017254	0.83867824	-4.2741827e-05	-4.7255899e-06	-7.8641276e-06	-6.5969525e-06	-2.3034928e-07	5.0556717e-06	-9.5467263e-06	2.6759747e-06	-3.9295782e-08	1.4337157e-05	6.6279753e-06	-4.6548175e-05	-4.6543894e-05	-9.1987804e-05
-0.158	0.842	-0.1264	0	0	0.99176384	0	0	0	1.0016856	0.83647275	-4.2827313e-05	-4.6805359e-06	-7.8675122e-06	-6.5607015e-06	-2.3204785e-07	5.0759704e-06	-9.5672933e-06	2.6822666e-06	-4.1259913e-08	1.4366874e-05	6.7211119e-06	-4.6598138e-05	-4.6592669e-05	-0.00011737826
-0.16	0.84	-0.128	0	0	0.99154214	0	0	0	1.0016458	0.83426614	-4.2912305e-05	-4.6358588e-06	-7.8707482e-06	-6.5245934e-06	-2.3374566e-07	5.0960028e-06	-9.5877235e-06	2.688401e-06	-4.3226808e-08	1.4396426e-05	6.8143459e-06	-4.6647912e-05	-4.6641246e-05	-0.00014292924
-0.162	0.838	-0.1296	0	0	0.99131791	0	0	0	1.0016059	0.83205843	-4.2996813e-05	-4.5915503e-06	-7.8738413e-06	-6.4886206e-06	-2.3544282e-07	5.1157786e-06	-9.6080225e-06	2.6943855e-06	-4.5196305e-08	1.4425818e-05	6.9076769e-06	-4.6697503e-05	-4.6689629e-05	-0.00016864187
-0.164	0.836	-0.1312	0	0	0.99109112	0	0	0	1.0015659	0.82984963	-4.308085e-05	-4.5476023e-06	-7.876797e-06	-6.4527757e-06	-2.3713942e-07	5.1353069e-06	-9.6281957e-06	2.7002272e-06	-4.7168255e-08	1.4455053e-05	7.0011045e-06	-4.6746914e-05	-4.6737823e-05	-0.00019451724
-0.166	0.834	-0.1328	0	0	0.9908618	0	0	0	1.001526	0.82763976	-4.3164424e-05	-4.5040071e-06	-7.8796204e-06	-6.4170517e-06	-2.3883555e-07	5.1545964e-06	-9.6482483e-06	2.7059329e-06	-4.9142522e-08	1.4484134e-05	7.0946282e-06	-4.6796151e-05	-4.6785832e-05	-0.00022055639
-0.168	0.832	-0.1344	0	0	0.99062992	0	0	0	1.001486	0.82542883	-4.3247547e-05	-4.4607572e-06	-7.8823165e-06	-6.3814416e-06	-2.4053128e-07	5.1736554e-06	-9.6681849e-06	2.7115091e-06	-5.111898e-08	1.4513066e-05	7.1882478e-06	-4.6845216e-05	-4.683366e-05	-0.00024676036
-0.17	0.83	-0.136	0	0	0.99039549	0	0	0	1.0014459	0.82321685	-4.3330229e-05	-4.4178451e-06	-7.88489e-06	-6.3459386e-06	-2.4222668e-07	5.192492e-06	-9.6880104e-06	2.716962e-06	-5.3097518e-08	1.4541851e-05	7.2819628e-06	-4.6894115e-05	-4.688131e-05	-0.00027313015
-0.172	0.828	-0.1376	0	0	0.99015851	0	0	0	1.0014059	0.82100384	-4.3412478e-05	-4.3752638e-06	-7.8873454e-06	-6.3105362e-06	-2.4392181e-07	5.2111138e-06	-9.7077292e-06	2.7222978e-06	-5.5078032e-08	1.4570493e-05	7.375773e-06	-4.6942851e-05	-4.6928788e-05	-0.00029966675
-0.174	0.826	-0.1392	0	0	0.98991898	0	0	0	1.0013658	0.81878982	-4.3494305e-05	-4.3330063e-06	-7.8896871e-06	-6.2752281e-06	-2.4561673e-07	5.2295284e-06	-9.7273455e-06	2.727522e-06	-5.706043e-08	1.4598994e-05	7.469678e-06	-4.6991428e-05	-4.6976096e-05	-0.00032637115
-0.176	0.824	-0.1408	0	0	0.98967689	0	0	0	1.0013256	0.8165748	-4.3575718e-05	-4.2910661e-06	-7.8919193e-06	-6.2400079e-06	-2.4731148e-07	5.2477426e-06	-9.7468634e-06	2.7326402e-06	-5.9044627e-08	1.4627358e-05	7.5636774e-06	-4.703985e-05	-4.7023239e-05	-0.00035324432
-0.178	0.822	-0.1424	0	0	0.98943225	0	0	0	1.0012855	0.81435879	-4.3656726e-05	-4.2494366e-06	-7.8940459e-06	-6.2048697e-06	-2.490061e-07	5.2657634e-06	-9.7662868e-06	2.7376576e-06	-6.103055e-08	1.4655588e-05	7.6577709e-06	-4.708812e-05	-4.707022e-05	-0.00038028722
-0.18	0.82	-0.144	0	0	0.98918505	0	0	0	1.0012453	0.81214181	-4.3737338e-05	-4.2081115e-06	-7.8960708e-06	-6.1698076e-06	-2.5070061e-07	5.2835973e-06	-9.7856197e-06	2.7425793e-06	-6.3018131e-08	1.4683686e-05	7.7519583e-06	-4.7136242e-05	-4.7117042e-05	-0.00040750083
-0.182	0.818	-0.1456	0	0	0.98893528	0	0	0	1.001205	0.80992387	-4.3817563e-05	-4.1670848e-06	-7.8979975e-06	-6.1348159e-06	-2.5239505e-07	5.3012505e-06	-9.8048654e-06	2.7474102e-06	-6.500731e-08	1.4711655e-05	7.8462391e-06	-4.7184219e-05	-4.7163709e-05	-0.00043488613
-0.184	0.816	-0.1472	0	0	0.98868296	0	0	0	1.0011648	0.80770499	-4.3897407e-05	-4.1263505e-06	-7.8998298e-06	-6.0998891e-06	-2.5408943e-07	5.3187292e-06	-9.8240277e-06	2.7521549e-06	-6.6998034e-08	1.4739498e-05	7.9406131e-06	-4.7232056e-05	-4.7210224e-05	-0.00046244411
-0.186	0.814	-0.1488	0	0	0.98842807	0	0	0	1.0011245	0.80548519	-4.397688e-05	-4.0859028e-06	-7.901571e-06	-6.0650219e-06	-2.5578376e-07	5.3360391e-06	-9.8431099e-06	2.7568179e-06	-6.8990255e-08	1.4767218e-05	8.03508e-06	-4.7279754e-05	-4.725659e-05	-0.00049017576
-0.188	0.812	-0.1504	0	0	0.98817062	0	0	0	1.0010842	0.80326447	-4.4055988e-05	-4.0457363e-06	-7.9032245e-06	-6.0302089e-06	-2.5747805e-07	5.3531858e-06	-9.8621153e-06	2.7614035e-06	-7.0983934e-08	1.4794817e-05	8.1296395e-06	-4.7327318e-05	-4.7302812e-05	-0.00051808211
-0.19	0.81	-0.152	0	0	0.9879106	0	0	0	1.0010438	0.80104286	-4.413474e-05	-4.0058454e-06	-7.9047934e-06	-5.9954451e-06	-2.5917231e-07	5.3701747e-06	-9.8810472e-06	2.765916e-06	-7.2979032e-08	1.4822297e-05	8.2242913e-06	-4.7374751e-05	-4.7348891e-05	-0.00054616419
-0.192	0.808	-0.1536	0	0	0.98764802	0	0	0	1.0010034	0.79882036	-4.4213143e-05	-3.9662249e-06	-7.9062809e-06	-5.9607257e-06	-2.6086652e-07	5.387011e-06	-9.8999086e-06	2.7703594e-06	-7.4975519e-08	1.4849662e-05	8.319035e-06	-4.7422055e-05	-4.739483e-05	-0.00057442306
-0.194	0.806	-0.1552	0	0	0.98738286	0	0	0	1.000963	0.79659699	-4.4291204e-05	-3.9268698e-06	-7.90769e-06	-5.9260459e-06	-2.6256069e-07	5.4036998e-06	-9.9187026e-06	2.7747376e-06	-7.6973366e-08	1.4876913e-05	8.4138706e-06	-4.7469234e-05	-4.7440634e-05	-0.00060285979
-0.196	0.804	-0.1568	0	0	0.98711513	0	0	0	1.0009226	0.79437277	-4.4368929e-05	-3.8877751e-06	-7.9090237e-06	-5.891401e-06	-2.6425479e-07	5.4202457e-06	-9.9374322e-06	2.7790544e-06	-7.8972549e-08	1.4904052e-05	8.5087976e-06	-4.7516291e-05	-4.7486304e-05	-0.00063147551
-0.198	0.802	-0.1584	0	0	0.98684483	0	0	0	1.0008821	0.79214772	-4.4446326e-05	-3.8489359e-06	-7.9102849e-06	-5.8567867e-06	-2.6594882e-07	5.4366536e-06	-9.9561003e-06	2.7833134e-06	-8.0973047e-08	1.4931083e-05	8.6038158e-06	-4.7563228e-05	-4.7531844e-05	-0.00066027134
-0.2	0.8	-0.16	0	0	0.98657195	0	0	0	1.0008416	0.78992184	-4.45234e-05	-3.8103477e-06	-7.9114765e-06	-5.8221985e-06	-2.6764275e-07	5.452928e-06	-9.9747099e-06	2.7875183e-06	-8.297484e-08	1.4958006e-05	8.698925e-06	-4.7610048e-05	-4.7577255e-05	-0.00068924845
-0.202	0.798	-0.1616	0	0	0.9862965	0	0	0	1.0008011	0.78769515	-4.4600159e-05	-3.7720058e-06	-7.9126011e-06	-5.7876323e-06	-2.6933655e-07	5.4690731e-06	-9.9932638e-06	2.7916726e-06	-8.4977912e-08	1.4984825e-05	8.7941248e-06	-4.7656754e-05	-4.7622542e-05	-0.00071840802
-0.204	0.796	-0.1632	0	0	0.98601846	0	0	0	1.0007606	0.78546767	-4.4676609e-05	-3.7339058e-06	-7.9136617e-06	-5.7530842e-06	-2.7103021e-07	5.4850933e-06	-1.0011765e-05	2.7957796e-06	-8.6982248e-08	1.501154e-05	8.8894151e-06	-4.7703349e-05	-4.7667706e-05	-0.00074775127
-0.206	0.794	-0.1648	0	0	0.98573785	0	0	0	1.00072	0.78323942	-4.4752755e-05	-3.6960436e-06	-7.9146608e-06	-5.7185501e-06	-2.7272369e-07	5.5009926e-06	-1.0030216e-05	2.7998427e-06	-8.8987834e-08	1.5038155e-05	8.9847956e-06	-4.7749835e-05	-4.7712749e-05	-0.00077727945
-0.208	0.792	-0.1664	0	0	0.98545466	0	0	0	1.0006795	0.7810104	-4.4828603e-05	-3.6584148e-06	-7.9156011e-06	-5.6840264e-06	-2.7441695e-07	5.516775e-06	-1.0048619e-05	2.8038652e-06	-9.0994655e-08	1.5064671e-05	9.0802661e-06	-4.7796215e-05	-4.7757675e-05	-0.00080699384
-0.21	0.79	-0.168	0	0	0.98516888	0	0	0	1.0006389	0.77878063	-4.4904159e-05	-3.6210156e-06	-7.9164854e-06	-5.6495093e-06	-2.7610997e-07	5.5324445e-06	-1.0066978e-05	2.8078503e-06	-9.30027e-08	1.5091091e-05	9.1758263e-06	-4.7842491e-05	-4.7802485e-05	-0.00083689572
-0.212	0.788	-0.1696	0	0	0.98488052	0	0	0	1.0005982	0.77655014	-4.4979428e-05	-3.5838419e-06	-7.9173161e-06	-5.6149955e-06	-2.778027e-07	5.5480047e-06	-1.0085295e-05	2.8118011e-06	-9.5011954e-08	1.5117414e-05	9.2714761e-06	-4.7888665e-05	-4.7847182e-05	-0.00086698643
-0.214	0.786	-0.1712	0	0	0.98458958	0	0	0	1.0005576	0.77431893	-4.5054416e-05	-3.5468899e-06	-7.918096e-06	-5.5804815e-06	-2.7949511e-07	5.5634593e-06	-1.0103573e-05	2.8157207e-06	-9.7022404e-08	1.5143645e-05	9.3672151e-06	-4.793474e-05	-4.7891768e-05	-0.0008972673
-0.216	0.784	-0.1728	0	0	0.98429604	0	0	0	1.0005169	0.77208701	-4.5129128e-05	-3.5101559e-06	-7.9188276e-06	-5.5459642e-06	-2.8118715e-07	5.5788121e-06	-1.0121815e-05	2.8196123e-06	-9.9034035e-08	1.5169783e-05	9.4630431e-06	-4.7980718e-05	-4.7936245e-05	-0.00092773969
-0.218	0.782	-0.1744	0	0	0.98399992	0	0	0	1.0004763	0.76985442	-4.5203569e-05	-3.4736363e-06	-7.9195135e-06	-5.5114404e-06	-2.8287879e-07	5.5940663e-06	-1.0140023e-05	2.8234789e-06	-1.0104683e-07	1.5195831e-05	9.55896e-06	-4.80266e-05	-4.7980615e-05	-0.00095840498
-0.22	0.78	-0.176	0	0	0.98370121	0	0	0	1.0004356	0.76762115	-4.5277742e-05	-3.4373276e-06	-7.9201563e-06	-5.4769072e-06	-2.8456998e-07	5.6092256e-06	-1.0158201e-05	2.8273236e-06	-1.0306077e-07	1.5221791e-05	9.6549656e-06	-4.8072389e-05	-4.8024879e-05	-0.00098926455
-0.222	0.778	-0.1776	0	0	0.9833999	0	0	0	1.0003949	0.76538723	-4.5351654e-05	-3.4012264e-06	-7.9207586e-06	-5.4423618e-06	-2.8626067e-07	5.6242931e-06	-1.017635e-05	2.8311494e-06	-1.0507584e-07	1.5247664e-05	9.7510596e-06	-4.8118086e-05	-4.806904e-05	-0.0010203198
-0.224	0.776	-0.1792	0	0	0.983096	0	0	0	1.0003542	0.76315267	-4.5425308e-05	-3.3653293e-06	-7.9213231e-06	-5.4078014e-06	-2.8795083e-07	5.6392724e-06	-1.0194475e-05	2.8349592e-06	-1.0709202e-07	1.527345e-05	9.8472417e-06	-4.8163693e-05	-4.8113098e-05	-0.0010515721
-0.226	0.774	-0.1808	0	0	0.98278951	0	0	0	1.0003134	0.7609175	-4.5498708e-05	-3.3296331e-06	-7.9218523e-06	-5.3732234e-06	-2.8964042e-07	5.6541665e-06	-1.0212576e-05	2.8387562e-06	-1.0910927e-07	1.5299153e-05	9.943512e-06	-4.8209211e-05	-4.8157056e-05	-0.0010830228
-0.228	0.772	-0.1824	0	0	0.98248042	0	0	0	1.0002727	0.75868171	-4.5571859e-05	-3.2941346e-06	-7.9223488e-06	-5.3386254e-06	-2.9132938e-07	5.6689787e-06	-1.0230659e-05	2.8425434e-06	-1.1112757e-07	1.5324772e-05	1.003987e-05	-4.8254643e-05	-4.8200915e-05	-0.0011146734
-0.23	0.77	-0.184	0	0	0.98216873	0	0	0	1.0002319	0.75644534	-4.5644764e-05	-3.2588308e-06	-7.9228153e-06	-5.3040051e-06	-2.9301768e-07	5.6837122e-06	-1.0248725e-05	2.8463237e-06	-1.131469e-07	1.5350309e-05	1.0136316e-05	-4.8299989e-05	-4.8244675e-05	-0.0011465252
-0.232	0.768	-0.1856	0	0	0.98185445	0	0	0	1.0001912	0.75420839	-4.5717426e-05	-3.2237187e-06	-7.9232546e-06	-5.2693602e-06	-2.9470527e-07	5.6983701e-06	-1.0266777e-05	2.8501004e-06	-1.151672e-07	1.5375766e-05	1.0232849e-05	-4.834525e-05	-4.8288339e-05	-0.0011785794
-0.234	0.766	-0.1872	0	0	0.98153756	0	0	0	1.0001504	0.75197088	-4.578985e-05	-3.1887954e-06	-7.9236691e-06	-5.2346886e-06	-2.9639211e-07	5.7129554e-06	-1.0284819e-05	2.8538763e-06	-1.1718844e-07	1.5401143e-05	1.0329469e-05	-4.8390428e-05	-4.8331906e-05	-0.0012108375
-0.236	0.764	-0.1888	0	0	0.98121807	0	0	0	1.0001097	0.74973283	-4.5862037e-05	-3.154058e-06	-7.9240618e-06	-5.1999885e-06	-2.9807818e-07	5.7274712e-06	-1.0302853e-05	2.8576547e-06	-1.1921059e-07	1.5426442e-05	1.0426176e-05	-4.8435523e-05	-4.8375378e-05	-0.0012433007
-0.238	0.762	-0.1904	0	0	0.98089598	0	0	0	1.0000689	0.74749426	-4.5933992e-05	-3.1195038e-06	-7.9244353e-06	-5.1652578e-06	-2.9976342e-07	5.7419205e-06	-1.0320882e-05	2.8614387e-06	-1.2123358e-07	1.5451663e-05	1.052297e-05	-4.8480536e-05	-4.8418755e-05	-0.0012759702
-0.24	0.76	-0.192	0	0	0.98057128	0	0	0	1.0000282	0.74525517	-4.6005717e-05	-3.0851302e-06	-7.9247924e-06	-5.1304949e-06	-3.0144781e-07	5.7563064e-06	-1.033891e-05	2.8652313e-06	-1.2325736e-07	1.5476807e-05	1.0619851e-05	-4.8525468e-05	-4.8462039e-05	-0.0013088471
-0.242	0.758	-0.1936	0	0	0.98024398	0	0	0	0.99998743	0.7430156	-4.6077213e-05	-3.0509344e-06	-7.9251359e-06	-5.0956982e-06	-3.031313e-07	5.7706319e-06	-1.0356939e-05	2.869036e-06	-1.2528187e-07	1.5501876e-05	1.0716819e-05	-4.8570319e-05	-4.8505228e-05	-0.0013419326
-0.244	0.756	-0.1952	0	0	0.97991407	0	0	0	0.99994669	0.74077554	-4.6148485e-05	-3.0169139e-06	-7.9254686e-06	-5.0608662e-06	-3.0481389e-07	5.7848999e-06	-1.0374973e-05	2.8728558e-06	-1.2730705e-07	1.5526869e-05	1.0813872e-05	-4.8615089e-05	-4.8548324e-05	-0.0013752277
-0.246	0.754	-0.1968	0	0	0.97958155	0	0	0	0.99990596	0.73853503	-4.6219533e-05	-2.9830663e-06	-7.9257934e-06	-5.0259975e-06	-3.0649552e-07	5.7991133e-06	-1.0393015e-05	2.8766941e-06	-1.2933281e-07	1.5551787e-05	1.0911012e-05	-4.8659778e-05	-4.8591326e-05	-0.0014087334
-0.248	0.752	-0.1984	0	0	0.97924643	0	0	0	0.99986523	0.73629407	-4.629036e-05	-2.9493891e-06	-7.9261131e-06	-4.9910909e-06	-3.081762e-07	5.8132753e-06	-1.0411067e-05	2.8805541e-06	-1.313591e-07	1.5576632e-05	1.1008238e-05	-4.8704386e-05	-4.8634234e-05	-0.0014424504
-0.25	0.75	-0.2	0	0	0.97890869	0	0	0	0.99982453	0.73405269	-4.6360967e-05	-2.9158801e-06	-7.9264308e-06	-4.9561451e-06	-3.0985588e-07	5.8273886e-06	-1.0429135e-05	2.8844394e-06	-1.3338581e-07	1.5601403e-05	1.1105549e-05	-4.8748913e-05	-4.8677048e-05	-0.0014763797
-0.252	0.748	-0.2016	0	0	0.97856834	0	0	0	0.99978383	0.73181089	-4.6431356e-05	-2.8825368e-06	-7.9267494e-06	-4.9211592e-06	-3.1153456e-07	5.8414564e-06	-1.044722e-05	2.8883532e-06	-1.3541285e-07	1.5626101e-05	1.1202946e-05	-4.8793359e-05	-4.8719767e-05	-0.0015105218
-0.254	0.746	-0.2032	0	0	0.97822537	0	0	0	0.99974316	0.7295687	-4.6501527e-05	-2.8493571e-06	-7.9270718e-06	-4.8861322e-06	-3.1321222e-07	5.8554815e-06	-1.0465326e-05	2.8922991e-06	-1.3744013e-07	1.5650727e-05	1.1300428e-05	-4.8837722e-05	-4.876239e-05	-0.0015448774
-0.256	0.744	-0.2048	0	0	0.9778798	0	0	0	0.99970251	0.72732613	-4.6571482e-05	-2.8163388e-06	-7.9274012e-06	-4.8510634e-06	-3.1488886e-07	5.8694669e-06	-1.0483457e-05	2.8962807e-06	-1.3946753e-07	1.567528e-05	1.1397995e-05	-4.8882003e-05	-4.8804918e-05	-0.0015794468
-0.258	0.742	-0.2064	0	0	0.9775316	0	0	0	0.99966188	0.7250832	-4.6641221e-05	-2.7834798e-06	-7.9277405e-06	-4.8159521e-06	-3.1656448e-07	5.8834157e-06	-1.0501616e-05	2.9003013e-06	-1.4149495e-07	1.569976e-05	1.1495648e-05	-4.8926199e-05	-4.8847348e-05	-0.0016142303
-0.26	0.74	-0.208	0	0	0.97718079	0	0	0	0.99962128	0.72283993	-4.6710745e-05	-2.7507781e-06	-7.9280929e-06	-4.7807977e-06	-3.1823907e-07	5.8973306e-06	-1.0519806e-05	2.9043648e-06	-1.4352226e-07	1.5724169e-05	1.1593385e-05	-4.8970309e-05	-4.8889679e-05	-0.0016492281
-0.262	0.738	-0.2096	0	0	0.97682736	0	0	0	0.99958071	0.72059632	-4.6780053e-05	-2.7182316e-06	-7.9284615e-06	-4.7455997e-06	-3.1991263e-07	5.9112149e-06	-1.0538031e-05	2.9084747e-06	-1.4554932e-07	1.5748505e-05	1.1691206e-05	-4.9014333e-05	-4.893191e-05	-0.0016844403
-0.264	0.736	-0.2112	0	0	0.97647131	0	0	0	0.99954017	0.71835241	-4.6849146e-05	-2.6858386e-06	-7.9288495e-06	-4.7103579e-06	-3.2158519e-07	5.9250713e-06	-1.0556295e-05	2.9126349e-06	-1.4757599e-07	1.5772769e-05	1.1789112e-05	-4.9058268e-05	-4.8974039e-05	-0.0017198667
-0.266	0.734	-0.2128	0	0	0.97611263	0	0	0	0.99949967	0.7161082	-4.6918023e-05	-2.653597e-06	-7.9292601e-06	-4.6750719e-06	-3.2325675e-07	5.938903e-06	-1.0574601e-05	2.916849e-06	-1.4960213e-07	1.5796961e-05	1.1887102e-05	-4.9102113e-05	-4.9016065e-05	-0.0017555071
-0.268	0.732	-0.2144	0	0	0.97575134	0	0	0	0.9994592	0.71386371	-4.6986684e-05	-2.6215052e-06	-7.9296966e-06	-4.6397417e-06	-3.2492735e-07	5.952713e-06	-1.0592953e-05	2.9211209e-06	-1.5162757e-07	1.582108e-05	1.1985177e-05	-4.9145865e-05	-4.9057984e-05	-0.0017913609
-0.27	0.73	-0.216	0	0	0.97538742	0	0	0	0.99941878	0.71161897	-4.7055128e-05	-2.5895613e-06	-7.9301621e-06	-4.6043673e-06	-3.2659699e-07	5.9665041e-06	-1.0611355e-05	2.9254545e-06	-1.5365216e-07	1.5845126e-05	1.2083334e-05	-4.9189522e-05	-4.9099796e-05	-0.0018274276
-0.272	0.728	-0.2176	0	0	0.97502088	0	0	0	0.9993784	0.70937397	-4.7123353e-05	-2.5577637e-06	-7.93066e-06	-4.5689488e-06	-3.2826573e-07	5.9802796e-06	-1.062981e-05	2.9298537e-06	-1.556757e-07	1.5869098e-05	1.2181576e-05	-4.9233082e-05	-4.9141497e-05	-0.0018637065
-0.274	0.726	-0.2192	0	0	0.9746517	0	0	0	0.99933806	0.70712875	-4.7191358e-05	-2.5261108e-06	-7.9311937e-06	-4.5334865e-06	-3.2993359e-07	5.9940423e-06	-1.0648322e-05	2.9343224e-06	-1.5769802e-07	1.5892996e-05	1.22799e-05	-4.9276542e-05	-4.9183085e-05	-0.0019001965
-0.276	0.724	-0.2208	0	0	0.9742799	0	0	0	0.99929778	0.70488332	-4.7259141e-05	-2.4946011e-06	-7.9317664e-06	-4.4979806e-06	-3.3160062e-07	6.0077954e-06	-1.0666896e-05	2.9388647e-06	-1.5971891e-07	1.591682e-05	1.2378308e-05	-4.9319899e-05	-4.9224557e-05	-0.0019368965
-0.278	0.722	-0.2224	0	0	0.97390547	0	0	0	0.99925755	0.70263769	-4.7326701e-05	-2.463233e-06	-7.9323817e-06	-4.4624317e-06	-3.3326688e-07	6.0215419e-06	-1.0685534e-05	2.9434845e-06	-1.6173816e-07	1.5940569e-05	1.2476799e-05	-4.936315e-05	-4.9265909e-05	-0.0019738052
-0.28	0.72	-0.224	0	0	0.97352841	0	0	0	0.99921738	0.70039189	-4.7394035e-05	-2.4320053e-06	-7.9330428e-06	-4.4268404e-06	-3.3493241e-07	6.0352848e-06	-1.0704241e-05	2.9481861e-06	-1.6375556e-07	1.5964241e-05	1.2575372e-05	-4.9406292e-05	-4.9307139e-05	-0.0020109211
-0.282	0.718	-0.2256	0	0	0.97314872	0	0	0	0.99917727	0.69814592	-4.7461141e-05	-2.4009164e-06	-7.9337534e-06	-4.3912074e-06	-3.3659728e-07	6.0490272e-06	-1.0723021e-05	2.9529734e-06	-1.6577087e-07	1.5987836e-05	1.2674027e-05	-4.944932e-05	-4.9348243e-05	-0.0020482425
-0.284	0.716	-0.2272	0	0	0.97276639	0	0	0	0.99913723	0.69589981	-4.7528016e-05	-2.3699652e-06	-7.9345168e-06	-4.3555334e-06	-3.3826157e-07	6.0627722e-06	-1.0741878e-05	2.9578506e-06	-1.6778386e-07	1.6011354e-05	1.2772765e-05	-4.9492231e-05	-4.9389217e-05	-0.0020857675
-0.286	0.714	-0.2288	0	0	0.97238142	0	0	0	0.99909725	0.69365358	-4.7594656e-05	-2.3391505e-06	-7.9353367e-06	-4.3198195e-06	-3.3992534e-07	6.0765228e-06	-1.0760815e-05	2.962822e-06	-1.6979426e-07	1.6034792e-05	1.2871584e-05	-4.9535021e-05	-4.9430057e-05	-0.0021234941
-0.288	0.712	-0.2304	0	0	0.97199382	0	0	0	0.99905735	0.69140723	-4.7661059e-05	-2.3084711e-06	-7.9362164e-06	-4.2840667e-06	-3.4158869e-07	6.0902821e-06	-1.0779838e-05	2.9678916e-06	-1.7180182e-07	1.605815e-05	1.2970485e-05	-4.9577686e-05	-4.9470759e-05	-0.0021614201
-0.29	0.71	-0.232	0	0	0.97160357	0	0	0	0.99901751	0.68916078	-4.772722e-05	-2.2779261e-06	-7.9371597e-06	-4.2482763e-06	-3.4325169e-07	6.1040532e-06	-1.079895e-05	2.9730638e-06	-1.7380625e-07	1.6081426e-05	1.3069467e-05	-4.9620222e-05	-4.9511319e-05	-0.0021995429
-0.292	0.708	-0.2336	0	0	0.97121069	0	0	0	0.99897776	0.68691426	-4.7793136e-05	-2.2475144e-06	-7.9381701e-06	-4.2124495e-06	-3.4491445e-07	6.1178392e-06	-1.0818155e-05	2.9783427e-06	-1.7580727e-07	1.6104619e-05	1.316853e-05	-4.9662622e-05	-4.9551733e-05	-0.0022378599
-0.294	0.706	-0.2352	0	0	0.97081516	0	0	0	0.99893809	0.68466767	-4.7858802e-05	-2.2172351e-06	-7.9392514e-06	-4.1765878e-06	-3.4657707e-07	6.131643e-06	-1.0837458e-05	2.9837327e-06	-1.7780457e-07	1.6127728e-05	1.3267674e-05	-4.9704884e-05	-4.9591994e-05	-0.0022763685
-0.296	0.704	-0.2368	0	0	0.97041698	0	0	0	0.9988985	0.68242104	-4.7924215e-05	-2.1870875e-06	-7.940407e-06	-4.1406928e-06	-3.4823965e-07	6.1454679e-06	-1.0856862e-05	2.989238e-06	-1.7979784e-07	1.6150751e-05	1.3366898e-05	-4.9747001e-05	-4.9632099e-05	-0.0023150655
-0.298	0.702	-0.2384	0	0	0.97001616	0	0	0	0.998859	0.68017437	-4.7989368e-05	-2.1570708e-06	-7.9416409e-06	-4.1047663e-06	-3.4990232e-07	6.1593169e-06	-1.0876373e-05	2.9948629e-06	-1.8178675e-07	1.6173686e-05	1.3466202e-05	-4.9788967e-05	-4.9672042e-05	-0.0023539479
-0.3	0.7	-0.24	0	0	0.96961268	0	0	0	0.99881959	0.6779277	-4.8054257e-05	-2.1271845e-06	-7.9429566e-06	-4.06881e-06	-3.515652e-07	6.173193e-06	-1.0895995e-05	3.0006118e-06	-1.8377094e-07	1.6196531e-05	1.3565586e-05	inf	inf	inf
