lambda	F11	F12	F13	F21	F22	F23	F31	F32	F33	J	P11	P12	P13	P21	P22	P23	P31	P32	P33	p	StrEn	t(1)	t(2)	d
0	1	0	0	0	1	0	0	0	1	1	0	0	0	0	0	0	0	0	0	-0	0	inf	inf	inf
0.002	1	0.002	0	0	1	0	0	0	1	1	4.1262677e-07	1.2431753e-05	-2.2101513e-07	1.2428925e-05	2.9515993e-07	1.5062935e-07	-2.2123783e-07	1.5313676e-07	2.830702e-07	-3.3028563e-07	1.2426108e-08	1.2431753e-05	1.241836e-05	-0.0010784278
0.004	1	0.004	0	0	1	0	0	0	1	1	9.7239324e-07	2.4833404e-05	-4.5100416e-07	2.4826321e-05	7.0163226e-07	3.118303e-07	-4.5184816e-07	3.1662906e-07	5.8682341e-07	-7.536163e-07	4.9673441e-08	2.4833404e-05	2.4807087e-05	-0.0010608884
0.006	1	0.006	0	0	1	0	0	0	1	1	1.6905442e-06	3.7175128e-05	-6.9138271e-07	3.7162022e-05	1.2303823e-06	4.8491276e-07	-6.9295329e-07	4.9131658e-07	9.1238369e-07	-1.2777701e-06	1.1165445e-07	3.7175128e-05	3.7138038e-05	-0.00099870336
0.008	1	0.008	0	0	1	0	0	0	1	1	2.5766023e-06	4.9435185e-05	-9.4330276e-07	4.9413764e-05	1.8907779e-06	6.7078828e-07	-9.4549898e-07	6.7778013e-07	1.2607367e-06	-1.9093723e-06	1.982256e-07	4.9435185e-05	4.9395256e-05	-0.00080834717
0.01	1	0.01	0	0	1	0	0	0	1	1	3.6089286e-06	6.1630269e-05	-1.2068509e-06	6.1597294e-05	2.6616715e-06	8.6906738e-07	-1.2100117e-06	8.760139e-07	1.6323305e-06	-2.6343102e-06	3.0923548e-07	6.1630269e-05	6.1589713e-05	-0.00065849025
0.012	1	0.012	0	0	1	0	0	0	1	1	4.7565009e-06	7.3788922e-05	-1.4821377e-06	7.3740386e-05	3.5128088e-06	1.0795411e-06	-1.4871386e-06	1.0863094e-06	2.0279188e-06	-3.4324095e-06	4.4458445e-07	7.3788922e-05	7.3745078e-05	-0.0005945366
0.014	1	0.014	0	0	1	0	0	0	1	1	6.002614e-06	8.5925154e-05	-1.7698167e-06	8.5856601e-05	4.4280395e-06	1.302762e-06	-1.7778013e-06	1.3094203e-06	2.448789e-06	-4.2931475e-06	6.0421579e-07	8.5925154e-05	8.5876404e-05	-0.00056768062
0.016	1	0.016	0	0	1	0	0	0	1	1	7.3403472e-06	9.8043428e-05	-2.0708008e-06	9.795007e-05	5.4008402e-06	1.5396204e-06	-2.0830566e-06	1.546289e-06	2.896537e-06	-5.2125748e-06	7.8809006e-07	9.8043428e-05	9.7989135e-05	-0.00055406946
0.018	1	0.018	0	0	1	0	0	0	1	1	8.7671279e-06	0.00011014438	-2.3861178e-06	0.0001100211	6.4289793e-06	1.79114e-06	-2.4040468e-06	1.7979467e-06	3.3730004e-06	-6.1897026e-06	9.9617234e-07	0.00011014438	0.00011008428	-0.00054593601
0.02	1	0.02	0	0	1	0	0	0	1	1	1.0282455e-05	0.00012222705	-2.7168763e-06	0.00012206841	7.5122908e-06	2.0584262e-06	-2.7419955e-06	2.0654943e-06	3.8802795e-06	-7.2250084e-06	1.2284272e-06	0.00012222705	0.00012216101	-0.00054061711
0.022	1	0.022	0	0	1	0	0	0	1	1	1.1887016e-05	0.00013428972	-3.0642619e-06	0.00013408992	8.6518161e-06	2.3426524e-06	-3.0982123e-06	2.3500977e-06	4.4207865e-06	-8.319873e-06	1.4848164e-06	0.00013428972	0.00013421764	-0.00053706493
0.024	1	0.024	0	0	1	0	0	0	1	1	1.3582347e-05	0.00014633018	-3.4295374e-06	0.00014608302	9.8494727e-06	2.645051e-06	-3.4740973e-06	2.6529817e-06	4.9973181e-06	-9.4763793e-06	1.7652977e-06	0.00014633018	0.00014625196	-0.00053480999
0.026	1	0.026	0	0	1	0	0	0	1	1	1.5370716e-05	0.00015834578	-3.8140421e-06	0.00015804465	1.1107953e-05	2.9668985e-06	-3.8711404e-06	2.9754143e-06	5.6131565e-06	-1.0697275e-05	2.0698242e-06	0.00015834578	0.00015826133	-0.00053362895
0.028	1	0.028	0	0	1	0	0	0	1	1	1.7255153e-05	0.00017033343	-4.2191834e-06	0.00016997122	1.2430753e-05	3.3094869e-06	-4.2909135e-06	3.3186779e-06	6.2722157e-06	-1.198604e-05	2.398343e-06	0.00017033343	0.00017024261	-0.00053343495
0.03	1	0.03	0	0	1	0	0	0	1	1	1.923958e-05	0.00018228944	-4.6464159e-06	0.00018185855	1.3822314e-05	3.6740721e-06	-4.7350491e-06	3.6840154e-06	6.979263e-06	-1.3347052e-05	2.7507947e-06	0.00018228944	0.00018219211	-0.0005342536
0.032	1	0.032	0	0	1	0	0	0	1	1	2.1329087e-05	0.00019420936	-5.0971986e-06	0.00019370156	1.5288296e-05	4.0617817e-06	-5.2051944e-06	4.072537e-06	7.7402678e-06	-1.4785883e-05	3.1271115e-06	0.00019420936	0.00019410527	-0.00053624945
0.034	1	0.034	0	0	1	0	0	0	1	1	2.3530419e-05	0.00020608756	-5.5729092e-06	0.00020549393	1.6836067e-05	4.4734532e-06	-5.7029209e-06	4.4850538e-06	8.5629767e-06	-1.6309821e-05	3.5272158e-06	0.00020608756	0.00020597638	-0.00053980801
0.036	1	0.036	0	0	1	0	0	0	1	1	2.5852845e-05	0.00021791661	-6.0746793e-06	0.00021722736	1.8475569e-05	4.9093424e-06	-6.2295479e-06	4.9217815e-06	9.4579087e-06	-1.7928774e-05	3.951017e-06	0.00021791661	0.00021779775	-0.00054571256
0.038	1	0.038	0	0	1	0	0	0	1	1	2.8309744e-05	0.00022968602	-6.6030652e-06	0.00022889032	2.0220907e-05	5.368587e-06	-6.785791e-06	5.3817935e-06	1.0440162e-05	-1.9656938e-05	4.3984068e-06	0.00022968602	0.0002295585	-0.00055550784
0.04	1	0.04	0	0	1	0	0	0	1	1	3.092164e-05	0.00024137998	-7.1573757e-06	0.00024046551	2.2093404e-05	5.8481821e-06	-7.3710433e-06	5.8619798e-06	1.1532855e-05	-2.1515966e-05	4.869251e-06	0.00024137998	0.00024124193	-0.00057223613
0.042	1	0.042	0	0	1	0	0	0	1	1	3.3722185e-05	0.00025297258	-7.7342418e-06	0.0002519249	2.4127674e-05	6.3409683e-06	-7.9818474e-06	6.3550055e-06	1.2773931e-05	-2.3541264e-05	5.3633745e-06	0.00025297258	0.00025282044	-0.00060179629
0.044	1	0.044	0	0	1	0	0	0	1	1	3.6770022e-05	0.00026441834	-8.3245233e-06	0.00026321953	2.6383819e-05	6.8316675e-06	-8.6085956e-06	6.8452969e-06	1.4229695e-05	-2.5794512e-05	5.8805327e-06	0.00026441834	0.0002642454	-0.00065445597
0.046	1	0.046	0	0	1	0	0	0	1	1	4.0170049e-05	0.00027563428	-8.9069984e-06	0.00027426043	2.8969773e-05	7.2897853e-06	-9.2288053e-06	7.3018816e-06	1.601929e-05	-2.838637e-05	6.4203561e-06	0.00027563428	0.00027543028	-0.00074066569
0.048	1	0.048	0	0	1	0	0	0	1	1	4.4096055e-05	0.0002864787	-9.439051e-06	0.00028489576	3.2066584e-05	7.6618541e-06	-9.7972092e-06	7.6706476e-06	1.8341415e-05	-3.1501352e-05	6.9822538e-06	0.0002864787	0.0002862378	-0.0008416105
0.05	1	0.05	0	0	1	0	0	0	1	1	4.8755656e-05	0.00029677314	-9.8580324e-06	0.00029493347	3.5896389e-05	7.8816174e-06	-1.0247186e-05	7.8848786e-06	2.1436502e-05	-3.5362849e-05	7.5653073e-06	0.00029677314	0.00029651429	-0.00087299662
0.052	1	0.052	0	0	1	0	0	0	1	1	5.4231236e-05	0.00030642943	-1.0119081e-05	0.00030427605	4.055896e-05	7.91916e-06	-1.0530873e-05	7.91501e-06	2.5406667e-05	-4.0065621e-05	8.168311e-06	0.00030642943	0.00030618965	-0.00078311632
0.054	1	0.054	0	0	1	0	0	0	1	1	6.0385445e-05	0.00031553963	-1.0233161e-05	0.00031301717	4.5924931e-05	7.8105655e-06	-1.0659502e-05	7.7981436e-06	3.0104563e-05	-4.5471646e-05	8.7900659e-06	0.00031553963	0.00031533597	-0.00064582695
0.056	1	0.056	0	0	1	0	0	0	1	1	6.7000039e-05	0.00032427397	-1.0243797e-05	0.00032133471	5.1772661e-05	7.6160079e-06	-1.067882e-05	7.5953075e-06	3.5287566e-05	-5.1353422e-05	9.4296549e-06	0.00032427397	0.00032410205	-0.00053044929
0.058	1	0.058	0	0	1	0	0	0	1	1	7.3906713e-05	0.0003327709	-1.0190767e-05	0.00032937399	5.7926581e-05	7.3805899e-06	-1.0630686e-05	7.352012e-06	4.0766896e-05	-5.7533397e-05	1.0086474e-05	0.0003327709	0.00033262206	-0.00044745858
0.06	1	0.06	0	0	1	0	0	0	1	1	8.1002524e-05	0.00034111849	-1.0100411e-05	0.00033722764	6.4277266e-05	7.1302169e-06	-1.0542829e-05	7.0942901e-06	4.642667e-05	-6.3902154e-05	1.0760143e-05	0.00034111849	0.0003409863	-0.00038766933
0.062	1	0.062	0	0	1	0	0	0	1	1	8.8227641e-05	0.00034936994	-9.9886714e-06	0.00034495153	7.0760086e-05	6.8785155e-06	-1.0432035e-05	6.8357759e-06	5.2199453e-05	-7.0395727e-05	1.1450419e-05	0.00034936994	0.00034925032	-0.00034250123
0.064	1	0.064	0	0	1	0	0	0	1	1	9.5546695e-05	0.00035755794	-9.8650975e-06	0.00035258001	7.7336278e-05	6.6324229e-06	-1.0308367e-05	6.5833726e-06	5.804542e-05	-7.6976131e-05	1.2157144e-05	0.00035755794	0.00035744835	-0.00030660126
0.066	1	0.066	0	0	1	0	0	0	1	1	0.00010293799	0.00036570342	-9.73549e-06	0.00036013501	8.3981736e-05	6.3953408e-06	-1.0177948e-05	6.3404368e-06	6.3940199e-05	-8.3619976e-05	1.2880213e-05	0.00036570342	0.00036560221	-0.00027684614
0.068	1	0.068	0	0	1	0	0	0	1	1	0.00011038768	0.00037382041	-9.6034356e-06	0.00036763119	9.0680866e-05	6.1687874e-06	-1.0044571e-05	6.1084419e-06	6.9868296e-05	-9.0312281e-05	1.3619553e-05	0.00037382041	0.00037372646	-0.00025138608
0.07	1	0.07	0	0	1	0	0	0	1	1	0.00011788658	0.00038191867	-9.4711814e-06	0.00037507873	9.7423202e-05	5.9532645e-06	-9.910622e-06	5.887849e-06	7.5819508e-05	-9.7043096e-05	1.4375119e-05	0.00038191867	0.0003818312	-0.00022908113
0.072	1	0.072	0	0	1	0	0	0	1	1	0.00012542839	0.00039000532	-9.3401441e-06	0.00038248499	0.00010420149	5.7487221e-06	-9.7776104e-06	5.6785722e-06	8.1786903e-05	-0.0001038056	1.5146878e-05	0.00039000532	0.00038992375	-0.00020919579
0.074	1	0.074	0	0	1	0	0	0	1	1	0.00013300869	0.00039808566	-9.2112121e-06	0.00038985546	0.00011101055	5.554815e-06	-9.6464915e-06	5.480235e-06	8.7765649e-05	-0.00011059497	1.5934814e-05	0.00039808566	0.00039800955	-0.00019123368
0.076	1	0.076	0	0	1	0	0	0	1	1	0.00014062428	0.0004061638	-9.0849322e-06	0.00039719435	0.00011784661	5.3710462e-06	-9.5178586e-06	5.2923135e-06	9.3752303e-05	-0.00011740773	1.6738916e-05	0.0004061638	0.0004060928	-0.00017484556
0.078	1	0.078	0	0	1	0	0	0	1	1	0.00014827277	0.00041424299	-8.9616257e-06	0.00040450497	0.00012470684	5.19685e-06	-9.3920672e-06	5.1142182e-06	9.9744366e-05	-0.00012424133	1.7559185e-05	0.00041424299	0.00041417682	-0.00015977639
0.08	1	0.08	0	0	1	0	0	0	1	1	0.00015595241	0.00042232587	-8.8414643e-06	0.00041178998	0.00013158909	5.0316389e-06	-9.269314e-06	4.9453412e-06	0.00010574	-0.00013109383	1.8395624e-05	0.00042232587	0.00042226429	-0.00014583372
0.082	1	0.082	0	0	1	0	0	0	1	1	0.00016366183	0.00043041459	-8.7245191e-06	0.00041905156	0.00013849171	4.8748311e-06	-9.1496885e-06	4.7850826e-06	0.00011173782	-0.00013796379	1.9248242e-05	0.00043041459	0.00043035741	-0.00013286813
0.084	1	0.084	0	0	1	0	0	0	1	1	0.00017139996	0.000438511	-8.6107942e-06	0.00042629154	0.0001454134	4.7258656e-06	-9.0332085e-06	4.6328654e-06	0.00011773681	-0.00014485006	2.0117053e-05	0.000438511	0.00043845805	-0.00012076074
0.086	1	0.086	0	0	1	0	0	0	1	1	0.000179166	0.00044661664	-8.5002486e-06	0.00043351143	0.00015235312	4.5842105e-06	-8.9198434e-06	4.4881436e-06	0.00012373617	-0.00015175176	2.1002074e-05	0.00044661664	0.00044656778	-0.00010941494
0.088	1	0.088	0	0	1	0	0	0	1	1	0.00018695926	0.00045473285	-8.3928121e-06	0.00044071256	0.00015931005	4.449366e-06	-8.8095307e-06	4.3504049e-06	0.00012973531	-0.00015866821	2.1903324e-05	0.00045473285	0.00045468795	-9.8750829e-05
0.09	1	0.09	0	0	1	0	0	0	1	1	0.00019477923	0.00046286082	-8.2883956e-06	0.00044789605	0.00016628352	4.3208667e-06	-8.702187e-06	4.2191724e-06	0.00013573378	-0.00016559884	2.2820826e-05	0.00046286082	0.00046281977	-8.8701262e-05
0.092	1	0.092	0	0	1	0	0	0	1	1	0.00020262547	0.00047100157	-8.1868986e-06	0.00045506291	0.00017327297	4.1982799e-06	-8.5977161e-06	4.0940034e-06	0.00014173122	-0.00017254322	2.3754603e-05	0.00047100157	0.00047096427	-7.9209092e-05
0.094	1	0.094	0	0	1	0	0	0	1	1	0.00021049763	0.00047915604	-8.0882144e-06	0.00046221399	0.00018027796	4.0812054e-06	-8.4960145e-06	3.9744885e-06	0.00014772737	-0.00017950099	2.4704683e-05	0.00047915604	0.00047912239	-7.0225121e-05
0.096	1	0.096	0	0	1	0	0	0	1	1	0.00021839542	0.00048732504	-7.9922336e-06	0.00046935008	0.0001872981	3.9692732e-06	-8.396975e-06	3.8602493e-06	0.00015372202	-0.00018647185	2.5671093e-05	0.00048732504	0.00048729497	-6.170658e-05
0.098	1	0.098	0	0	1	0	0	0	1	1	0.00022631859	0.00049550932	-7.8988467e-06	0.00047647187	0.00019433307	3.8621418e-06	-8.3004898e-06	3.7509366e-06	0.00015971504	-0.00019345557	2.6653863e-05	0.00049550932	0.00049548276	-5.361598e-05
0.1	1	0.1	0	0	1	0	0	0	1	1	0.00023426694	0.00050370958	-7.8079459e-06	0.00048357997	0.00020138262	3.7594958e-06	-8.2064519e-06	3.6462283e-06	0.00016570629	-0.00020045195	2.7653024e-05	0.00050370958	0.00050368645	-4.5920213e-05
0.102	1	0.102	0	0	1	0	0	0	1	1	0.00024224029	0.00051192643	-7.719426e-06	0.00049067496	0.00020844651	3.6610443e-06	-8.114757e-06	3.5458269e-06	0.0001716957	-0.00020746083	2.8668609e-05	0.00051192643	0.00051190667	-3.8589858e-05
0.104	1	0.104	0	0	1	0	0	0	1	1	0.00025023849	0.00052016044	-7.6331851e-06	0.00049775734	0.00021552455	3.5665188e-06	-8.0253035e-06	3.449458e-06	0.00017768322	-0.00021448209	2.9700651e-05	0.00052016044	0.000520144	-3.1598622e-05
0.106	1	0.106	0	0	1	0	0	0	1	1	0.00025826142	0.00052841214	-7.5491255e-06	0.00050482757	0.00022261656	3.4756711e-06	-7.9379938e-06	3.356868e-06	0.00018366881	-0.00022151559	3.0749185e-05	0.00052841214	0.00052839897	-2.4922889e-05
0.108	1	0.108	0	0	1	0	0	0	1	1	0.00026630895	0.00053668204	-7.4671538e-06	0.00051188608	0.00022972241	3.3882721e-06	-7.8527342e-06	3.2678228e-06	0.00018965244	-0.00022856126	3.1814247e-05	0.00053668204	0.00053667209	-1.8541353e-05
0.11	1	0.11	0	0	1	0	0	0	1	1	0.00027438099	0.00054497057	-7.3871806e-06	0.00051893327	0.00023684196	3.3041097e-06	-7.7694353e-06	3.1821057e-06	0.0001956341	-0.00023561902	3.2895873e-05	0.00054497057	0.0005449638	-1.243472e-05
0.112	1	0.112	0	0	1	0	0	0	1	1	0.00028247746	0.00055327818	-7.3091211e-06	0.00052596949	0.0002439751	3.2229877e-06	-7.6880117e-06	3.0995161e-06	0.0002016138	-0.00024268879	3.3994102e-05	0.00055327818	0.00055327454	-6.585451e-06
0.114	1	0.114	0	0	1	0	0	0	1	1	0.00029059827	0.00056160527	-7.2328947e-06	0.00053299507	0.00025112174	3.1447246e-06	-7.6083824e-06	3.0198681e-06	0.00020759155	-0.00024977052	3.5108971e-05	0.00056160527	0.00056160472	-9.7755299e-07
0.116	1	0.116	0	0	1	0	0	0	1	1	0.00029874334	0.0005699522	-7.158425e-06	0.00054001032	0.00025828178	3.0691517e-06	-7.5304704e-06	2.9429896e-06	0.00021356735	-0.00025686416	3.6240521e-05	0.0005699522	0.00056995471	4.4035998e-06
0.118	1	0.118	0	0	1	0	0	0	1	1	0.00030691263	0.00057831933	-7.0856395e-06	0.00054701554	0.00026545514	2.9961127e-06	-7.4542028e-06	2.8687207e-06	0.00021954122	-0.00026396966	3.738879e-05	0.00057831933	0.00057832487	9.5714193e-06
0.12	1	0.12	0	0	1	0	0	0	1	1	0.00031510605	0.00058670701	-7.0144699e-06	0.00055401098	0.00027264175	2.9254625e-06	-7.3795105e-06	2.7969126e-06	0.00022551319	-0.000271087	3.855382e-05	0.00058670701	0.00058671554	1.4538235e-05
0.122	1	0.122	0	0	1	0	0	0	1	1	0.00032332356	0.00059511555	-6.9448513e-06	0.00056099689	0.00027984155	2.857066e-06	-7.3063279e-06	2.7274274e-06	0.00023148327	-0.00027821613	3.9735652e-05	0.00059511555	0.00059512704	1.9315405e-05
0.124	1	0.124	0	0	1	0	0	0	1	1	0.00033156511	0.00060354524	-6.8767224e-06	0.0005679735	0.00028705446	2.7907977e-06	-7.2345933e-06	2.6601364e-06	0.00023745151	-0.00028535703	4.0934328e-05	0.00060354524	0.00060355967	2.391342e-05
0.126	1	0.126	0	0	1	0	0	0	1	1	0.00033983063	0.00061199638	-6.8100253e-06	0.00057494104	0.00029428045	2.7265406e-06	-7.1642479e-06	2.5949199e-06	0.00024341791	-0.00029250966	4.2149891e-05	0.00061199638	0.00061201373	2.8341979e-05
0.128	1	0.128	0	0	1	0	0	0	1	1	0.0003481201	0.00062046924	-6.7447052e-06	0.00058189969	0.00030151944	2.6641856e-06	-7.0952363e-06	2.531666e-06	0.00024938251	-0.00029967402	4.3382383e-05	0.00062046924	0.00062048947	3.2610077e-05
0.13	1	0.13	0	0	1	0	0	0	1	1	0.00035643345	0.00062896408	-6.6807103e-06	0.00058884966	0.0003087714	2.603631e-06	-7.027506e-06	2.4702706e-06	0.00025534534	-0.00030685006	4.4631849e-05	0.00062896408	0.00062898718	3.6726062e-05
0.132	1	0.132	0	0	1	0	0	0	1	1	0.00036477066	0.00063748114	-6.6179916e-06	0.00059579112	0.00031603627	2.5447817e-06	-6.9610075e-06	2.4106361e-06	0.00026130642	-0.00031403778	4.5898332e-05	0.00063748114	0.00063750709	4.0697696e-05
0.134	1	0.134	0	0	1	0	0	0	1	1	0.00037313166	0.00064602067	-6.5565029e-06	0.00060272424	0.000323314	2.487549e-06	-6.8956938e-06	2.3526716e-06	0.00026726579	-0.00032123715	4.7181877e-05	0.00064602067	0.00064604944	4.4532208e-05
0.136	1	0.136	0	0	1	0	0	0	1	1	0.00038151643	0.00065458289	-6.4962002e-06	0.00060964917	0.00033060457	2.4318498e-06	-6.8315203e-06	2.2962918e-06	0.00027322347	-0.00032844815	4.848253e-05	0.00065458289	0.00065461447	4.8236343e-05
0.138	1	0.138	0	0	1	0	0	0	1	1	0.00038992491	0.00066316802	-6.4370422e-06	0.00061656607	0.00033790791	2.3776063e-06	-6.7684451e-06	2.2414169e-06	0.00027917948	-0.00033567077	4.9800335e-05	0.00066316802	0.00066320239	5.1816396e-05
0.14	1	0.14	0	0	1	0	0	0	1	1	0.00039835708	0.00067177628	-6.3789895e-06	0.00062347507	0.000345224	2.3247456e-06	-6.7064282e-06	2.1879719e-06	0.00028513387	-0.00034290498	5.1135339e-05	0.00067177628	0.00067181341	5.5278257e-05
0.142	1	0.142	0	0	1	0	0	0	1	1	0.00040681288	0.00068040785	-6.3220051e-06	0.0006303763	0.00035255279	2.2731995e-06	-6.6454319e-06	2.1358868e-06	0.00029108664	-0.00035015077	5.2487589e-05	0.00068040785	0.00068044775	5.8627438e-05
0.144	1	0.144	0	0	1	0	0	0	1	1	0.00041529229	0.00068906295	-6.2660536e-06	0.0006372699	0.00035989424	2.2229038e-06	-6.5854205e-06	2.0850955e-06	0.00029703784	-0.00035740812	5.385713e-05	0.00068906295	0.00068910558	6.1869107e-05
0.146	1	0.146	0	0	1	0	0	0	1	1	0.00042379526	0.00069774174	-6.2111018e-06	0.00064415597	0.00036724831	2.1737983e-06	-6.52636e-06	2.0355363e-06	0.00030298747	-0.00036467701	5.5244011e-05	0.00069774174	0.0006977871	6.5008114e-05
0.148	1	0.148	0	0	1	0	0	0	1	1	0.00043232175	0.00070644442	-6.1571179e-06	0.00065103463	0.00037461496	2.1258264e-06	-6.4682182e-06	1.9871508e-06	0.00030893557	-0.00037195743	5.6648279e-05	0.00070644442	0.0007064925	6.8049016e-05
0.15	1	0.15	0	0	1	0	0	0	1	1	0.00044087172	0.00071517116	-6.104072e-06	0.00065790599	0.00038199416	2.0789349e-06	-6.4109647e-06	1.9398842e-06	0.00031488215	-0.00037924934	5.8069981e-05	0.00071517116	0.00071522193	7.0996096e-05
0.152	1	0.152	0	0	1	0	0	0	1	1	0.00044944514	0.00072392212	-6.0519356e-06	0.00066477014	0.00038938586	2.0330738e-06	-6.3545704e-06	1.8936851e-06	0.00032082725	-0.00038655275	5.9509166e-05	0.00072392212	0.00072397558	7.3853388e-05
0.154	1	0.154	0	0	1	0	0	0	1	1	0.00045804197	0.00073269747	-6.0006816e-06	0.00067162718	0.00039679003	1.9881959e-06	-6.2990079e-06	1.8485048e-06	0.00032677087	-0.00039386762	6.0965883e-05	0.00073269747	0.00073275361	7.6624693e-05
0.156	1	0.156	0	0	1	0	0	0	1	1	0.00046666216	0.00074149736	-5.9502844e-06	0.00067847719	0.00040420662	1.9442568e-06	-6.2442511e-06	1.8042974e-06	0.00033271304	-0.00040119394	6.2440181e-05	0.00074149736	0.00074155617	7.9313594e-05
0.158	1	0.158	0	0	1	0	0	0	1	1	0.00047530569	0.00075032195	-5.9007195e-06	0.00068532026	0.00041163561	1.9012146e-06	-6.1902751e-06	1.7610199e-06	0.00033865378	-0.00040853169	6.3932108e-05	0.00075032195	0.00075038342	8.1923474e-05
0.16	1	0.16	0	0	1	0	0	0	1	1	0.0004839725	0.00075917138	-5.8519638e-06	0.00069215648	0.00041907694	1.8590297e-06	-6.1370563e-06	1.7186313e-06	0.0003445931	-0.00041588084	6.5441714e-05	0.00075917138	0.00075923551	8.4457532e-05
0.162	1	0.162	0	0	1	0	0	0	1	1	0.00049266256	0.00076804581	-5.8039952e-06	0.00069898591	0.00042653058	1.817665e-06	-6.0845723e-06	1.6770932e-06	0.00035053103	-0.00042324139	6.696905e-05	0.00076804581	0.00076811257	8.6918787e-05
0.164	1	0.164	0	0	1	0	0	0	1	1	0.00050137583	0.00077694535	-5.7567927e-06	0.00070580863	0.00043399648	1.7770851e-06	-6.0328018e-06	1.6363692e-06	0.00035646757	-0.00043061329	6.8514165e-05	0.00077694535	0.00077701475	8.9310102e-05
0.166	1	0.166	0	0	1	0	0	0	1	1	0.00051011228	0.00078587016	-5.7103363e-06	0.00071262471	0.00044147462	1.7372569e-06	-5.9817243e-06	1.5964248e-06	0.00036240274	-0.00043799655	7.0077109e-05	0.00078587016	0.00078594218	9.1634185e-05
0.168	1	0.168	0	0	1	0	0	0	1	1	0.00051887186	0.00079482036	-5.664607e-06	0.00071943422	0.00044896494	1.6981488e-06	-5.9313206e-06	1.5572276e-06	0.00036833656	-0.00044539112	7.1657933e-05	0.00079482036	0.00079489499	9.3893604e-05
0.17	1	0.17	0	0	1	0	0	0	1	1	0.00052765453	0.00080379607	-5.6195866e-06	0.0007262372	0.0004564674	1.659731e-06	-5.8815722e-06	1.5187466e-06	0.00037426904	-0.00045279699	7.3256689e-05	0.00080379607	0.00080387332	9.6090794e-05
0.172	1	0.172	0	0	1	0	0	0	1	1	0.00053646025	0.00081279743	-5.5752579e-06	0.00073303373	0.00046398197	1.6219755e-06	-5.8324616e-06	1.4809528e-06	0.00038020019	-0.00046021414	7.4873427e-05	0.00081279743	0.00081287728	9.8228065e-05
0.174	1	0.174	0	0	1	0	0	0	1	1	0.00054528898	0.00082182455	-5.5316043e-06	0.00073982385	0.00047150859	1.5848555e-06	-5.7839719e-06	1.4438184e-06	0.00038613003	-0.00046764253	7.6508198e-05	0.00082182455	0.00082190699	0.00010030762
0.176	1	0.176	0	0	1	0	0	0	1	1	0.00055414069	0.00083087754	-5.4886101e-06	0.00074660762	0.00047904723	1.5483458e-06	-5.7360872e-06	1.4073174e-06	0.00039205856	-0.00047508216	7.8161055e-05	0.00083087754	0.00083096257	0.00010233153
0.178	1	0.178	0	0	1	0	0	0	1	1	0.00056301533	0.00083995652	-5.4462603e-06	0.00075338509	0.00048659784	1.5124225e-06	-5.6887923e-06	1.3714247e-06	0.00039798579	-0.00048253299	7.9832048e-05	0.00083995652	0.00084004414	0.0001043018
0.18	1	0.18	0	0	1	0	0	0	1	1	0.00057191286	0.00084906161	-5.4045405e-06	0.00076015631	0.00049416038	1.4770629e-06	-5.6420725e-06	1.336117e-06	0.00040391173	-0.00048999499	8.1521231e-05	0.00084906161	0.0008491518	0.0001062203
0.182	1	0.182	0	0	1	0	0	0	1	1	0.00058083324	0.0008581929	-5.363437e-06	0.00076692132	0.0005017348	1.4422454e-06	-5.5959141e-06	1.3013719e-06	0.0004098364	-0.00049746814	8.3228656e-05	0.0008581929	0.00085828567	0.00010808884
0.184	1	0.184	0	0	1	0	0	0	1	1	0.00058977643	0.0008673505	-5.3229367e-06	0.00077368016	0.00050932105	1.4079497e-06	-5.5503036e-06	1.267168e-06	0.00041575979	-0.00050495242	8.4954374e-05	0.0008673505	0.00086744584	0.00010990914
0.186	1	0.186	0	0	1	0	0	0	1	1	0.00059874238	0.00087653452	-5.283027e-06	0.00078043288	0.00051691909	1.3741564e-06	-5.5052284e-06	1.2334854e-06	0.00042168191	-0.0005124478	8.6698439e-05	0.00087653452	0.00087663243	0.00011168282
0.188	1	0.188	0	0	1	0	0	0	1	1	0.00060773106	0.00088574506	-5.2436959e-06	0.00078717951	0.00052452888	1.340847e-06	-5.4606763e-06	1.2003048e-06	0.00042760278	-0.00051995424	8.8460904e-05	0.00088574506	0.00088584553	0.00011341145
0.19	1	0.19	0	0	1	0	0	0	1	1	0.00061674242	0.00089498221	-5.2049319e-06	0.00079392008	0.00053215035	1.3080041e-06	-5.4166358e-06	1.167608e-06	0.0004335224	-0.00052747172	9.0241821e-05	0.00089498221	0.00089508523	0.00011509652
0.192	1	0.192	0	0	1	0	0	0	1	1	0.00062577643	0.00090424606	-5.1667241e-06	0.00080065464	0.00053978347	1.2756112e-06	-5.3730958e-06	1.1353778e-06	0.00043944076	-0.00053500022	9.2041245e-05	0.00090424606	0.00090435164	0.00011673945
0.194	1	0.194	0	0	1	0	0	0	1	1	0.00063483303	0.00091353672	-5.1290618e-06	0.00080738322	0.00054742819	1.2436524e-06	-5.3300455e-06	1.1035976e-06	0.00044535789	-0.0005425397	9.3859228e-05	0.00091353672	0.00091364484	0.0001183416
0.196	1	0.196	0	0	1	0	0	0	1	1	0.0006439122	0.00092285426	-5.091935e-06	0.00081410584	0.00055508445	1.2121128e-06	-5.2874749e-06	1.072252e-06	0.00045127377	-0.00055009014	9.5695824e-05	0.00092285426	0.00092296493	0.00011990427
0.198	1	0.198	0	0	1	0	0	0	1	1	0.00065301387	0.00093219879	-5.0553339e-06	0.00082082253	0.00056275221	1.180978e-06	-5.2453741e-06	1.0413259e-06	0.00045718841	-0.0005576515	9.7551087e-05	0.00093219879	0.000932312	0.00012142871
0.2	1	0.2	0	0	1	0	0	0	1	1	0.00066213802	0.00094157037	-5.0192492e-06	0.00082753333	0.00057043141	1.1502346e-06	-5.2037339e-06	1.0108053e-06	0.00046310182	-0.00056522375	9.9425072e-05	0.00094157037	0.00094168612	0.00012291609
0.202	1	0.202	0	0	1	0	0	0	1	1	0.0006712846	0.0009509691	-4.983672e-06	0.00083423825	0.00057812201	1.1198695e-06	-5.1625452e-06	9.8067662e-07	0.000469014	-0.00057280687	0.00010131783	0.0009509691	0.00095108739	0.00012436758
0.204	1	0.204	0	0	1	0	0	0	1	1	0.00068045356	0.00096039507	-4.9485937e-06	0.00084093733	0.00058582394	1.0898706e-06	-5.1217995e-06	9.5092704e-07	0.00047492495	-0.00058040082	0.00010322942	0.00096039507	0.00096051589	0.00012578425
0.206	1	0.206	0	0	1	0	0	0	1	1	0.00068964487	0.00096984834	-4.9140061e-06	0.00084763059	0.00059353716	1.0602262e-06	-5.0814884e-06	9.2154434e-07	0.00048083467	-0.00058800557	0.0001051599	0.00096984834	0.00096997169	0.00012716716
0.208	1	0.208	0	0	1	0	0	0	1	1	0.00069885848	0.000979329	-4.8799011e-06	0.00085431804	0.00060126162	1.030925e-06	-5.0416042e-06	8.9251687e-07	0.00048674316	-0.00059562108	0.00010710931	0.000979329	0.00097945488	0.00012851732
0.21	1	0.21	0	0	1	0	0	0	1	1	0.00070809434	0.00098883712	-4.8462712e-06	0.00086099971	0.00060899725	1.0019565e-06	-5.0021393e-06	8.6383353e-07	0.00049265042	-0.00060324734	0.00010907771	0.00098883712	0.00098896553	0.00012983568
0.212	1	0.212	0	0	1	0	0	0	1	1	0.00071735241	0.00099837279	-4.8131091e-06	0.00086767562	0.00061674401	9.7331068e-07	-4.9630862e-06	8.3548375e-07	0.00049855645	-0.00061088429	0.00011106517	0.00099837279	0.00099850371	0.00013112317
0.214	1	0.214	0	0	1	0	0	0	1	1	0.00072663265	0.0010079361	-4.7804075e-06	0.00087434579	0.00062450184	9.449778e-07	-4.9244381e-06	8.0745745e-07	0.00050446126	-0.00061853192	0.00011307173	0.0010079361	0.0010080695	0.00013238069
0.216	1	0.216	0	0	1	0	0	0	1	1	0.00073593502	0.001017527	-4.7481599e-06	0.00088101023	0.00063227068	9.1694872e-07	-4.8861882e-06	7.7974501e-07	0.00051036483	-0.00062619018	0.00011509745	0.001017527	0.001017663	0.00013360908
0.218	1	0.218	0	0	1	0	0	0	1	1	0.00074525947	0.0010271457	-4.7163595e-06	0.00088766896	0.00064005047	8.892147e-07	-4.84833e-06	7.5233726e-07	0.00051626717	-0.00063385904	0.00011714238	0.0010271457	0.0010272842	0.00013480918
0.22	1	0.22	0	0	1	0	0	0	1	1	0.00075460595	0.0010367923	-4.685e-06	0.000894322	0.00064784117	8.6176741e-07	-4.8108573e-06	7.2522547e-07	0.00052216828	-0.00064153846	0.00011920659	0.0010367923	0.0010369333	0.00013598177
0.222	1	0.222	0	0	1	0	0	0	1	1	0.00076397442	0.0010464667	-4.6540753e-06	0.00090096936	0.0006556427	8.3459889e-07	-4.7737642e-06	6.9840129e-07	0.00052806816	-0.00064922843	0.00012129011	0.0010464667	0.0010466102	0.00013712762
0.224	1	0.224	0	0	1	0	0	0	1	1	0.00077336484	0.0010561691	-4.6235796e-06	0.00090761104	0.00066345502	8.0770158e-07	-4.7370448e-06	6.7185678e-07	0.00053396679	-0.00065692888	0.00012339303	0.0010561691	0.0010563151	0.00013824745
0.226	1	0.226	0	0	1	0	0	0	1	1	0.00078277716	0.0010658994	-4.5935072e-06	0.00091424708	0.00067127806	7.8106825e-07	-4.7006936e-06	6.4558435e-07	0.00053986419	-0.0006646398	0.00012551538	0.0010658994	0.001066048	0.00013934197
0.228	1	0.228	0	0	1	0	0	0	1	1	0.00079221134	0.0010756579	-4.5638525e-06	0.00092087747	0.00067911177	7.54692e-07	-4.6647054e-06	6.1957674e-07	0.00054576034	-0.00067236115	0.00012765722	0.0010756579	0.001075809	0.00014041187
0.23	1	0.23	0	0	1	0	0	0	1	1	0.00080166733	0.0010854445	-4.5346102e-06	0.00092750223	0.00068695609	7.2856625e-07	-4.6290749e-06	5.9382706e-07	0.00055165525	-0.00068009289	0.00012981861	0.0010854445	0.0010855981	0.00014145779
0.232	1	0.232	0	0	1	0	0	0	1	1	0.00081114509	0.0010952593	-4.5057753e-06	0.00093412137	0.00069481094	7.0268473e-07	-4.5937972e-06	5.683287e-07	0.0005575489	-0.00068783498	0.00013199961	0.0010952593	0.0010954154	0.00014248037
0.234	1	0.234	0	0	1	0	0	0	1	1	0.00082064457	0.0011051024	-4.4773427e-06	0.00094073489	0.00070267629	6.7704146e-07	-4.5588676e-06	5.4307537e-07	0.00056344131	-0.00069558739	0.00013420027	0.0011051024	0.001105261	0.00014348023
0.236	1	0.236	0	0	1	0	0	0	1	1	0.00083016573	0.0011149738	-4.4493076e-06	0.00094734281	0.00071055205	6.516307e-07	-4.5242815e-06	5.1806107e-07	0.00056933245	-0.00070335008	0.00013642065	0.0011149738	0.0011151348	0.00014445794
0.238	1	0.238	0	0	1	0	0	0	1	1	0.00083970852	0.0011248735	-4.4216655e-06	0.00095394513	0.00071843818	6.2644703e-07	-4.4900343e-06	4.9328005e-07	0.00057522233	-0.00071112301	0.00013866081	0.0011248735	0.0011250371	0.00014541408
0.24	1	0.24	0	0	1	0	0	0	1	1	0.00084927289	0.0011348017	-4.3944117e-06	0.00096054186	0.0007263346	6.0148522e-07	-4.456122e-06	4.6872684e-07	0.00058111094	-0.00071890615	0.0001409208	0.0011348017	0.0011349678	0.0001463492
0.242	1	0.242	0	0	1	0	0	0	1	1	0.00085885881	0.0011447583	-4.3675419e-06	0.00096713301	0.00073424126	5.7674031e-07	-4.4225402e-06	4.4439621e-07	0.00058699829	-0.00072669945	0.00014320068	0.0011447583	0.0011449269	0.00014726382
0.244	1	0.244	0	0	1	0	0	0	1	1	0.00086846622	0.0011547435	-4.3410519e-06	0.00097371858	0.0007421581	5.5220756e-07	-4.3892851e-06	4.2028317e-07	0.00059288435	-0.00073450289	0.00014550051	0.0011547435	0.0011549146	0.00014815846
0.246	1	0.246	0	0	1	0	0	0	1	1	0.00087809508	0.0011647572	-4.3149375e-06	0.00098029857	0.00075008504	5.2788244e-07	-4.3563528e-06	3.9638296e-07	0.00059876913	-0.00074231642	0.00014782034	0.0011647572	0.0011649308	0.00014903361
0.248	1	0.248	0	0	1	0	0	0	1	1	0.00088774534	0.0011747996	-4.2891949e-06	0.000986873	0.00075802203	5.0376062e-07	-4.3237396e-06	3.7269102e-07	0.00060465263	-0.00075014	0.00015016023	0.0011747996	0.0011749757	0.00014988976
0.25	1	0.25	0	0	1	0	0	0	1	1	0.00089741696	0.0011848707	-4.2638201e-06	0.00099344187	0.00076596899	4.7983799e-07	-4.2914419e-06	3.49203e-07	0.00061053483	-0.0007579736	0.00015252024	0.0011848707	0.0011850493	0.00015072736
0.252	1	0.252	0	0	1	0	0	0	1	1	0.00090710989	0.0011949704	-4.2388093e-06	0.0010000052	0.00077392588	4.5611061e-07	-4.2594563e-06	3.2591477e-07	0.00061641573	-0.00076581717	0.00015490043	0.0011949704	0.0011951516	0.00015154687
0.254	1	0.254	0	0	1	0	0	0	1	1	0.00091682409	0.001205099	-4.214159e-06	0.0010065629	0.00078189261	4.3257471e-07	-4.2277794e-06	3.0282237e-07	0.00062229533	-0.00077367068	0.00015730085	0.001205099	0.0012052826	0.00015234872
0.256	1	0.256	0	0	1	0	0	0	1	1	0.00092655951	0.0012152563	-4.1898655e-06	0.0010131151	0.00078986913	4.092267e-07	-4.196408e-06	2.79922e-07	0.00062817361	-0.00078153409	0.00015972156	0.0012152563	0.0012154425	0.00015313333
0.258	1	0.258	0	0	1	0	0	0	1	1	0.0009363161	0.0012254425	-4.1659254e-06	0.0010196617	0.00079785537	3.8606317e-07	-4.165339e-06	2.5721007e-07	0.00063405058	-0.00078940735	0.00016216262	0.0012254425	0.0012256312	0.0001539011
0.26	1	0.26	0	0	1	0	0	0	1	1	0.00094609382	0.0012356577	-4.1423353e-06	0.0010262028	0.00080585127	3.6308083e-07	-4.1345693e-06	2.3468313e-07	0.00063992622	-0.00079729044	0.00016462409	0.0012356577	0.0012358488	0.00015465243
0.262	1	0.262	0	0	1	0	0	0	1	1	0.00095589262	0.0012459017	-4.1190921e-06	0.0010327384	0.00081385674	3.4027658e-07	-4.104096e-06	2.1233788e-07	0.00064580053	-0.0008051833	0.00016710602	0.0012459017	0.0012460953	0.00015538771
0.264	1	0.264	0	0	1	0	0	0	1	1	0.00096571245	0.0012561747	-4.0961924e-06	0.0010392684	0.00082187174	3.1764743e-07	-4.0739163e-06	1.901712e-07	0.00065167351	-0.0008130859	0.00016960847	0.0012561747	0.0012563709	0.00015610731
0.266	1	0.266	0	0	1	0	0	0	1	1	0.00097555327	0.0012664768	-4.0736332e-06	0.0010457928	0.00082989619	2.9519053e-07	-4.0440274e-06	1.681801e-07	0.00065754514	-0.0008209982	0.0001721315	0.0012664768	0.0012666754	0.00015681158
0.268	1	0.268	0	0	1	0	0	0	1	1	0.00098541503	0.0012768079	-4.0514115e-06	0.0010523117	0.00083793002	2.7290318e-07	-4.0144267e-06	1.463617e-07	0.00066341541	-0.00082892016	0.00017467517	0.0012768079	0.001277009	0.00015750087
0.27	1	0.27	0	0	1	0	0	0	1	1	0.00099529769	0.0012871681	-4.0295242e-06	0.001058825	0.00084597317	2.5078279e-07	-3.9851117e-06	1.2471329e-07	0.00066928433	-0.00083685173	0.00017723954	0.0012871681	0.0012873718	0.00015817552
0.272	1	0.272	0	0	1	0	0	0	1	1	0.0010052012	0.0012975575	-4.0079687e-06	0.0010653328	0.00085402557	2.288269e-07	-3.9560798e-06	1.0323226e-07	0.00067515188	-0.00084479288	0.00017982466	0.0012975575	0.0012977636	0.00015883587
0.274	1	0.274	0	0	1	0	0	0	1	1	0.0010151255	0.001307976	-3.9867419e-06	0.0010718351	0.00086208715	2.0703314e-07	-3.9273286e-06	8.1916144e-08	0.00068101806	-0.00085274357	0.00018243059	0.001307976	0.0013081846	0.00015948222
0.276	1	0.276	0	0	1	0	0	0	1	1	0.0010250706	0.0013184237	-3.9658412e-06	0.0010783318	0.00087015783	1.8539928e-07	-3.8988559e-06	6.0762569e-08	0.00068688285	-0.00086070375	0.00018505739	0.0013184237	0.0013186348	0.0001601149
0.278	1	0.278	0	0	1	0	0	0	1	1	0.0010350363	0.0013289007	-3.9452639e-06	0.0010848229	0.00087823756	1.6392317e-07	-3.8706593e-06	3.9769283e-08	0.00069274626	-0.00086867338	0.00018770513	0.0013289007	0.0013291143	0.0001607342
0.28	1	0.28	0	0	1	0	0	0	1	1	0.0010450228	0.0013394069	-3.9250074e-06	0.0010913085	0.00088632626	1.4260277e-07	-3.8427366e-06	1.8934138e-08	0.00069860827	-0.00087665243	0.00019037385	0.0013394069	0.001339623	0.0001613404
0.282	1	0.282	0	0	1	0	0	0	1	1	0.0010550298	0.0013499424	-3.9050691e-06	0.0010977885	0.00089442386	1.2143615e-07	-3.8150857e-06	-1.7449132e-09	0.00070446888	-0.00088464085	0.00019306362	0.0013499424	0.0013501611	0.00016193381
0.284	1	0.284	0	0	1	0	0	0	1	1	0.0010650574	0.0013605073	-3.8854465e-06	0.001104263	0.0009025303	1.0042145e-07	-3.7877046e-06	-2.2269819e-08	0.00071032807	-0.00089263859	0.0001957745	0.0013605073	0.0013607284	0.00016251469
0.286	1	0.286	0	0	1	0	0	0	1	1	0.0010751055	0.0013711015	-3.8661371e-06	0.0011107319	0.0009106455	7.9556903e-08	-3.7605913e-06	-4.2642437e-08	0.00071618584	-0.00090064563	0.00019850653	0.0013711015	0.0013713252	0.00016308331
0.288	1	0.288	0	0	1	0	0	0	1	1	0.0010851741	0.0013817252	-3.8471386e-06	0.0011171952	0.00091876938	5.8840841e-08	-3.7337437e-06	-6.2864534e-08	0.00072204219	-0.00090866191	0.0002012598	0.0013817252	0.0013819513	0.00016363993
0.29	1	0.29	0	0	1	0	0	0	1	1	0.0010952632	0.0013923782	-3.8284485e-06	0.001123653	0.00092690189	3.8271663e-08	-3.7071601e-06	-8.2937791e-08	0.00072789709	-0.00091668739	0.00020403434	0.0013923782	0.0013926068	0.00016418482
0.292	1	0.292	0	0	1	0	0	0	1	1	0.0011053726	0.0014030607	-3.8100647e-06	0.0011301051	0.00093504296	1.784785e-08	-3.6808385e-06	-1.0286381e-07	0.00073375056	-0.00092472203	0.00020683022	0.0014030607	0.0014032918	0.0001647182
0.294	1	0.294	0	0	1	0	0	0	1	1	0.0011155023	0.0014137727	-3.7919847e-06	0.0011365518	0.0009431925	-2.4320419e-09	-3.6547773e-06	-1.2264411e-07	0.00073960257	-0.0009327658	0.00020964751	0.0014137727	0.0014140063	0.00016524033
0.296	1	0.296	0	0	1	0	0	0	1	1	0.0011256524	0.0014245141	-3.7742065e-06	0.0011429928	0.00095135044	-2.2569385e-08	-3.6289747e-06	-1.4228013e-07	0.00074545311	-0.00094081864	0.00021248625	0.0014245141	0.0014247503	0.00016575144
0.298	1	0.298	0	0	1	0	0	0	1	1	0.0011358226	0.0014352851	-3.7567277e-06	0.0011494282	0.00095951673	-4.2565482e-08	-3.603429e-06	-1.6177326e-07	0.00075130219	-0.00094888052	0.00021534651	0.0014352851	0.0014355238	0.00016625175
0.3	1	0.3	0	0	1	0	0	0	1	1	0.0011460131	0.0014460857	-3.7395464e-06	0.0011558581	0.00096769128	-6.2421572e-08	-3.5781385e-06	-1.8112479e-07	0.00075714979	-0.00095695138	0.00021822834	inf	inf	inf
