lambda	F11	F12	F13	F21	F22	F23	F31	F32	F33	J	P11	P12	P13	P21	P22	P23	P31	P32	P33	p	StrEn	t(1)	t(2)	d
0	1	0	0	0	1	0	0	0	1	1	0	0	0	0	0	0	0	0	0	-0	0	inf	inf	inf
0.002	1.002	0	0	0	1.00066	0	0	0	0.99912801	1.001787	3.0782935e-05	-1.8894907e-07	-1.2586342e-07	-1.7766308e-07	1.6289352e-05	-1.5084157e-07	-1.3558016e-07	-1.6322343e-07	-4.5530835e-09	-1.5689244e-05	3.6063171e-08	3.6160413e-05	3.617603e-05	0.00043171053
0.004	1.004	0	0	0	1.00132	0	0	0	0.99825001	1.003566	6.1835629e-05	-3.6059022e-07	-2.4446315e-07	-3.3787318e-07	3.2708759e-05	-2.9676518e-07	-2.7774215e-07	-3.2223052e-07	-9.0536958e-09	-3.1511778e-05	1.4470412e-07	7.2633507e-05	7.2605558e-05	-0.00038494268
0.006	1.006	0	0	0	1.00198	0	0	0	0.99736607	1.0053369	9.3106944e-05	-5.2443087e-07	-3.5930942e-07	-4.9021263e-07	4.9221394e-05	-4.396048e-07	-4.2263375e-07	-4.7678682e-07	-1.3495802e-08	-4.7438281e-05	3.264854e-07	0.00010935599	0.00010929057	-0.00059861863
0.008	1.008	0	0	0	1.00264	0	0	0	0.99647609	1.0070996	0.00012456324	-6.8361236e-07	-4.7163969e-07	-6.3784247e-07	6.5804678e-05	-5.802464e-07	-5.6844763e-07	-6.2713274e-07	-1.7883238e-08	-6.3450013e-05	5.8186638e-07	0.00014628677	0.00014618734	-0.00068015321
0.01	1.01	0	0	0	1.0033	0	0	0	0.99557982	1.0088539	0.00015617948	-8.3929716e-07	-5.8200216e-07	-7.8192726e-07	8.2442262e-05	-7.1923996e-07	-7.1414435e-07	-7.7361832e-07	-2.2219174e-08	-7.9533175e-05	9.1123478e-07	0.00018339542	0.00018326423	-0.00071586074
0.012	1.012	0	0	0	1.00396	0	0	0	0.9946769	1.0105992	0.00018793565	-9.9190333e-07	-6.9069212e-07	-9.2288114e-07	9.9121141e-05	-8.5697752e-07	-8.5906056e-07	-9.1659505e-07	-2.6503347e-08	-9.5676763e-05	1.3149233e-06	0.00022065764	0.0002204962	-0.00073217636
0.014	1.014	0	0	0	1.00462	0	0	0	0.99376682	1.012335	0.00021981491	-1.1415506e-06	-7.9790012e-07	-1.0608184e-06	0.00011583024	-9.9375634e-07	-1.0027488e-06	-1.0563781e-06	-3.0730973e-08	-0.00011187147	1.7932196e-06	0.00025805293	0.00025786224	-0.00073947725
0.016	1.016	0	0	0	1.00528	0	0	0	0.99284893	1.0140606	0.00025180237	-1.2882433e-06	-9.0376817e-07	-1.195738e-06	0.00013255956	-1.1298033e-06	-1.1448966e-06	-1.1932311e-06	-3.4892013e-08	-0.00012810901	2.3463723e-06	0.00029556312	0.00029534383	-0.00074249294
0.018	1.018	0	0	0	1.00594	0	0	0	0.99192244	1.0157751	0.00028388435	-1.4319486e-06	-1.0084116e-06	-1.3276026e-06	0.00014929963	-1.2652833e-06	-1.2852789e-06	-1.3273581e-06	-3.897045e-08	-0.00014438167	2.9745949e-06	0.00033317137	0.00033292381	-0.00074360582
0.02	1.02	0	0	0	1.0066	0	0	0	0.99098634	1.0174774	0.00031604767	-1.5726305e-06	-1.1119263e-06	-1.4563728e-06	0.00016604108	-1.4002997e-06	-1.423726e-06	-1.4588978e-06	-4.2943451e-08	-0.00016068193	3.6780675e-06	0.00037086144	0.00037058569	-0.00074410249
0.022	1.022	0	0	0	1.00726	0	0	0	0.99003943	1.0191661	0.00034827924	-1.7102624e-06	-1.2143888e-06	-1.5820201e-06	0.00018277427	-1.5348894e-06	-1.5601004e-06	-1.5879163e-06	-4.6780405e-08	-0.00017700224	4.4569376e-06	0.00040861704	0.00040831297	-0.00074470781
0.024	1.024	0	0	0	1.00792	0	0	0	0.98908025	1.0208397	0.0003805656	-1.8448311e-06	-1.3158521e-06	-1.7045302e-06	0.00019948904	-1.6690143e-06	-1.6942776e-06	-1.7143991e-06	-5.0441869e-08	-0.00019333473	5.3113194e-06	0.00044642135	0.00044608865	-0.00074582995
0.026	1.026	0	0	0	1.00858	0	0	0	0.98810708	1.0224962	0.00041289257	-1.9763355e-06	-1.4163401e-06	-1.8239026e-06	0.00021617443	-1.8025494e-06	-1.8261307e-06	-1.8382412e-06	-5.3878525e-08	-0.00020967104	6.2412922e-06	0.00048425656	0.00048389477	-0.00074767505
0.028	1.028	0	0	0	1.00924	0	0	0	0.98711786	1.0241335	0.00044524492	-2.1047845e-06	-1.5158386e-06	-1.9401474e-06	0.00023281848	-1.9352679e-06	-1.9555161e-06	-1.9592353e-06	-5.7030306e-08	-0.00022600212	7.2468985e-06	0.00052210348	0.00052171205	-0.0007502968
0.03	1.03	0	0	0	1.0099	0	0	0	0.98611022	1.0257489	0.00047760615	-2.2301935e-06	-1.6142869e-06	-2.0532831e-06	0.00024940808	-2.0668256e-06	-2.0822615e-06	-2.0770604e-06	-5.9825979e-08	-0.00024231813	8.3281404e-06	0.00055994127	0.00055951961	-0.00075361111
0.032	1.032	0	0	0	1.01056	0	0	0	0.98508142	1.0273394	0.00050995835	-2.3525822e-06	-1.7115684e-06	-2.1633334e-06	0.00026592894	-2.196745e-06	-2.2061563e-06	-2.1912709e-06	-6.2183561e-08	-0.00025860837	9.4849769e-06	0.00059774727	0.00059729488	-0.00075739262
0.034	1.034	0	0	0	1.01122	0	0	0	0.98402841	1.0289016	0.00054228225	-2.4719725e-06	-1.8075027e-06	-2.2703255e-06	0.00028236579	-2.3244035e-06	-2.3269457e-06	-2.3012911e-06	-6.4012074e-08	-0.00027486134	1.071732e-05	0.0006354971	0.00063501368	-0.00076126656
0.036	1.036	0	0	0	1.01188	0	0	0	0.98294784	1.0304318	0.00057455742	-2.5883876e-06	-1.9018421e-06	-2.3742896e-06	0.00029870266	-2.4490294e-06	-2.4443304e-06	-2.4064174e-06	-6.521514e-08	-0.00029106496	1.2025032e-05	0.00067316504	0.00067265066	-0.00076471024
0.038	1.038	0	0	0	1.01254	0	0	0	0.98183623	1.0319261	0.00060676291	-2.7018526e-06	-1.9942736e-06	-2.4752585e-06	0.00031492367	-2.5697107e-06	-2.5579741e-06	-2.5058328e-06	-6.5696806e-08	-0.00030720696	1.3407923e-05	0.0007107248	0.00071018003	-0.00076708
0.04	1.04	0	0	0	1.0132	0	0	0	0.98069009	1.0333806	0.00063887801	-2.8123964e-06	-2.08443e-06	-2.57327e-06	0.00033101391	-2.6854202e-06	-2.6675197e-06	-2.5986374e-06	-6.5369556e-08	-0.00032327552	1.4865752e-05	0.00074815068	0.00074757678	-0.000767676
0.042	1.042	0	0	0	1.01386	0	0	0	0.97950615	1.0347915	0.00067088342	-2.9200539e-06	-2.1719107e-06	-2.6683686e-06	0.00034696075	-2.7950586e-06	-2.7726152e-06	-2.6838918e-06	-6.4163818e-08	-0.00033926	1.639823e-05	0.0007854191	0.00078481805	-0.00076584576
0.044	1.044	0	0	0	1.01452	0	0	0	0.97828154	1.0361556	0.0007027623	-3.0248698e-06	-2.256311e-06	-2.7606087e-06	0.00036275514	-2.8975105e-06	-2.8729453e-06	-2.7606716e-06	-6.2037495e-08	-0.0003551518	1.8005024e-05	0.00082251015	0.00082188461	-0.00076110741
0.046	1.046	0	0	0	1.01518	0	0	0	0.97701403	1.03747	0.00073450125	-3.1268999e-06	-2.3372559e-06	-2.8500557e-06	0.00037839278	-2.9917014e-06	-2.9682624e-06	-2.8281177e-06	-5.8983589e-08	-0.00037094502	1.9685768e-05	0.0008594089	0.00085876204	-0.00075325539
0.048	1.048	0	0	0	1.01584	0	0	0	0.97570208	1.0387327	0.00076609072	-3.2262123e-06	-2.4144309e-06	-2.9367862e-06	0.00039387489	-3.0766445e-06	-3.0584129e-06	-2.8854744e-06	-5.5034147e-08	-0.00038663686	2.1440072e-05	0.00089610616	0.00089544137	-0.00074240891
0.05	1.05	0	0	0	1.0165	0	0	0	0.97434477	1.0399425	0.0007975248	-3.3228851e-06	-2.487605e-06	-3.0208857e-06	0.00040920844	-3.1514635e-06	-3.1433506e-06	-2.9321019e-06	-5.0259721e-08	-0.00040222766	2.3267534e-05	0.00093259827	0.00093191892	-0.00072898368
0.052	1.052	0	0	0	1.01716	0	0	0	0.9729417	1.0410985	0.00082880031	-3.4170015e-06	-2.5566414e-06	-3.1024438e-06	0.0004244059	-3.215388e-06	-3.2231366e-06	-2.9674663e-06	-4.4764832e-08	-0.00041772048	2.5167748e-05	0.00096888617	0.00096819527	-0.00071359881
0.054	1.054	0	0	0	1.01782	0	0	0	0.97149269	1.0422001	0.0008599154	-3.5086436e-06	-2.6214965e-06	-3.1815475e-06	0.00043948454	-3.2677322e-06	-3.297929e-06	-2.9911142e-06	-3.8680897e-08	-0.00043312042	2.7140315e-05	0.0010049738	0.0010042738	-0.00069695298
0.056	1.056	0	0	0	1.01848	0	0	0	0.96999745	1.0432467	0.00089086795	-3.5978841e-06	-2.682212e-06	-3.2582734e-06	0.00045446563	-3.3078723e-06	-3.3679649e-06	-3.0026522e-06	-3.2158278e-08	-0.00044843381	2.9184843e-05	0.001040866	0.001040159	-0.00067970423
0.058	1.058	0	0	0	1.01914	0	0	0	0.96845538	1.0442371	0.00092165409	-3.6847782e-06	-2.738903e-06	-3.3326801e-06	0.0004693735	-3.3352518e-06	-3.4335431e-06	-3.0017567e-06	-2.5358437e-08	-0.00046366741	3.1300951e-05	0.0010765672	0.0010758546	-0.00066237214
0.06	1.06	0	0	0	1.0198	0	0	0	0.96686532	1.0451698	0.00095226725	-3.7693579e-06	-2.791749e-06	-3.4048019e-06	0.00048423459	-3.3494393e-06	-3.495007e-06	-2.9882358e-06	-1.8446108e-08	-0.0004788278	3.3488261e-05	0.0011120796	0.0011113624	-0.00064526782
0.062	1.062	0	0	0	1.02046	0	0	0	0.96522558	1.0460425	0.00098269817	-3.8516286e-06	-2.8409862e-06	-3.4746465e-06	0.00049907619	-3.3502572e-06	-3.5527308e-06	-2.962156e-06	-1.1580553e-08	-0.00049392092	3.5746401e-05	0.001147403	0.0011466823	-0.00062845879
0.064	1.064	0	0	0	1.02112	0	0	0	0.96353417	1.0468526	0.0010129361	-3.9315734e-06	-2.8869008e-06	-3.5421981e-06	0.00051392468	-3.3379665e-06	-3.6071047e-06	-2.9240158e-06	-4.9050317e-09	-0.00050895196	3.8074991e-05	0.0011825355	0.0011818124	-0.00061179204
0.066	1.066	0	0	0	1.02178	0	0	0	0.9617893	1.0475977	0.0010429715	-4.0091644e-06	-2.9298182e-06	-3.6074287e-06	0.00052880329	-3.3134472e-06	-3.6585178e-06	-2.8749042e-06	1.4648716e-09	-0.00052392541	4.047365e-05	0.0012174753	0.0012167513	-0.00059500074
0.068	1.068	0	0	0	1.02244	0	0	0	0.95998995	1.0482763	0.0010727991	-4.0843812e-06	-2.9700856e-06	-3.6703159e-06	0.00054372973	-3.2782739e-06	-3.7073379e-06	-2.816549e-06	7.4510234e-09	-0.00053884542	4.2941996e-05	0.0012522231	0.0012514999	-0.00057787609
0.07	1.07	0	0	0	1.0231	0	0	0	0.95813644	1.0488882	0.0011024207	-4.1572289e-06	-3.0080488e-06	-3.7308611e-06	0.00055871461	-3.234606e-06	-3.753893e-06	-2.7511861e-06	1.301638e-08	-0.0005537161	4.547965e-05	0.0012867843	0.0012860635	-0.00056041347
0.072	1.072	0	0	0	1.02376	0	0	0	0.95623052	1.049435	0.0011318459	-4.2277496e-06	-3.044029e-06	-3.7891017e-06	0.00057376138	-3.1849067e-06	-3.7984595e-06	-2.6812746e-06	1.8160268e-08	-0.00056854181	4.808625e-05	0.0013211696	0.0013204528	-0.00054283616
0.074	1.074	0	0	0	1.02442	0	0	0	0.95427523	1.0499194	0.001161091	-4.296023e-06	-3.0783082e-06	-3.8451113e-06	0.00058886762	-3.1316038e-06	-3.8412613e-06	-2.6091705e-06	2.2907329e-08	-0.00058332718	5.0761461e-05	0.0013553947	0.0013546828	-0.00052549493
0.076	1.076	0	0	0	1.02508	0	0	0	0.95227437	1.0503454	0.0011901766	-4.362157e-06	-3.1111237e-06	-3.8989926e-06	0.00060402723	-3.0768212e-06	-3.8824765e-06	-2.5368832e-06	2.7294935e-08	-0.00059807703	5.3504981e-05	0.001389478	0.0013887714	-0.00050873393
0.078	1.078	0	0	0	1.02574	0	0	0	0.95023205	1.0507169	0.0012191245	-4.4262756e-06	-3.142671e-06	-3.9508644e-06	0.00061923248	-3.0222467e-06	-3.9222476e-06	-2.4659653e-06	3.1363184e-08	-0.00061279612	5.6316547e-05	0.0014234389	0.0014227378	-0.00049280514
0.08	1.08	0	0	0	1.0264	0	0	0	0.94815228	1.0510382	0.0012479564	-4.4885072e-06	-3.1731109e-06	-4.0008513e-06	0.00063447546	-2.9691186e-06	-3.9606915e-06	-2.3975184e-06	3.5148964e-08	-0.000627489	5.9195932e-05	0.0014572964	0.0014566004	-0.0004778484
0.082	1.082	0	0	0	1.02706	0	0	0	0.94603876	1.0513129	0.0012766919	-4.5489769e-06	-3.2025762e-06	-4.049075e-06	0.00064974898	-2.9182853e-06	-3.9979064e-06	-2.3322614e-06	3.8683521e-08	-0.00064215987	6.2142948e-05	0.0014910679	0.0014903765	-0.00046391101
0.084	1.084	0	0	0	1.02772	0	0	0	0.94389475	1.0515445	0.0013053487	-4.6078017e-06	-3.2311784e-06	-4.0956502e-06	0.00066504689	-2.8702885e-06	-4.0339768e-06	-2.270619e-06	4.1992183e-08	-0.00065681253	6.5157439e-05	0.0015247689	0.0015240816	-0.00045097855
0.086	1.086	0	0	0	1.02838	0	0	0	0.94172309	1.0517358	0.0013339419	-4.6650885e-06	-3.2590122e-06	-4.140682e-06	0.00068036413	-2.8254448e-06	-4.0689765e-06	-2.2128043e-06	4.5095108e-08	-0.00067145038	6.8239275e-05	0.0015584128	0.001557729	-0.00043900145
0.088	1.088	0	0	0	1.02904	0	0	0	0.93952619	1.0518893	0.0013624845	-4.7209339e-06	-3.2861591e-06	-4.1842658e-06	0.00069569664	-2.7839127e-06	-4.1029706e-06	-2.158885e-06	4.8008343e-08	-0.0006860764	7.1388354e-05	0.0015920114	0.0015913305	-0.00042791354
0.09	1.09	0	0	0	1.0297	0	0	0	0.93730612	1.0520071	0.0013909876	-4.7754247e-06	-3.3126897e-06	-4.2264875e-06	0.00071104121	-2.7457439e-06	-4.1360167e-06	-2.1088329e-06	5.0744829e-08	-0.00070069319	7.4604597e-05	0.0016255746	0.001624896	-0.00041764321
0.092	1.092	0	0	0	1.03036	0	0	0	0.93506459	1.0520908	0.0014194606	-4.8286388e-06	-3.3386654e-06	-4.2674243e-06	0.00072639532	-2.7109196e-06	-4.1681659e-06	-2.0625593e-06	5.3315233e-08	-0.00071530307	7.7887938e-05	0.001659111	0.0016584342	-0.00040811974
0.094	1.094	0	0	0	1.03102	0	0	0	0.93280309	1.0521421	0.0014479114	-4.8806462e-06	-3.3641404e-06	-4.3071457e-06	0.00074175698	-2.6793765e-06	-4.1994635e-06	-2.0199386e-06	5.5728585e-08	-0.00072990804	8.1238333e-05	0.0016926279	0.0016919524	-0.00039927631
0.096	1.096	0	0	0	1.03168	0	0	0	0.93052286	1.052162	0.0014763469	-4.9315098e-06	-3.3891622e-06	-4.3457147e-06	0.00075712466	-2.6510241e-06	-4.2299495e-06	-1.9808253e-06	5.7992743e-08	-0.00074450985	8.4655748e-05	0.0017261317	0.0017254569	-0.00039105142
0.098	1.098	0	0	0	1.03234	0	0	0	0.92822497	1.0521517	0.0015047729	-4.9812869e-06	-3.4137726e-06	-4.383188e-06	0.00077249715	-2.6257566e-06	-4.2596598e-06	-1.945064e-06	6.0114722e-08	-0.00075911006	8.8140161e-05	0.0017596276	0.0017589533	-0.00038338918
0.1	1.1	0	0	0	1.033	0	0	0	0.92591032	1.0521119	0.0015331945	-5.0300292e-06	-3.4380086e-06	-4.4196177e-06	0.0007878735	-2.6034608e-06	-4.2886256e-06	-1.9124967e-06	6.2100925e-08	-0.00077371002	9.1691561e-05	0.0017931206	0.0017924462	-0.00037623925
0.102	1.102	0	0	0	1.03366	0	0	0	0.92357969	1.0520435	0.0015616159	-5.0777842e-06	-3.461903e-06	-4.4550509e-06	0.00080325299	-2.5840211e-06	-4.3168751e-06	-1.8829672e-06	6.3957303e-08	-0.00078831096	9.5309946e-05	0.0018266146	0.0018259398	-0.00036955637
0.104	1.104	0	0	0	1.03432	0	0	0	0.92123374	1.0519469	0.0015900411	-5.1245953e-06	-3.4854845e-06	-4.4895314e-06	0.00081863503	-2.5673227e-06	-4.344433e-06	-1.8563237e-06	6.5689457e-08	-0.00080291392	9.899532e-05	0.0018601133	0.0018594378	-0.0003633
0.106	1.106	0	0	0	1.03498	0	0	0	0.91887307	1.0518229	0.0016184732	-5.1705026e-06	-3.5087788e-06	-4.5230991e-06	0.00083401918	-2.5532541e-06	-4.3713212e-06	-1.8324204e-06	6.7302718e-08	-0.00081751989	0.0001027477	0.0018936198	0.0018929432	-0.00035743376
0.108	1.108	0	0	0	1.03564	0	0	0	0.91649816	1.0516717	0.0016469152	-5.2155432e-06	-3.5318085e-06	-4.5557914e-06	0.00084940509	-2.5417075e-06	-4.3975591e-06	-1.8111182e-06	6.880219e-08	-0.0008321297	0.00010656709	0.001927137	0.001926459	-0.00035192501
0.11	1.11	0	0	0	1.0363	0	0	0	0.91410946	1.0514937	0.0016753698	-5.2597513e-06	-3.5545935e-06	-4.5876426e-06	0.00086479248	-2.5325805e-06	-4.4231639e-06	-1.7922852e-06	7.0192788e-08	-0.00084674414	0.00011045353	0.0019606672	0.0019599876	-0.00034674443
0.112	1.112	0	0	0	1.03696	0	0	0	0.91170734	1.0512893	0.0017038391	-5.3031591e-06	-3.5771516e-06	-4.6186851e-06	0.00088018116	-2.5257755e-06	-4.4481511e-06	-1.7757969e-06	7.1479253e-08	-0.0008613639	0.00011440704	0.0019942128	0.0019935312	-0.00034186561
0.114	1.114	0	0	0	1.03762	0	0	0	0.90929214	1.0510587	0.0017323252	-5.3457966e-06	-3.5994982e-06	-4.6489489e-06	0.00089557096	-2.5212002e-06	-4.4725339e-06	-1.7615355e-06	7.2666176e-08	-0.00087598961	0.00011842766	0.0020277757	0.002027092	-0.00033726476
0.116	1.116	0	0	0	1.03828	0	0	0	0.90686416	1.0508021	0.0017608301	-5.3876918e-06	-3.6216471e-06	-4.6784623e-06	0.00091096177	-2.5187675e-06	-4.4963246e-06	-1.7493901e-06	7.3758e-08	-0.00089062186	0.00012251541	0.0020613577	0.0020606716	-0.00033292037
0.118	1.118	0	0	0	1.03894	0	0	0	0.90442365	1.0505196	0.0017893553	-5.4288711e-06	-3.6436103e-06	-4.707252e-06	0.00092635351	-2.5183953e-06	-4.5195338e-06	-1.7392561e-06	7.4759033e-08	-0.00090526117	0.00012667034	0.0020949605	0.0020942718	-0.00032881297
0.12	1.12	0	0	0	1.0396	0	0	0	0.90197083	1.0502115	0.0018179023	-5.4693595e-06	-3.6653983e-06	-4.7353429e-06	0.00094174613	-2.5200062e-06	-4.5421708e-06	-1.7310351e-06	7.5673452e-08	-0.00091990804	0.0001308925	0.0021285855	0.0021278941	-0.00032492491
0.122	1.122	0	0	0	1.04026	0	0	0	0.89950592	1.0498779	0.0018464727	-5.5091805e-06	-3.6870205e-06	-4.7627589e-06	0.0009571396	-2.5235272e-06	-4.5642442e-06	-1.724634e-06	7.6505306e-08	-0.00093456292	0.00013518192	0.0021622342	0.0021615398	-0.00032124013
0.124	1.124	0	0	0	1.04092	0	0	0	0.89702908	1.0495187	0.0018750675	-5.5483563e-06	-3.7084847e-06	-4.7895225e-06	0.0009725339	-2.5288897e-06	-4.5857613e-06	-1.7199653e-06	7.725852e-08	-0.00094922623	0.00013953866	0.0021959078	0.0021952103	-0.00031774404
0.126	1.126	0	0	0	1.04158	0	0	0	0.89454049	1.0491342	0.0019036881	-5.5869082e-06	-3.7297979e-06	-4.8156549e-06	0.00098792904	-2.5360287e-06	-4.6067287e-06	-1.7169462e-06	7.7936901e-08	-0.00096389837	0.00014396276	0.0022296075	0.0022289067	-0.00031442329
0.128	1.128	0	0	0	1.04224	0	0	0	0.89204028	1.0487242	0.0019323356	-5.6248563e-06	-3.750966e-06	-4.8411765e-06	0.001003325	-2.5448831e-06	-4.6271523e-06	-1.7154984e-06	7.8544137e-08	-0.00097857971	0.00014845429	0.0022633344	0.0022626301	-0.00031126571
0.13	1.13	0	0	0	1.0429	0	0	0	0.88952858	1.048289	0.0019610108	-5.6622197e-06	-3.7719941e-06	-4.8661066e-06	0.0010187219	-2.5553953e-06	-4.6470371e-06	-1.7155479e-06	7.9083806e-08	-0.00099327061	0.00015301328	0.0022970895	0.0022963816	-0.00030826014
0.132	1.132	0	0	0	1.04356	0	0	0	0.8870055	1.0478284	0.0019897149	-5.6990167e-06	-3.7928865e-06	-4.8904637e-06	0.0010341197	-2.5675105e-06	-4.6663879e-06	-1.7170246e-06	7.9559371e-08	-0.0010079714	0.00015763981	0.0023308738	0.0023301622	-0.00030539634
0.134	1.134	0	0	0	1.04422	0	0	0	0.88447114	1.0473425	0.0020184487	-5.7352648e-06	-3.8136466e-06	-4.9142655e-06	0.0010495185	-2.5811772e-06	-4.6852087e-06	-1.719862e-06	7.997419e-08	-0.0010226824	0.00016233393	0.0023646882	0.0023639727	-0.00030266492
0.136	1.136	0	0	0	1.04488	0	0	0	0.8819256	1.0468313	0.002047213	-5.7709808e-06	-3.8342774e-06	-4.9375288e-06	0.0010649184	-2.5963464e-06	-4.7035029e-06	-1.7239969e-06	8.0331519e-08	-0.0010374039	0.0001670957	0.0023985336	0.0023978141	-0.00030005722
0.138	1.138	0	0	0	1.04554	0	0	0	0.87936896	1.0462948	0.0020760087	-5.8061807e-06	-3.8547812e-06	-4.96027e-06	0.0010803193	-2.6129717e-06	-4.7212738e-06	-1.7293692e-06	8.0634509e-08	-0.0010521362	0.00017192519	0.0024324108	0.0024316872	-0.00029756528
0.14	1.14	0	0	0	1.0462	0	0	0	0.8768013	1.0457329	0.0021048366	-5.8408798e-06	-3.8751596e-06	-4.9825044e-06	0.0010957214	-2.6310091e-06	-4.7385242e-06	-1.7359218e-06	8.0886217e-08	-0.0010668796	0.00017682245	0.0024663206	0.0024655928	-0.00029518172
0.142	1.142	0	0	0	1.04686	0	0	0	0.87422267	1.0451456	0.0021336973	-5.8750931e-06	-3.8954139e-06	-5.0042472e-06	0.0011111247	-2.6504166e-06	-4.7552564e-06	-1.7436003e-06	8.1089603e-08	-0.0010816344	0.00018178756	0.0025002637	0.0024995316	-0.00029289975
0.144	1.144	0	0	0	1.04752	0	0	0	0.87163315	1.0445328	0.0021625917	-5.9088347e-06	-3.915545e-06	-5.0255126e-06	0.0011265294	-2.6711544e-06	-4.7714726e-06	-1.7523527e-06	8.1247539e-08	-0.0010964008	0.00018682058	0.002534241	0.0025335045	-0.00029071306
0.146	1.146	0	0	0	1.04818	0	0	0	0.86903279	1.0438946	0.0021915204	-5.9421183e-06	-3.9355533e-06	-5.0463145e-06	0.0011419355	-2.6931845e-06	-4.7871747e-06	-1.7621293e-06	8.1362807e-08	-0.0011111791	0.00019192158	0.0025682532	0.0025675121	-0.00028861581
0.148	1.148	0	0	0	1.04884	0	0	0	0.86642164	1.0432308	0.0022204841	-5.9749573e-06	-3.9554387e-06	-5.0666664e-06	0.0011573431	-2.7164707e-06	-4.8023644e-06	-1.7728827e-06	8.1438104e-08	-0.0011259696	0.00019709063	0.0026023008	0.0026015552	-0.00028660258
0.15	1.15	0	0	0	1.0495	0	0	0	0.86379974	1.0425415	0.0022494835	-6.0073644e-06	-3.9752012e-06	-5.086581e-06	0.0011727523	-2.7409783e-06	-4.8170431e-06	-1.7845673e-06	8.1476046e-08	-0.0011407724	0.0002023278	0.0026363847	0.0026356345	-0.00028466831
0.152	1.152	0	0	0	1.05016	0	0	0	0.86116714	1.0418265	0.0022785192	-6.0393518e-06	-3.9948401e-06	-5.106071e-06	0.0011881632	-2.7666743e-06	-4.831212e-06	-1.7971398e-06	8.1479173e-08	-0.001155588	0.00020763316	0.0026705056	0.0026697505	-0.00028280832
0.154	1.154	0	0	0	1.05082	0	0	0	0.85852388	1.0410858	0.0023075917	-6.0709317e-06	-4.0143545e-06	-5.1251483e-06	0.001203576	-2.7935268e-06	-4.8448723e-06	-1.8105582e-06	8.1449945e-08	-0.0011704164	0.0002130068	0.0027046639	0.0027039041	-0.00028101823
0.156	1.156	0	0	0	1.05148	0	0	0	0.85587	1.0403193	0.0023367019	-6.1021156e-06	-4.0337436e-06	-5.1438246e-06	0.0012189906	-2.8215056e-06	-4.858025e-06	-1.8247823e-06	8.1390754e-08	-0.001185258	0.00021844878	0.0027388606	0.0027380958	-0.00027929395
0.158	1.158	0	0	0	1.05214	0	0	0	0.85320552	1.0395269	0.0023658502	-6.1329146e-06	-4.0530059e-06	-5.1621113e-06	0.0012344073	-2.8505814e-06	-4.8706709e-06	-1.8397737e-06	8.1303919e-08	-0.0012001129	0.00022395918	0.002773096	0.0027723264	-0.00027763166
0.16	1.16	0	0	0	1.0528	0	0	0	0.85053049	1.0387087	0.0023950372	-6.1633398e-06	-4.0721401e-06	-5.1800193e-06	0.0012498261	-2.8807262e-06	-4.8828108e-06	-1.8554951e-06	8.1191692e-08	-0.0012149815	0.00022953809	0.002807371	0.0028065963	-0.0002760278
0.162	1.162	0	0	0	1.05346	0	0	0	0.84784494	1.0378644	0.0024242637	-6.1934016e-06	-4.0911445e-06	-5.1975593e-06	0.0012652472	-2.9119131e-06	-4.8944454e-06	-1.8719108e-06	8.1056264e-08	-0.001229864	0.00023518557	0.0028416862	0.0028409064	-0.00027447901
0.164	1.164	0	0	0	1.05412	0	0	0	0.84514889	1.036994	0.0024535301	-6.2231105e-06	-4.1100175e-06	-5.2147416e-06	0.0012806707	-2.944116e-06	-4.9055754e-06	-1.8889861e-06	8.0899761e-08	-0.0012447606	0.00024090171	0.0028760421	0.0028752572	-0.00027298215
0.166	1.166	0	0	0	1.05478	0	0	0	0.84244236	1.0360975	0.002482837	-6.2524763e-06	-4.1287573e-06	-5.2315763e-06	0.0012960968	-2.97731e-06	-4.9162013e-06	-1.9066879e-06	8.072425e-08	-0.0012596715	0.0002466866	0.0029104395	0.0029096494	-0.00027153428
0.168	1.168	0	0	0	1.05544	0	0	0	0.8397254	1.0351748	0.0025121851	-6.2815088e-06	-4.1473618e-06	-5.2480733e-06	0.0013115255	-3.0114709e-06	-4.9263236e-06	-1.9249838e-06	8.0531742e-08	-0.001274597	0.00025254031	0.0029448789	0.0029440836	-0.00027013264
0.17	1.17	0	0	0	1.0561	0	0	0	0.83699802	1.0342257	0.002541575	-6.3102176e-06	-4.1658291e-06	-5.2642421e-06	0.0013269569	-3.0465752e-06	-4.9359429e-06	-1.9438428e-06	8.0324191e-08	-0.0012895374	0.00025846293	0.002979361	0.0029785605	-0.0002687746
0.172	1.172	0	0	0	1.05676	0	0	0	0.83426026	1.0332503	0.0025710072	-6.3386119e-06	-4.1841571e-06	-5.2800919e-06	0.0013423914	-3.0826004e-06	-4.9450596e-06	-1.9632348e-06	8.0103502e-08	-0.0013044929	0.00026445455	0.0030138865	0.0030130806	-0.00026745772
0.174	1.174	0	0	0	1.05742	0	0	0	0.83151213	1.0322484	0.0026004823	-6.3667009e-06	-4.2023437e-06	-5.2956319e-06	0.0013578289	-3.1195247e-06	-4.9536744e-06	-1.9831306e-06	7.9871527e-08	-0.0013194637	0.00027051525	0.0030484559	0.0030476446	-0.00026617967
0.176	1.176	0	0	0	1.05808	0	0	0	0.82875366	1.0312199	0.0026300009	-6.3944932e-06	-4.2203868e-06	-5.3108709e-06	0.0013732696	-3.1573267e-06	-4.9617876e-06	-2.0035018e-06	7.9630067e-08	-0.0013344501	0.00027664513	0.0030830699	0.0030822533	-0.00026493827
0.178	1.178	0	0	0	1.05874	0	0	0	0.82598489	1.0301648	0.0026595637	-6.4219977e-06	-4.2382843e-06	-5.3258177e-06	0.0013887137	-3.1959858e-06	-4.9693999e-06	-2.0243212e-06	7.9380882e-08	-0.0013494523	0.00028284427	0.0031177291	0.0031169071	-0.00026373146
0.18	1.18	0	0	0	1.0594	0	0	0	0.82320583	1.029083	0.0026891712	-6.4492228e-06	-4.2560341e-06	-5.3404806e-06	0.0014041613	-3.2354821e-06	-4.9765118e-06	-2.0455619e-06	7.9125681e-08	-0.0013644706	0.00028911276	0.0031524343	0.0031516068	-0.00026255726
0.182	1.182	0	0	0	1.06006	0	0	0	0.82041651	1.0279744	0.0027188241	-6.4761767e-06	-4.273634e-06	-5.354868e-06	0.0014196126	-3.2757961e-06	-4.9831239e-06	-2.0671983e-06	7.8866133e-08	-0.0013795052	0.00029545069	0.0031871861	0.0031863531	-0.00026141384
0.184	1.184	0	0	0	1.06072	0	0	0	0.81761697	1.026839	0.0027485229	-6.5028677e-06	-4.2910821e-06	-5.368988e-06	0.0014350678	-3.3169087e-06	-4.9892368e-06	-2.089205e-06	7.8603865e-08	-0.0013945564	0.00030185817	0.003221985	0.0032211466	-0.00026029943
0.186	1.186	0	0	0	1.06138	0	0	0	0.81480722	1.0256766	0.0027782682	-6.5293038e-06	-4.3083763e-06	-5.3828486e-06	0.001450527	-3.3588015e-06	-4.9948512e-06	-2.1115578e-06	7.8340463e-08	-0.0014096245	0.00030833528	0.0032568319	0.0032559879	-0.00025921236
0.188	1.188	0	0	0	1.06204	0	0	0	0.81198731	1.0244872	0.0028080608	-6.5554927e-06	-4.3255148e-06	-5.3964575e-06	0.0014659904	-3.4014565e-06	-4.999968e-06	-2.1342326e-06	7.8077472e-08	-0.0014247097	0.00031488212	0.0032917273	0.0032908778	-0.00025815104
0.19	1.19	0	0	0	1.0627	0	0	0	0.80915725	1.0232708	0.0028379011	-6.5814422e-06	-4.3424957e-06	-5.4098225e-06	0.0014814581	-3.4448558e-06	-5.0045878e-06	-2.1572064e-06	7.7816404e-08	-0.0014398123	0.00032149879	0.003326672	0.0033258169	-0.00025711397
0.192	1.192	0	0	0	1.06336	0	0	0	0.80631708	1.0220272	0.0028677899	-6.60716e-06	-4.3593173e-06	-5.4229511e-06	0.0014969304	-3.4889824e-06	-5.0087116e-06	-2.1804565e-06	7.7558732e-08	-0.0014549326	0.00032818539	0.0033616666	0.0033608059	-0.00025609971
0.194	1.194	0	0	0	1.06402	0	0	0	0.80346684	1.0207563	0.0028977278	-6.6326534e-06	-4.3759781e-06	-5.4358506e-06	0.0015124074	-3.5338192e-06	-5.0123404e-06	-2.2039608e-06	7.7305892e-08	-0.0014700708	0.00033494202	0.0033967119	0.0033958456	-0.00025510688
0.196	1.196	0	0	0	1.06468	0	0	0	0.80060656	1.0194582	0.0029277154	-6.6579298e-06	-4.3924766e-06	-5.4485284e-06	0.0015278892	-3.5793497e-06	-5.0154752e-06	-2.2276978e-06	7.705929e-08	-0.0014852272	0.00034176877	0.0034318085	0.0034309366	-0.00025413418
0.198	1.198	0	0	0	1.06534	0	0	0	0.79773627	1.0181327	0.0029577535	-6.6829965e-06	-4.4088115e-06	-5.4609917e-06	0.0015433762	-3.6255575e-06	-5.0181172e-06	-2.2516466e-06	7.6820297e-08	-0.0015004022	0.00034866576	0.0034669572	0.0034660797	-0.00025318036
0.2	1.2	0	0	0	1.066	0	0	0	0.79485602	1.0167798	0.0029878426	-6.7078607e-06	-4.4249818e-06	-5.4732474e-06	0.0015588685	-3.6724266e-06	-5.0202677e-06	-2.2757864e-06	7.6590251e-08	-0.0015155959	0.00035563309	0.0035021587	0.0035012755	-0.00025224421
0.202	1.202	0	0	0	1.06666	0	0	0	0.79196584	1.0153995	0.0030179834	-6.7325294e-06	-4.4409864e-06	-5.4853026e-06	0.0015743662	-3.7199412e-06	-5.021928e-06	-2.3000973e-06	7.6370461e-08	-0.0015308087	0.00036267086	0.0035374137	0.0035365249	-0.0002513246
0.204	1.204	0	0	0	1.06732	0	0	0	0.78906578	1.0139916	0.0030481767	-6.7570096e-06	-4.4568247e-06	-5.4971641e-06	0.0015898696	-3.7680859e-06	-5.0230996e-06	-2.3245597e-06	7.6162204e-08	-0.0015460408	0.00036977919	0.003572723	0.0035718286	-0.00025042042
0.206	1.206	0	0	0	1.06798	0	0	0	0.78615588	1.0125561	0.0030784231	-6.7813082e-06	-4.4724962e-06	-5.5088387e-06	0.0016053789	-3.8168451e-06	-5.0237841e-06	-2.3491541e-06	7.5966728e-08	-0.0015612926	0.00037695818	0.0036080874	0.0036071873	-0.00024953063
0.208	1.208	0	0	0	1.06864	0	0	0	0.78323619	1.011093	0.0031087233	-6.805432e-06	-4.4880007e-06	-5.5203331e-06	0.0016208943	-3.8662037e-06	-5.0239832e-06	-2.3738619e-06	7.5785252e-08	-0.0015765644	0.00038420794	0.0036435076	0.0036426018	-0.0002486542
0.21	1.21	0	0	0	1.0693	0	0	0	0.78030676	1.0096022	0.003139078	-6.8293879e-06	-4.5033382e-06	-5.5316539e-06	0.0016364159	-3.9161466e-06	-5.0236987e-06	-2.3986645e-06	7.5618967e-08	-0.0015918565	0.00039152859	0.0036789843	0.0036780729	-0.00024779016
0.212	1.212	0	0	0	1.06996	0	0	0	0.77736764	1.0080838	0.003169488	-6.8531825e-06	-4.5185089e-06	-5.5428077e-06	0.0016519441	-3.9666591e-06	-5.0229327e-06	-2.4235438e-06	7.5469036e-08	-0.0016071692	0.00039892023	0.0037145185	0.0037136014	-0.00024693757
0.214	1.214	0	0	0	1.07062	0	0	0	0.77441888	1.0065375	0.0031999539	-6.8768224e-06	-4.5335136e-06	-5.5538009e-06	0.0016674791	-4.0177261e-06	-5.0216873e-06	-2.4484821e-06	7.5336596e-08	-0.0016225028	0.00040638299	0.0037501108	0.0037491881	-0.00024609553
0.216	1.216	0	0	0	1.07128	0	0	0	0.77146054	1.0049635	0.0032304766	-6.9003142e-06	-4.5483532e-06	-5.56464e-06	0.001683021	-4.069333e-06	-5.0199648e-06	-2.4734619e-06	7.5222755e-08	-0.0016378576	0.00041391698	0.0037857621	0.0037848338	-0.00024526316
0.218	1.218	0	0	0	1.07194	0	0	0	0.76849268	1.0033617	0.0032610568	-6.9236645e-06	-4.563029e-06	-5.5753312e-06	0.0016985701	-4.1214651e-06	-5.0177676e-06	-2.4984661e-06	7.5128596e-08	-0.001653234	0.00042152233	0.0038214732	0.0038205393	-0.00024443962
0.22	1.22	0	0	0	1.0726	0	0	0	0.76551537	1.001732	0.0032916951	-6.9468798e-06	-4.5775427e-06	-5.585881e-06	0.0017141266	-4.1741077e-06	-5.0150983e-06	-2.5234777e-06	7.5055177e-08	-0.0016686323	0.00042919914	0.003857245	0.0038563055	-0.00024362409
0.222	1.222	0	0	0	1.07326	0	0	0	0.76252867	1.0000744	0.0033223925	-6.9699665e-06	-4.5918965e-06	-5.5962955e-06	0.0017296907	-4.2272462e-06	-5.0119597e-06	-2.5484803e-06	7.5003528e-08	-0.0016840528	0.00043694755	0.0038930783	0.0038921332	-0.00024281578
0.224	1.224	0	0	0	1.07392	0	0	0	0.75953265	0.99838902	0.0033531497	-6.992931e-06	-4.6060928e-06	-5.6065809e-06	0.0017452628	-4.2808658e-06	-5.0083548e-06	-2.5734576e-06	7.4974654e-08	-0.0016994958	0.00044476767	0.0039289739	0.0039280233	-0.00024201392
0.226	1.226	0	0	0	1.07458	0	0	0	0.75652739	0.99667572	0.0033839675	-7.0157798e-06	-4.6201348e-06	-5.6167434e-06	0.001760843	-4.3349518e-06	-5.0042866e-06	-2.5983933e-06	7.4969535e-08	-0.0017149618	0.00045265964	0.0039649328	0.0039639766	-0.00024121776
0.228	1.228	0	0	0	1.07524	0	0	0	0.75351295	0.99493452	0.0034148466	-7.0385191e-06	-4.634026e-06	-5.6267892e-06	0.0017764315	-4.3894894e-06	-4.9997586e-06	-2.6232718e-06	7.4989126e-08	-0.001730451	0.00046062358	0.0040009558	0.0039999941	-0.00024042658
0.23	1.23	0	0	0	1.0759	0	0	0	0.75048943	0.99316544	0.003445788	-7.0611553e-06	-4.6477705e-06	-5.6367242e-06	0.0017920288	-4.4444636e-06	-4.9947743e-06	-2.6480773e-06	7.5034355e-08	-0.0017459639	0.00046865962	0.0040370438	0.0040360766	-0.00023963968
0.232	1.232	0	0	0	1.07656	0	0	0	0.7474569	0.99136847	0.0034767923	-7.0836948e-06	-4.661373e-06	-5.6465545e-06	0.0018076349	-4.4998592e-06	-4.9893373e-06	-2.6727944e-06	7.5106126e-08	-0.0017615008	0.00047676789	0.0040731978	0.0040722251	-0.00023885636
0.234	1.234	0	0	0	1.07722	0	0	0	0.74441546	0.98954364	0.0035078606	-7.1061437e-06	-4.6748388e-06	-5.6562861e-06	0.0018232502	-4.555661e-06	-4.9834518e-06	-2.6974079e-06	7.5205315e-08	-0.001777062	0.00048494852	0.0041094186	0.0041084405	-0.00023807596
0.236	1.236	0	0	0	1.07788	0	0	0	0.74136519	0.98769095	0.0035389935	-7.1285084e-06	-4.688174e-06	-5.6659251e-06	0.0018388749	-4.6118533e-06	-4.977122e-06	-2.7219025e-06	7.5332774e-08	-0.0017926479	0.00049320165	0.0041457072	0.0041447236	-0.00023729783
0.238	1.238	0	0	0	1.07854	0	0	0	0.73830619	0.98581044	0.0035701921	-7.1507951e-06	-4.7013852e-06	-5.6754772e-06	0.0018545092	-4.6684204e-06	-4.9703522e-06	-2.7462634e-06	7.5489329e-08	-0.0018082589	0.00050152741	0.0041820645	0.0041810756	-0.00023652131
0.24	1.24	0	0	0	1.0792	0	0	0	0.73523857	0.98390214	0.003601457	-7.17301e-06	-4.71448e-06	-5.6849486e-06	0.0018701536	-4.7253461e-06	-4.9631473e-06	-2.7704758e-06	7.5675778e-08	-0.0018238954	0.00050992595	0.0042184915	0.0042174972	-0.00023574579
0.242	1.242	0	0	0	1.07986	0	0	0	0.73216242	0.98196608	0.0036327893	-7.1951594e-06	-4.7274668e-06	-5.6943449e-06	0.0018858082	-4.7826139e-06	-4.9555121e-06	-2.7945247e-06	7.5892892e-08	-0.0018395578	0.0005183974	0.0042549891	0.0042539896	-0.00023497065
0.244	1.244	0	0	0	1.08052	0	0	0	0.72907786	0.98000231	0.0036641899	-7.2172494e-06	-4.740355e-06	-5.7036722e-06	0.0019014733	-4.8402069e-06	-4.9474522e-06	-2.8183957e-06	7.6141415e-08	-0.0018552464	0.00052694191	0.0042915584	0.0042905536	-0.00023419528
0.246	1.246	0	0	0	1.08118	0	0	0	0.725985	0.9780109	0.0036956595	-7.2392864e-06	-4.7531549e-06	-5.7129363e-06	0.0019171491	-4.8981076e-06	-4.938973e-06	-2.8420741e-06	7.6422062e-08	-0.0018709617	0.00053555962	0.0043282004	0.0043271903	-0.00023341911
0.248	1.248	0	0	0	1.08184	0	0	0	0.72288396	0.97599189	0.0037271992	-7.2612764e-06	-4.7658779e-06	-5.722143e-06	0.0019328361	-4.956298e-06	-4.9300805e-06	-2.8655453e-06	7.6735518e-08	-0.001886704	0.00054425067	0.004364916	0.0043639007	-0.00023264154
0.25	1.25	0	0	0	1.0825	0	0	0	0.71977486	0.97394535	0.0037588098	-7.2832258e-06	-4.7785367e-06	-5.731298e-06	0.0019485345	-5.0147595e-06	-4.920781e-06	-2.8887948e-06	7.708244e-08	-0.0019024738	0.00055301522	0.0044017062	0.0044006859	-0.000231862
0.252	1.252	0	0	0	1.08316	0	0	0	0.71665782	0.97187137	0.0037904924	-7.3051407e-06	-4.7911451e-06	-5.7404073e-06	0.0019642445	-5.0734729e-06	-4.9110812e-06	-2.9118079e-06	7.7463451e-08	-0.0019182714	0.00056185341	0.0044385722	0.0044375467	-0.00023107994
0.254	1.254	0	0	0	1.08382	0	0	0	0.71353299	0.96977003	0.0038222478	-7.3270273e-06	-4.8037185e-06	-5.7494764e-06	0.0019799665	-5.132418e-06	-4.9009882e-06	-2.9345701e-06	7.7879145e-08	-0.0019340974	0.00057076541	0.0044755149	0.0044744844	-0.00023029479
0.256	1.256	0	0	0	1.08448	0	0	0	0.71040051	0.96764142	0.003854077	-7.3488918e-06	-4.8162737e-06	-5.7585113e-06	0.0019957007	-5.1915738e-06	-4.8905095e-06	-2.9570666e-06	7.8330078e-08	-0.001949952	0.00057975135	0.0045125354	0.0045114999	-0.000229506
0.258	1.258	0	0	0	1.08514	0	0	0	0.70726051	0.96548565	0.0038859809	-7.3707405e-06	-4.8288293e-06	-5.7675176e-06	0.0020114475	-5.2509185e-06	-4.8796532e-06	-2.9792826e-06	7.8816776e-08	-0.0019658358	0.00058881141	0.0045496347	0.0045485944	-0.00022871305
0.26	1.26	0	0	0	1.0858	0	0	0	0.70411314	0.96330282	0.0039179606	-7.3925795e-06	-4.8414058e-06	-5.7765011e-06	0.0020272072	-5.3104288e-06	-4.8684278e-06	-3.0012031e-06	7.9339722e-08	-0.0019817491	0.00059794573	0.004586814	0.0045857688	-0.00022791538
0.262	1.262	0	0	0	1.08646	0	0	0	0.70095856	0.96109306	0.003950017	-7.4144152e-06	-4.8540256e-06	-5.7854673e-06	0.0020429801	-5.3700805e-06	-4.8568424e-06	-3.0228128e-06	7.9899365e-08	-0.0019976924	0.00060715448	0.0046240743	0.0046230244	-0.00022711248
0.264	1.264	0	0	0	1.08712	0	0	0	0.69779693	0.95885649	0.0039821512	-7.4362536e-06	-4.8667134e-06	-5.7944219e-06	0.0020587665	-5.4298478e-06	-4.8449066e-06	-3.0440963e-06	8.049611e-08	-0.0020136661	0.00061643783	0.0046614168	0.0046603621	-0.00022630383
0.266	1.266	0	0	0	1.08778	0	0	0	0.69462842	0.95659327	0.0040143641	-7.4581011e-06	-4.8794964e-06	-5.8033707e-06	0.0020745668	-5.4897034e-06	-4.832631e-06	-3.0650378e-06	8.1130319e-08	-0.0020296707	0.00062579593	0.0046988424	0.0046977831	-0.0002254889
0.268	1.268	0	0	0	1.08844	0	0	0	0.69145319	0.95430353	0.0040466567	-7.479964e-06	-4.8924047e-06	-5.8123191e-06	0.0020903811	-5.5496183e-06	-4.8200266e-06	-3.085621e-06	8.1802307e-08	-0.0020457065	0.00063522896	0.0047363524	0.0047352886	-0.00022466718
0.27	1.27	0	0	0	1.0891	0	0	0	0.68827142	0.95198743	0.00407903	-7.5018485e-06	-4.9054713e-06	-5.8212728e-06	0.00210621	-5.6095612e-06	-4.8071053e-06	-3.1058293e-06	8.2512339e-08	-0.0020617742	0.00064473708	0.0047739479	0.0047728796	-0.00022383818
0.272	1.272	0	0	0	1.08976	0	0	0	0.6850833	0.94964515	0.0041114852	-7.5237608e-06	-4.9187327e-06	-5.8302372e-06	0.0021220536	-5.6694991e-06	-4.7938802e-06	-3.1256455e-06	8.3260627e-08	-0.002077874	0.00065432048	0.00481163	0.0048105572	-0.00022300139
0.274	1.274	0	0	0	1.09042	0	0	0	0.68188901	0.94727686	0.0041440231	-7.5457073e-06	-4.9322292e-06	-5.8392178e-06	0.0021379123	-5.7293959e-06	-4.7803649e-06	-3.1450517e-06	8.4047326e-08	-0.0020940065	0.00066397931	0.0048493998	0.0048483227	-0.00022215631
0.276	1.276	0	0	0	1.09108	0	0	0	0.67868875	0.94488275	0.0041766449	-7.5676943e-06	-4.9460056e-06	-5.8482202e-06	0.0021537865	-5.789213e-06	-4.7665745e-06	-3.1640294e-06	8.4872524e-08	-0.0021101721	0.00067371377	0.0048872585	0.0048861772	-0.00022130247
0.278	1.278	0	0	0	1.09174	0	0	0	0.67548272	0.94246303	0.0042093516	-7.5897281e-06	-4.9601111e-06	-5.8572496e-06	0.0021696765	-5.8489087e-06	-4.7525253e-06	-3.1825591e-06	8.5736245e-08	-0.0021263713	0.00068352402	0.0049252073	0.0049241218	-0.00022043937
0.28	1.28	0	0	0	1.0924	0	0	0	0.67227113	0.9400179	0.0042421442	-7.6118152e-06	-4.9746009e-06	-5.8663114e-06	0.0021855826	-5.9084372e-06	-4.7382349e-06	-3.2006202e-06	8.6638436e-08	-0.0021426045	0.00069341026	0.0049632473	0.0049621577	-0.00021956655
0.282	1.282	0	0	0	1.09306	0	0	0	0.66905419	0.93754759	0.0042750239	-7.6339618e-06	-4.9895359e-06	-5.8754109e-06	0.0022015051	-5.9677491e-06	-4.7237226e-06	-3.2181911e-06	8.7578962e-08	-0.0021588722	0.00070337265	0.0050013796	0.0050002861	-0.00021868354
0.284	1.284	0	0	0	1.09372	0	0	0	0.66583212	0.93505234	0.0043079916	-7.6561744e-06	-5.0049843e-06	-5.8845533e-06	0.0022174444	-6.0267898e-06	-4.7090096e-06	-3.2352487e-06	8.8557597e-08	-0.0021751748	0.0007134114	0.0050396055	0.0050385081	-0.00021778989
0.286	1.286	0	0	0	1.09438	0	0	0	0.66260514	0.93253238	0.0043410484	-7.6784595e-06	-5.0210222e-06	-5.8937437e-06	0.0022334008	-6.0854998e-06	-4.6941189e-06	-3.2517684e-06	8.9574013e-08	-0.0021915129	0.00072352669	0.005077926	0.005076825	-0.00021688516
0.288	1.288	0	0	0	1.09504	0	0	0	0.65937349	0.92998797	0.0043741954	-7.7008235e-06	-5.0377348e-06	-5.902987e-06	0.0022493747	-6.1438132e-06	-4.6790761e-06	-3.2677236e-06	9.0627769e-08	-0.0022078869	0.0007337187	0.0051163425	0.0051152378	-0.00021596891
0.29	1.29	0	0	0	1.0957	0	0	0	0.6561374	0.92741938	0.0044074336	-7.7232731e-06	-5.0552178e-06	-5.9122882e-06	0.0022653664	-6.2016572e-06	-4.6639094e-06	-3.2830857e-06	9.1718298e-08	-0.0022242973	0.00074398764	0.0051548561	0.0051537478	-0.00021504075
0.292	1.292	0	0	0	1.09636	0	0	0	0.65289712	0.92482689	0.0044407642	-7.7458148e-06	-5.073579e-06	-5.9216521e-06	0.0022813763	-6.2589507e-06	-4.6486501e-06	-3.2978235e-06	9.2844886e-08	-0.0022407444	0.00075433369	0.0051934679	0.0051923562	-0.00021410027
0.294	1.294	0	0	0	1.09702	0	0	0	0.64965289	0.92221079	0.0044741881	-7.7684554e-06	-5.0929402e-06	-5.9310833e-06	0.0022974046	-6.3156035e-06	-4.6333332e-06	-3.3119029e-06	9.400666e-08	-0.0022572289	0.00076475706	0.0052321791	0.0052310641	-0.00021314712
0.296	1.296	0	0	0	1.09768	0	0	0	0.64640498	0.91957138	0.0045077065	-7.7912016e-06	-5.1134394e-06	-5.9405863e-06	0.0023134517	-6.3715145e-06	-4.6179978e-06	-3.3252863e-06	9.5202557e-08	-0.0022737511	0.00077525795	0.0052709909	0.0052698727	-0.00021218096
0.298	1.298	0	0	0	1.09834	0	0	0	0.64315363	0.91690896	0.0045413203	-7.8140603e-06	-5.1352336e-06	-5.9501654e-06	0.002329518	-6.42657e-06	-4.6026878e-06	-3.3379321e-06	9.6431299e-08	-0.0022903116	0.00078583655	0.0053099044	0.0053087832	-0.00021120149
0.3	1.3	0	0	0	1.099	0	0	0	0.63989912	0.91422388	0.0045750307	-7.8370387e-06	-5.1585022e-06	-5.9598247e-06	0.0023456039	-6.4806418e-06	-4.5874532e-06	-3.3497942e-06	9.7691359e-08	-0.0023069108	0.00079649308	inf	inf	inf
