lambda	F11	F12	F13	F21	F22	F23	F31	F32	F33	J	P11	P12	P13	P21	P22	P23	P31	P32	P33	p	StrEn	t(1)	t(2)	d
0	1	0	0	0	1	0	0	0	1	1	0	0	0	0	0	0	0	0	0	-0	0	inf	inf	inf
-0.002	0.998	0	0	0	0.998	0	-0	-0	1.0021048	0.99810043	-5.6902363e-06	-1.0385186e-07	8.7441427e-08	-1.0570291e-07	-6.6605865e-06	-4.8163085e-08	9.7691319e-08	-3.8616249e-08	1.5769306e-08	4.1116845e-06	1.2620942e-08	-1.2367164e-05	-1.2141378e-05	-0.01859642
-0.004	0.996	0	0	0	0.996	0	-0	-0	1.0041451	0.99612801	-1.0786984e-05	-2.1312904e-07	1.8801567e-07	-2.165583e-07	-1.2513153e-05	-1.1850828e-07	2.0765663e-07	-9.9660128e-08	3.1174328e-08	7.756321e-06	4.8565512e-08	-2.3331488e-05	-2.3100103e-05	-0.010016617
-0.006	0.994	0	0	0	0.994	0	-0	-0	1.0061274	0.99409014	-1.5385721e-05	-3.09286e-07	3.0065847e-07	-3.1359011e-07	-1.7452346e-05	-2.1664181e-07	3.2966631e-07	-1.910383e-07	4.6675223e-08	1.0930464e-05	1.0502135e-07	-3.2883604e-05	-3.2701043e-05	-0.0055827355
-0.008	0.992	0	0	0	0.992	0	-0	-0	1.0080476	0.99198334	-1.9552096e-05	-3.8065957e-07	4.2970122e-07	-3.8620486e-07	-2.165997e-05	-3.5293585e-07	4.6846695e-07	-3.2249414e-07	6.2905796e-08	1.3716387e-05	1.7936968e-07	-4.1271216e-05	-4.1146225e-05	-0.0030377346
-0.01	0.99	0	0	0	0.99	0	-0	-0	1.0098886	0.98979185	-2.3342875e-05	-4.0603851e-07	5.8993021e-07	-4.1441814e-07	-2.537669e-05	-5.4060585e-07	6.3932513e-07	-5.0680626e-07	8.0622768e-08	1.6212981e-05	2.6960625e-07	-4.8791415e-05	-4.8690676e-05	-0.0020689606
-0.012	0.988	0	0	0	0.988	0	-0	-0	1.0116123	0.98747931	-2.6759471e-05	-3.4395888e-07	8.0995624e-07	-3.5780212e-07	-2.8694944e-05	-7.9899592e-07	8.7187497e-07	-7.6335912e-07	1.0078264e-07	1.8451211e-05	3.7413239e-07	-5.5536531e-05	-5.5428332e-05	-0.0019520609
-0.014	0.986	0	0	0	0.986	0	-0	-0	1.0131477	0.98497818	-2.9726607e-05	-1.2880737e-07	1.1207902e-06	-1.5135048e-07	-3.157193e-05	-1.149967e-06	1.1990931e-06	-1.1142418e-06	1.2443557e-07	2.0391367e-05	4.9131958e-07	-6.1385141e-05	-6.1256179e-05	-0.0021052998
-0.016	0.984	0	0	0	0.984	0	-0	-0	1.0143962	0.98219525	-3.2116535e-05	2.7354595e-07	1.4664105e-06	2.4004796e-07	-3.388888e-05	-1.5905252e-06	1.5667102e-06	-1.5555011e-06	1.5279303e-07	2.1950874e-05	6.1915711e-07	-6.6085892e-05	-6.5947527e-05	-0.0020981101
-0.018	0.982	0	0	0	0.982	0	-0	-0	1.0152546	0.97903436	-3.3809279e-05	7.131355e-07	1.5964108e-06	6.6912312e-07	-3.5514743e-05	-2.0348668e-06	1.7206121e-06	-1.9969468e-06	1.8748281e-07	2.3045513e-05	7.5510969e-07	-6.9386581e-05	-6.930134e-05	-0.001230013
-0.02	0.98	0	0	0	0.98	0	-0	-0	1.015731	0.97550801	-3.4868033e-05	9.441437e-07	1.4744902e-06	8.9058842e-07	-3.6494602e-05	-2.3608637e-06	1.6175916e-06	-2.3150495e-06	2.2539701e-07	2.3712412e-05	8.9636246e-07	-7.1403576e-05	-7.1433429e-05	0.00041792122
-0.022	0.978	0	0	0	0.978	0	-0	-0	1.0159811	0.97176971	-3.5557695e-05	9.8927851e-07	1.3196827e-06	9.267716e-07	-3.7102772e-05	-2.5633373e-06	1.4773051e-06	-2.5084594e-06	2.6095811e-07	2.413317e-05	1.0408434e-06	-7.2685567e-05	-7.2778733e-05	0.0012801303
-0.024	0.976	0	0	0	0.976	0	-0	-0	1.0161157	0.96792742	-3.6055234e-05	9.5665539e-07	1.1988177e-06	8.8612761e-07	-3.7525798e-05	-2.6841922e-06	1.3686391e-06	-2.6209009e-06	2.926367e-07	2.4429465e-05	1.1874774e-06	-7.3595973e-05	-7.3714798e-05	0.0016119495
-0.026	0.974	0	0	0	0.974	0	-0	-0	1.0161854	0.96403069	-3.6441832e-05	9.0026689e-07	1.1093637e-06	8.2275319e-07	-3.7846491e-05	-2.7550069e-06	1.2899757e-06	-2.684337e-06	3.2076893e-07	2.4655851e-05	1.3357026e-06	-7.4296272e-05	-7.4427175e-05	0.0017587996
-0.028	0.972	0	0	0	0.972	0	-0	-0	1.0162148	0.9601035	-3.6757221e-05	8.4022519e-07	1.0422443e-06	7.5667791e-07	-3.8103777e-05	-2.7952978e-06	1.2326575e-06	-2.7183161e-06	3.459614e-07	2.4838346e-05	1.4851861e-06	-7.4863754e-05	-7.5001721e-05	0.0018395271
-0.03	0.97	0	0	0	0.97	0	-0	-0	1.0162172	0.9561588	-3.7023257e-05	7.8333528e-07	9.9077713e-07	6.9457996e-07	-3.8318336e-05	-2.8168057e-06	1.1902362e-06	-2.7345248e-06	3.6874124e-07	2.499095e-05	1.6357095e-06	-7.5340272e-05	-7.5483214e-05	0.0018936948
-0.032	0.968	0	0	0	0.968	0	-0	-0	1.0162005	0.95220425	-3.7253149e-05	7.3151803e-07	9.5057351e-07	6.3825997e-07	-3.850231e-05	-2.8266486e-06	1.1584743e-06	-2.7400051e-06	3.8952003e-07	2.512198e-05	1.787119e-06	-7.5750814e-05	-7.5897755e-05	0.0019360359
-0.034	0.966	0	0	0	0.966	0	-0	-0	1.0161695	0.9482447	-3.7455473e-05	6.8493432e-07	9.1873726e-07	5.8777697e-07	-3.8663388e-05	-2.829217e-06	1.1345822e-06	-2.7390692e-06	4.0861444e-07	2.5236749e-05	1.9393005e-06	-7.6111427e-05	-7.6261866e-05	0.0019726615
-0.036	0.964	0	0	0	0.964	0	-0	-0	1.0161277	0.94428342	-3.7636106e-05	6.4314959e-07	8.9330236e-07	5.4261279e-07	-3.8806721e-05	-2.8272695e-06	1.1166736e-06	-2.734402e-06	4.2627039e-07	2.5338852e-05	2.0921664e-06	-7.6433002e-05	-7.658666e-05	0.0020063317
-0.038	0.962	0	0	0	0.962	0	-0	-0	1.0160773	0.94032268	-3.7799245e-05	6.0557261e-07	8.7289218e-07	5.0210804e-07	-3.8935916e-05	-2.8225679e-06	1.1034344e-06	-2.7276982e-06	4.4268195e-07	2.5430826e-05	2.2456471e-06	-7.6723252e-05	-7.6879962e-05	0.0020383775
-0.04	0.96	0	0	0	0.96	0	-0	-0	1.0160201	0.93636413	-3.7947991e-05	5.7161786e-07	8.5651477e-07	4.6562132e-07	-3.905359e-05	-2.8162524e-06	1.0939226e-06	-2.7200379e-06	4.580049e-07	2.5514525e-05	2.3996863e-06	-7.6987832e-05	-7.7147486e-05	0.0020694747
-0.042	0.958	0	0	0	0.958	0	-0	-0	1.0159573	0.932409	-3.8084698e-05	5.4076006e-07	8.4343701e-07	4.325812e-07	-3.9161695e-05	-2.8090673e-06	1.0874466e-06	-2.712112e-06	4.7236634e-07	2.5591342e-05	2.5542371e-06	-7.7231003e-05	-7.7393527e-05	0.0020999811
-0.044	0.956	0	0	0	0.956	0	-0	-0	1.0158898	0.92845824	-3.8211192e-05	5.1254663e-07	8.3310496e-07	4.0249661e-07	-3.9261725e-05	-2.8015009e-06	1.0834871e-06	-2.7043614e-06	4.8587153e-07	2.5662348e-05	2.7092604e-06	-7.7456049e-05	-7.762139e-05	0.0021300938
-0.046	0.954	0	0	0	0.954	0	-0	-0	1.0158184	0.92451258	-3.8328918e-05	4.8659433e-07	8.2509179e-07	3.749519e-07	-3.9354841e-05	-2.7938731e-06	1.081647e-06	-2.6970635e-06	4.9860877e-07	2.5728383e-05	2.8647226e-06	-7.7665551e-05	-7.7833666e-05	0.0021599259
-0.048	0.952	0	0	0	0.952	0	-0	-0	1.0157437	0.92057259	-3.8439036e-05	4.6258088e-07	8.1906277e-07	3.4959725e-07	-3.9441966e-05	-2.7863914e-06	1.0816173e-06	-2.6903887e-06	5.1065307e-07	2.5790116e-05	3.020595e-06	-7.786157e-05	-7.8032426e-05	0.0021895461
-0.05	0.95	0	0	0	0.95	0	-0	-0	1.0156662	0.91663874	-3.8542491e-05	4.402356e-07	8.1475113e-07	3.2613836e-07	-3.9523837e-05	-2.7791884e-06	1.0831536e-06	-2.684436e-06	5.2206876e-07	2.5848087e-05	3.1768524e-06	-7.8045776e-05	-7.8219345e-05	0.0022189987
-0.052	0.948	0	0	0	0.948	0	-0	-0	1.0155862	0.91271142	-3.8640063e-05	4.1933087e-07	8.11941e-07	3.0432718e-07	-3.9601059e-05	-2.7723455e-06	1.0860601e-06	-2.6792569e-06	5.3291157e-07	2.5902737e-05	3.3334724e-06	-7.8219536e-05	-7.8395794e-05	0.0022483149
-0.054	0.946	0	0	0	0.946	0	-0	-0	1.0155042	0.90879093	-3.8732401e-05	3.9967474e-07	8.1045504e-07	2.83954e-07	-3.9674125e-05	-2.7659099e-06	1.0901769e-06	-2.6748717e-06	5.432302e-07	2.5954432e-05	3.4904355e-06	-7.8383982e-05	-7.8562911e-05	0.0022775186
-0.056	0.944	0	0	0	0.944	0	-0	-0	1.0154202	0.90487754	-3.882005e-05	3.8110482e-07	8.1014532e-07	2.6484084e-07	-3.9743445e-05	-2.759905e-06	1.0953721e-06	-2.6712797e-06	5.5306746e-07	2.6003476e-05	3.6477241e-06	-7.8540063e-05	-7.8721644e-05	0.0023066293
-0.058	0.942	0	0	0	0.942	0	-0	-0	1.0153347	0.90097146	-3.8903474e-05	3.6348329e-07	8.1088656e-07	2.4683608e-07	-3.9809362e-05	-2.7543389e-06	1.1015345e-06	-2.668467e-06	5.6246129e-07	2.6050125e-05	3.8053221e-06	-7.8688576e-05	-7.8872796e-05	0.0023356637
-0.06	0.94	0	0	0	0.94	0	-0	-0	1.0152477	0.89707288	-3.8983069e-05	3.466928e-07	8.1257084e-07	2.2981015e-07	-3.9872165e-05	-2.749209e-06	1.1085691e-06	-2.6664111e-06	5.7144548e-07	2.6094596e-05	3.9632152e-06	-7.8830199e-05	-7.9017046e-05	0.0023646361
-0.062	0.938	0	0	0	0.938	0	-0	-0	1.0151595	0.89318196	-3.9059176e-05	3.3063319e-07	8.1510364e-07	2.1365196e-07	-3.9932098e-05	-2.7445059e-06	1.1163929e-06	-2.6650846e-06	5.800503e-07	2.6137075e-05	4.1213903e-06	-7.8965514e-05	-7.9154976e-05	0.0023935587
-0.064	0.936	0	0	0	0.936	0	-0	-0	1.0150701	0.88929883	-3.913209e-05	3.1521883e-07	8.1840064e-07	1.9826608e-07	-3.9989372e-05	-2.740216e-06	1.1249319e-06	-2.6644571e-06	5.8830295e-07	2.617772e-05	4.2798351e-06	-7.9095019e-05	-7.9287087e-05	0.0024224409
-0.066	0.934	0	0	0	0.934	0	-0	-0	1.0149797	0.8854236	-3.9202069e-05	3.0037646e-07	8.2238535e-07	1.8357035e-07	-4.0044165e-05	-2.7363233e-06	1.1341191e-06	-2.6644975e-06	5.96228e-07	2.6216669e-05	4.4385386e-06	-7.9219147e-05	-7.9413813e-05	0.0024512893
-0.068	0.932	0	0	0	0.932	0	-0	-0	1.0148883	0.88155638	-3.9269338e-05	2.8604338e-07	8.2698708e-07	1.6949402e-07	-4.0096634e-05	-2.7328103e-06	1.143892e-06	-2.6651742e-06	6.038477e-07	2.6254042e-05	4.5974904e-06	-7.9338278e-05	-7.9535534e-05	0.002480107
-0.07	0.93	0	0	0	0.93	0	-0	-0	1.0147962	0.87769724	-3.9334097e-05	2.72166e-07	8.3213954e-07	1.5597617e-07	-4.0146914e-05	-2.7296594e-06	1.1541917e-06	-2.6664565e-06	6.1118225e-07	2.6289943e-05	4.7566808e-06	-7.9452742e-05	-7.9652582e-05	0.0025088931
-0.072	0.928	0	0	0	0.928	0	-0	-0	1.0147033	0.87384627	-3.9396523e-05	2.5869864e-07	8.3777968e-07	1.4296436e-07	-4.0195126e-05	-2.7268529e-06	1.1649615e-06	-2.6683149e-06	6.1825002e-07	2.6324466e-05	4.9161007e-06	-7.9562833e-05	-7.9765249e-05	0.0025376423
-0.074	0.926	0	0	0	0.926	0	-0	-0	1.0146098	0.87000354	-3.9456772e-05	2.4560244e-07	8.4384686e-07	1.3041355e-07	-4.0241376e-05	-2.7243738e-06	1.1761465e-06	-2.6707209e-06	6.2506775e-07	2.6357693e-05	5.0757418e-06	-7.9668815e-05	-7.9873798e-05	0.0025663446
-0.076	0.924	0	0	0	0.924	0	-0	-0	1.0145156	0.86616909	-3.9514987e-05	2.3284454e-07	8.5028232e-07	1.1828515e-07	-4.0285759e-05	-2.7222057e-06	1.1876923e-06	-2.6736477e-06	6.3165072e-07	2.6389699e-05	5.2355959e-06	-7.9770921e-05	-7.9978464e-05	0.002594985
-0.078	0.922	0	0	0	0.922	0	-0	-0	1.0144209	0.86234298	-3.9571294e-05	2.2039724e-07	8.5702887e-07	1.0654616e-07	-4.0328365e-05	-2.720333e-06	1.1995456e-06	-2.6770701e-06	6.3801286e-07	2.6420549e-05	5.3956556e-06	-7.9869364e-05	-8.0079456e-05	0.0026235435
-0.08	0.92	0	0	0	0.92	0	-0	-0	1.0143257	0.85852526	-3.9625809e-05	2.0823737e-07	8.6403075e-07	9.5168455e-08	-4.0369273e-05	-2.718741e-06	1.2116537e-06	-2.6809642e-06	6.4416688e-07	2.6450305e-05	5.5559137e-06	-7.996434e-05	-8.0176969e-05	0.0026519954
-0.082	0.918	0	0	0	0.918	0	-0	-0	1.01423	0.85471598	-3.9678636e-05	1.9634564e-07	8.7123369e-07	8.4128136e-08	-4.0408559e-05	-2.7174159e-06	1.2239644e-06	-2.6853076e-06	6.5012442e-07	2.6479023e-05	5.7163635e-06	-8.0056027e-05	-8.0271179e-05	0.002680312
-0.084	0.916	0	0	0	0.916	0	-0	-0	1.0141339	0.85091516	-3.972987e-05	1.8470609e-07	8.7858511e-07	7.3404929e-08	-4.0446294e-05	-2.7163443e-06	1.2364267e-06	-2.6900791e-06	6.5589605e-07	2.6506756e-05	5.8769985e-06	-8.0144591e-05	-8.0362249e-05	0.0027084604
-0.086	0.914	0	0	0	0.914	0	-0	-0	1.0140375	0.84712284	-3.97796e-05	1.7330557e-07	8.8603436e-07	6.2981649e-08	-4.0482548e-05	-2.715514e-06	1.2489906e-06	-2.6952589e-06	6.6149146e-07	2.6533552e-05	6.0378125e-06	-8.0230187e-05	-8.0450332e-05	0.002736405
-0.088	0.912	0	0	0	0.912	0	-0	-0	1.0139407	0.84333906	-3.9827907e-05	1.6213327e-07	8.9353306e-07	5.2843704e-08	-4.0517385e-05	-2.7149131e-06	1.261608e-06	-2.7008281e-06	6.6691949e-07	2.6559457e-05	6.1987998e-06	-8.0312961e-05	-8.053557e-05	0.0027641082
-0.09	0.91	0	0	0	0.91	0	-0	-0	1.0138436	0.83956385	-3.9874863e-05	1.5118032e-07	9.0103549e-07	4.2978655e-08	-4.055087e-05	-2.7145302e-06	1.2742329e-06	-2.7067689e-06	6.7218821e-07	2.6584515e-05	6.3599548e-06	-8.039305e-05	-8.0618098e-05	0.0027915313
-0.092	0.908	0	0	0	0.908	0	-0	-0	1.0137462	0.83579723	-3.9920539e-05	1.4043937e-07	9.0849889e-07	3.3375813e-08	-4.0583065e-05	-2.7143545e-06	1.2868216e-06	-2.7130644e-06	6.7730499e-07	2.6608766e-05	6.5212722e-06	-8.0470586e-05	-8.0698044e-05	0.0028186358
-0.094	0.906	0	0	0	0.906	0	-0	-0	1.0136486	0.83203923	-3.9964998e-05	1.2990426e-07	9.1588383e-07	2.4025885e-08	-4.0614031e-05	-2.7143753e-06	1.2993335e-06	-2.7196983e-06	6.8227658e-07	2.6632251e-05	6.682747e-06	-8.0545691e-05	-8.0775528e-05	0.0028453841
-0.096	0.904	0	0	0	0.904	0	-0	-0	1.0135507	0.82828987	-4.0008299e-05	1.1956973e-07	9.2315442e-07	1.4920658e-08	-4.0643827e-05	-2.7145823e-06	1.3117314e-06	-2.7266551e-06	6.8710917e-07	2.6655006e-05	6.8443743e-06	-8.0618485e-05	-8.0850667e-05	0.0028717403
-0.098	0.902	0	0	0	0.902	0	-0	-0	1.0134527	0.82454918	-4.0050497e-05	1.0943116e-07	9.3027849e-07	6.0527386e-09	-4.0672512e-05	-2.7149657e-06	1.3239813e-06	-2.7339201e-06	6.9180845e-07	2.6677067e-05	7.0061496e-06	-8.0689079e-05	-8.0923569e-05	0.0028976715
-0.1	0.9	0	0	0	0.9	0	-0	-0	1.0133545	0.82081718	-4.0091644e-05	9.9484333e-08	9.3722773e-07	-2.5846731e-09	-4.0700141e-05	-2.7155156e-06	1.3360532e-06	-2.7414787e-06	6.9637967e-07	2.6698468e-05	7.1680686e-06	-8.0757581e-05	-8.099434e-05	0.0029231481
-0.102	0.898	0	0	0	0.898	0	-0	-0	1.0132562	0.81709389	-4.0131786e-05	8.9725307e-08	9.4397768e-07	-1.0997966e-08	-4.0726771e-05	-2.7162224e-06	1.3479206e-06	-2.7493174e-06	7.0082766e-07	2.6719243e-05	7.330127e-06	-8.0824094e-05	-8.106308e-05	0.002948144
-0.104	0.896	0	0	0	0.896	0	-0	-0	1.0131578	0.81337933	-4.0170969e-05	8.0150243e-08	9.5050765e-07	-1.9193262e-08	-4.0752453e-05	-2.7170766e-06	1.3595609e-06	-2.7574227e-06	7.0515693e-07	2.6739422e-05	7.4923209e-06	-8.0888714e-05	-8.1129884e-05	0.0029726375
-0.106	0.894	0	0	0	0.894	0	-0	-0	1.0130594	0.80967351	-4.0209233e-05	7.0755321e-08	9.5680066e-07	-2.7176522e-08	-4.077724e-05	-2.718069e-06	1.3709553e-06	-2.765782e-06	7.0937166e-07	2.6759034e-05	7.6546465e-06	-8.0951533e-05	-8.1194842e-05	0.0029966109
-0.108	0.892	0	0	0	0.892	0	-0	-0	1.0129608	0.80597646	-4.0246616e-05	6.1536662e-08	9.6284318e-07	-3.4953631e-08	-4.0801181e-05	-2.7191907e-06	1.3820884e-06	-2.7743828e-06	7.1347578e-07	2.6778107e-05	7.8171003e-06	-8.1012639e-05	-8.1258042e-05	0.0030200506
-0.11	0.89	0	0	0	0.89	0	-0	-0	1.0128623	0.80228819	-4.0283155e-05	5.2490286e-08	9.6862492e-07	-4.2530447e-08	-4.0824322e-05	-2.7204327e-06	1.3929481e-06	-2.7832132e-06	7.1747297e-07	2.6796668e-05	7.9796787e-06	-8.1072113e-05	-8.1319564e-05	0.0030429472
-0.112	0.888	0	0	0	0.888	0	-0	-0	1.0127637	0.79860871	-4.0318881e-05	4.3612087e-08	9.741386e-07	-4.9912834e-08	-4.0846709e-05	-2.7217865e-06	1.4035256e-06	-2.7922619e-06	7.2136672e-07	2.6814741e-05	8.1423785e-06	-8.1130034e-05	-8.1379486e-05	0.003065295
-0.114	0.886	0	0	0	0.886	0	-0	-0	1.0126651	0.79493804	-4.0353827e-05	3.4897825e-08	9.7937961e-07	-5.7106681e-08	-4.0868385e-05	-2.7232437e-06	1.4138148e-06	-2.8015179e-06	7.251603e-07	2.683235e-05	8.3051966e-06	-8.1186473e-05	-8.1437879e-05	0.0030870918
-0.116	0.884	0	0	0	0.884	0	-0	-0	1.0125665	0.7912762	-4.0388019e-05	2.6343128e-08	9.8434577e-07	-6.4117902e-08	-4.0889389e-05	-2.7247962e-06	1.4238122e-06	-2.8109704e-06	7.2885685e-07	2.6849517e-05	8.46813e-06	-8.12415e-05	-8.1494814e-05	0.0031083385
-0.118	0.882	0	0	0	0.882	0	-0	-0	1.012468	0.78762318	-4.0421486e-05	1.7943511e-08	9.89037e-07	-7.095243e-08	-4.090976e-05	-2.7264361e-06	1.4335166e-06	-2.8206096e-06	7.3245936e-07	2.6866262e-05	8.6311759e-06	-8.1295179e-05	-8.1550354e-05	0.0031290387
-0.12	0.88	0	0	0	0.88	0	-0	-0	1.0123696	0.783979	-4.0454251e-05	9.6943874e-09	9.9345506e-07	-7.7616206e-08	-4.0929533e-05	-2.7281558e-06	1.4429287e-06	-2.8304255e-06	7.3597068e-07	2.6882604e-05	8.7943314e-06	-8.134757e-05	-8.1604559e-05	0.0031491988
-0.122	0.878	0	0	0	0.878	0	-0	-0	1.0122712	0.78034368	-4.0486336e-05	1.5911009e-09	9.9760324e-07	-8.4115161e-08	-4.0948743e-05	-2.729948e-06	1.452051e-06	-2.840409e-06	7.3939355e-07	2.6898562e-05	8.9575941e-06	-8.1398728e-05	-8.1657487e-05	0.0031688267
-0.124	0.876	0	0	0	0.876	0	-0	-0	1.0121729	0.77671721	-4.0517764e-05	-6.3710553e-09	1.0014862e-06	-9.0455193e-08	-4.096742e-05	-2.7318058e-06	1.4608874e-06	-2.8505512e-06	7.4273059e-07	2.6914151e-05	9.1209614e-06	-8.1448706e-05	-8.170919e-05	0.0031879323
-0.126	0.874	0	0	0	0.874	0	-0	-0	1.0120747	0.77309961	-4.0548554e-05	-1.4196811e-08	1.0051095e-06	-9.6642157e-08	-4.0985595e-05	-2.7337224e-06	1.469443e-06	-2.8608436e-06	7.4598434e-07	2.6929388e-05	9.2844309e-06	-8.1497553e-05	-8.1759717e-05	0.003206527
-0.128	0.872	0	0	0	0.872	0	-0	-0	1.0119767	0.76949088	-4.0578725e-05	-2.1890895e-08	1.0084799e-06	-1.0268184e-07	-4.1003294e-05	-2.7356915e-06	1.4777241e-06	-2.8712781e-06	7.4915725e-07	2.6944287e-05	9.4480003e-06	-8.1545313e-05	-8.1809117e-05	0.0032246229
-0.13	0.87	0	0	0	0.87	0	-0	-0	1.0118788	0.76589104	-4.0608292e-05	-2.9458014e-08	1.0116045e-06	-1.0857993e-07	-4.1020542e-05	-2.7377069e-06	1.4857375e-06	-2.8818472e-06	7.5225168e-07	2.6958861e-05	9.6116673e-06	-8.1592029e-05	-8.185743e-05	0.0032422332
-0.132	0.868	0	0	0	0.868	0	-0	-0	1.011781	0.76230008	-4.0637273e-05	-3.6902828e-08	1.0144912e-06	-1.1434203e-07	-4.1037365e-05	-2.7397628e-06	1.4934908e-06	-2.8925435e-06	7.5526989e-07	2.6973123e-05	9.77543e-06	-8.1637741e-05	-8.1904699e-05	0.0032593718
-0.134	0.866	0	0	0	0.866	0	-0	-0	1.0116834	0.758718	-4.0665682e-05	-4.4229936e-08	1.0171479e-06	-1.1997363e-07	-4.1053783e-05	-2.7418536e-06	1.5009921e-06	-2.90336e-06	7.5821411e-07	2.6987084e-05	9.9392861e-06	-8.1682484e-05	-8.195096e-05	0.0032760526
-0.136	0.864	0	0	0	0.864	0	-0	-0	1.0115859	0.75514482	-4.0693532e-05	-5.1443858e-08	1.0195833e-06	-1.2548007e-07	-4.1069817e-05	-2.7439742e-06	1.5082498e-06	-2.9142903e-06	7.6108646e-07	2.7000754e-05	1.0103234e-05	-8.1726292e-05	-8.1996248e-05	0.0032922902
-0.138	0.862	0	0	0	0.862	0	-0	-0	1.0114886	0.75158053	-4.0720837e-05	-5.8549025e-08	1.0218056e-06	-1.3086657e-07	-4.1085486e-05	-2.7461196e-06	1.5152725e-06	-2.925328e-06	7.6388901e-07	2.7014145e-05	1.0267271e-05	-8.1769198e-05	-8.2040596e-05	0.0033080989
-0.14	0.86	0	0	0	0.86	0	-0	-0	1.0113915	0.74802514	-4.0747609e-05	-6.5549762e-08	1.0238237e-06	-1.361382e-07	-4.1100808e-05	-2.7482851e-06	1.522069e-06	-2.9364673e-06	7.6662377e-07	2.7027265e-05	1.0431396e-05	-8.181123e-05	-8.2084036e-05	0.0033234932
-0.142	0.858	0	0	0	0.858	0	-0	-0	1.0112946	0.74447865	-4.0773858e-05	-7.2450285e-08	1.0256459e-06	-1.4129988e-07	-4.11158e-05	-2.7504662e-06	1.5286481e-06	-2.9477024e-06	7.6929267e-07	2.7040122e-05	1.0595607e-05	-8.1852415e-05	-8.2126594e-05	0.0033384875
-0.144	0.856	0	0	0	0.856	0	-0	-0	1.0111978	0.74094106	-4.0799596e-05	-7.925469e-08	1.0272808e-06	-1.4635638e-07	-4.1130475e-05	-2.7526587e-06	1.5350186e-06	-2.9590282e-06	7.7189761e-07	2.7052724e-05	1.0759903e-05	-8.189278e-05	-8.2168298e-05	0.0033530958
-0.146	0.854	0	0	0	0.854	0	-0	-0	1.0111013	0.73741237	-4.0824832e-05	-8.5966953e-08	1.0287368e-06	-1.513123e-07	-4.1144849e-05	-2.7548587e-06	1.5411892e-06	-2.9704395e-06	7.7444039e-07	2.706508e-05	1.092428e-05	-8.1932347e-05	-8.2209172e-05	0.003367332
-0.148	0.852	0	0	0	0.852	0	-0	-0	1.011005	0.73389258	-4.0849575e-05	-9.2590922e-08	1.0300221e-06	-1.5617208e-07	-4.1158933e-05	-2.7570624e-06	1.5471685e-06	-2.9819317e-06	7.769228e-07	2.7077195e-05	1.1088739e-05	-8.1971138e-05	-8.224924e-05	0.0033812097
-0.15	0.85	0	0	0	0.85	0	-0	-0	1.0109089	0.73038169	-4.0873835e-05	-9.9130316e-08	1.0311446e-06	-1.6094003e-07	-4.1172741e-05	-2.7592664e-06	1.552965e-06	-2.9935e-06	7.7934654e-07	2.7089077e-05	1.1253277e-05	-8.2009175e-05	-8.2288523e-05	0.003394742
-0.152	0.848	0	0	0	0.848	0	-0	-0	1.010813	0.7268797	-4.0897619e-05	-1.0558873e-07	1.0321121e-06	-1.6562027e-07	-4.1186284e-05	-2.7614673e-06	1.5585868e-06	-3.0051404e-06	7.8171329e-07	2.710073e-05	1.1417893e-05	-8.2046476e-05	-8.2327041e-05	0.0034079417
-0.154	0.846	0	0	0	0.846	0	-0	-0	1.0107174	0.72338661	-4.0920935e-05	-1.1196962e-07	1.0329321e-06	-1.7021678e-07	-4.1199571e-05	-2.7636619e-06	1.564042e-06	-3.0168487e-06	7.8402465e-07	2.7112161e-05	1.1582586e-05	-8.2083058e-05	-8.2364814e-05	0.0034208213
-0.156	0.844	0	0	0	0.844	0	-0	-0	1.010622	0.71990242	-4.0943791e-05	-1.1827632e-07	1.0336119e-06	-1.7473339e-07	-4.1212613e-05	-2.7658474e-06	1.5693384e-06	-3.028621e-06	7.8628218e-07	2.7123374e-05	1.1747353e-05	-8.211894e-05	-8.2401858e-05	0.0034333927
-0.158	0.842	0	0	0	0.842	0	-0	-0	1.0105268	0.71642713	-4.0966193e-05	-1.2451204e-07	1.0341585e-06	-1.7917376e-07	-4.1225419e-05	-2.768021e-06	1.5744835e-06	-3.0404538e-06	7.8848741e-07	2.7134375e-05	1.1912193e-05	-8.2154136e-05	-8.243819e-05	0.0034456677
-0.16	0.84	0	0	0	0.84	0	-0	-0	1.0104319	0.71296073	-4.0988147e-05	-1.3067987e-07	1.0345786e-06	-1.8354145e-07	-4.1237996e-05	-2.7701801e-06	1.5794846e-06	-3.0523436e-06	7.9064181e-07	2.7145167e-05	1.2077105e-05	-8.2188661e-05	-8.2473827e-05	0.0034576573
-0.162	0.838	0	0	0	0.838	0	-0	-0	1.0103372	0.70950322	-4.1009661e-05	-1.3678278e-07	1.0348787e-06	-1.8783982e-07	-4.1250352e-05	-2.7723222e-06	1.5843488e-06	-3.0642871e-06	7.927468e-07	2.7155755e-05	1.2242088e-05	-8.2222528e-05	-8.2508782e-05	0.0034693723
-0.164	0.836	0	0	0	0.836	0	-0	-0	1.0102427	0.70605461	-4.1030739e-05	-1.428236e-07	1.035065e-06	-1.9207215e-07	-4.1262495e-05	-2.7744452e-06	1.5890829e-06	-3.0762812e-06	7.9480377e-07	2.7166143e-05	1.2407141e-05	-8.2255751e-05	-8.2543069e-05	0.0034808233
-0.166	0.834	0	0	0	0.834	0	-0	-0	1.0101485	0.70261488	-4.1051388e-05	-1.4880508e-07	1.0351435e-06	-1.9624155e-07	-4.1274431e-05	-2.7765467e-06	1.5936934e-06	-3.088323e-06	7.9681406e-07	2.7176335e-05	1.2572261e-05	-8.2288341e-05	-8.2576701e-05	0.0034920201
-0.168	0.832	0	0	0	0.832	0	-0	-0	1.0100546	0.69918403	-4.1071613e-05	-1.5472984e-07	1.0351198e-06	-2.0035101e-07	-4.1286166e-05	-2.7786248e-06	1.5981865e-06	-3.1004097e-06	7.9877899e-07	2.7186333e-05	1.2737447e-05	-8.2320311e-05	-8.260969e-05	0.0035029724
-0.17	0.83	0	0	0	0.83	0	-0	-0	1.0099609	0.69576207	-4.1091418e-05	-1.606004e-07	1.0349993e-06	-2.0440342e-07	-4.1297707e-05	-2.7806775e-06	1.6025684e-06	-3.1125387e-06	8.006998e-07	2.7196142e-05	1.2902699e-05	-8.2351669e-05	-8.2642048e-05	0.0035136895
-0.172	0.828	0	0	0	0.828	0	-0	-0	1.0098675	0.69234899	-4.1110808e-05	-1.6641917e-07	1.0347872e-06	-2.0840153e-07	-4.1309058e-05	-2.7827032e-06	1.6068448e-06	-3.1247074e-06	8.0257774e-07	2.7205763e-05	1.3068016e-05	-8.2382427e-05	-8.2673784e-05	0.0035241803
-0.174	0.826	0	0	0	0.826	0	-0	-0	1.0097743	0.68894478	-4.1129788e-05	-1.7218847e-07	1.0344885e-06	-2.1234797e-07	-4.1320225e-05	-2.7847001e-06	1.6110213e-06	-3.1369134e-06	8.0441398e-07	2.72152e-05	1.3233395e-05	-8.2412594e-05	-8.270491e-05	0.0035344534
-0.176	0.824	0	0	0	0.824	0	-0	-0	1.0096814	0.68554945	-4.1148363e-05	-1.7791052e-07	1.0341079e-06	-2.1624529e-07	-4.1331212e-05	-2.7866667e-06	1.6151032e-06	-3.1491546e-06	8.062097e-07	2.7224455e-05	1.3398835e-05	-8.2442178e-05	-8.2735435e-05	0.003544517
-0.178	0.822	0	0	0	0.822	0	-0	-0	1.0095888	0.68216298	-4.1166536e-05	-1.8358746e-07	1.0336498e-06	-2.2009593e-07	-4.1342024e-05	-2.7886014e-06	1.6190956e-06	-3.1614287e-06	8.0796602e-07	2.7233531e-05	1.3564336e-05	-8.2471188e-05	-8.2765368e-05	0.003554379
-0.18	0.82	0	0	0	0.82	0	-0	-0	1.0094964	0.67878538	-4.1184311e-05	-1.8922132e-07	1.0331187e-06	-2.2390221e-07	-4.1352664e-05	-2.790503e-06	1.6230035e-06	-3.1737337e-06	8.0968402e-07	2.724243e-05	1.3729897e-05	-8.2499633e-05	-8.2794717e-05	0.0035640473
-0.182	0.818	0	0	0	0.818	0	-0	-0	1.0094043	0.67541664	-4.1201693e-05	-1.9481409e-07	1.0325184e-06	-2.2766637e-07	-4.1363137e-05	-2.79237e-06	1.6268314e-06	-3.1860678e-06	8.1136477e-07	2.7251155e-05	1.3895515e-05	-8.2527518e-05	-8.282349e-05	0.0035735291
-0.184	0.816	0	0	0	0.816	0	-0	-0	1.0093125	0.67205675	-4.1218684e-05	-2.0036763e-07	1.031853e-06	-2.3139057e-07	-4.1373445e-05	-2.7942013e-06	1.630584e-06	-3.1984289e-06	8.1300929e-07	2.7259707e-05	1.4061191e-05	-8.2554852e-05	-8.2851696e-05	0.0035828316
-0.186	0.814	0	0	0	0.814	0	-0	-0	1.0092209	0.66870572	-4.1235289e-05	-2.0588376e-07	1.0311261e-06	-2.3507687e-07	-4.1383593e-05	-2.7959957e-06	1.6342655e-06	-3.2108155e-06	8.146186e-07	2.7268088e-05	1.4226922e-05	-8.2581641e-05	-8.2879341e-05	0.0035919618
-0.188	0.812	0	0	0	0.812	0	-0	-0	1.0091296	0.66536354	-4.125151e-05	-2.1136421e-07	1.0303413e-06	-2.3872726e-07	-4.1393584e-05	-2.7977522e-06	1.6378801e-06	-3.2232257e-06	8.1619367e-07	2.72763e-05	1.4392708e-05	-8.2607892e-05	-8.2906432e-05	0.0036009263
-0.19	0.81	0	0	0	0.81	0	-0	-0	1.0090386	0.6620302	-4.1267351e-05	-2.1681065e-07	1.0295019e-06	-2.4234364e-07	-4.140342e-05	-2.7994698e-06	1.6414316e-06	-3.2356581e-06	8.1773543e-07	2.7284345e-05	1.4558548e-05	-8.2633609e-05	-8.2932975e-05	0.0036097317
-0.192	0.808	0	0	0	0.808	0	-0	-0	1.0089478	0.65870571	-4.1282814e-05	-2.2222468e-07	1.028611e-06	-2.4592784e-07	-4.1413104e-05	-2.8011475e-06	1.644924e-06	-3.2481111e-06	8.1924482e-07	2.7292224e-05	1.472444e-05	-8.26588e-05	-8.2958978e-05	0.0036183841
-0.194	0.806	0	0	0	0.806	0	-0	-0	1.0088573	0.65539005	-4.1297903e-05	-2.2760784e-07	1.0276718e-06	-2.4948163e-07	-4.1422638e-05	-2.8027845e-06	1.6483609e-06	-3.2605833e-06	8.2072274e-07	2.729994e-05	1.4890384e-05	-8.2683469e-05	-8.2984445e-05	0.0036268898
-0.196	0.804	0	0	0	0.804	0	-0	-0	1.0087671	0.65208322	-4.1312621e-05	-2.3296161e-07	1.0266872e-06	-2.5300671e-07	-4.1432026e-05	-2.8043799e-06	1.6517457e-06	-3.2730733e-06	8.2217005e-07	2.7307492e-05	1.5056378e-05	-8.2707622e-05	-8.3009382e-05	0.0036352548
-0.198	0.802	0	0	0	0.802	0	-0	-0	1.0086772	0.64878522	-4.1326969e-05	-2.3828742e-07	1.0256598e-06	-2.565047e-07	-4.1441268e-05	-2.805933e-06	1.6550819e-06	-3.2855798e-06	8.2358761e-07	2.7314883e-05	1.5222421e-05	-8.2731263e-05	-8.3033795e-05	0.0036434848
-0.2	0.8	0	0	0	0.8	0	-0	-0	1.0085876	0.64549604	-4.1340952e-05	-2.4358663e-07	1.0245923e-06	-2.5997718e-07	-4.1450368e-05	-2.807443e-06	1.6583726e-06	-3.2981014e-06	8.2497625e-07	2.7322115e-05	1.5388513e-05	-8.2754397e-05	-8.3057689e-05	0.0036515857
-0.202	0.798	0	0	0	0.798	0	-0	-0	1.0084982	0.64221568	-4.135457e-05	-2.4886056e-07	1.0234872e-06	-2.6342567e-07	-4.1459327e-05	-2.8089093e-06	1.6616208e-06	-3.3106372e-06	8.2633678e-07	2.7329187e-05	1.5554652e-05	-8.2777027e-05	-8.3081068e-05	0.003659563
-0.204	0.796	0	0	0	0.796	0	-0	-0	1.0084091	0.63894413	-4.1367828e-05	-2.5411049e-07	1.0223469e-06	-2.6685163e-07	-4.1468148e-05	-2.8103312e-06	1.6648297e-06	-3.3231858e-06	8.2766998e-07	2.7336102e-05	1.5720837e-05	-8.279916e-05	-8.3103937e-05	0.0036674224
-0.206	0.794	0	0	0	0.794	0	-0	-0	1.0083203	0.63568139	-4.1380725e-05	-2.5933763e-07	1.0211737e-06	-2.7025647e-07	-4.1476831e-05	-2.8117082e-06	1.6680021e-06	-3.3357463e-06	8.2897664e-07	2.734286e-05	1.5887068e-05	-8.2820797e-05	-8.31263e-05	0.0036751692
-0.208	0.792	0	0	0	0.792	0	-0	-0	1.0082317	0.63242745	-4.1393266e-05	-2.6454316e-07	1.0199697e-06	-2.7364155e-07	-4.1485378e-05	-2.8130398e-06	1.6711406e-06	-3.3483175e-06	8.3025749e-07	2.7349462e-05	1.6053342e-05	-8.2841943e-05	-8.3148162e-05	0.003682809
-0.21	0.79	0	0	0	0.79	0	-0	-0	1.0081434	0.62918232	-4.1405452e-05	-2.6972823e-07	1.018737e-06	-2.7700819e-07	-4.1493792e-05	-2.8143254e-06	1.6742479e-06	-3.3608984e-06	8.3151328e-07	2.735591e-05	1.621966e-05	-8.2862602e-05	-8.3169527e-05	0.0036903472
-0.212	0.788	0	0	0	0.788	0	-0	-0	1.0080554	0.62594598	-4.1417285e-05	-2.7489392e-07	1.0174776e-06	-2.8035766e-07	-4.1502072e-05	-2.8155645e-06	1.6773267e-06	-3.3734882e-06	8.3274472e-07	2.7362204e-05	1.638602e-05	-8.2882777e-05	-8.3190397e-05	0.0036977892
-0.214	0.786	0	0	0	0.786	0	-0	-0	1.0079677	0.62271843	-4.1428767e-05	-2.8004131e-07	1.0161932e-06	-2.8369121e-07	-4.1510222e-05	-2.8167567e-06	1.6803793e-06	-3.3860859e-06	8.3395253e-07	2.7368345e-05	1.6552422e-05	-8.290247e-05	-8.3210778e-05	0.0037051405
-0.216	0.784	0	0	0	0.784	0	-0	-0	1.0078803	0.61949966	-4.1439899e-05	-2.8517142e-07	1.0148858e-06	-2.8701001e-07	-4.1518241e-05	-2.8179017e-06	1.683408e-06	-3.3986907e-06	8.3513738e-07	2.7374334e-05	1.6718863e-05	-8.2921685e-05	-8.3230671e-05	0.0037124065
-0.218	0.782	0	0	0	0.782	0	-0	-0	1.0077931	0.61628968	-4.1450684e-05	-2.9028522e-07	1.013557e-06	-2.9031524e-07	-4.1526131e-05	-2.8189991e-06	1.6864153e-06	-3.4113016e-06	8.3629995e-07	2.7380172e-05	1.6885344e-05	-8.2940425e-05	-8.3250081e-05	0.0037195929
-0.22	0.78	0	0	0	0.78	0	-0	-0	1.0077062	0.61308847	-4.1461123e-05	-2.9538369e-07	1.0122084e-06	-2.9360801e-07	-4.1533893e-05	-2.8200484e-06	1.6894031e-06	-3.4239179e-06	8.3744091e-07	2.7385859e-05	1.7051864e-05	-8.2958692e-05	-8.3269011e-05	0.0037267053
-0.222	0.778	0	0	0	0.778	0	-0	-0	1.0076196	0.60989603	-4.1471218e-05	-3.0046775e-07	1.0108415e-06	-2.9688942e-07	-4.1541528e-05	-2.8210495e-06	1.6923738e-06	-3.4365388e-06	8.3856091e-07	2.7391395e-05	1.7218421e-05	-8.2976489e-05	-8.3287463e-05	0.0037337495
-0.224	0.776	0	0	0	0.776	0	-0	-0	1.0075333	0.60671236	-4.148097e-05	-3.055383e-07	1.0094579e-06	-3.0016053e-07	-4.1549037e-05	-2.8220019e-06	1.6953292e-06	-3.4491636e-06	8.3966058e-07	2.7396782e-05	1.7385014e-05	-8.2993817e-05	-8.330544e-05	0.0037407315
-0.226	0.774	0	0	0	0.774	0	-0	-0	1.0074472	0.60353745	-4.149038e-05	-3.105962e-07	1.0080589e-06	-3.0342238e-07	-4.1556421e-05	-2.8229056e-06	1.6982714e-06	-3.4617915e-06	8.4074055e-07	2.740202e-05	1.7551642e-05	-8.301068e-05	-8.3322946e-05	0.0037476574
-0.228	0.772	0	0	0	0.772	0	-0	-0	1.0073614	0.60037129	-4.149945e-05	-3.156423e-07	1.0066459e-06	-3.0667597e-07	-4.156368e-05	-2.8237601e-06	1.7012023e-06	-3.4744219e-06	8.4180145e-07	2.7407109e-05	1.7718305e-05	-8.3027079e-05	-8.3339982e-05	0.0037545337
-0.23	0.77	0	0	0	0.77	0	-0	-0	1.0072759	0.59721389	-4.150818e-05	-3.2067741e-07	1.0052201e-06	-3.0992228e-07	-4.1570816e-05	-2.8245653e-06	1.7041237e-06	-3.487054e-06	8.4284388e-07	2.7412051e-05	1.7885002e-05	-8.3043016e-05	-8.335655e-05	0.0037613671
-0.232	0.768	0	0	0	0.768	0	-0	-0	1.0071907	0.59406523	-4.1516573e-05	-3.2570234e-07	1.0037827e-06	-3.1316229e-07	-4.1577828e-05	-2.8253211e-06	1.7070372e-06	-3.4996874e-06	8.4386845e-07	2.7416844e-05	1.8051732e-05	-8.3058492e-05	-8.3372654e-05	0.0037681645
-0.234	0.766	0	0	0	0.766	0	-0	-0	1.0071057	0.59092531	-4.1524628e-05	-3.3071785e-07	1.0023349e-06	-3.1639693e-07	-4.1584718e-05	-2.8260271e-06	1.7099447e-06	-3.5123212e-06	8.4487575e-07	2.742149e-05	1.8218493e-05	-8.307351e-05	-8.3388295e-05	0.0037749335
-0.236	0.764	0	0	0	0.764	0	-0	-0	1.007021	0.58779413	-4.1532347e-05	-3.3572469e-07	1.0008776e-06	-3.1962713e-07	-4.1591485e-05	-2.8266834e-06	1.7128477e-06	-3.524955e-06	8.4586636e-07	2.7425989e-05	1.8385285e-05	-8.3088069e-05	-8.3403475e-05	0.0037816818
-0.238	0.762	0	0	0	0.762	0	-0	-0	1.0069366	0.58467168	-4.1539731e-05	-3.4072359e-07	9.99412e-07	-3.2285378e-07	-4.1598132e-05	-2.8272897e-06	1.7157478e-06	-3.5375882e-06	8.4684089e-07	2.7430341e-05	1.8552107e-05	-8.3102173e-05	-8.3418196e-05	0.0037884179
-0.24	0.76	0	0	0	0.76	0	-0	-0	1.0068524	0.58155796	-4.154678e-05	-3.4571525e-07	9.9793892e-07	-3.2607779e-07	-4.1604656e-05	-2.8278459e-06	1.7186465e-06	-3.5502202e-06	8.477999e-07	2.7434545e-05	1.8718958e-05	-8.3115821e-05	-8.343246e-05	0.0037951508
-0.242	0.758	0	0	0	0.758	0	-0	-0	1.0067685	0.57845296	-4.1553494e-05	-3.5070038e-07	9.9645928e-07	-3.2930003e-07	-4.161106e-05	-2.828352e-06	1.7215452e-06	-3.5628503e-06	8.4874398e-07	2.7438604e-05	1.8885837e-05	-8.3129014e-05	-8.3446268e-05	0.00380189
-0.244	0.756	0	0	0	0.756	0	-0	-0	1.0066849	0.57535668	-4.1559875e-05	-3.5567962e-07	9.9497389e-07	-3.3252136e-07	-4.1617343e-05	-2.8288078e-06	1.7244451e-06	-3.5754782e-06	8.4967371e-07	2.7442515e-05	1.9052743e-05	-8.3141753e-05	-8.3459622e-05	0.0038086462
-0.246	0.754	0	0	0	0.754	0	-0	-0	1.0066016	0.57226911	-4.1565922e-05	-3.6065366e-07	9.9348348e-07	-3.3574265e-07	-4.1623506e-05	-2.8292133e-06	1.7273477e-06	-3.5881033e-06	8.5058965e-07	2.7446279e-05	1.9219675e-05	-8.3154039e-05	-8.3472522e-05	0.0038154306
-0.248	0.752	0	0	0	0.752	0	-0	-0	1.0065185	0.56919024	-4.1571635e-05	-3.656231e-07	9.9198874e-07	-3.3896474e-07	-4.1629548e-05	-2.8295684e-06	1.730254e-06	-3.600725e-06	8.5149239e-07	2.7449897e-05	1.9386633e-05	-8.3165871e-05	-8.3484972e-05	0.0038222557
-0.25	0.75	0	0	0	0.75	0	-0	-0	1.0064357	0.56612008	-4.1577015e-05	-3.7058859e-07	9.9049028e-07	-3.4218847e-07	-4.163547e-05	-2.8298731e-06	1.7331653e-06	-3.6133429e-06	8.523825e-07	2.7453368e-05	1.9553615e-05	-8.3177249e-05	-8.349697e-05	0.0038291351
-0.252	0.748	0	0	0	0.748	0	-0	-0	1.0063532	0.56305861	-4.1582061e-05	-3.7555073e-07	9.8898862e-07	-3.454147e-07	-4.1641272e-05	-2.8301274e-06	1.7360824e-06	-3.6259564e-06	8.5326058e-07	2.7456691e-05	1.9720621e-05	-8.3188173e-05	-8.3508519e-05	0.0038360837
-0.254	0.746	0	0	0	0.746	0	-0	-0	1.0062709	0.56000584	-4.1586772e-05	-3.805101e-07	9.8748422e-07	-3.4864425e-07	-4.1646953e-05	-2.8303313e-06	1.7390064e-06	-3.638565e-06	8.5412721e-07	2.7459866e-05	1.9887649e-05	-8.3198642e-05	-8.3519618e-05	0.0038431182
-0.256	0.744	0	0	0	0.744	0	-0	-0	1.0061889	0.55696176	-4.1591148e-05	-3.8546728e-07	9.8597743e-07	-3.5187797e-07	-4.1652513e-05	-2.8304847e-06	1.741938e-06	-3.6511683e-06	8.5498299e-07	2.7462893e-05	2.0054699e-05	-8.3208656e-05	-8.3530269e-05	0.0038502569
-0.258	0.742	0	0	0	0.742	0	-0	-0	1.0061071	0.55392635	-4.1595188e-05	-3.9042283e-07	9.8446853e-07	-3.551167e-07	-4.1657952e-05	-2.8305877e-06	1.7448779e-06	-3.6637658e-06	8.5582852e-07	2.7465771e-05	2.022177e-05	-8.3218212e-05	-8.3540471e-05	0.0038575203
-0.26	0.74	0	0	0	0.74	0	-0	-0	1.0060256	0.55089962	-4.1598891e-05	-3.953773e-07	9.8295769e-07	-3.583613e-07	-4.166327e-05	-2.8306404e-06	1.7478267e-06	-3.6763569e-06	8.5666444e-07	2.7468499e-05	2.0388861e-05	-8.322731e-05	-8.3550226e-05	0.0038649313
-0.262	0.738	0	0	0	0.738	0	-0	-0	1.0059444	0.54788157	-4.1602254e-05	-4.0033122e-07	9.8144496e-07	-3.6161263e-07	-4.1668465e-05	-2.8306427e-06	1.7507848e-06	-3.6889411e-06	8.5749137e-07	2.7471076e-05	2.0555971e-05	-8.3235947e-05	-8.3559532e-05	0.0038725158
-0.264	0.736	0	0	0	0.736	0	-0	-0	1.0058634	0.54487218	-4.1605277e-05	-4.0528511e-07	9.7993028e-07	-3.6487157e-07	-4.1673538e-05	-2.8305946e-06	1.7537525e-06	-3.7015179e-06	8.5830997e-07	2.7473502e-05	2.0723099e-05	-8.324412e-05	-8.356839e-05	0.0038803029
-0.266	0.734	0	0	0	0.734	0	-0	-0	1.0057827	0.54187146	-4.1607956e-05	-4.1023948e-07	9.7841342e-07	-3.6813901e-07	-4.1678488e-05	-2.8304964e-06	1.7567298e-06	-3.7140868e-06	8.5912091e-07	2.7475774e-05	2.0890245e-05	-8.3251826e-05	-8.35768e-05	0.0038883254
-0.268	0.732	0	0	0	0.732	0	-0	-0	1.0057022	0.53887939	-4.1610289e-05	-4.1519481e-07	9.7689402e-07	-3.7141587e-07	-4.1683313e-05	-2.830348e-06	1.7597166e-06	-3.7266472e-06	8.5992491e-07	2.7477892e-05	2.1057406e-05	-8.3259061e-05	-8.3584759e-05	0.0038966209
-0.27	0.73	0	0	0	0.73	0	-0	-0	1.005622	0.53589597	-4.1612272e-05	-4.2015158e-07	9.7537153e-07	-3.7470308e-07	-4.1688012e-05	-2.8301495e-06	1.7627125e-06	-3.7391985e-06	8.6072269e-07	2.7479854e-05	2.1224584e-05	-8.326582e-05	-8.3592267e-05	0.0039052322
-0.272	0.728	0	0	0	0.728	0	-0	-0	1.0055421	0.5329212	-4.1613901e-05	-4.2511024e-07	9.7384521e-07	-3.7800163e-07	-4.1692584e-05	-2.8299009e-06	1.7657167e-06	-3.75174e-06	8.6151502e-07	2.7481657e-05	2.1391775e-05	-8.3272097e-05	-8.3599322e-05	0.0039142084
-0.274	0.726	0	0	0	0.726	0	-0	-0	1.0054624	0.52995508	-4.1615171e-05	-4.3007123e-07	9.7231405e-07	-3.8131254e-07	-4.1697027e-05	-2.8296025e-06	1.7687284e-06	-3.7642713e-06	8.6230273e-07	2.7483299e-05	2.1558981e-05	-8.3277887e-05	-8.3605923e-05	0.0039236059
-0.276	0.724	0	0	0	0.724	0	-0	-0	1.0053829	0.52699759	-4.1616077e-05	-4.3503498e-07	9.7077679e-07	-3.8463685e-07	-4.1701339e-05	-2.8292543e-06	1.771746e-06	-3.7767914e-06	8.6308667e-07	2.7484776e-05	2.1726199e-05	-8.328318e-05	-8.3612067e-05	0.0039334903
-0.278	0.722	0	0	0	0.722	0	-0	-0	1.0053037	0.52404873	-4.161661e-05	-4.4000187e-07	9.6923187e-07	-3.879757e-07	-4.1705519e-05	-2.8288563e-06	1.7747678e-06	-3.7892997e-06	8.6386777e-07	2.7486087e-05	2.1893429e-05	-8.3287967e-05	-8.3617751e-05	0.0039439375
-0.28	0.72	0	0	0	0.72	0	-0	-0	1.0052247	0.52110849	-4.1616763e-05	-4.449723e-07	9.6767733e-07	-3.9133026e-07	-4.1709562e-05	-2.8284087e-06	1.7777914e-06	-3.8017954e-06	8.6464704e-07	2.7487226e-05	2.206067e-05	-8.3292238e-05	-8.362297e-05	0.0039550365
-0.282	0.718	0	0	0	0.718	0	-0	-0	1.005146	0.51817688	-4.1616526e-05	-4.4994659e-07	9.6611078e-07	-3.947018e-07	-4.1713466e-05	-2.8279117e-06	1.7808137e-06	-3.8142774e-06	8.6542555e-07	2.7488189e-05	2.2227921e-05	-8.3295978e-05	-8.362772e-05	0.0039668915
-0.284	0.716	0	0	0	0.716	0	-0	-0	1.0050675	0.51525389	-4.1615887e-05	-4.5492506e-07	9.6452934e-07	-3.9809166e-07	-4.1717228e-05	-2.8273652e-06	1.783831e-06	-3.8267448e-06	8.6620448e-07	2.748897e-05	2.2395181e-05	-8.3299172e-05	-8.3631996e-05	0.0039796256
-0.286	0.714	0	0	0	0.714	0	-0	-0	1.0049892	0.5123395	-4.1614832e-05	-4.5990798e-07	9.6292948e-07	-4.015013e-07	-4.1720841e-05	-2.8267696e-06	1.7868386e-06	-3.8391965e-06	8.6698516e-07	2.7489563e-05	2.2562449e-05	-8.33018e-05	-8.363579e-05	0.0039933849
-0.288	0.712	0	0	0	0.712	0	-0	-0	1.0049112	0.50943372	-4.1613342e-05	-4.6489557e-07	9.6130698e-07	-4.0493231e-07	-4.1724301e-05	-2.8261247e-06	1.7898309e-06	-3.851631e-06	8.6776901e-07	2.7489958e-05	2.2729724e-05	-8.3303839e-05	-8.3639094e-05	0.0040083435
-0.29	0.71	0	0	0	0.71	0	-0	-0	1.0048334	0.50653653	-4.1611398e-05	-4.6988799e-07	9.5965672e-07	-4.0838642e-07	-4.1727602e-05	-2.8254309e-06	1.7928007e-06	-3.864047e-06	8.6855767e-07	2.7490147e-05	2.2897005e-05	-8.3305262e-05	-8.3641896e-05	0.0040247108
-0.292	0.708	0	0	0	0.708	0	-0	-0	1.0047559	0.50364794	-4.1608972e-05	-4.7488532e-07	9.579725e-07	-4.1186556e-07	-4.1730734e-05	-2.8246882e-06	1.7957396e-06	-3.8764427e-06	8.6935298e-07	2.7490118e-05	2.3064292e-05	-8.3306034e-05	-8.3644185e-05	0.0040427397
-0.294	0.706	0	0	0	0.706	0	-0	-0	1.0046785	0.50076793	-4.1606035e-05	-4.7988753e-07	9.5624685e-07	-4.1537183e-07	-4.1733689e-05	-2.8238966e-06	1.798637e-06	-3.8888162e-06	8.7015701e-07	2.7489856e-05	2.3231582e-05	-8.3306112e-05	-8.3645944e-05	0.0040627378
-0.296	0.704	0	0	0	0.704	0	-0	-0	1.0046013	0.4978965	-4.1602547e-05	-4.8489449e-07	9.5447067e-07	-4.1890762e-07	-4.1736453e-05	-2.8230564e-06	1.8014801e-06	-3.9011651e-06	8.7097219e-07	2.7489343e-05	2.3398876e-05	-8.3305447e-05	-8.3647152e-05	0.0040850822
-0.298	0.702	0	0	0	0.702	0	-0	-0	1.0045244	0.49503364	-4.1598459e-05	-4.8990586e-07	9.5263293e-07	-4.224756e-07	-4.1739013e-05	-2.8221676e-06	1.8042529e-06	-3.9134867e-06	8.7180131e-07	2.7488557e-05	2.3566171e-05	-8.3303973e-05	-8.3647785e-05	0.0041102381
-0.3	0.7	0	0	0	0.7	0	-0	-0	1.0044476	0.49217934	-4.1593711e-05	-4.949211e-07	9.5072011e-07	-4.2607877e-07	-4.1741349e-05	-2.8212304e-06	1.806936e-06	-3.9257778e-06	8.7264765e-07	2.7487471e-05	2.3733467e-05	inf	inf	inf
