lambda	F11	F12	F13	F21	F22	F23	F31	F32	F33	J	P11	P12	P13	P21	P22	P23	P31	P32	P33	p	StrEn	t(1)	t(2)	d
0	1	0	0	0	1	0	0	0	1	1	0	0	0	0	0	0	0	0	0	-0	0	inf	inf	inf
-0.002	0.998	0	0	0	1	0	0	0	1.0010632	0.99906106	-1.8027163e-05	1.6853274e-07	-1.2862991e-08	1.7283299e-07	-6.4196806e-06	-1.1101651e-08	-5.3426338e-09	-1.7116851e-08	-4.1750424e-09	8.1503397e-06	1.8103057e-08	-1.8024953e-05	-1.7889951e-05	-0.0075462554
-0.004	0.996	0	0	0	1	0	0	0	1.0021174	0.99810889	-3.5273777e-05	2.2553781e-07	-9.541838e-08	2.3716252e-07	-1.2650355e-05	1.9282105e-08	-1.9625535e-08	-3.4776166e-08	-7.9379962e-09	1.5977357e-05	7.1559805e-08	-3.526964e-05	-3.4778081e-05	-0.014134159
-0.006	0.994	0	0	0	1	0	0	0	1.0031478	0.99712895	-4.9314928e-05	-6.8614594e-07	-7.1251162e-07	-6.6020245e-07	-1.6782875e-05	1.9027101e-08	-1.2341394e-07	-6.8806396e-08	-6.9871749e-09	2.203493e-05	1.5721538e-07	-4.931135e-05	-4.8401967e-05	-0.018788133
-0.008	0.992	0	0	0	1	0	0	0	1.0041658	0.99613244	-5.838667e-05	-5.9585058e-07	-1.4504263e-06	-5.5033213e-07	-1.716877e-05	-1.1287119e-07	-2.6446477e-07	-1.1689597e-07	-4.5194873e-09	2.5186653e-05	2.6516767e-07	-5.8384374e-05	-5.8192063e-05	-0.0033047745
-0.01	0.99	0	0	0	1	0	0	0	1.0051795	0.99512769	-6.6339666e-05	-5.7741017e-07	-1.9500663e-06	-5.163334e-07	-1.7276367e-05	-1.7390587e-07	-3.7288399e-07	-1.6519665e-07	-4.8481663e-09	2.7873627e-05	3.8998363e-07	-6.6337215e-05	-6.6203264e-05	-0.0020233328
-0.012	0.988	0	0	0	1	0	0	0	1.0061877	0.99411346	-7.3643035e-05	-5.9279765e-07	-2.3579075e-06	-5.1833688e-07	-1.7326827e-05	-2.2890661e-07	-4.7209428e-07	-2.1986368e-07	-6.2432639e-09	3.0325368e-05	5.2998073e-07	-7.3639898e-05	-7.3534464e-05	-0.0014338053
-0.014	0.986	0	0	0	1	0	0	0	1.0071893	0.99308861	-8.0532505e-05	-6.2400988e-07	-2.7145171e-06	-5.3761583e-07	-1.7352467e-05	-2.87189e-07	-5.6869817e-07	-2.8221515e-07	-8.2901035e-09	3.2631088e-05	6.8412149e-07	-8.052837e-05	-8.0435364e-05	-0.0011562786
-0.016	0.984	0	0	0	1	0	0	0	1.008183	0.99205206	-8.7136582e-05	-6.6526595e-07	-3.0386928e-06	-5.6805065e-07	-1.7364369e-05	-3.5190568e-07	-6.6637131e-07	-3.5313748e-07	-1.081849e-08	3.4837256e-05	8.5172219e-07	-8.7131231e-05	-8.7041996e-05	-0.0010251983
-0.018	0.982	0	0	0	1	0	0	0	1.0091677	0.99100267	-9.3523374e-05	-7.1457638e-07	-3.3413605e-06	-6.0747888e-07	-1.7368723e-05	-4.2487018e-07	-7.6784244e-07	-4.3356989e-07	-1.3742464e-08	3.6968613e-05	1.0322895e-06	-9.3516644e-05	-9.3426968e-05	-0.00095984398
-0.02	0.98	0	0	0	1	0	0	0	1.0101419	0.98993902	-9.9727852e-05	-7.7148032e-07	-3.6298366e-06	-6.5535806e-07	-1.7370898e-05	-5.0758837e-07	-8.7548009e-07	-5.2461901e-07	-1.7012243e-08	3.9038588e-05	1.2254301e-06	-9.9719619e-05	-9.9627647e-05	-0.00092315635
-0.022	0.978	0	0	0	1	0	0	0	1.0111036	0.9888593	-0.0001057655	-8.3629754e-07	-3.90955e-06	-7.119861e-07	-1.7377287e-05	-6.0158481e-07	-9.9153004e-07	-6.2760499e-07	-2.0593881e-08	4.1054459e-05	1.4308001e-06	-0.00010575567	-0.00010566082	-0.00089769283
-0.024	0.976	0	0	0	1	0	0	0	1.0120503	0.98776108	-0.00011163852	-9.098467e-07	-4.1848512e-06	-7.7820365e-07	-1.7396926e-05	-7.0854122e-07	-1.1182134e-06	-7.4409051e-07	-2.4457655e-08	4.3019966e-05	1.6480733e-06	-0.00011162705	-0.00011152949	-0.0008747492
-0.026	0.974	0	0	0	1	0	0	0	1.0129785	0.98664101	-0.00011733805	-9.9333044e-07	-4.4594257e-06	-8.5526881e-07	-1.7443605e-05	-8.303717e-07	-1.2577482e-06	-8.759031e-07	-2.8569283e-08	4.4936741e-05	1.876918e-06	-0.00011732496	-0.00011722534	-0.00084979054
-0.028	0.972	0	0	0	1	0	0	0	1.0138831	0.98549441	-0.00012284395	-1.0882769e-06	-4.73654e-06	-9.4478674e-07	-1.7538822e-05	-9.6926967e-07	-1.4123418e-06	-1.0251508e-06	-3.2882843e-08	4.6805219e-05	2.1169747e-06	-0.00012282933	-0.00012272862	-0.00082053794
-0.03	0.97	0	0	0	1	0	0	0	1.0147575	0.9843148	-0.00012812368	-1.1964784e-06	-5.0193072e-06	-1.0486282e-06	-1.7715025e-05	-1.1277299e-06	-1.5842638e-06	-1.1942289e-06	-3.7339204e-08	4.8625347e-05	2.3678325e-06	-0.00012810771	-0.00012800716	-0.00078551416
-0.032	0.968	0	0	0	1	0	0	0	1.015593	0.98309403	-0.00013313354	-1.3198911e-06	-5.3112308e-06	-1.1687954e-06	-1.8015747e-05	-1.308523e-06	-1.7762507e-06	-1.3858088e-06	-4.188168e-08	5.0397055e-05	2.6290034e-06	-0.00013311654	-0.00013301788	-0.00074169438
-0.034	0.966	0	0	0	1	0	0	0	1.0163807	0.98182378	-0.00013782844	-1.4605163e-06	-5.6171565e-06	-1.3072721e-06	-1.848493e-05	-1.5145629e-06	-1.9924554e-06	-1.6027732e-06	-4.6501616e-08	5.2119957e-05	2.899904e-06	-0.00013781075	-0.00013771634	-0.00068550354
-0.036	0.964	0	0	0	1	0	0	0	1.0171149	0.98049877	-0.00014218116	-1.6203796e-06	-5.9439489e-06	-1.4660208e-06	-1.9142756e-05	-1.7486009e-06	-2.239326e-06	-1.8480008e-06	-5.1292109e-08	5.3791735e-05	3.1798687e-06	-0.00014216302	-0.00014207432	-0.00062436309
-0.038	0.962	0	0	0	1	0	0	0	1.0177951	0.97911887	-0.00014619462	-1.801613e-06	-6.299577e-06	-1.6471501e-06	-1.9967872e-05	-2.01276e-06	-2.5249183e-06	-2.1239053e-06	-5.6442918e-08	5.5406312e-05	3.4682013e-06	-0.00014617614	-0.00014609148	-0.0005795154
-0.04	0.96	0	0	0	1	0	0	0	1.0184243	0.97768737	-0.00014989155	-2.006304e-06	-6.6909551e-06	-1.8528383e-06	-2.0907803e-05	-2.3079497e-06	-2.8566725e-06	-2.4317344e-06	-6.2167798e-08	5.695384e-05	3.7642346e-06	-0.00014987273	-0.00014978817	-0.0005645368
-0.042	0.958	0	0	0	1	0	0	0	1.0190059	0.97620765	-0.00015329505	-2.2358513e-06	-7.1223398e-06	-2.0846752e-06	-2.1903221e-05	-2.6330737e-06	-3.2395174e-06	-2.7706611e-06	-6.8643043e-08	5.8422303e-05	4.067354e-06	-0.00015327588	-0.0001531878	-0.00057498598
-0.044	0.956	0	0	0	1	0	0	0	1.0195412	0.97468142	-0.00015641843	-2.4899714e-06	-7.5946871e-06	-2.3425967e-06	-2.2902807e-05	-2.9839674e-06	-3.6749511e-06	-3.1366709e-06	-7.5992741e-08	5.9799077e-05	4.3769858e-06	-0.00015639897	-0.00015630539	-0.00059871945
-0.046	0.954	0	0	0	1	0	0	0	1.0200301	0.9731087	-0.00015926512	-2.7656465e-06	-8.1052811e-06	-2.6237453e-06	-2.3866603e-05	-3.3522614e-06	-4.1604755e-06	-3.5214074e-06	-8.4294076e-08	6.1072007e-05	4.6925755e-06	-0.00015924553	-0.00015914605	-0.00062509203
-0.048	0.952	0	0	0	1	0	0	0	1.0204711	0.97148849	-0.00016183271	-3.0563303e-06	-8.6473805e-06	-2.9215899e-06	-2.4764849e-05	-3.7246618e-06	-4.6890914e-06	-3.9114344e-06	-9.3578954e-08	6.2230379e-05	5.01357e-06	-0.00016181323	-0.00016170857	-0.00064720483
-0.05	0.95	0	0	0	1	0	0	0	1.0208627	0.96981957	-0.00016411784	-3.3518376e-06	-9.2101834e-06	-3.2257495e-06	-2.5576542e-05	-4.083351e-06	-5.2491456e-06	-4.2886228e-06	-1.0382718e-07	6.3266069e-05	5.3394098e-06	-0.00016409881	-0.00016399035	-0.00066138728
-0.052	0.948	0	0	0	1	0	0	0	1.021204	0.96810138	-0.00016612088	-3.6393462e-06	-9.779571e-06	-3.5229775e-06	-2.628879e-05	-4.4081219e-06	-5.8250352e-06	-4.6322971e-06	-1.1495646e-07	6.4174876e-05	5.6695314e-06	-0.0001661027	-0.00016599204	-0.00066662128
-0.054	0.946	0	0	0	1	0	0	0	1.0214954	0.96633465	-0.00016784965	-3.905584e-06	-1.0339883e-05	-3.7994064e-06	-2.689667e-05	-4.680169e-06	-6.3990765e-06	-4.9230862e-06	-1.268189e-07	6.4957712e-05	6.003378e-06	-0.00016783268	-0.00016772124	-0.00066442709
-0.056	0.944	0	0	0	1	0	0	0	1.0217392	0.96452183	-0.00016932123	-4.1395699e-06	-1.0876421e-05	-4.0434156e-06	-2.7402792e-05	-4.8862877e-06	-6.9542625e-06	-5.1472263e-06	-1.3921311e-07	6.562108e-05	6.3404164e-06	-0.00016930578	-0.00016919435	-0.00065861057
-0.058	0.942	0	0	0	1	0	0	0	1.0219394	0.96266695	-0.0001705612	-4.3347279e-06	-1.1377807e-05	-4.247889e-06	-2.7815912e-05	-5.0215113e-06	-7.4769595e-06	-5.2993062e-06	-1.5191304e-07	6.6176343e-05	6.6801554e-06	-0.00017054746	-0.00017043597	-0.00065412982
-0.06	0.94	0	0	0	1	0	0	0	1.0221012	0.96077515	-0.00017160039	-4.4894525e-06	-1.1837242e-05	-4.4108755e-06	-2.8148618e-05	-5.0889581e-06	-7.9584717e-06	-5.3821801e-06	-1.6470292e-07	6.6637904e-05	7.0221603e-06	-0.00017158842	-0.00017147605	-0.00065531691
-0.062	0.938	0	0	0	1	0	0	0	1.0222302	0.95885195	-0.00017247084	-4.6061689e-06	-1.2252381e-05	-4.5346643e-06	-2.8414789e-05	-5.097401e-06	-8.3950712e-06	-5.4045373e-06	-1.7740404e-07	6.7021012e-05	7.3660596e-06	-0.00017246062	-0.00017234608	-0.00066458269
-0.064	0.936	0	0	0	1	0	0	0	1.0223318	0.95690259	-0.00017320248	-4.6896926e-06	-1.2624266e-05	-4.6240993e-06	-2.8627625e-05	-5.0581514e-06	-8.7869282e-06	-5.3777428e-06	-1.8988581e-07	6.7339999e-05	7.7115446e-06	-0.00017319391	-0.00017307582	-0.00068228002
-0.066	0.934	0	0	0	1	0	0	0	1.0224109	0.95493174	-0.00017382127	-4.745709e-06	-1.2956004e-05	-4.6849942e-06	-2.8798557e-05	-4.9825789e-06	-9.1366945e-06	-5.3132987e-06	-2.020635e-07	6.7607296e-05	8.0583629e-06	-0.00017381422	-0.00017369135	-0.00070737891
-0.068	0.932	0	0	0	1	0	0	0	1.0224713	0.95294328	-0.00017434864	-4.7797562e-06	-1.325167e-05	-4.7230585e-06	-2.8936915e-05	-4.8807056e-06	-9.4482767e-06	-5.2213915e-06	-2.1388909e-07	6.7833149e-05	8.40631e-06	-0.00017434299	-0.00017421437	-0.00073826947
-0.07	0.93	0	0	0	1	0	0	0	1.0225166	0.95094042	-0.00017480185	-4.7967112e-06	-1.3515563e-05	-4.7433468e-06	-2.9050048e-05	-4.7606903e-06	-9.7259895e-06	-5.1103464e-06	-2.2534079e-07	6.8025746e-05	8.7552204e-06	-0.00017479746	-0.00017466239	-0.00077331325
-0.072	0.928	0	0	0	1	0	0	0	1.0225492	0.9489257	-0.00017519454	-4.800623e-06	-1.3751793e-05	-4.7500717e-06	-2.9143629e-05	-4.6288454e-06	-9.9740595e-06	-4.9866275e-06	-2.3641419e-07	6.8191529e-05	9.1049596e-06	-0.0001751913	-0.00017504932	-0.00081110476
-0.074	0.926	0	0	0	1	0	0	0	1.0225715	0.94690116	-0.00017553749	-4.7947355e-06	-1.3964086e-05	-4.7466179e-06	-2.9222001e-05	-4.4898898e-06	-1.0196377e-05	-4.8550856e-06	-2.471156e-07	6.8335534e-05	9.4554176e-06	-0.00017553528	-0.00017538611	-0.00085054229
-0.076	0.924	0	0	0	1	0	0	0	1.0225849	0.94486845	-0.00017583917	-4.7815905e-06	-1.4155714e-05	-4.7356447e-06	-2.9288482e-05	-4.3472654e-06	-1.0396402e-05	-4.7192733e-06	-2.574575e-07	6.8461703e-05	9.806504e-06	-0.00017583791	-0.00017568142	-0.00089080663
-0.078	0.922	0	0	0	1	0	0	0	1.022591	0.94282886	-0.00017610633	-4.7631536e-06	-1.432951e-05	-4.7192123e-06	-2.9345609e-05	-4.2034338e-06	-1.057715e-05	-4.581744e-06	-2.6745564e-07	6.8573132e-05	1.0158143e-05	-0.00017610594	-0.00017594209	-0.00093130881
-0.08	0.92	0	0	0	1	0	0	0	1.0225907	0.94078346	-0.00017634434	-4.7409314e-06	-1.4487896e-05	-4.6989032e-06	-2.9395334e-05	-4.060123e-06	-1.074122e-05	-4.4443011e-06	-2.7712714e-07	6.8672268e-05	1.0510272e-05	-0.00017634475	-0.00017617358	-0.00097163538
-0.082	0.918	0	0	0	1	0	0	0	1.0225851	0.93873309	-0.00017655754	-4.7160729e-06	-1.4632939e-05	-4.6759258e-06	-2.9439167e-05	-3.9185219e-06	-1.089084e-05	-4.3081953e-06	-2.8648939e-07	6.8761066e-05	1.0862838e-05	-0.00017655868	-0.00017638027	-0.001011502
-0.084	0.916	0	0	0	1	0	0	0	1.0225748	0.93667847	-0.00017674943	-4.6894512e-06	-1.4766398e-05	-4.6511997e-06	-2.9478284e-05	-3.7794269e-06	-1.1027917e-05	-4.1742734e-06	-2.9555941e-07	6.8841092e-05	1.1215793e-05	-0.00017675126	-0.00017656574	-0.0010507177
-0.086	0.914	0	0	0	1	0	0	0	1.0225604	0.93462018	-0.00017692289	-4.6617277e-06	-1.4889769e-05	-4.6254222e-06	-2.9513609e-05	-3.6433511e-06	-1.1154078e-05	-4.0430904e-06	-3.0435347e-07	6.8913619e-05	1.1569101e-05	-0.00017692535	-0.00017673286	-0.0010891575
-0.088	0.912	0	0	0	1	0	0	0	1.0225424	0.93255869	-0.0001770803	-4.6334014e-06	-1.500433e-05	-4.5991201e-06	-2.9545871e-05	-3.5106051e-06	-1.1270717e-05	-3.9149911e-06	-3.1288693e-07	6.8979686e-05	1.1922725e-05	-0.00017708335	-0.00017688405	-0.001126744
-0.09	0.91	0	0	0	1	0	0	0	1.0225213	0.93049443	-0.00017722363	-4.604848e-06	-1.5111171e-05	-4.5726898e-06	-2.9575649e-05	-3.381355e-06	-1.137903e-05	-3.7901705e-06	-3.2117413e-07	6.9040149e-05	1.2276637e-05	-0.00017722723	-0.00017702128	-0.0011634328
-0.092	0.908	0	0	0	1	0	0	0	1.0224975	0.92842772	-0.00017735453	-4.576348e-06	-1.5211227e-05	-4.5464279e-06	-2.9603408e-05	-3.2556653e-06	-1.1480044e-05	-3.6687169e-06	-3.2922845e-07	6.9095721e-05	1.263081e-05	-0.00017735866	-0.00017714622	-0.0011992028
-0.094	0.906	0	0	0	1	0	0	0	1.0224712	0.92635887	-0.0001774744	-4.5481097e-06	-1.5305302e-05	-4.5205543e-06	-2.9629522e-05	-3.1335297e-06	-1.1574643e-05	-3.5506443e-06	-3.3706228e-07	6.9146994e-05	1.2985222e-05	-0.00017747902	-0.00017726027	-0.0012340492
-0.096	0.904	0	0	0	1	0	0	0	1.0224426	0.92428812	-0.00017758443	-4.5202858e-06	-1.5394088e-05	-4.4952299e-06	-2.9654295e-05	-3.0148935e-06	-1.1663593e-05	-3.435915e-06	-3.446871e-07	6.9194471e-05	1.3339851e-05	-0.00017758952	-0.00017736463	-0.0012679787
-0.098	0.902	0	0	0	1	0	0	0	1.0224121	0.92221569	-0.00017768564	-4.4929862e-06	-1.5478184e-05	-4.4705708e-06	-2.9677972e-05	-2.8996694e-06	-1.1747556e-05	-3.3244565e-06	-3.5211354e-07	6.9238574e-05	1.369468e-05	-0.00017769117	-0.0001774603	-0.0013010054
-0.1	0.9	0	0	0	1	0	0	0	1.0223797	0.92014177	-0.00017777889	-4.4662883e-06	-1.555811e-05	-4.4466581e-06	-2.9700756e-05	-2.7877496e-06	-1.182711e-05	-3.2161734e-06	-3.5935147e-07	6.9279668e-05	1.4049692e-05	-0.00017778485	-0.00017754815	-0.0013331489
-0.102	0.898	0	0	0	1	0	0	0	1.0223458	0.91806651	-0.00017786496	-4.4402443e-06	-1.5634318e-05	-4.4235463e-06	-2.9722814e-05	-2.6790137e-06	-1.1902757e-05	-3.1109564e-06	-3.6641e-07	6.931806e-05	1.4404873e-05	-0.00017787131	-0.00017762895	-0.0013644318
-0.104	0.896	0	0	0	1	0	0	0	1.0223103	0.91599006	-0.00017794448	-4.414887e-06	-1.5707201e-05	-4.4012694e-06	-2.9744282e-05	-2.5733349e-06	-1.1974937e-05	-3.008688e-06	-3.7329761e-07	6.9354021e-05	1.4760208e-05	-0.00017795122	-0.00017770335	-0.001394879
-0.106	0.894	0	0	0	1	0	0	0	1.0222735	0.91391255	-0.00017801805	-4.3902346e-06	-1.5777106e-05	-4.3798457e-06	-2.9765275e-05	-2.4705841e-06	-1.2044035e-05	-2.9092476e-06	-3.8002215e-07	6.9387781e-05	1.5115686e-05	-0.00017802515	-0.00017777191	-0.0014245163
-0.108	0.892	0	0	0	1	0	0	0	1.0222355	0.91183408	-0.00017808615	-4.366294e-06	-1.5844335e-05	-4.3592813e-06	-2.9785887e-05	-2.3706329e-06	-1.211039e-05	-2.8125141e-06	-3.8659093e-07	6.9419543e-05	1.5471296e-05	-0.00017809361	-0.00017783515	-0.0014533702
-0.11	0.89	0	0	0	1	0	0	0	1.0221964	0.90975475	-0.00017814924	-4.3430635e-06	-1.5909154e-05	-4.3395734e-06	-2.9806196e-05	-2.2733555e-06	-1.21743e-05	-2.7183682e-06	-3.9301077e-07	6.9449483e-05	1.5827027e-05	-0.00017815704	-0.0001778935	-0.0014814668
-0.112	0.888	0	0	0	1	0	0	0	1.0221561	0.90767466	-0.00017820772	-4.320535e-06	-1.5971799e-05	-4.320712e-06	-2.9826271e-05	-2.1786303e-06	-1.2236031e-05	-2.626694e-06	-3.99288e-07	6.9477759e-05	1.618287e-05	-0.00017821584	-0.00017794735	-0.0015088321
-0.114	0.886	0	0	0	1	0	0	0	1.022115	0.90559387	-0.00017826192	-4.2986954e-06	-1.6032477e-05	-4.3026822e-06	-2.9846166e-05	-2.0863404e-06	-1.2295814e-05	-2.5373799e-06	-4.0542857e-07	6.9504506e-05	1.6538816e-05	-0.00017827036	-0.00017799705	-0.0015354915
-0.116	0.884	0	0	0	1	0	0	0	1.0220729	0.90351245	-0.00017831218	-4.2775282e-06	-1.6091372e-05	-4.2854651e-06	-2.9865929e-05	-1.9963745e-06	-1.2353859e-05	-2.4503191e-06	-4.1143801e-07	6.9529848e-05	1.6894858e-05	-0.00017832091	-0.00017804291	-0.0015614695
-0.118	0.882	0	0	0	1	0	0	0	1.02203	0.90143048	-0.00017835876	-4.2570142e-06	-1.6148648e-05	-4.269039e-06	-2.98856e-05	-1.9086266e-06	-1.2410349e-05	-2.36541e-06	-4.1732151e-07	6.9553892e-05	1.7250988e-05	-0.00017836779	-0.0001780852	-0.00158679
-0.12	0.88	0	0	0	1	0	0	0	1.0219864	0.899348	-0.00017840191	-4.2371327e-06	-1.620445e-05	-4.2533805e-06	-2.9905212e-05	-1.8229967e-06	-1.2465449e-05	-2.2825564e-06	-4.2308395e-07	6.9576736e-05	1.7607199e-05	-0.00017841122	-0.00017812418	-0.0016114759
-0.122	0.878	0	0	0	1	0	0	0	1.021942	0.89726507	-0.00017844188	-4.2178615e-06	-1.6258908e-05	-4.2384647e-06	-2.9924795e-05	-1.7393904e-06	-1.2519305e-05	-2.2016672e-06	-4.287299e-07	6.9598467e-05	1.7963484e-05	-0.00017845146	-0.00017816007	-0.0016355491
-0.124	0.876	0	0	0	1	0	0	0	1.0218969	0.89518173	-0.00017847885	-4.1991779e-06	-1.6312137e-05	-4.2242661e-06	-2.9944372e-05	-1.6577186e-06	-1.2572048e-05	-2.1226568e-06	-4.3426366e-07	6.9619163e-05	1.8319839e-05	-0.0001784887	-0.00017819307	-0.0016590309
-0.126	0.874	0	0	0	1	0	0	0	1.0218513	0.89309802	-0.00017851303	-4.1810587e-06	-1.6364241e-05	-4.2107586e-06	-2.9963966e-05	-1.5778978e-06	-1.2623797e-05	-2.0454442e-06	-4.3968929e-07	6.9638895e-05	1.8676257e-05	-0.00017852313	-0.00017822337	-0.0016819413
-0.128	0.872	0	0	0	1	0	0	0	1.021805	0.89101399	-0.00017854458	-4.1634807e-06	-1.6415313e-05	-4.1979162e-06	-2.9983594e-05	-1.4998492e-06	-1.2674657e-05	-1.9699535e-06	-4.450106e-07	6.9657726e-05	1.9032733e-05	-0.00017855493	-0.00017825113	-0.0017042999
-0.13	0.87	0	0	0	1	0	0	0	1.0217582	0.88892966	-0.00017857365	-4.1464211e-06	-1.6465436e-05	-4.1857131e-06	-3.0003271e-05	-1.4234991e-06	-1.2724721e-05	-1.8961134e-06	-4.5023121e-07	6.9675717e-05	1.9389261e-05	-0.00017858424	-0.00017827651	-0.0017261251
-0.132	0.868	0	0	0	1	0	0	0	1.0217109	0.88684508	-0.00017860039	-4.1298571e-06	-1.6514685e-05	-4.1741238e-06	-3.0023012e-05	-1.348778e-06	-1.2774077e-05	-1.8238567e-06	-4.5535452e-07	6.9692918e-05	1.9745839e-05	-0.00017861121	-0.00017829965	-0.0017474346
-0.134	0.866	0	0	0	1	0	0	0	1.0216631	0.88476027	-0.00017862493	-4.1137664e-06	-1.6563126e-05	-4.163123e-06	-3.0042828e-05	-1.275621e-06	-1.2822799e-05	-1.7531205e-06	-4.6038376e-07	6.970938e-05	2.010246e-05	-0.00017863598	-0.00017832067	-0.0017682453
-0.136	0.864	0	0	0	1	0	0	0	1.0216149	0.88267525	-0.00017864739	-4.0981275e-06	-1.6610821e-05	-4.1526866e-06	-3.0062729e-05	-1.2039667e-06	-1.2870957e-05	-1.6838454e-06	-4.65322e-07	6.9725146e-05	2.0459121e-05	-0.00017865866	-0.00017833969	-0.0017885735
-0.138	0.862	0	0	0	1	0	0	0	1.0215662	0.88059006	-0.00017866788	-4.0829193e-06	-1.6657825e-05	-4.1427905e-06	-3.0082724e-05	-1.1337578e-06	-1.2918614e-05	-1.6159758e-06	-4.7017214e-07	6.9740259e-05	2.0815819e-05	-0.00017867937	-0.00017835683	-0.0018084346
-0.14	0.86	0	0	0	1	0	0	0	1.0215171	0.87850471	-0.00017868651	-4.0681215e-06	-1.6704186e-05	-4.1334118e-06	-3.0102821e-05	-1.0649402e-06	-1.2965826e-05	-1.5494594e-06	-4.7493694e-07	6.9754755e-05	2.1172549e-05	-0.00017869821	-0.00017837217	-0.0018278434
-0.142	0.858	0	0	0	1	0	0	0	1.0214676	0.87641924	-0.00017870336	-4.0537144e-06	-1.6749949e-05	-4.1245281e-06	-3.0123026e-05	-9.97463e-07	-1.3012643e-05	-1.4842469e-06	-4.7961902e-07	6.976867e-05	2.1529307e-05	-0.00017871527	-0.00017838582	-0.0018468142
-0.144	0.856	0	0	0	1	0	0	0	1.0214178	0.87433365	-0.00017871854	-4.039679e-06	-1.6795154e-05	-4.1161178e-06	-3.0143345e-05	-9.3127844e-07	-1.3059111e-05	-1.4202919e-06	-4.8422087e-07	6.9782035e-05	2.1886092e-05	-0.00017873065	-0.00017839787	-0.0018653605
-0.146	0.854	0	0	0	1	0	0	0	1.0213676	0.87224797	-0.00017873212	-4.0259972e-06	-1.6839838e-05	-4.1081603e-06	-3.0163784e-05	-8.6634134e-07	-1.3105273e-05	-1.3575505e-06	-4.8874488e-07	6.9794882e-05	2.2242899e-05	-0.00017874442	-0.00017840839	-0.0018834954
-0.148	0.852	0	0	0	1	0	0	0	1.0213171	0.87016221	-0.00017874417	-4.0126516e-06	-1.6884034e-05	-4.1006356e-06	-3.0184347e-05	-8.0260913e-07	-1.3151166e-05	-1.2959815e-06	-4.9319332e-07	6.9807238e-05	2.2599725e-05	-0.00017875666	-0.00017841745	-0.0019012313
-0.15	0.85	0	0	0	1	0	0	0	1.0212663	0.86807639	-0.00017875478	-3.9996253e-06	-1.6927772e-05	-4.0935244e-06	-3.0205038e-05	-7.4004158e-07	-1.3196824e-05	-1.2355459e-06	-4.9756834e-07	6.9819129e-05	2.2956569e-05	-0.00017876746	-0.00017842513	-0.0019185803
-0.152	0.848	0	0	0	1	0	0	0	1.0212153	0.86599053	-0.00017876401	-3.9869025e-06	-1.6971079e-05	-4.0868084e-06	-3.0225861e-05	-6.7860066e-07	-1.3242277e-05	-1.1762067e-06	-5.0187204e-07	6.9830579e-05	2.3313426e-05	-0.00017877686	-0.0001784315	-0.0019355539
-0.154	0.846	0	0	0	1	0	0	0	1.0211639	0.86390464	-0.00017877191	-3.9744678e-06	-1.7013979e-05	-4.08047e-06	-3.0246818e-05	-6.1825035e-07	-1.3287555e-05	-1.117929e-06	-5.0610638e-07	6.9841612e-05	2.3670295e-05	-0.00017878494	-0.00017843661	-0.0019521631
-0.156	0.844	0	0	0	1	0	0	0	1.0211122	0.86181874	-0.00017877856	-3.9623066e-06	-1.7056495e-05	-4.0744923e-06	-3.0267913e-05	-5.5895651e-07	-1.3332681e-05	-1.0606796e-06	-5.1027326e-07	6.9852249e-05	2.4027172e-05	-0.00017879176	-0.00017844052	-0.0019684185
-0.158	0.842	0	0	0	1	0	0	0	1.0210604	0.85973283	-0.000178784	-3.950405e-06	-1.7098647e-05	-4.0688592e-06	-3.0289148e-05	-5.0068674e-07	-1.337768e-05	-1.0044271e-06	-5.1437451e-07	6.9862509e-05	2.4384057e-05	-0.00017879738	-0.00017844329	-0.0019843303
-0.16	0.84	0	0	0	1	0	0	0	1.0210083	0.85764693	-0.0001787883	-3.9387497e-06	-1.7140454e-05	-4.0635552e-06	-3.0310526e-05	-4.4341025e-07	-1.3422572e-05	-9.4914156e-07	-5.1841187e-07	6.9872412e-05	2.4740945e-05	-0.00017880183	-0.00017844496	-0.0019999085
-0.162	0.838	0	0	0	1	0	0	0	1.0209559	0.85556105	-0.00017879149	-3.9273282e-06	-1.7181933e-05	-4.0585656e-06	-3.0332048e-05	-3.8709772e-07	-1.3467377e-05	-8.9479454e-07	-5.2238701e-07	6.9881975e-05	2.5097837e-05	-0.00017880519	-0.00017844559	-0.0020151623
-0.164	0.836	0	0	0	1	0	0	0	1.0209034	0.85347521	-0.00017879363	-3.9161283e-06	-1.7223098e-05	-4.0538764e-06	-3.0353715e-05	-3.3172125e-07	-1.351211e-05	-8.4135889e-07	-5.2630155e-07	6.9891215e-05	2.5454728e-05	-0.00017880748	-0.00017844522	-0.0020301011
-0.166	0.834	0	0	0	1	0	0	0	1.0208506	0.8513894	-0.00017879476	-3.9051387e-06	-1.7263964e-05	-4.0494741e-06	-3.037553e-05	-2.7725419e-07	-1.3556788e-05	-7.8880876e-07	-5.3015703e-07	6.9900147e-05	2.5811617e-05	-0.00017880877	-0.0001784439	-0.0020447335
-0.168	0.832	0	0	0	1	0	0	0	1.0207976	0.84930364	-0.00017879491	-3.8943484e-06	-1.7304543e-05	-4.045346e-06	-3.0397493e-05	-2.2367111e-07	-1.3601425e-05	-7.3711941e-07	-5.3395494e-07	6.9908788e-05	2.6168503e-05	-0.00017880908	-0.00017844165	-0.002059068
-0.17	0.83	0	0	0	1	0	0	0	1.0207445	0.84721795	-0.00017879415	-3.8837472e-06	-1.7344848e-05	-4.0414799e-06	-3.0419606e-05	-1.709477e-07	-1.3646034e-05	-6.8626723e-07	-5.3769672e-07	6.991715e-05	2.6525384e-05	-0.00017880845	-0.00017843853	-0.0020731127
-0.172	0.828	0	0	0	1	0	0	0	1.0206912	0.84513232	-0.00017879249	-3.8733253e-06	-1.7384887e-05	-4.0378641e-06	-3.044187e-05	-1.1906066e-07	-1.3690627e-05	-6.3622957e-07	-5.4138376e-07	6.9925246e-05	2.6882258e-05	-0.00017880694	-0.00017843457	-0.0020868756
-0.174	0.826	0	0	0	1	0	0	0	1.0206377	0.84304676	-0.00017878997	-3.8630733e-06	-1.7424672e-05	-4.0344876e-06	-3.0464285e-05	-6.7987696e-08	-1.3735213e-05	-5.8698476e-07	-5.4501739e-07	6.9933091e-05	2.7239122e-05	-0.00017880456	-0.0001784298	-0.0021003641
-0.176	0.824	0	0	0	1	0	0	0	1.0205841	0.84096129	-0.00017878663	-3.8529825e-06	-1.746421e-05	-4.0313399e-06	-3.0486852e-05	-1.7707389e-08	-1.3779802e-05	-5.3851198e-07	-5.485989e-07	6.9940695e-05	2.7595977e-05	-0.00017880137	-0.00017842425	-0.0021135858
-0.178	0.822	0	0	0	1	0	0	0	1.0205303	0.83887592	-0.00017878251	-3.8430445e-06	-1.7503509e-05	-4.028411e-06	-3.0509572e-05	3.1800813e-08	-1.3824403e-05	-4.9079126e-07	-5.5212953e-07	6.9948069e-05	2.7952819e-05	-0.00017879737	-0.00017841796	-0.0021265475
-0.18	0.82	0	0	0	1	0	0	0	1.0204764	0.83679064	-0.00017877762	-3.8332513e-06	-1.7542578e-05	-4.0256913e-06	-3.0532446e-05	8.0556668e-08	-1.3869024e-05	-4.4380338e-07	-5.5561049e-07	6.9955225e-05	2.8309649e-05	-0.00017879262	-0.00017841095	-0.0021392563
-0.182	0.818	0	0	0	1	0	0	0	1.0204223	0.83470546	-0.000178772	-3.8235953e-06	-1.7581421e-05	-4.0231717e-06	-3.0555472e-05	1.2857919e-07	-1.3913672e-05	-3.9752987e-07	-5.5904294e-07	6.9962173e-05	2.8666463e-05	-0.00017878713	-0.00017840326	-0.0021517186
-0.184	0.816	0	0	0	1	0	0	0	1.0203681	0.8326204	-0.00017876569	-3.8140696e-06	-1.7620047e-05	-4.0208436e-06	-3.0578652e-05	1.7588668e-07	-1.3958353e-05	-3.5195293e-07	-5.6242802e-07	6.9968922e-05	2.9023262e-05	-0.00017878094	-0.00017839491	-0.0021639408
-0.186	0.814	0	0	0	1	0	0	0	1.0203138	0.83053545	-0.00017875869	-3.8046672e-06	-1.7658459e-05	-4.0186989e-06	-3.0601986e-05	2.2249678e-07	-1.4003073e-05	-3.070554e-07	-5.6576681e-07	6.9975481e-05	2.9380043e-05	-0.00017877407	-0.00017838592	-0.0021759292
-0.188	0.812	0	0	0	1	0	0	0	1.0202594	0.82845063	-0.00017875104	-3.7953819e-06	-1.7696663e-05	-4.0167296e-06	-3.0625474e-05	2.6842652e-07	-1.4047837e-05	-2.6282074e-07	-5.6906037e-07	6.9981859e-05	2.9736805e-05	-0.00017876655	-0.00017837631	-0.0021876896
-0.19	0.81	0	0	0	1	0	0	0	1.0202049	0.82636593	-0.00017874277	-3.7862075e-06	-1.7734664e-05	-4.0149284e-06	-3.0649116e-05	3.136923e-07	-1.4092649e-05	-2.1923299e-07	-5.7230972e-07	6.9988065e-05	3.0093548e-05	-0.00017875839	-0.00017836612	-0.002199228
-0.192	0.808	0	0	0	1	0	0	0	1.0201502	0.82428137	-0.00017873389	-3.7771383e-06	-1.7772466e-05	-4.0132881e-06	-3.0672911e-05	3.5831e-07	-1.4137515e-05	-1.7627673e-07	-5.7551588e-07	6.9994106e-05	3.045027e-05	-0.00017874963	-0.00017835537	-0.0022105497
-0.194	0.806	0	0	0	1	0	0	0	1.0200955	0.82219694	-0.00017872443	-3.7681689e-06	-1.7810072e-05	-4.0118022e-06	-3.0696859e-05	4.0229495e-07	-1.4182438e-05	-1.3393707e-07	-5.7867979e-07	6.999999e-05	3.0806969e-05	-0.00017874028	-0.00017834406	-0.0022216603
-0.196	0.804	0	0	0	1	0	0	0	1.0200406	0.82011266	-0.00017871441	-3.759294e-06	-1.7847486e-05	-4.0104641e-06	-3.0720961e-05	4.4566195e-07	-1.4227421e-05	-9.2199583e-08	-5.818024e-07	7.0005723e-05	3.1163646e-05	-0.00017873037	-0.00017833223	-0.002232565
-0.198	0.802	0	0	0	1	0	0	0	1.0199857	0.81802853	-0.00017870384	-3.7505088e-06	-1.7884712e-05	-4.0092679e-06	-3.0745216e-05	4.8842537e-07	-1.4272467e-05	-5.1050349e-08	-5.8488463e-07	7.0011313e-05	3.1520298e-05	-0.00017871991	-0.00017831989	-0.0022432688
-0.2	0.8	0	0	0	1	0	0	0	1.0199307	0.81594455	-0.00017869275	-3.7418087e-06	-1.7921752e-05	-4.0082076e-06	-3.0769623e-05	5.3059907e-07	-1.431758e-05	-1.0475875e-08	-5.8792735e-07	7.0016766e-05	3.1876926e-05	-0.00017870893	-0.00017830707	-0.0022537766
-0.202	0.798	0	0	0	1	0	0	0	1.0198756	0.81386072	-0.00017868115	-3.7331892e-06	-1.7958608e-05	-4.0072779e-06	-3.0794183e-05	5.7219649e-07	-1.4362761e-05	2.9536897e-08	-5.9093143e-07	7.0022088e-05	3.2233527e-05	-0.00017869744	-0.00017829377	-0.0022640932
-0.204	0.796	0	0	0	1	0	0	0	1.0198204	0.81177706	-0.00017866907	-3.7246463e-06	-1.7995285e-05	-4.0064735e-06	-3.0818894e-05	6.1323067e-07	-1.4408013e-05	6.9000618e-08	-5.9389772e-07	7.0027286e-05	3.2590101e-05	-0.00017868546	-0.00017828001	-0.0022742232
-0.206	0.794	0	0	0	1	0	0	0	1.0197652	0.80969355	-0.00017865651	-3.7161759e-06	-1.8031783e-05	-4.0057893e-06	-3.0843756e-05	6.5371422e-07	-1.4453337e-05	1.0792755e-07	-5.9682702e-07	7.0032364e-05	3.2946647e-05	-0.000178673	-0.00017826581	-0.0022841709
-0.208	0.792	0	0	0	1	0	0	0	1.0197099	0.80761022	-0.00017864349	-3.7077744e-06	-1.8068104e-05	-4.0052207e-06	-3.0868768e-05	6.9365937e-07	-1.4498737e-05	1.4632956e-07	-5.9972013e-07	7.0037327e-05	3.3303164e-05	-0.00017866009	-0.00017825119	-0.0022939408
-0.21	0.79	0	0	0	1	0	0	0	1.0196545	0.80552706	-0.00017863004	-3.6994381e-06	-1.8104252e-05	-4.0047632e-06	-3.0893931e-05	7.33078e-07	-1.4544212e-05	1.8421819e-07	-6.0257783e-07	7.0042182e-05	3.3659651e-05	-0.00017864673	-0.00017823616	-0.002303537
-0.212	0.788	0	0	0	1	0	0	0	1.0195991	0.80344407	-0.00017861615	-3.6911638e-06	-1.8140226e-05	-4.0044124e-06	-3.0919242e-05	7.7198161e-07	-1.4589766e-05	2.2160461e-07	-6.0540087e-07	7.0046933e-05	3.4016109e-05	-0.00017863294	-0.00017822072	-0.0023129636
-0.214	0.786	0	0	0	1	0	0	0	1.0195436	0.80136126	-0.00017860186	-3.6829482e-06	-1.817603e-05	-4.0041643e-06	-3.0944702e-05	8.1038139e-07	-1.4635398e-05	2.5849965e-07	-6.0819e-07	7.0051584e-05	3.4372534e-05	-0.00017861874	-0.00017820491	-0.0023222244
-0.216	0.784	0	0	0	1	0	0	0	1.0194881	0.79927863	-0.00017858716	-3.6747883e-06	-1.8211664e-05	-4.0040149e-06	-3.097031e-05	8.4828816e-07	-1.468111e-05	2.9491384e-07	-6.1094592e-07	7.0056139e-05	3.4728928e-05	-0.00017860413	-0.00017818872	-0.0023313234
-0.218	0.782	0	0	0	1	0	0	0	1.0194325	0.79719619	-0.00017857208	-3.6666813e-06	-1.824713e-05	-4.0039605e-06	-3.0996065e-05	8.8571247e-07	-1.4726904e-05	3.3085739e-07	-6.1366934e-07	7.0060604e-05	3.5085289e-05	-0.00017858914	-0.00017817217	-0.0023402641
-0.22	0.78	0	0	0	1	0	0	0	1.0193768	0.79511393	-0.00017855661	-3.6586244e-06	-1.8282429e-05	-4.0039976e-06	-3.1021967e-05	9.2266452e-07	-1.4772779e-05	3.6634021e-07	-6.1636094e-07	7.0064981e-05	3.5441617e-05	-0.00017857377	-0.00017815527	-0.0023490502
-0.222	0.778	0	0	0	1	0	0	0	1.0193212	0.79303186	-0.00017854079	-3.6506151e-06	-1.8317562e-05	-4.0041228e-06	-3.1048014e-05	9.5915426e-07	-1.4818737e-05	4.0137194e-07	-6.1902139e-07	7.0069275e-05	3.579791e-05	-0.00017855803	-0.00017813803	-0.0023576852
-0.224	0.776	0	0	0	1	0	0	0	1.0192654	0.79094998	-0.00017852461	-3.6426508e-06	-1.8352531e-05	-4.0043328e-06	-3.1074205e-05	9.9519133e-07	-1.4864779e-05	4.3596191e-07	-6.2165134e-07	7.0073489e-05	3.6154169e-05	-0.00017854193	-0.00017812047	-0.0023661724
-0.226	0.774	0	0	0	1	0	0	0	1.0192097	0.7888683	-0.00017850809	-3.6347292e-06	-1.8387336e-05	-4.0046247e-06	-3.110054e-05	1.0307851e-06	-1.4910905e-05	4.7011922e-07	-6.2425142e-07	7.0077627e-05	3.6510392e-05	-0.0001785255	-0.00017810259	-0.0023745151
-0.228	0.772	0	0	0	1	0	0	0	1.0191539	0.78678682	-0.00017849123	-3.6268481e-06	-1.8421978e-05	-4.0049954e-06	-3.1127018e-05	1.0659447e-06	-1.4957115e-05	5.0385268e-07	-6.2682227e-07	7.0081692e-05	3.6866579e-05	-0.00017850872	-0.0001780844	-0.0023827166
-0.23	0.77	0	0	0	1	0	0	0	1.0190981	0.78470553	-0.00017847406	-3.6190054e-06	-1.8456458e-05	-4.0054421e-06	-3.1153638e-05	1.1006789e-06	-1.5003411e-05	5.3717086e-07	-6.2936449e-07	7.0085687e-05	3.722273e-05	-0.00017849163	-0.00017806591	-0.0023907798
-0.232	0.768	0	0	0	1	0	0	0	1.0190422	0.78262444	-0.00017845657	-3.6111991e-06	-1.8490778e-05	-4.0059621e-06	-3.11804e-05	1.1349964e-06	-1.5049792e-05	5.7008209e-07	-6.3187866e-07	7.0089615e-05	3.7578843e-05	-0.00017847421	-0.00017804713	-0.0023987079
-0.234	0.766	0	0	0	1	0	0	0	1.0189864	0.78054356	-0.00017843877	-3.6034272e-06	-1.8524936e-05	-4.0065529e-06	-3.1207301e-05	1.1689055e-06	-1.5096259e-05	6.0259446e-07	-6.3436538e-07	7.0093479e-05	3.7934918e-05	-0.0001784565	-0.00017802807	-0.0024065036
-0.236	0.764	0	0	0	1	0	0	0	1.0189305	0.77846289	-0.00017842068	-3.595688e-06	-1.8558936e-05	-4.007212e-06	-3.1234342e-05	1.2024144e-06	-1.5142812e-05	6.3471585e-07	-6.3682521e-07	7.0097282e-05	3.8290955e-05	-0.00017843848	-0.00017800874	-0.00241417
-0.238	0.762	0	0	0	1	0	0	0	1.0188746	0.77638242	-0.0001784023	-3.5879796e-06	-1.8592776e-05	-4.0079371e-06	-3.1261521e-05	1.2355309e-06	-1.5189451e-05	6.6645389e-07	-6.392587e-07	7.0101026e-05	3.8646953e-05	-0.00017842017	-0.00017798914	-0.0024217096
-0.24	0.76	0	0	0	1	0	0	0	1.0188186	0.77430216	-0.00017838364	-3.5803005e-06	-1.8626458e-05	-4.0087259e-06	-3.1288837e-05	1.2682628e-06	-1.5236178e-05	6.9781602e-07	-6.416664e-07	7.0104714e-05	3.9002912e-05	-0.00017840159	-0.00017796928	-0.0024291253
-0.242	0.758	0	0	0	1	0	0	0	1.0187627	0.77222212	-0.0001783647	-3.572649e-06	-1.8659982e-05	-4.0095763e-06	-3.131629e-05	1.3006176e-06	-1.5282992e-05	7.2880947e-07	-6.4404885e-07	7.0108348e-05	3.935883e-05	-0.00017838272	-0.00017794917	-0.0024364197
-0.244	0.756	0	0	0	1	0	0	0	1.0187067	0.77014228	-0.00017834551	-3.5650235e-06	-1.8693349e-05	-4.0104861e-06	-3.1343879e-05	1.3326024e-06	-1.5329892e-05	7.5944127e-07	-6.4640655e-07	7.011193e-05	3.9714708e-05	-0.0001783636	-0.00017792881	-0.0024435952
-0.246	0.754	0	0	0	1	0	0	0	1.0186508	0.76806267	-0.00017832605	-3.5574228e-06	-1.8726559e-05	-4.0114534e-06	-3.1371601e-05	1.3642244e-06	-1.5376881e-05	7.8971824e-07	-6.4874003e-07	7.0115463e-05	4.0070546e-05	-0.00017834421	-0.00017790822	-0.0024506544
-0.248	0.752	0	0	0	1	0	0	0	1.0185948	0.76598326	-0.00017830634	-3.5498453e-06	-1.8759612e-05	-4.0124763e-06	-3.1399457e-05	1.3954905e-06	-1.5423957e-05	8.1964702e-07	-6.5104979e-07	7.0118949e-05	4.0426341e-05	-0.00017832457	-0.00017788739	-0.0024575997
-0.25	0.75	0	0	0	1	0	0	0	1.0185388	0.76390408	-0.00017828638	-3.5422898e-06	-1.879251e-05	-4.0135529e-06	-3.1427446e-05	1.4264073e-06	-1.547112e-05	8.4923409e-07	-6.533363e-07	7.0122389e-05	4.0782095e-05	-0.00017830468	-0.00017786634	-0.0024644334
-0.252	0.748	0	0	0	1	0	0	0	1.0184828	0.76182512	-0.00017826619	-3.534755e-06	-1.8825253e-05	-4.0146815e-06	-3.1455566e-05	1.4569814e-06	-1.5518372e-05	8.7848573e-07	-6.5560005e-07	7.0125786e-05	4.1137807e-05	-0.00017828455	-0.00017784506	-0.0024711578
-0.254	0.746	0	0	0	1	0	0	0	1.0184268	0.75974637	-0.00017824576	-3.5272396e-06	-1.8857841e-05	-4.0158605e-06	-3.1483817e-05	1.4872192e-06	-1.5565712e-05	9.0740804e-07	-6.5784151e-07	7.0129141e-05	4.1493475e-05	-0.00017826418	-0.00017782358	-0.0024777752
-0.256	0.744	0	0	0	1	0	0	0	1.0183708	0.75766785	-0.00017822511	-3.5197425e-06	-1.8890274e-05	-4.0170881e-06	-3.1512197e-05	1.5171267e-06	-1.561314e-05	9.3600697e-07	-6.6006114e-07	7.0132455e-05	4.1849101e-05	-0.00017824359	-0.00017780188	-0.0024842877
-0.258	0.742	0	0	0	1	0	0	0	1.0183148	0.75558956	-0.00017820423	-3.5122626e-06	-1.8922554e-05	-4.0183628e-06	-3.1540706e-05	1.54671e-06	-1.5660656e-05	9.6428832e-07	-6.6225938e-07	7.0135732e-05	4.2204683e-05	-0.00017822277	-0.00017777998	-0.0024906975
-0.26	0.74	0	0	0	1	0	0	0	1.0182588	0.75351149	-0.00017818313	-3.5047989e-06	-1.8954679e-05	-4.0196831e-06	-3.1569342e-05	1.5759749e-06	-1.5708261e-05	9.9225769e-07	-6.6443669e-07	7.0138971e-05	4.2560221e-05	-0.00017820174	-0.00017775788	-0.0024970066
-0.262	0.738	0	0	0	1	0	0	0	1.0182028	0.75143364	-0.00017816183	-3.4973502e-06	-1.8986652e-05	-4.0210476e-06	-3.1598104e-05	1.6049272e-06	-1.5755954e-05	1.0199206e-06	-6.665935e-07	7.0142175e-05	4.2915714e-05	-0.00017818049	-0.00017773558	-0.0025032172
-0.264	0.736	0	0	0	1	0	0	0	1.0181468	0.74935603	-0.00017814031	-3.4899156e-06	-1.9018471e-05	-4.0224548e-06	-3.1626992e-05	1.6335723e-06	-1.5803736e-05	1.0472823e-06	-6.6873022e-07	7.0145345e-05	4.3271163e-05	-0.00017815903	-0.00017771309	-0.002509331
-0.266	0.734	0	0	0	1	0	0	0	1.0180908	0.74727864	-0.00017811859	-3.4824941e-06	-1.9050138e-05	-4.0239034e-06	-3.1656005e-05	1.6619156e-06	-1.5851607e-05	1.074348e-06	-6.7084727e-07	7.0148482e-05	4.3626567e-05	-0.00017813737	-0.00017769042	-0.0025153502
-0.268	0.732	0	0	0	1	0	0	0	1.0180348	0.74520148	-0.00017809668	-3.4750849e-06	-1.9081652e-05	-4.0253921e-06	-3.1685141e-05	1.6899624e-06	-1.5899567e-05	1.1011228e-06	-6.7294507e-07	7.0151588e-05	4.3981925e-05	-0.00017811551	-0.00017766756	-0.0025212765
-0.27	0.73	0	0	0	1	0	0	0	1.0179788	0.74312456	-0.00017807457	-3.467687e-06	-1.9113015e-05	-4.0269195e-06	-3.1714399e-05	1.7177179e-06	-1.5947617e-05	1.1276116e-06	-6.7502401e-07	7.0154664e-05	4.4337237e-05	-0.00017809346	-0.00017764453	-0.0025271118
-0.272	0.728	0	0	0	1	0	0	0	1.0179229	0.74104786	-0.00017805227	-3.4602996e-06	-1.9144226e-05	-4.0284846e-06	-3.1743779e-05	1.7451869e-06	-1.5995755e-05	1.1538191e-06	-6.7708449e-07	7.0157711e-05	4.4692503e-05	-0.00017807121	-0.00017762132	-0.002532858
-0.274	0.726	0	0	0	1	0	0	0	1.0178669	0.7389714	-0.00017802978	-3.4529218e-06	-1.9175286e-05	-4.0300861e-06	-3.177328e-05	1.7723743e-06	-1.6043984e-05	1.1797501e-06	-6.7912688e-07	7.016073e-05	4.5047722e-05	-0.00017804878	-0.00017759794	-0.0025385168
-0.276	0.724	0	0	0	1	0	0	0	1.017811	0.73689518	-0.00017800711	-3.4455529e-06	-1.9206195e-05	-4.0317228e-06	-3.18029e-05	1.7992848e-06	-1.6092301e-05	1.2054089e-06	-6.8115158e-07	7.0163722e-05	4.5402895e-05	-0.00017802616	-0.00017757439	-0.00254409
-0.278	0.722	0	0	0	1	0	0	0	1.0177551	0.73481918	-0.00017798427	-3.4381921e-06	-1.9236953e-05	-4.0333937e-06	-3.1832639e-05	1.8259231e-06	-1.6140709e-05	1.2308001e-06	-6.8315895e-07	7.0166688e-05	4.575802e-05	-0.00017800336	-0.00017755068	-0.0025495791
-0.28	0.72	0	0	0	1	0	0	0	1.0176992	0.73274343	-0.00017796124	-3.4308387e-06	-1.9267561e-05	-4.0350977e-06	-3.1862495e-05	1.8522935e-06	-1.6189207e-05	1.2559279e-06	-6.8514935e-07	7.016963e-05	4.6113097e-05	-0.00017798039	-0.00017752681	-0.002554986
-0.282	0.718	0	0	0	1	0	0	0	1.0176433	0.73066791	-0.00017793805	-3.4234919e-06	-1.9298019e-05	-4.0368337e-06	-3.1892467e-05	1.8784005e-06	-1.6237795e-05	1.2807964e-06	-6.8712314e-07	7.0172547e-05	4.6468127e-05	-0.00017795725	-0.00017750278	-0.0025603122
-0.284	0.716	0	0	0	1	0	0	0	1.0175875	0.72859263	-0.00017791469	-3.416151e-06	-1.9328327e-05	-4.0386007e-06	-3.1922556e-05	1.9042482e-06	-1.6286474e-05	1.3054099e-06	-6.8908068e-07	7.0175442e-05	4.6823109e-05	-0.00017793393	-0.0001774786	-0.0025655594
-0.286	0.714	0	0	0	1	0	0	0	1.0175316	0.72651759	-0.00017789116	-3.4088154e-06	-1.9358487e-05	-4.0403977e-06	-3.1952758e-05	1.9298409e-06	-1.6335243e-05	1.3297721e-06	-6.910223e-07	7.0178314e-05	4.7178042e-05	-0.00017791045	-0.00017745426	-0.0025707291
-0.288	0.712	0	0	0	1	0	0	0	1.0174758	0.72444279	-0.00017786747	-3.4014845e-06	-1.9388497e-05	-4.0422238e-06	-3.1983075e-05	1.9551825e-06	-1.6384103e-05	1.353887e-06	-6.9294834e-07	7.0181165e-05	4.7532926e-05	-0.00017788681	-0.00017742978	-0.0025758228
-0.29	0.71	0	0	0	1	0	0	0	1.01742	0.72236822	-0.00017784362	-3.3941575e-06	-1.9418358e-05	-4.044078e-06	-3.2013504e-05	1.9802769e-06	-1.6433055e-05	1.3777583e-06	-6.9485914e-07	7.0183995e-05	4.7887761e-05	-0.000177863	-0.00017740515	-0.0025808422
-0.292	0.708	0	0	0	1	0	0	0	1.0173643	0.7202939	-0.00017781962	-3.3868339e-06	-1.9448071e-05	-4.0459594e-06	-3.2044045e-05	2.0051281e-06	-1.6482098e-05	1.4013897e-06	-6.9675502e-07	7.0186806e-05	4.8242546e-05	-0.00017783904	-0.00017738037	-0.0025857886
-0.294	0.706	0	0	0	1	0	0	0	1.0173085	0.71821982	-0.00017779546	-3.3795131e-06	-1.9477636e-05	-4.0478672e-06	-3.2074697e-05	2.0297396e-06	-1.6531232e-05	1.4247847e-06	-6.9863631e-07	7.0189597e-05	4.8597282e-05	-0.00017781492	-0.00017735545	-0.0025906636
-0.296	0.704	0	0	0	1	0	0	0	1.0172528	0.71614598	-0.00017777115	-3.3721944e-06	-1.9507053e-05	-4.0498004e-06	-3.2105458e-05	2.0541151e-06	-1.6580459e-05	1.4479468e-06	-7.0050331e-07	7.0192369e-05	4.8951968e-05	-0.00017779065	-0.0001773304	-0.0025954685
-0.298	0.702	0	0	0	1	0	0	0	1.0171971	0.71407239	-0.00017774668	-3.3648774e-06	-1.9536323e-05	-4.0517582e-06	-3.2136329e-05	2.0782581e-06	-1.6629779e-05	1.4708794e-06	-7.0235633e-07	7.0195123e-05	4.9306604e-05	-0.00017776623	-0.0001773052	-0.0026002049
-0.3	0.7	0	0	0	1	0	0	0	1.0171415	0.71199904	-0.00017772208	-3.3575615e-06	-1.9565445e-05	-4.0537398e-06	-3.2167307e-05	2.1021722e-06	-1.6679191e-05	1.4935857e-06	-7.0419569e-07	7.019786e-05	4.9661189e-05	inf	inf	inf
