lambda	F11	F12	F13	F21	F22	F23	F31	F32	F33	J	P11	P12	P13	P21	P22	P23	P31	P32	P33	p	StrEn	t(1)	t(2)	d
0	1	0	0	0	1	0	0	0	1	1	0	0	0	0	0	0	0	0	0	-0	0	inf	inf	inf
-0.002	0.998	0	0	0	0.99934	0	0	0	1.0014059	0.99874352	-2.0119571e-05	1.731671e-07	-1.6948147e-09	1.7679394e-07	-1.2461554e-05	-4.0505344e-08	1.3881999e-08	-5.5209624e-08	-2.7738267e-09	1.08613e-05	2.4330855e-08	-2.422995e-05	-2.3957942e-05	-0.011353536
-0.004	0.996	0	0	0	0.99868	0	0	0	1.0027898	0.99746029	-3.8694384e-05	-5.0034723e-07	-2.2593392e-07	-4.8511286e-07	-2.3949552e-05	1.0877622e-07	-1.6299262e-10	-1.0462641e-07	-4.7078393e-09	2.0882881e-05	9.5831769e-08	-4.6594506e-05	-4.5605982e-05	-0.021675326
-0.006	0.994	0	0	0	0.99802	0	0	0	1.0041502	0.99614896	-5.3225941e-05	-4.0133711e-06	-6.2551376e-07	-3.9906751e-06	-3.2346581e-05	4.3173328e-07	-3.7560697e-08	-1.4264395e-07	-5.9303512e-09	2.8526151e-05	2.0675478e-07	-6.3896276e-05	-6.3511999e-05	-0.0060504587
-0.008	0.992	0	0	0	0.99736	0	0	0	1.0055127	0.99483526	-6.5857601e-05	-7.6497699e-06	-9.0685739e-07	-7.6349086e-06	-3.9919958e-05	6.2606871e-07	-6.3984834e-08	-1.8440899e-07	-7.2894428e-09	3.5261616e-05	3.4987977e-07	-7.9026225e-05	-7.8678314e-05	-0.0044219462
-0.01	0.99	0	0	0	0.9967	0	0	0	1.0068729	0.99351467	-7.6946195e-05	-1.0779154e-05	-1.1258627e-06	-1.0780974e-05	-4.6810669e-05	7.6693714e-07	-8.4317573e-08	-2.272871e-07	-9.0131994e-09	4.1255292e-05	5.2146804e-07	-9.2387596e-05	-9.2031317e-05	-0.0038712821
-0.012	0.988	0	0	0	0.99604	0	0	0	1.0082287	0.99218528	-8.6594384e-05	-1.3123333e-05	-1.3064656e-06	-1.3145237e-05	-5.2797742e-05	8.811477e-07	-1.0137697e-07	-2.6968062e-07	-1.1163581e-08	4.6467763e-05	7.1800503e-07	-0.00010401009	-0.00010369199	-0.003067683
-0.014	0.986	0	0	0	0.99538	0	0	0	1.0095791	0.99084599	-9.5065711e-05	-1.4708825e-05	-1.4611564e-06	-1.4750658e-05	-5.790417e-05	9.804227e-07	-1.1800044e-07	-3.1138724e-07	-1.369292e-08	5.0994525e-05	9.3623601e-07	-0.00011416486	-0.00011392035	-0.0021463246
-0.016	0.984	0	0	0	0.99472	0	0	0	1.010923	0.98949595	-0.00010274159	-1.5788805e-05	-1.5999804e-06	-1.5849728e-05	-6.2365383e-05	1.0686443e-06	-1.3747057e-07	-3.5323564e-07	-1.647056e-08	5.5041148e-05	1.1736864e-06	-0.00012331113	-0.00012312081	-0.0015457927
-0.018	0.982	0	0	0	0.99406	0	0	0	1.0122596	0.98813432	-0.00010990907	-1.6583208e-05	-1.7306967e-06	-1.6662805e-05	-6.6376232e-05	1.1469599e-06	-1.6300658e-07	-3.9616736e-07	-1.94024e-08	5.8768233e-05	1.4287192e-06	-0.0001318003	-0.00013163786	-0.0012339785
-0.02	0.98	0	0	0	0.9934	0	0	0	1.0135879	0.98676023	-0.00011673209	-1.7221107e-05	-1.8594177e-06	-1.7319399e-05	-7.0038961e-05	1.2157704e-06	-1.9794628e-07	-4.411035e-07	-2.2447544e-08	6.2264501e-05	1.7002379e-06	-0.0001398301	-0.0001396799	-0.00107531
-0.022	0.978	0	0	0	0.99274	0	0	0	1.0149067	0.98537267	-0.00012329908	-1.777433e-05	-1.9916088e-06	-1.7891638e-05	-7.340397e-05	1.2750086e-06	-2.4610239e-07	-4.8912029e-07	-2.5597012e-08	6.5576215e-05	1.9874388e-06	-0.00014750558	-0.00014735968	-0.00099009839
-0.024	0.976	0	0	0	0.99208	0	0	0	1.0162148	0.98397043	-0.00012965771	-1.8285633e-05	-2.1327792e-06	-1.8422499e-05	-7.6503225e-05	1.3240946e-06	-3.120443e-07	-5.4160367e-07	-2.8858508e-08	6.872993e-05	2.2896766e-06	-0.00015488499	-0.00015473928	-0.0009416349
-0.026	0.974	0	0	0	0.99142	0	0	0	1.0175105	0.98255197	-0.00013583291	-1.8783483e-05	-2.2889244e-06	-1.8940644e-05	-7.9364952e-05	1.3618409e-06	-4.0132657e-07	-6.00395e-07	-3.2248826e-08	7.1743369e-05	2.6063959e-06	-0.00016200256	-0.00016185465	-0.00091384403
-0.028	0.972	0	0	0	0.99076	0	0	0	1.0187916	0.98111541	-0.00014183564	-1.9289414e-05	-2.4668267e-06	-1.9467822e-05	-8.2016038e-05	1.3863033e-06	-5.2068266e-07	-6.6798232e-07	-3.5790434e-08	7.4629156e-05	2.9370952e-06	-0.00016887816	-0.00016872646	-0.00089907673
-0.03	0.97	0	0	0	0.9901	0	0	0	1.0200557	0.97965839	-0.00014766731	-1.982177e-05	-2.6742341e-06	-2.0022645e-05	-8.4479751e-05	1.3945733e-06	-6.7814866e-07	-7.4774761e-07	-3.950977e-08	7.7395523e-05	3.2813018e-06	-0.00017552086	-0.00017536432	-0.00089262873
-0.032	0.968	0	0	0	0.98944	0	0	0	1.0212994	0.97817802	-0.00015332202	-2.0397574e-05	-2.91985e-06	-2.0622491e-05	-8.6773669e-05	1.3825617e-06	-8.8301695e-07	-8.4422297e-07	-4.3435516e-08	8.0046374e-05	3.6385525e-06	-0.00018193058	-0.00018176868	-0.00089069148
-0.034	0.966	0	0	0	0.98878	0	0	0	1.0225191	0.97667088	-0.00015878799	-2.1033228e-05	-3.2129955e-06	-2.1284232e-05	-8.8909409e-05	1.3448845e-06	-1.1454541e-06	-9.6324235e-07	-4.7595617e-08	8.2581665e-05	4.0083765e-06	-0.00018809941	-0.00018793221	-0.00088964219
-0.036	0.964	0	0	0	0.98812	0	0	0	1.0237105	0.97513302	-0.00016404875	-2.1744303e-05	-3.5627628e-06	-2.2024046e-05	-9.0894015e-05	1.2750478e-06	-1.4755753e-06	-1.1117856e-06	-5.2012386e-08	8.4998259e-05	4.3902813e-06	-0.00019401322	-0.00019384152	-0.00088580844
-0.038	0.962	0	0	0	0.98746	0	0	0	1.0248686	0.97356015	-0.0001690845	-2.2544595e-05	-3.9765161e-06	-2.2856473e-05	-9.2732561e-05	1.1662113e-06	-1.8818104e-06	-1.2972197e-06	-5.6696019e-08	8.7291253e-05	4.7837426e-06	-0.00019965396	-0.00019947929	-0.00087563
-0.04	0.96	0	0	0	0.9868	0	0	0	1.0259887	0.97194785	-0.00017387367	-2.3444799e-05	-4.4577786e-06	-2.3793067e-05	-9.4431437e-05	1.0128064e-06	-2.3685923e-06	-1.5256408e-06	-6.1638538e-08	8.9455582e-05	5.1881985e-06	-0.00020500219	-0.00020482679	-0.00085631512
-0.042	0.958	0	0	0	0.98614	0	0	0	1.0270658	0.97029175	-0.0001783941	-2.4451417e-05	-5.0038408e-06	-2.4841256e-05	-9.6001627e-05	8.1308298e-07	-2.9337249e-06	-1.7992235e-06	-6.6812441e-08	9.1487513e-05	5.6030497e-06	-0.00021003946	-0.00020986594	-0.00082679644
-0.044	0.956	0	0	0	0.98548	0	0	0	1.0280948	0.96858751	-0.00018262321	-2.5566513e-05	-5.6036479e-06	-2.6004042e-05	-9.7460911e-05	5.7227172e-07	-3.5660377e-06	-2.1129002e-06	-7.2180194e-08	9.3385434e-05	6.0276622e-06	-0.00021474913	-0.00021457996	-0.00078841433
-0.046	0.954	0	0	0	0.98482	0	0	0	1.0290706	0.96683066	-0.00018653691	-2.678834e-05	-6.2364732e-06	-2.7280566e-05	-9.8833853e-05	3.0564371e-07	-4.2438882e-06	-2.4511325e-06	-7.7722483e-08	9.5149493e-05	6.4613696e-06	-0.0002191153	-0.00021895222	-0.00074483343
-0.048	0.952	0	0	0	0.98416	0	0	0	1.0299876	0.96501631	-0.00019010833	-2.8111912e-05	-6.8718107e-06	-2.8666636e-05	-0.00010014876	4.0369798e-08	-4.9350234e-06	-2.7859862e-06	-8.3498107e-08	9.6780195e-05	6.9034711e-06	-0.00022312049	-0.00022296411	-0.00070138228
-0.05	0.95	0	0	0	0.9835	0	0	0	1.0308397	0.96313933	-0.00019330866	-2.9528076e-05	-7.4717212e-06	-3.0153721e-05	-0.0001014317	-1.8574469e-07	-5.5992501e-06	-3.0786515e-06	-8.9763941e-08	9.827671e-05	7.353226e-06	-0.00022674446	-0.00022659376	-0.0006650822
-0.052	0.948	0	0	0	0.98284	0	0	0	1.0316215	0.96119506	-0.0001961104	-3.1020164e-05	-7.9991419e-06	-3.1725507e-05	-0.00010269999	-3.3183049e-07	-6.1980328e-06	-3.2880071e-06	-9.7229114e-08	9.9635872e-05	7.8098461e-06	-0.00022996522	-0.00022981605	-0.0006491214
-0.054	0.946	0	0	0	0.98218	0	0	0	1.0323278	0.95917943	-0.00019848565	-3.2556648e-05	-8.4376716e-06	-3.3350421e-05	-0.00010395888	-3.6944273e-07	-6.7180032e-06	-3.3886042e-06	-1.076868e-07	0.00010085074	8.2724902e-06	-0.00023275636	-0.0002325948	-0.00069458838
-0.056	0.944	0	0	0	0.98152	0	0	0	1.0329483	0.95708331	-0.0002003674	-3.4048303e-05	-8.8289236e-06	-3.493771e-05	-0.00010519484	-2.9696137e-07	-7.2173893e-06	-3.3904976e-06	-1.2574209e-07	0.00010189599	8.7402253e-06	-0.00023504633	-0.00023484087	-0.00087489704
-0.058	0.942	0	0	0	0.98086	0	0	0	1.0334529	0.95487962	-0.00020158317	-3.5133387e-05	-9.2831789e-06	-3.6113242e-05	-0.00010632278	-1.2060579e-07	-7.8312673e-06	-3.3167499e-06	-1.5750288e-07	0.00010268782	9.2118536e-06	-0.00023663375	-0.00023644455	-0.00080018113
-0.06	0.94	0	0	0	0.9802	0	0	0	1.033861	0.95258716	-0.00020228023	-3.5532227e-05	-9.7489843e-06	-3.6579767e-05	-0.00010727904	1.4560257e-07	-8.4631462e-06	-3.1570571e-06	-1.9257759e-07	0.00010325061	9.6860035e-06	-0.00023764476	-0.00023751875	-0.00053050397
-0.062	0.938	0	0	0	0.97954	0	0	0	1.034233	0.95026206	-0.00020280598	-3.5605271e-05	-1.0133061e-05	-3.6706449e-05	-0.00010817033	4.3787304e-07	-8.9845707e-06	-2.9557996e-06	-2.2215034e-07	0.00010373282	1.0161929e-05	-0.0002384618	-0.00023834398	-0.00049431632
-0.064	0.936	0	0	0	0.97888	0	0	0	1.0345882	0.94792249	-0.00020325817	-3.5569686e-05	-1.0444282e-05	-3.6718903e-05	-0.0001090557	7.2364525e-07	-9.4109061e-06	-2.7494814e-06	-2.4723688e-07	0.00010418704	1.0639379e-05	-0.00023920335	-0.00023907673	-0.00052960481
-0.066	0.934	0	0	0	0.97822	0	0	0	1.034932	0.94557336	-0.00020365922	-3.5494655e-05	-1.0701378e-05	-3.668952e-05	-0.00010994925	9.9448342e-07	-9.7681669e-06	-2.5506012e-06	-2.6928673e-07	0.00010462592	1.1118236e-05	-0.00023989679	-0.00023975827	-0.00057775715
-0.068	0.932	0	0	0	0.97756	0	0	0	1.0352668	0.94321698	-0.00020401921	-3.5405394e-05	-1.0917555e-05	-3.6644854e-05	-0.0001108526	1.249077e-06	-1.0073971e-05	-2.3628007e-06	-2.8918208e-07	0.00010505366	1.1598413e-05	-0.00024055269	-0.00024040186	-0.00062740634
-0.07	0.93	0	0	0	0.9769	0	0	0	1.0355941	0.94085488	-0.00020434512	-3.5312582e-05	-1.1101857e-05	-3.6596236e-05	-0.00011176417	1.4882231e-06	-1.0340092e-05	-2.1866458e-06	-3.0746033e-07	0.00010547225	1.2079843e-05	-0.00024117744	-0.00024101455	-0.0006758744
-0.072	0.928	0	0	0	0.97624	0	0	0	1.0359153	0.9384882	-0.00020464242	-3.5221157e-05	-1.1260716e-05	-3.6548957e-05	-0.00011268176	1.7133249e-06	-1.0574758e-05	-2.0215814e-06	-3.2446841e-07	0.00010588288	1.2562471e-05	-0.00024177573	-0.00024160119	-0.00072241648
-0.074	0.926	0	0	0	0.97558	0	0	0	1.0362311	0.93611782	-0.00020491549	-3.5133472e-05	-1.1398877e-05	-3.6505577e-05	-0.00011360332	1.9258849e-06	-1.0783969e-05	-1.8666636e-06	-3.4044314e-07	0.00010628642	1.3046248e-05	-0.00024235121	-0.00024216551	-0.00076684215
-0.076	0.924	0	0	0	0.97492	0	0	0	1.0365424	0.93374445	-0.00020516791	-3.505061e-05	-1.1519952e-05	-3.6467303e-05	-0.00011452712	2.1273256e-06	-1.0972249e-05	-1.7208558e-06	-3.5555384e-07	0.00010668353	1.3531133e-05	-0.00024290687	-0.00024271048	-0.00080915525
-0.078	0.922	0	0	0	0.97426	0	0	0	1.0368497	0.93136865	-0.00020540257	-3.4972993e-05	-1.1626757e-05	-3.6434639e-05	-0.00011545174	2.3189307e-06	-1.1143098e-05	-1.5831517e-06	-3.6992628e-07	0.00010707475	1.401709e-05	-0.00024344513	-0.00024323852	-0.00084943599
-0.08	0.92	0	0	0	0.9736	0	0	0	1.0371535	0.92899087	-0.00020562186	-3.4900689e-05	-1.1721522e-05	-3.6407701e-05	-0.00011637608	2.5018338e-06	-1.1299279e-05	-1.4526243e-06	-3.8365688e-07	0.00010746053	1.4504087e-05	-0.00024396799	-0.00024375159	-0.00088779475
-0.082	0.918	0	0	0	0.97294	0	0	0	1.0374542	0.92661147	-0.00020582773	-3.4833576e-05	-1.1806047e-05	-3.6386399e-05	-0.00011729925	2.6770256e-06	-1.1443012e-05	-1.3284407e-06	-3.9682142e-07	0.00010784127	1.4992096e-05	-0.00024447711	-0.00024425134	-0.0009243514
-0.084	0.916	0	0	0	0.97228	0	0	0	1.037752	0.92423077	-0.00020602183	-3.4771429e-05	-1.18818e-05	-3.637053e-05	-0.00011822055	2.8453682e-06	-1.15761e-05	-1.2098628e-06	-4.0948087e-07	0.00010821729	1.5481092e-05	-0.00024497389	-0.00024473913	-0.00095922548
-0.086	0.914	0	0	0	0.97162	0	0	0	1.0380473	0.92184901	-0.00020620552	-3.4713977e-05	-1.194999e-05	-3.6359833e-05	-0.00011913944	3.0076108e-06	-1.1700028e-05	-1.0962406e-06	-4.2168509e-07	0.00010858888	1.5971053e-05	-0.00024545952	-0.00024521614	-0.00099253143
-0.088	0.912	0	0	0	0.97096	0	0	0	1.0383403	0.91946641	-0.00020637995	-3.4660929e-05	-1.2011621e-05	-3.6354022e-05	-0.00012005547	3.1644047e-06	-1.1816031e-05	-9.8700399e-07	-4.334756e-07	0.0001089563	1.6461957e-05	-0.000245935	-0.00024568333	-0.0010243765
-0.09	0.91	0	0	0	0.9703	0	0	0	1.038631	0.91708315	-0.0002065461	-3.4611991e-05	-1.2067538e-05	-3.6352807e-05	-0.00012096829	3.3163169e-06	-1.192514e-05	-8.8165344e-07	-4.4488736e-07	0.00010931976	1.6953786e-05	-0.00024640118	-0.00024614154	-0.00105486
-0.092	0.908	0	0	0	0.96964	0	0	0	1.0389198	0.91469937	-0.00020670482	-3.4566878e-05	-1.211845e-05	-3.6355903e-05	-0.00012187763	3.4638421e-06	-1.2028229e-05	-7.7975112e-07	-4.5595021e-07	0.00010967947	1.7446523e-05	-0.00024685883	-0.0002465915	-0.0010840731
-0.094	0.906	0	0	0	0.96898	0	0	0	1.0392066	0.91231521	-0.00020685682	-3.4525319e-05	-1.2164961e-05	-3.6363037e-05	-0.00012278326	3.6074126e-06	-1.2126036e-05	-6.8091308e-07	-4.6668986e-07	0.00011003559	1.7940152e-05	-0.00024730857	-0.00024703384	-0.0011120995
-0.096	0.904	0	0	0	0.96832	0	0	0	1.0394917	0.90993077	-0.00020700273	-3.4487059e-05	-1.2207588e-05	-3.637395e-05	-0.000123685	3.7474075e-06	-1.2219194e-05	-5.848022e-07	-4.7712867e-07	0.00011038829	1.8434658e-05	-0.00024775098	-0.0002474691	-0.0011390156
-0.098	0.902	0	0	0	0.96766	0	0	0	1.039775	0.90754615	-0.00020714309	-3.4451858e-05	-1.2246772e-05	-3.63884e-05	-0.0001245827	3.8841597e-06	-1.2308248e-05	-4.9112203e-07	-4.8728624e-07	0.00011073769	1.8930028e-05	-0.00024818654	-0.00024789777	-0.0011648912
-0.1	0.9	0	0	0	0.967	0	0	0	1.0400568	0.90516143	-0.00020727839	-3.4419497e-05	-1.2282894e-05	-3.6406161e-05	-0.00012547624	4.0179624e-06	-1.2393665e-05	-3.9961154e-07	-4.9717986e-07	0.00011108394	1.9426249e-05	-0.0002486157	-0.00024832025	-0.0011897903
-0.102	0.898	0	0	0	0.96634	0	0	0	1.040337	0.90277669	-0.00020740904	-3.438977e-05	-1.2316287e-05	-3.6427026e-05	-0.00012636553	4.1490744e-06	-1.2475853e-05	-3.1004048e-07	-5.0682491e-07	0.00011142713	1.9923309e-05	-0.00024903885	-0.00024873694	-0.0012137714
-0.104	0.896	0	0	0	0.96568	0	0	0	1.0406157	0.90039198	-0.0002075354	-3.4362489e-05	-1.2347237e-05	-3.64508e-05	-0.00012725049	4.2777244e-06	-1.2555166e-05	-2.2220552e-07	-5.1623512e-07	0.00011176738	2.0421197e-05	-0.00024945631	-0.00024914815	-0.0012368881
-0.106	0.894	0	0	0	0.96502	0	0	0	1.040893	0.89800738	-0.00020765782	-3.4337479e-05	-1.2375995e-05	-3.6477305e-05	-0.00012813105	4.4041151e-06	-1.2631914e-05	-1.3592684e-07	-5.2542282e-07	0.00011210476	2.0919902e-05	-0.00024986841	-0.00024955418	-0.0012591897
-0.108	0.892	0	0	0	0.96436	0	0	0	1.0411688	0.89562291	-0.00020777659	-3.4314581e-05	-1.2402781e-05	-3.6506376e-05	-0.00012900716	4.5284265e-06	-1.2706368e-05	-5.1045285e-08	-5.3439916e-07	0.00011243938	2.1419414e-05	-0.00025027542	-0.0002499553	-0.0012807215
-0.11	0.89	0	0	0	0.9637	0	0	0	1.0414433	0.89323863	-0.00020789196	-3.4293647e-05	-1.242779e-05	-3.6537862e-05	-0.00012987877	4.6508184e-06	-1.2778767e-05	3.2580172e-08	-5.4317422e-07	0.0001127713	2.1919723e-05	-0.00025067759	-0.00025035175	-0.0013015254
-0.112	0.888	0	0	0	0.96304	0	0	0	1.0417165	0.89085458	-0.00020800418	-3.4274541e-05	-1.2451191e-05	-3.6571621e-05	-0.00013074585	4.7714331e-06	-1.2849323e-05	1.1507452e-07	-5.5175718e-07	0.0001131006	2.2420821e-05	-0.00025107513	-0.00025074374	-0.00132164
-0.114	0.886	0	0	0	0.96238	0	0	0	1.0419883	0.88847079	-0.00020811345	-3.4257138e-05	-1.2473136e-05	-3.6607524e-05	-0.00013160838	4.8903971e-06	-1.2918223e-05	1.965486e-07	-5.6015641e-07	0.00011342733	2.2922698e-05	-0.00025146826	-0.00025113147	-0.001341101
-0.116	0.884	0	0	0	0.96172	0	0	0	1.0422589	0.88608729	-0.00020821998	-3.424132e-05	-1.249376e-05	-3.6645452e-05	-0.00013246632	5.0078233e-06	-1.2985634e-05	2.7710066e-07	-5.683796e-07	0.00011375156	2.3425347e-05	-0.00025185715	-0.00025151511	-0.0013599416
-0.118	0.882	0	0	0	0.96106	0	0	0	1.0425281	0.88370411	-0.00020832393	-3.4226982e-05	-1.2513181e-05	-3.6685293e-05	-0.00013331965	5.1238124e-06	-1.3051703e-05	3.5681777e-07	-5.764338e-07	0.00011407334	2.3928759e-05	-0.00025224198	-0.00025189482	-0.0013781926
-0.12	0.88	0	0	0	0.9604	0	0	0	1.0427962	0.88132128	-0.00020842547	-3.4214024e-05	-1.2531507e-05	-3.6726946e-05	-0.00013416836	5.238454e-06	-1.3116563e-05	4.3577702e-07	-5.8432552e-07	0.00011439272	2.4432926e-05	-0.0002526229	-0.00025227076	-0.0013958828
-0.122	0.878	0	0	0	0.95974	0	0	0	1.043063	0.87893881	-0.00020852473	-3.4202355e-05	-1.2548832e-05	-3.6770314e-05	-0.00013501244	5.3518279e-06	-1.3180332e-05	5.1404656e-07	-5.9206074e-07	0.00011470974	2.4937842e-05	-0.00025300004	-0.00025264305	-0.0014130388
-0.124	0.876	0	0	0	0.95908	0	0	0	1.0433285	0.87655673	-0.00020862187	-3.4191888e-05	-1.2565243e-05	-3.6815309e-05	-0.00013585187	5.4640052e-06	-1.3243117e-05	5.9168654e-07	-5.9964503e-07	0.00011502446	2.5443498e-05	-0.00025337354	-0.00025301182	-0.0014296858
-0.126	0.874	0	0	0	0.95842	0	0	0	1.0435929	0.87417506	-0.00020871698	-3.4182547e-05	-1.2580816e-05	-3.6861851e-05	-0.00013668664	5.5750494e-06	-1.3305012e-05	6.6874989e-07	-6.0708356e-07	0.0001153369	2.5949889e-05	-0.00025374352	-0.00025337717	-0.0014458471
-0.128	0.872	0	0	0	0.95776	0	0	0	1.043856	0.87179382	-0.0002088102	-3.4174255e-05	-1.2595621e-05	-3.6909861e-05	-0.00013751675	5.6850164e-06	-1.3366105e-05	7.4528305e-07	-6.1438111e-07	0.00011564711	2.6457007e-05	-0.00025411008	-0.00025373923	-0.0014615448
-0.13	0.87	0	0	0	0.9571	0	0	0	1.044118	0.86941301	-0.00020890162	-3.4166947e-05	-1.260972e-05	-3.695927e-05	-0.00013834219	5.7939561e-06	-1.3426472e-05	8.213266e-07	-6.2154216e-07	0.00011595512	2.6964846e-05	-0.00025447333	-0.00025409808	-0.0014767995
-0.132	0.868	0	0	0	0.95644	0	0	0	1.0443787	0.86703266	-0.00020899134	-3.4160556e-05	-1.262317e-05	-3.701001e-05	-0.00013916296	5.9019124e-06	-1.3486184e-05	8.9691577e-07	-6.2857089e-07	0.00011626096	2.7473399e-05	-0.00025483336	-0.00025445381	-0.0014916307
-0.134	0.866	0	0	0	0.95578	0	0	0	1.0446382	0.86465278	-0.00020907944	-3.4155025e-05	-1.2636023e-05	-3.706202e-05	-0.00013997904	6.0089242e-06	-1.3545304e-05	9.7208099e-07	-6.3547118e-07	0.00011656465	2.7982661e-05	-0.00025519025	-0.0002548065	-0.0015060567
-0.136	0.864	0	0	0	0.95512	0	0	0	1.0448966	0.86227338	-0.00020916601	-3.4150297e-05	-1.2648325e-05	-3.7115243e-05	-0.00014079044	6.1150253e-06	-1.360389e-05	1.0468483e-06	-6.422467e-07	0.00011686623	2.8492625e-05	-0.00025554409	-0.00025515623	-0.0015200948
-0.138	0.862	0	0	0	0.95446	0	0	0	1.0451537	0.85989448	-0.00020925113	-3.4146319e-05	-1.2660118e-05	-3.7169623e-05	-0.00014159715	6.2202453e-06	-1.3661993e-05	1.1212397e-06	-6.4890088e-07	0.00011716573	2.9003286e-05	-0.00025589496	-0.00025550308	-0.0015337614
-0.14	0.86	0	0	0	0.9538	0	0	0	1.0454096	0.85751607	-0.00020933486	-3.4143044e-05	-1.2671441e-05	-3.722511e-05	-0.00014239918	6.32461e-06	-1.3719662e-05	1.1952735e-06	-6.5543694e-07	0.00011746316	2.9514637e-05	-0.00025624291	-0.0002558471	-0.0015470719
-0.142	0.858	0	0	0	0.95314	0	0	0	1.0456644	0.85513818	-0.00020941728	-3.4140426e-05	-1.268233e-05	-3.7281657e-05	-0.0001431965	6.4281414e-06	-1.3776938e-05	1.2689649e-06	-6.618579e-07	0.00011775855	3.0026674e-05	-0.00025658802	-0.00025618836	-0.0015600411
-0.144	0.856	0	0	0	0.95248	0	0	0	1.0459179	0.85276081	-0.00020949844	-3.413842e-05	-1.2692817e-05	-3.7339218e-05	-0.00014398914	6.5308582e-06	-1.3833862e-05	1.3423257e-06	-6.6816663e-07	0.00011805192	3.0539391e-05	-0.00025693036	-0.00025652692	-0.001572683
-0.146	0.854	0	0	0	0.95182	0	0	0	1.0461703	0.85038398	-0.00020957841	-3.4136987e-05	-1.2702932e-05	-3.7397752e-05	-0.00014477707	6.6327761e-06	-1.3890469e-05	1.4153651e-06	-6.7436581e-07	0.00011834328	3.1052782e-05	-0.00025726996	-0.00025686283	-0.0015850107
-0.148	0.852	0	0	0	0.95116	0	0	0	1.0464214	0.84800768	-0.00020965723	-3.4136088e-05	-1.27127e-05	-3.7457219e-05	-0.00014556031	6.7339082e-06	-1.3946791e-05	1.4880897e-06	-6.80458e-07	0.00011863267	3.1566842e-05	-0.0002576069	-0.00025719614	-0.001597037
-0.15	0.85	0	0	0	0.9505	0	0	0	1.0466713	0.84563193	-0.00020973496	-3.4135688e-05	-1.2722149e-05	-3.7517581e-05	-0.00014633885	6.8342648e-06	-1.4002859e-05	1.5605037e-06	-6.8644559e-07	0.00011892008	3.2081567e-05	-0.00025794121	-0.00025752691	-0.0016087738
-0.152	0.848	0	0	0	0.94984	0	0	0	1.04692	0.84325673	-0.00020981165	-3.4135752e-05	-1.2731299e-05	-3.7578803e-05	-0.00014711268	6.9338539e-06	-1.4058699e-05	1.632609e-06	-6.9233087e-07	0.00011920555	3.259695e-05	-0.00025827295	-0.00025785516	-0.0016202326
-0.154	0.846	0	0	0	0.94918	0	0	0	1.0471675	0.8408821	-0.00020988734	-3.4136247e-05	-1.2740173e-05	-3.7640852e-05	-0.00014788181	7.0326816e-06	-1.4114336e-05	1.7044057e-06	-6.98116e-07	0.00011948909	3.3112987e-05	-0.00025860216	-0.00025818096	-0.0016314244
-0.156	0.844	0	0	0	0.94852	0	0	0	1.0474138	0.83850803	-0.00020996207	-3.4137145e-05	-1.274879e-05	-3.7703697e-05	-0.00014864623	7.1307517e-06	-1.4169792e-05	1.7758919e-06	-7.0380303e-07	0.0001197707	3.3629674e-05	-0.00025892888	-0.00025850432	-0.0016423597
-0.158	0.842	0	0	0	0.94786	0	0	0	1.0476588	0.83613454	-0.00021003588	-3.4138415e-05	-1.2757167e-05	-3.7767307e-05	-0.00014940595	7.2280665e-06	-1.4225088e-05	1.8470638e-06	-7.093939e-07	0.00012005041	3.4147004e-05	-0.00025925315	-0.0002588253	-0.0016530484
-0.16	0.84	0	0	0	0.9472	0	0	0	1.0479026	0.83376164	-0.00021010882	-3.4140031e-05	-1.2765322e-05	-3.7831654e-05	-0.00015016095	7.3246262e-06	-1.4280244e-05	1.9179164e-06	-7.1489048e-07	0.00012032822	3.4664975e-05	-0.00025957501	-0.00025914392	-0.0016635002
-0.162	0.838	0	0	0	0.94654	0	0	0	1.0481452	0.83138932	-0.00021018091	-3.4141966e-05	-1.2773269e-05	-3.7896711e-05	-0.00015091125	7.4204298e-06	-1.4335275e-05	1.9884429e-06	-7.2029452e-07	0.00012060415	3.518358e-05	-0.00025989449	-0.00025946023	-0.0016737242
-0.164	0.836	0	0	0	0.94588	0	0	0	1.0483865	0.82901759	-0.0002102522	-3.4144196e-05	-1.2781023e-05	-3.7962453e-05	-0.00015165683	7.5154749e-06	-1.4390198e-05	2.0586353e-06	-7.2560772e-07	0.00012087821	3.5702816e-05	-0.00026021163	-0.00025977424	-0.0016837292
-0.166	0.834	0	0	0	0.94522	0	0	0	1.0486266	0.82664646	-0.0002103227	-3.4146696e-05	-1.2788597e-05	-3.8028856e-05	-0.0001523977	7.6097575e-06	-1.4445027e-05	2.1284843e-06	-7.3083168e-07	0.00012115041	3.6222677e-05	-0.00026052645	-0.00026008599	-0.0016935238
-0.168	0.832	0	0	0	0.94456	0	0	0	1.0488654	0.82427594	-0.00021039246	-3.4149446e-05	-1.2796002e-05	-3.8095895e-05	-0.00015313385	7.7032726e-06	-1.4499775e-05	2.1979793e-06	-7.3596794e-07	0.00012142076	3.674316e-05	-0.00026083899	-0.00026039551	-0.001703116
-0.17	0.83	0	0	0	0.9439	0	0	0	1.0491029	0.82190602	-0.0002104615	-3.4152423e-05	-1.2803251e-05	-3.8163551e-05	-0.00015386529	7.7960141e-06	-1.4554454e-05	2.2671087e-06	-7.4101798e-07	0.00012168927	3.7264259e-05	-0.00026114928	-0.00026070282	-0.0017125137
-0.172	0.828	0	0	0	0.94324	0	0	0	1.0493391	0.81953672	-0.00021052985	-3.4155606e-05	-1.2810354e-05	-3.8231801e-05	-0.000154592	7.8879747e-06	-1.4609074e-05	2.33586e-06	-7.459832e-07	0.00012195594	3.7785971e-05	-0.00026145733	-0.00026100795	-0.0017217243
-0.174	0.826	0	0	0	0.94258	0	0	0	1.0495741	0.81716804	-0.00021059753	-3.4158978e-05	-1.281732e-05	-3.8300625e-05	-0.000155314	7.9791464e-06	-1.4663646e-05	2.4042196e-06	-7.5086496e-07	0.0001222208	3.8308291e-05	-0.00026176318	-0.00026131091	-0.0017307549
-0.176	0.824	0	0	0	0.94192	0	0	0	1.0498078	0.81479999	-0.00021066457	-3.4162517e-05	-1.2824158e-05	-3.8370004e-05	-0.00015603126	8.0695201e-06	-1.4718179e-05	2.4721731e-06	-7.5566457e-07	0.00012248383	3.8831215e-05	-0.00026206684	-0.00026161174	-0.0017396127
-0.178	0.822	0	0	0	0.94126	0	0	0	1.0500401	0.81243257	-0.00021073098	-3.4166208e-05	-1.2830877e-05	-3.8439921e-05	-0.00015674381	8.1590861e-06	-1.477268e-05	2.5397053e-06	-7.6038327e-07	0.00012274506	3.9354738e-05	-0.00026236834	-0.00026191044	-0.0017483042
-0.18	0.82	0	0	0	0.9406	0	0	0	1.0502712	0.81006578	-0.0002107968	-3.4170033e-05	-1.2837485e-05	-3.8510357e-05	-0.00015745162	8.2478339e-06	-1.4827156e-05	2.6068002e-06	-7.6502227e-07	0.00012300448	3.9878856e-05	-0.00026266771	-0.00026220705	-0.0017568358
-0.182	0.818	0	0	0	0.93994	0	0	0	1.0505009	0.80769963	-0.00021086205	-3.4173974e-05	-1.284399e-05	-3.8581295e-05	-0.00015815471	8.3357523e-06	-1.4881616e-05	2.6734412e-06	-7.6958274e-07	0.00012326211	4.0403566e-05	-0.00026296495	-0.00026250158	-0.0017652138
-0.184	0.816	0	0	0	0.93928	0	0	0	1.0507294	0.80533413	-0.00021092674	-3.4178017e-05	-1.2850397e-05	-3.865272e-05	-0.00015885306	8.4228296e-06	-1.4936063e-05	2.7396112e-06	-7.740658e-07	0.00012351795	4.0928863e-05	-0.0002632601	-0.00026279405	-0.001773444
-0.186	0.814	0	0	0	0.93862	0	0	0	1.0509565	0.80296928	-0.00021099089	-3.4182147e-05	-1.2856713e-05	-3.8724617e-05	-0.00015954668	8.5090533e-06	-1.4990505e-05	2.8052921e-06	-7.7847254e-07	0.00012377201	4.1454742e-05	-0.00026355316	-0.00026308447	-0.0017815323
-0.188	0.812	0	0	0	0.93796	0	0	0	1.0511822	0.80060508	-0.00021105451	-3.4186348e-05	-1.2862946e-05	-3.8796969e-05	-0.00016023556	8.5944108e-06	-1.5044946e-05	2.8704658e-06	-7.8280402e-07	0.00012402429	4.1981201e-05	-0.00026384416	-0.00026337286	-0.0017894841
-0.19	0.81	0	0	0	0.9373	0	0	0	1.0514066	0.79824155	-0.00021111764	-3.4190607e-05	-1.2869099e-05	-3.8869764e-05	-0.0001609197	8.6788889e-06	-1.509939e-05	2.9351134e-06	-7.8706125e-07	0.0001242748	4.2508234e-05	-0.0002641331	-0.00026365923	-0.0017973048
-0.192	0.808	0	0	0	0.93664	0	0	0	1.0516296	0.79587868	-0.00021118028	-3.4194909e-05	-1.2875178e-05	-3.8942986e-05	-0.0001615991	8.7624738e-06	-1.5153841e-05	2.9992157e-06	-7.9124523e-07	0.00012452354	4.3035838e-05	-0.00026442002	-0.0002639436	-0.0018049994
-0.194	0.806	0	0	0	0.93598	0	0	0	1.0518513	0.79351648	-0.00021124244	-3.4199243e-05	-1.2881188e-05	-3.9016623e-05	-0.00016227376	8.8451517e-06	-1.5208303e-05	3.062753e-06	-7.9535693e-07	0.00012477052	4.3564008e-05	-0.00026470491	-0.00026422598	-0.001812573
-0.196	0.804	0	0	0	0.93532	0	0	0	1.0520716	0.79115496	-0.00021130415	-3.4203594e-05	-1.2887135e-05	-3.9090663e-05	-0.00016294368	8.9269084e-06	-1.5262778e-05	3.1257054e-06	-7.9939729e-07	0.00012501574	4.4092741e-05	-0.00026498779	-0.00026450638	-0.0018200302
-0.198	0.802	0	0	0	0.93466	0	0	0	1.0522905	0.78879411	-0.00021136542	-3.4207952e-05	-1.2893021e-05	-3.9165092e-05	-0.00016360885	9.0077293e-06	-1.5317271e-05	3.1880526e-06	-8.0336723e-07	0.00012525921	4.4622034e-05	-0.00026526869	-0.00026478483	-0.0018273758
-0.2	0.8	0	0	0	0.934	0	0	0	1.052508	0.78643396	-0.00021142625	-3.4212303e-05	-1.2898852e-05	-3.9239898e-05	-0.00016426927	9.0875998e-06	-1.5371782e-05	3.2497742e-06	-8.0726765e-07	0.00012550093	4.5151881e-05	-0.0002655476	-0.00026506132	-0.001834614
-0.202	0.798	0	0	0	0.93334	0	0	0	1.0527241	0.78407449	-0.00021148667	-3.4216637e-05	-1.290463e-05	-3.931507e-05	-0.00016492494	9.166505e-06	-1.5426314e-05	3.3108495e-06	-8.1109942e-07	0.0001257409	4.5682279e-05	-0.00026582455	-0.00026533586	-0.0018417491
-0.204	0.796	0	0	0	0.93268	0	0	0	1.0529388	0.78171573	-0.00021154668	-3.4220942e-05	-1.2910361e-05	-3.9390597e-05	-0.00016557586	9.2444299e-06	-1.5480869e-05	3.3712575e-06	-8.1486343e-07	0.00012597914	4.6213224e-05	-0.00026609953	-0.00026560848	-0.0018487852
-0.206	0.794	0	0	0	0.93202	0	0	0	1.053152	0.77935766	-0.0002116063	-3.4225207e-05	-1.2916046e-05	-3.9466467e-05	-0.00016622203	9.3213596e-06	-1.5535449e-05	3.4309773e-06	-8.185605e-07	0.00012621563	4.6744713e-05	-0.00026637257	-0.00026587917	-0.0018557263
-0.208	0.792	0	0	0	0.93136	0	0	0	1.0533639	0.77700031	-0.00021166553	-3.4229422e-05	-1.2921689e-05	-3.9542671e-05	-0.00016686345	9.3972789e-06	-1.5590054e-05	3.4899877e-06	-8.2219147e-07	0.00012645039	4.7276741e-05	-0.00026664368	-0.00026614796	-0.0018625762
-0.21	0.79	0	0	0	0.9307	0	0	0	1.0535743	0.77464367	-0.0002117244	-3.4233577e-05	-1.2927294e-05	-3.9619197e-05	-0.00016750011	9.4721728e-06	-1.5644687e-05	3.5482677e-06	-8.2575716e-07	0.00012668342	4.7809305e-05	-0.00026691286	-0.00026641484	-0.0018693384
-0.212	0.788	0	0	0	0.93004	0	0	0	1.0537833	0.77228775	-0.00021178289	-3.423766e-05	-1.2932863e-05	-3.9696036e-05	-0.00016813202	9.5460262e-06	-1.5699348e-05	3.605796e-06	-8.2925839e-07	0.00012691472	4.83424e-05	-0.00026718012	-0.00026667982	-0.0018760165
-0.214	0.786	0	0	0	0.92938	0	0	0	1.0539908	0.76993255	-0.00021184104	-3.4241664e-05	-1.2938398e-05	-3.9773177e-05	-0.00016875917	9.6188241e-06	-1.5754037e-05	3.6625516e-06	-8.3269594e-07	0.0001271443	4.8876024e-05	-0.00026744547	-0.00026694292	-0.0018826139
-0.216	0.784	0	0	0	0.92872	0	0	0	1.0541968	0.76757809	-0.00021189884	-3.4245578e-05	-1.2943903e-05	-3.9850612e-05	-0.00016938157	9.6905517e-06	-1.5808756e-05	3.7185133e-06	-8.360706e-07	0.00012737216	4.9410172e-05	-0.00026770893	-0.00026720414	-0.0018891338
-0.218	0.782	0	0	0	0.92806	0	0	0	1.0544014	0.76522437	-0.0002119563	-3.4249392e-05	-1.294938e-05	-3.992833e-05	-0.00016999922	9.7611942e-06	-1.5863504e-05	3.7736602e-06	-8.3938317e-07	0.0001275983	4.9944841e-05	-0.00026797049	-0.0002674635	-0.0018955793
-0.22	0.78	0	0	0	0.9274	0	0	0	1.0546045	0.76287139	-0.00021201344	-3.4253098e-05	-1.295483e-05	-4.0006323e-05	-0.00017061211	9.830737e-06	-1.5918283e-05	3.8279715e-06	-8.4263441e-07	0.00012782273	5.0480026e-05	-0.00026823018	-0.00026772098	-0.0019019534
-0.222	0.778	0	0	0	0.92674	0	0	0	1.0548062	0.76051916	-0.00021207026	-3.4256687e-05	-1.2960257e-05	-4.0084582e-05	-0.00017122025	9.8991658e-06	-1.5973092e-05	3.8814264e-06	-8.4582508e-07	0.00012804544	5.1015724e-05	-0.00026848798	-0.00026797661	-0.0019082589
-0.224	0.776	0	0	0	0.92608	0	0	0	1.0550063	0.75816769	-0.00021212676	-3.4260149e-05	-1.2965661e-05	-4.0163098e-05	-0.00017182363	9.9664665e-06	-1.6027931e-05	3.9340045e-06	-8.4895596e-07	0.00012826645	5.1551932e-05	-0.00026874392	-0.0002682304	-0.0019144986
-0.226	0.774	0	0	0	0.92542	0	0	0	1.0552049	0.75581699	-0.00021218296	-3.4263477e-05	-1.2971046e-05	-4.0241862e-05	-0.00017242226	1.0032625e-05	-1.6082801e-05	3.9856855e-06	-8.520278e-07	0.00012848575	5.2088646e-05	-0.00026899801	-0.00026848234	-0.0019206752
-0.228	0.772	0	0	0	0.92476	0	0	0	1.055402	0.75346705	-0.00021223886	-3.4266663e-05	-1.2976412e-05	-4.0320866e-05	-0.00017301615	1.0097628e-05	-1.6137701e-05	4.0364496e-06	-8.5504135e-07	0.00012870335	5.2625862e-05	-0.00026925023	-0.00026873244	-0.0019267911
-0.23	0.77	0	0	0	0.9241	0	0	0	1.0555977	0.7511179	-0.00021229446	-3.4269696e-05	-1.2981762e-05	-4.0400102e-05	-0.00017360528	1.0161463e-05	-1.6192631e-05	4.0862771e-06	-8.5799737e-07	0.00012891925	5.3163576e-05	-0.00026950062	-0.00026898072	-0.0019328488
-0.232	0.768	0	0	0	0.92344	0	0	0	1.0557918	0.74876954	-0.00021234979	-3.4272571e-05	-1.2987097e-05	-4.0479561e-05	-0.00017418967	1.0224116e-05	-1.6247592e-05	4.1351487e-06	-8.6089661e-07	0.00012913345	5.3701785e-05	-0.00026974916	-0.00026922717	-0.0019388506
-0.234	0.766	0	0	0	0.92278	0	0	0	1.0559843	0.74642197	-0.00021240483	-3.4275278e-05	-1.2992419e-05	-4.0559236e-05	-0.00017476933	1.0285574e-05	-1.6302581e-05	4.1830455e-06	-8.6373981e-07	0.00012934596	5.4240485e-05	-0.00026999587	-0.0002694718	-0.0019447986
-0.236	0.764	0	0	0	0.92212	0	0	0	1.0561754	0.7440752	-0.00021245959	-3.4277811e-05	-1.2997729e-05	-4.0639119e-05	-0.00017534424	1.0345827e-05	-1.63576e-05	4.2299489e-06	-8.6652773e-07	0.00012955679	5.4779672e-05	-0.00027024076	-0.00026971462	-0.0019506949
-0.238	0.762	0	0	0	0.92146	0	0	0	1.0563648	0.74172924	-0.00021251409	-3.428016e-05	-1.3003029e-05	-4.0719201e-05	-0.00017591442	1.0404862e-05	-1.6412648e-05	4.2758409e-06	-8.6926112e-07	0.00012976592	5.5319343e-05	-0.00027048382	-0.00026995564	-0.0019565417
-0.24	0.76	0	0	0	0.9208	0	0	0	1.0565528	0.7393841	-0.00021256832	-3.4282319e-05	-1.3008319e-05	-4.0799476e-05	-0.00017647986	1.0462668e-05	-1.6467724e-05	4.320704e-06	-8.7194071e-07	0.00012997338	5.5859494e-05	-0.00027072507	-0.00027019486	-0.0019623407
-0.242	0.758	0	0	0	0.92014	0	0	0	1.0567392	0.73703979	-0.00021262229	-3.4284281e-05	-1.3013602e-05	-4.0879936e-05	-0.00017704059	1.0519235e-05	-1.6522828e-05	4.3645209e-06	-8.7456727e-07	0.00013017915	5.6400122e-05	-0.00027096452	-0.00027043228	-0.0019680939
-0.244	0.756	0	0	0	0.91948	0	0	0	1.056924	0.73469631	-0.00021267601	-3.4286037e-05	-1.3018878e-05	-4.0960572e-05	-0.00017759659	1.0574552e-05	-1.657796e-05	4.4072752e-06	-8.7714153e-07	0.00013038325	5.6941224e-05	-0.00027120216	-0.00027066792	-0.0019738029
-0.246	0.754	0	0	0	0.91882	0	0	0	1.0571073	0.73235368	-0.00021272948	-3.4287582e-05	-1.3024148e-05	-4.1041379e-05	-0.00017814788	1.0628609e-05	-1.6633118e-05	4.4489508e-06	-8.7966426e-07	0.00013058568	5.7482794e-05	-0.00027143801	-0.00027090177	-0.0019794693
-0.248	0.752	0	0	0	0.91816	0	0	0	1.057289	0.7300119	-0.0002127827	-3.4288906e-05	-1.3029414e-05	-4.1122349e-05	-0.00017869446	1.0681399e-05	-1.6688302e-05	4.4895323e-06	-8.8213621e-07	0.00013078644	5.8024831e-05	-0.00027167207	-0.00027113385	-0.0019850949
-0.25	0.75	0	0	0	0.9175	0	0	0	1.0574692	0.72767098	-0.00021283568	-3.4290005e-05	-1.3034677e-05	-4.1203475e-05	-0.00017923635	1.0732912e-05	-1.6743512e-05	4.5290049e-06	-8.8455813e-07	0.00013098553	5.856733e-05	-0.00027190435	-0.00027136415	-0.0019906809
-0.252	0.748	0	0	0	0.91684	0	0	0	1.0576478	0.72533094	-0.00021288843	-3.4290869e-05	-1.3039937e-05	-4.1284749e-05	-0.00017977354	1.078314e-05	-1.6798748e-05	4.5673543e-06	-8.8693077e-07	0.00013118297	5.9110287e-05	-0.00027213486	-0.00027159269	-0.0019962289
-0.254	0.746	0	0	0	0.91618	0	0	0	1.0578247	0.72299177	-0.00021294094	-3.4291494e-05	-1.3045196e-05	-4.1366165e-05	-0.00018030605	1.0832076e-05	-1.6854007e-05	4.6045671e-06	-8.8925492e-07	0.00013137875	5.96537e-05	-0.00027236359	-0.00027181948	-0.0020017402
-0.256	0.744	0	0	0	0.91552	0	0	0	1.0580002	0.7206535	-0.00021299321	-3.4291872e-05	-1.3050454e-05	-4.1447716e-05	-0.00018083388	1.0879715e-05	-1.6909291e-05	4.6406303e-06	-8.9153131e-07	0.00013157287	6.0197565e-05	-0.00027259055	-0.0002720445	-0.0020072159
-0.258	0.742	0	0	0	0.91486	0	0	0	1.058174	0.71831613	-0.00021304526	-3.4291997e-05	-1.3055713e-05	-4.1529395e-05	-0.00018135704	1.0926048e-05	-1.6964599e-05	4.6755318e-06	-8.9376073e-07	0.00013176535	6.0741878e-05	-0.00027281576	-0.00027226778	-0.0020126574
-0.26	0.74	0	0	0	0.9142	0	0	0	1.0583462	0.71597967	-0.00021309709	-3.4291861e-05	-1.3060972e-05	-4.1611195e-05	-0.00018187555	1.0971072e-05	-1.7019929e-05	4.7092602e-06	-8.9594394e-07	0.00013195619	6.1286636e-05	-0.00027303922	-0.00027248932	-0.0020180657
-0.262	0.738	0	0	0	0.91354	0	0	0	1.0585168	0.71364414	-0.00021314869	-3.4291459e-05	-1.3066233e-05	-4.169311e-05	-0.00018238941	1.1014782e-05	-1.7075281e-05	4.7418047e-06	-8.9808171e-07	0.0001321454	6.1831836e-05	-0.00027326093	-0.00027270912	-0.0020234419
-0.264	0.736	0	0	0	0.91288	0	0	0	1.0586859	0.71130954	-0.00021320008	-3.4290784e-05	-1.3071497e-05	-4.1775133e-05	-0.00018289864	1.1057173e-05	-1.7130655e-05	4.7731553e-06	-9.0017482e-07	0.00013233297	6.2377473e-05	-0.0002734809	-0.00027292719	-0.002028787
-0.266	0.734	0	0	0	0.91222	0	0	0	1.0588533	0.70897588	-0.00021325125	-3.428983e-05	-1.3076764e-05	-4.1857257e-05	-0.00018340325	1.1098242e-05	-1.7186051e-05	4.8033028e-06	-9.0222405e-07	0.00013251891	6.2923544e-05	-0.00027369914	-0.00027314354	-0.0020341019
-0.268	0.732	0	0	0	0.91156	0	0	0	1.0590192	0.70664318	-0.00021330221	-3.428859e-05	-1.3082035e-05	-4.1939477e-05	-0.00018390324	1.1137987e-05	-1.7241467e-05	4.8322388e-06	-9.0423018e-07	0.00013270323	6.3470047e-05	-0.00027391566	-0.00027335817	-0.0020393874
-0.27	0.73	0	0	0	0.9109	0	0	0	1.0591834	0.70431144	-0.00021335295	-3.428706e-05	-1.308731e-05	-4.2021786e-05	-0.00018439864	1.1176407e-05	-1.7296904e-05	4.8599556e-06	-9.0619399e-07	0.00013288593	6.4016977e-05	-0.00027413045	-0.00027357109	-0.0020446445
-0.272	0.728	0	0	0	0.91024	0	0	0	1.0593461	0.70198068	-0.00021340349	-3.4285231e-05	-1.3092591e-05	-4.2104178e-05	-0.00018488946	1.1213498e-05	-1.7352361e-05	4.8864463e-06	-9.0811628e-07	0.00013306702	6.4564331e-05	-0.00027434353	-0.00027378231	-0.0020498738
-0.274	0.726	0	0	0	0.90958	0	0	0	1.0595071	0.69965092	-0.00021345383	-3.4283099e-05	-1.3097877e-05	-4.2186646e-05	-0.00018537571	1.1249262e-05	-1.7407837e-05	4.9117048e-06	-9.0999783e-07	0.00013324651	6.5112106e-05	-0.0002745549	-0.00027399182	-0.0020550761
-0.276	0.724	0	0	0	0.90892	0	0	0	1.0596666	0.69732215	-0.00021350395	-3.4280658e-05	-1.3103169e-05	-4.2269184e-05	-0.0001858574	1.1283699e-05	-1.7463332e-05	4.9357258e-06	-9.1183943e-07	0.0001334244	6.5660299e-05	-0.00027476457	-0.00027419965	-0.0020602521
-0.278	0.722	0	0	0	0.90826	0	0	0	1.0598244	0.69499441	-0.00021355388	-3.4277902e-05	-1.3108469e-05	-4.2351787e-05	-0.00018633456	1.1316808e-05	-1.7518846e-05	4.9585049e-06	-9.1364189e-07	0.00013360069	6.6208905e-05	-0.00027497255	-0.00027440579	-0.0020654023
-0.28	0.72	0	0	0	0.9076	0	0	0	1.0599807	0.69266768	-0.00021360361	-3.4274825e-05	-1.3113776e-05	-4.2434448e-05	-0.0001868072	1.1348593e-05	-1.7574378e-05	4.9800384e-06	-9.15406e-07	0.0001337754	6.6757922e-05	-0.00027517884	-0.00027461025	-0.0020705275
-0.282	0.718	0	0	0	0.90694	0	0	0	1.0601353	0.690342	-0.00021365314	-3.4271422e-05	-1.3119091e-05	-4.2517161e-05	-0.00018727533	1.1379055e-05	-1.7629929e-05	5.0003234e-06	-9.1713256e-07	0.00013394853	6.7307346e-05	-0.00027538345	-0.00027481304	-0.0020756281
-0.284	0.716	0	0	0	0.90628	0	0	0	1.0602883	0.68801737	-0.00021370247	-3.4267687e-05	-1.3124414e-05	-4.2599922e-05	-0.00018773897	1.1408196e-05	-1.7685498e-05	5.0193578e-06	-9.1882236e-07	0.00013412009	6.7857174e-05	-0.00027558639	-0.00027501417	-0.0020807046
-0.286	0.714	0	0	0	0.90562	0	0	0	1.0604398	0.68569381	-0.0002137516	-3.4263615e-05	-1.3129746e-05	-4.2682723e-05	-0.00018819815	1.1436022e-05	-1.7741085e-05	5.0371405e-06	-9.2047623e-07	0.00013429008	6.8407403e-05	-0.00027578766	-0.00027521363	-0.0020857576
-0.288	0.712	0	0	0	0.90496	0	0	0	1.0605896	0.68337133	-0.00021380055	-3.42592e-05	-1.3135087e-05	-4.2765559e-05	-0.00018865288	1.1462536e-05	-1.7796689e-05	5.0536709e-06	-9.2209496e-07	0.00013445851	6.8958028e-05	-0.00027598728	-0.00027541145	-0.0020907874
-0.29	0.71	0	0	0	0.9043	0	0	0	1.0607379	0.68104994	-0.0002138493	-3.4254437e-05	-1.3140438e-05	-4.2848425e-05	-0.00018910318	1.1487744e-05	-1.7852311e-05	5.0689494e-06	-9.2367935e-07	0.00013462538	6.9509048e-05	-0.00027618525	-0.00027560763	-0.0020957945
-0.292	0.708	0	0	0	0.90364	0	0	0	1.0608845	0.67872965	-0.00021389786	-3.4249321e-05	-1.3145799e-05	-4.2931315e-05	-0.00018954907	1.151165e-05	-1.7907951e-05	5.082977e-06	-9.2523022e-07	0.00013479072	7.0060459e-05	-0.00027638157	-0.00027580217	-0.0021007793
-0.294	0.706	0	0	0	0.90298	0	0	0	1.0610296	0.67641049	-0.00021394622	-3.4243847e-05	-1.3151171e-05	-4.3014223e-05	-0.00018999057	1.1534261e-05	-1.7963608e-05	5.0957557e-06	-9.2674838e-07	0.00013495451	7.0612257e-05	-0.00027657626	-0.00027599508	-0.0021057422
-0.296	0.704	0	0	0	0.90232	0	0	0	1.0611731	0.67409246	-0.0002139944	-3.423801e-05	-1.3156553e-05	-4.3097146e-05	-0.0001904277	1.1555585e-05	-1.8019283e-05	5.1072882e-06	-9.2823462e-07	0.00013511678	7.1164439e-05	-0.00027676932	-0.00027618638	-0.0021106835
-0.298	0.702	0	0	0	0.90166	0	0	0	1.061315	0.67177557	-0.00021404239	-3.4231805e-05	-1.3161947e-05	-4.3180076e-05	-0.00019086049	1.1575629e-05	-1.8074976e-05	5.1175778e-06	-9.2968976e-07	0.00013527752	7.1717003e-05	-0.00027696076	-0.00027637606	-0.0021156036
-0.3	0.7	0	0	0	0.901	0	0	0	1.0614553	0.66945985	-0.00021409019	-3.4225227e-05	-1.3167353e-05	-4.3263009e-05	-0.00019128895	1.15944e-05	-1.8130686e-05	5.1266286e-06	-9.3111461e-07	0.00013543675	7.2269944e-05	inf	inf	inf
