lambda	F11	F12	F13	F21	F22	F23	F31	F32	F33	J	P11	P12	P13	P21	P22	P23	P31	P32	P33	p	StrEn	t(1)	t(2)	d
0	1	0	0	0	1	0	0	0	1	1	0	0	0	0	0	0	0	0	0	-0	0	inf	inf	inf
0.002	1.002	0	0	0	1.002	0	0	0	1.002	1.006012	2.7073602e-05	-4.6029907e-07	-4.7797249e-08	-4.626137e-07	2.7197791e-05	-1.8256065e-07	-4.0254367e-08	-1.7968039e-07	2.7304101e-05	-2.7191832e-05	8.1188585e-08	8.1575495e-05	8.1795609e-05	0.0026910287
0.004	1.004	0	0	0	1.004	0	0	0	1.004	1.0120481	5.4697552e-05	-9.1357184e-07	-1.9302877e-08	-9.1794028e-07	5.4881013e-05	-3.4257666e-07	-6.0141465e-09	-3.3841081e-07	5.5205648e-05	-5.4928071e-05	3.2718244e-07	0.00016478421	0.00016486269	0.00047599258
0.006	1.006	0	0	0	1.006	0	0	0	1.006	1.0181082	8.2681236e-05	-1.337556e-06	5.7455638e-08	-1.3437279e-06	8.2900229e-05	-4.9776594e-07	7.5382841e-08	-4.932396e-07	8.3482022e-05	-8.3021162e-05	7.4063933e-07	0.00024906349	0.00024904182	-8.6987106e-05
0.008	1.008	0	0	0	1.008	0	0	0	1.008	1.0241925	0.00011091475	-1.7357508e-06	1.6161416e-07	-1.7434657e-06	0.00011115849	-6.4379927e-07	1.8318397e-07	-6.3979865e-07	0.0001120078	-0.00011136035	1.3233497e-06	0.00033408104	0.00033398935	-0.00027453037
0.01	1.01	0	0	0	1.01	0	0	0	1.01	1.030301	0.00013933611	-2.1129767e-06	2.8266678e-07	-2.1220297e-06	0.00013959967	-7.786047e-07	3.0700168e-07	-7.7590089e-07	0.00014071488	-0.00013988355	2.0765967e-06	0.00041965066	0.000419505	-0.00034722233
0.012	1.012	0	0	0	1.012	0	0	0	1.012	1.0364337	0.00016790725	-2.4718846e-06	4.14178e-07	-2.482128e-06	0.00016818873	-9.027611e-07	4.4056067e-07	-9.0194916e-07	0.00016956292	-0.00016855297	3.0013697e-06	0.0005056589	0.00050546812	-0.00037744562
0.014	1.014	0	0	0	1.014	0	0	0	1.014	1.0425907	0.000196602	-2.8142204e-06	5.5197107e-07	-2.8255466e-06	0.00019690116	-1.0174556e-06	5.7981742e-07	-1.01899e-06	0.00019852511	-0.00019734276	4.0984692e-06	0.00059202827	0.00059179804	-0.0003890446
0.016	1.016	0	0	0	1.016	0	0	0	1.016	1.0487721	0.00022540111	-3.14136e-06	6.9326847e-07	-3.1536869e-06	0.00022571857	-1.1238809e-06	7.2209762e-07	-1.1281135e-06	0.00022758223	-0.00022623397	5.3685619e-06	0.00067870191	0.00067843629	-0.0003915259
0.018	1.018	0	0	0	1.018	0	0	0	1.018	1.0549778	0.00025428979	-3.454487e-06	8.3619229e-07	-3.4677491e-06	0.00025462659	-1.2230951e-06	8.6560429e-07	-1.2303024e-06	0.00025671981	-0.00025521207	6.8122143e-06	0.0007656362	0.00076533829	-0.00038924552
0.02	1.02	0	0	0	1.02	0	0	0	1.02	1.061208	0.00028325635	-3.7546565e-06	9.7945851e-07	-3.768799e-06	0.00028361368	-1.3160038e-06	1.0091183e-06	-1.3264045e-06	0.00028592662	-0.00028426555	8.429915e-06	0.00085279664	0.00085246895	-0.00038439936
0.022	1.022	0	0	0	1.022	0	0	0	1.022	1.0674626	0.00031229132	-4.0428222e-06	1.1221839e-06	-4.0577977e-06	0.00031267039	-1.4033728e-06	1.1518094e-06	-1.4171411e-06	0.00031519367	-0.00031338513	1.022209e-05	0.00094015538	0.00093979997	-0.00037817065
0.024	1.024	0	0	0	1.024	0	0	0	1.024	1.0737418	0.00034138692	-4.3198508e-06	1.2637605e-06	-4.3356169e-06	0.00034178887	-1.4858484e-06	1.2931136e-06	-1.5031226e-06	0.00034451369	-0.00034256316	1.2189115e-05	0.0010276895	0.0010273081	-0.00037122765
0.026	1.026	0	0	0	1.026	0	0	0	1.026	1.0800456	0.00037053667	-4.5865315e-06	1.4037727e-06	-4.6030498e-06	0.00037096252	-1.5639768e-06	1.4326517e-06	-1.5848664e-06	0.00037388065	-0.00037179328	1.4331323e-05	0.0011153798	0.001114974	-0.00036396022
0.028	1.028	0	0	0	1.028	0	0	0	1.028	1.086374	0.00039973508	-4.8435842e-06	1.5419406e-06	-4.860819e-06	0.00040018571	-1.6382209e-06	1.5701746e-06	-1.6628117e-06	0.00040328951	-0.0004010701	1.6649011e-05	0.0012032103	0.0012027814	-0.00035660051
0.03	1.03	0	0	0	1.03	0	0	0	1.03	1.092727	0.00042897747	-5.0916658e-06	1.6780813e-06	-5.1095841e-06	0.00042945363	-1.7089745e-06	1.7055254e-06	-1.7373332e-06	0.00043273602	-0.00043038904	1.9142448e-05	0.0012911671	0.0012907163	-0.00034928795
0.032	1.032	0	0	0	1.032	0	0	0	1.032	1.0991048	0.00045825981	-5.3313769e-06	1.812082e-06	-5.3499473e-06	0.00045876211	-1.7765747e-06	1.8386128e-06	-1.8087518e-06	0.00046221654	-0.00045974615	2.1811876e-05	0.0013792385	0.0013787668	-0.00034210599
0.034	1.034	0	0	0	1.034	0	0	0	1.034	1.1055073	0.0004875786	-5.5632666e-06	1.9438801e-06	-5.58246e-06	0.00048810754	-1.8413107e-06	1.9693931e-06	-1.8773434e-06	0.00049172793	-0.00048913802	2.4657515e-05	0.0014674141	0.0014669225	-0.00033510346
0.036	1.036	0	0	0	1.036	0	0	0	1.036	1.1119347	0.00051693078	-5.7878381e-06	2.07345e-06	-5.8076268e-06	0.00051748672	-1.9034323e-06	2.0978563e-06	-1.9433468e-06	0.00052126746	-0.00051856165	2.7679566e-05	0.001555685	0.0015551744	-0.0003283075
0.038	1.038	0	0	0	1.038	0	0	0	1.038	1.1183869	0.00054631366	-6.0055528e-06	2.2007927e-06	-6.0259109e-06	0.00054689688	-1.963156e-06	2.2240167e-06	-2.0069694e-06	0.00055083277	-0.00054801444	3.0878213e-05	0.0016440433	0.0016435145	-0.00032173148
0.04	1.04	0	0	0	1.04	0	0	0	1.04	1.124864	0.00057572486	-6.2168349e-06	2.3259285e-06	-6.2377376e-06	0.00057633553	-2.0206705e-06	2.347906e-06	-2.0683924e-06	0.00058042175	-0.00057749405	3.4253624e-05	0.0017324821	0.0017319359	-0.00031538002
0.042	1.042	0	0	0	1.042	0	0	0	1.042	1.1313661	0.00060516226	-6.4220741e-06	2.4488918e-06	-6.4434986e-06	0.00060580047	-2.0761412e-06	2.4695681e-06	-2.1277747e-06	0.00061003256	-0.00060699843	3.7805956e-05	0.0018209953	0.0018204323	-0.00030925219
0.044	1.044	0	0	0	1.044	0	0	0	1.044	1.1378932	0.00063462396	-6.62163e-06	2.5697266e-06	-6.6435546e-06	0.00063528974	-2.1297133e-06	2.5890553e-06	-2.1852563e-06	0.00063966356	-0.00063652575	4.1535354e-05	0.0019095772	0.0019089982	-0.00030334358
0.046	1.046	0	0	0	1.046	0	0	0	1.046	1.1444453	0.00066410826	-6.815834e-06	2.6884841e-06	-6.8382385e-06	0.00066480156	-2.1815152e-06	2.7064256e-06	-2.2409612e-06	0.00066931327	-0.00066607436	4.5441949e-05	0.0019982231	0.0019976285	-0.00029764767
0.048	1.048	0	0	0	1.048	0	0	0	1.048	1.1510226	0.00069361362	-7.0049926e-06	2.8052199e-06	-7.0278583e-06	0.00069433436	-2.2316607e-06	2.8217406e-06	-2.2949998e-06	0.00069898039	-0.00069564279	4.9525868e-05	0.0020869284	0.0020863188	-0.00029215669
0.05	1.05	0	0	0	1.05	0	0	0	1.05	1.157625	0.00072313866	-7.1893895e-06	2.9199927e-06	-7.212699e-06	0.0007238867	-2.2802513e-06	2.9350639e-06	-2.3474705e-06	0.00072866372	-0.00072522969	5.3787225e-05	0.0021756891	0.0021750651	-0.00028686224
0.052	1.052	0	0	0	1.052	0	0	0	1.052	1.1642526	0.00075268212	-7.3692876e-06	3.0328628e-06	-7.3930247e-06	0.00075345728	-2.3273778e-06	3.04646e-06	-2.3984617e-06	0.0007583622	-0.00075483386	5.8226128e-05	0.0022645016	0.0022638637	-0.00028175565
0.054	1.054	0	0	0	1.054	0	0	0	1.054	1.1709055	0.00078224284	-7.544931e-06	3.1438912e-06	-7.569081e-06	0.00078304491	-2.3731217e-06	3.1559935e-06	-2.4480531e-06	0.00078807485	-0.0007844542	6.2842679e-05	0.0023533626	0.0023527113	-0.00027682828
0.056	1.056	0	0	0	1.056	0	0	0	1.056	1.1775836	0.00081181977	-7.7165466e-06	3.2531391e-06	-7.7410961e-06	0.00081264852	-2.4175565e-06	3.2637284e-06	-2.4963164e-06	0.0008178008	-0.0008140897	6.7636973e-05	0.0024422691	0.0024416048	-0.00027207161
0.058	1.058	0	0	0	1.058	0	0	0	1.058	1.1842871	0.00084141196	-7.8843456e-06	3.3606668e-06	-7.9092823e-06	0.00084226712	-2.4607488e-06	3.3697278e-06	-2.543317e-06	0.00084753923	-0.00084373944	7.2609099e-05	0.0025312183	0.0025305415	-0.00026747743
0.06	1.06	0	0	0	1.06	0	0	0	1.06	1.191016	0.00087101851	-8.0485249e-06	3.4665342e-06	-8.0738381e-06	0.00087189982	-2.5027589e-06	3.4740533e-06	-2.5891142e-06	0.00087728942	-0.00087340258	7.7759139e-05	0.0026202077	0.0026195187	-0.00026303782
0.062	1.062	0	0	0	1.062	0	0	0	1.062	1.1977703	0.00090063861	-8.2092685e-06	3.5707995e-06	-8.2349482e-06	0.00090154577	-2.5436419e-06	3.576765e-06	-2.6337624e-06	0.00090705068	-0.00090307835	8.3087174e-05	0.0027092351	0.0027085342	-0.00025874523
0.064	1.064	0	0	0	1.064	0	0	0	1.064	1.2045501	0.00093027151	-8.366748e-06	3.6735199e-06	-8.3927859e-06	0.00093120421	-2.583448e-06	3.6779214e-06	-2.6773112e-06	0.00093682239	-0.00093276604	8.8593276e-05	0.0027982981	0.0027975859	-0.0002545925
0.066	1.066	0	0	0	1.066	0	0	0	1.066	1.2113555	0.00095991652	-8.5211243e-06	3.7747507e-06	-8.5475129e-06	0.00096087445	-2.6222236e-06	3.7775791e-06	-2.7198063e-06	0.00096660399	-0.00096246498	9.4277517e-05	0.002887395	0.0028866716	-0.0002505728
0.068	1.068	0	0	0	1.068	0	0	0	1.068	1.2181864	0.00098957297	-8.672548e-06	3.8745458e-06	-8.6992811e-06	0.00099055582	-2.6600109e-06	3.8757929e-06	-2.7612899e-06	0.00099639493	-0.00099217458	0.00010013996	0.0029765237	0.0029757897	-0.00024667972
0.07	1.07	0	0	0	1.07	0	0	0	1.07	1.225043	0.0010192403	-8.8211605e-06	3.9729574e-06	-8.8482328e-06	0.0010202477	-2.6968491e-06	3.9726157e-06	-2.8018009e-06	0.0010261947	-0.0010218943	0.00010618068	0.0030656828	0.0030649383	-0.00024290717
0.072	1.072	0	0	0	1.072	0	0	0	1.072	1.2319252	0.0010489179	-8.9670945e-06	4.0700359e-06	-8.994502e-06	0.0010499496	-2.7327746e-06	4.0680985e-06	-2.8413755e-06	0.0010560029	-0.0010516235	0.00011239972	0.0031548705	0.0031541158	-0.00023924941
0.074	1.074	0	0	0	1.074	0	0	0	1.074	1.2388332	0.0010786053	-9.1104749e-06	4.1658301e-06	-9.1382144e-06	0.0010796609	-2.7678208e-06	4.1622904e-06	-2.8800473e-06	0.0010858191	-0.0010813618	0.00011879714	0.0032440854	0.0032433209	-0.00023570103
0.076	1.076	0	0	0	1.076	0	0	0	1.076	1.245767	0.001108302	-9.2514191e-06	4.260387e-06	-9.2794886e-06	0.0011093812	-2.802019e-06	4.2552389e-06	-2.9178474e-06	0.0011156429	-0.0011111087	0.000125373	0.0033333261	0.0033325521	-0.00023225693
0.078	1.078	0	0	0	1.078	0	0	0	1.078	1.2527266	0.0011380075	-9.3900378e-06	4.3537519e-06	-9.4184361e-06	0.00113911	-2.8353983e-06	4.3469896e-06	-2.9548051e-06	0.0011454739	-0.0011408638	0.00013212735	0.0034225915	0.0034218082	-0.00022891229
0.08	1.08	0	0	0	1.08	0	0	0	1.08	1.259712	0.0011677214	-9.5264355e-06	4.4459685e-06	-9.5551623e-06	0.0011688469	-2.867986e-06	4.4375862e-06	-2.9909476e-06	0.0011753118	-0.0011706267	0.00013906023	0.0035118802	0.0035110878	-0.00022566255
0.082	1.082	0	0	0	1.082	0	0	0	1.082	1.2667234	0.0011974433	-9.6607108e-06	4.5370791e-06	-9.6897668e-06	0.0011985915	-2.8998075e-06	4.527071e-06	-3.0263007e-06	0.0012051563	-0.001200397	0.0001461717	0.0036011911	0.00360039	-0.00022250343
0.084	1.084	0	0	0	1.084	0	0	0	1.084	1.2737607	0.0012271729	-9.7929569e-06	4.6271241e-06	-9.8223435e-06	0.0012283434	-2.9308868e-06	4.6154847e-06	-3.0608884e-06	0.001235007	-0.0012301744	0.00015346179	0.0036905233	0.0036897137	-0.00021943089
0.086	1.086	0	0	0	1.086	0	0	0	1.086	1.2808241	0.0012569098	-9.9232621e-06	4.7161426e-06	-9.9529816e-06	0.0012581023	-2.9612462e-06	4.7028662e-06	-3.0947334e-06	0.0012648636	-0.0012599586	0.00016093055	0.0037798757	0.0037790577	-0.00021644108
0.088	1.088	0	0	0	1.088	0	0	0	1.088	1.2879135	0.0012866535	-1.005171e-05	4.8041723e-06	-1.0081765e-05	0.0012878678	-2.990907e-06	4.7892532e-06	-3.1278569e-06	0.001294726	-0.0012897491	0.00016857802	0.0038692474	0.0038684213	-0.00021353039
0.09	1.09	0	0	0	1.09	0	0	0	1.09	1.295029	0.001316404	-1.0178379e-05	4.8912494e-06	-1.0208775e-05	0.0013176396	-3.0198891e-06	4.8746818e-06	-3.1602793e-06	0.0013245939	-0.0013195458	0.00017640424	0.0039586375	0.0039578036	-0.00021069539
0.092	1.092	0	0	0	1.092	0	0	0	1.092	1.3021707	0.0013461607	-1.0303346e-05	4.9774088e-06	-1.0334085e-05	0.0013474175	-3.0482114e-06	4.9591868e-06	-3.1920195e-06	0.0013544669	-0.0013493484	0.00018440924	0.0040480452	0.0040472036	-0.00020793285
0.094	1.094	0	0	0	1.094	0	0	0	1.094	1.3093386	0.0013759235	-1.042668e-05	5.0626841e-06	-1.045777e-05	0.0013772012	-3.0758918e-06	5.0428016e-06	-3.2230957e-06	0.001384345	-0.0013791566	0.00019259305	0.0041374697	0.0041366207	-0.00020523969
0.096	1.096	0	0	0	1.096	0	0	0	1.096	1.3165327	0.0014056921	-1.0548451e-05	5.1471076e-06	-1.0579896e-05	0.0014069903	-3.1029473e-06	5.1255586e-06	-3.2535251e-06	0.0014142279	-0.0014089701	0.00020095572	0.0042269103	0.0042260541	-0.00020261301
0.098	1.098	0	0	0	1.098	0	0	0	1.098	1.3237532	0.0014354663	-1.0668722e-05	5.2307106e-06	-1.0700529e-05	0.0014367847	-3.1293939e-06	5.2074887e-06	-3.283324e-06	0.0014441153	-0.0014387888	0.00020949727	0.0043163663	0.004315503	-0.00020005004
0.1	1.1	0	0	0	1.1	0	0	0	1.1	1.331	0.0014652457	-1.0787555e-05	5.313523e-06	-1.0819731e-05	0.0014665842	-3.155247e-06	5.2886219e-06	-3.3125079e-06	0.0014740072	-0.0014686124	0.00021821773	0.0044058371	0.0044049669	-0.00019754816
0.102	1.102	0	0	0	1.102	0	0	0	1.102	1.3382732	0.0014950302	-1.0905009e-05	5.395574e-06	-1.0937561e-05	0.0014963884	-3.1805211e-06	5.3689869e-06	-3.3410916e-06	0.0015039033	-0.0014984406	0.00022711714	0.0044953219	0.004494445	-0.00019510488
0.104	1.104	0	0	0	1.104	0	0	0	1.104	1.3455729	0.0015248195	-1.1021139e-05	5.4768913e-06	-1.1054076e-05	0.0015261973	-3.2052301e-06	5.4486116e-06	-3.3690892e-06	0.0015338034	-0.0015282734	0.00023619551	0.0045848203	0.0045839369	-0.00019271784
0.106	1.106	0	0	0	1.106	0	0	0	1.106	1.352899	0.0015546135	-1.1135998e-05	5.557502e-06	-1.116933e-05	0.0015560106	-3.2293874e-06	5.5275228e-06	-3.3965143e-06	0.0015637075	-0.0015581105	0.00024545288	0.0046743316	0.0046734418	-0.00019038478
0.108	1.108	0	0	0	1.108	0	0	0	1.108	1.3602517	0.001584412	-1.1249639e-05	5.637432e-06	-1.1283373e-05	0.001585828	-3.2530056e-06	5.6057463e-06	-3.4233797e-06	0.0015936152	-0.0015879518	0.00025488928	0.0047638553	0.0047629593	-0.00018810357
0.11	1.11	0	0	0	1.11	0	0	0	1.11	1.367631	0.0016142147	-1.1362108e-05	5.7167064e-06	-1.1396255e-05	0.0016156495	-3.2760968e-06	5.683307e-06	-3.4496977e-06	0.0016235266	-0.001617797	0.00026450472	0.0048533909	0.0048524889	-0.00018587215
0.112	1.112	0	0	0	1.112	0	0	0	1.112	1.3750369	0.0016440215	-1.1473453e-05	5.7953494e-06	-1.1508023e-05	0.0016454749	-3.2986727e-06	5.7602291e-06	-3.4754802e-06	0.0016534414	-0.001647646	0.00027429924	0.0049429379	0.0049420301	-0.00018368859
0.114	1.114	0	0	0	1.114	0	0	0	1.114	1.3824695	0.0016738322	-1.1583719e-05	5.8733845e-06	-1.1618722e-05	0.001675304	-3.3207445e-06	5.8365358e-06	-3.5007385e-06	0.0016833596	-0.0016774986	0.00028427284	0.0050324958	0.0050315823	-0.00018155103
0.116	1.116	0	0	0	1.116	0	0	0	1.116	1.3899289	0.0017036467	-1.1692948e-05	5.9508342e-06	-1.1728395e-05	0.0017051366	-3.3423227e-06	5.9122496e-06	-3.5254835e-06	0.001713281	-0.0017073548	0.00029442556	0.0051220643	0.0051211452	-0.00017945769
0.118	1.118	0	0	0	1.118	0	0	0	1.118	1.397415	0.0017334648	-1.1801181e-05	6.0277204e-06	-1.1837084e-05	0.0017349726	-3.3634179e-06	5.9873922e-06	-3.5497256e-06	0.0017432054	-0.0017372143	0.00030475742	0.0052116428	0.0052107184	-0.00017740688
0.12	1.12	0	0	0	1.12	0	0	0	1.12	1.404928	0.0017632863	-1.1908457e-05	6.1040642e-06	-1.1944827e-05	0.0017648119	-3.3840397e-06	6.0619848e-06	-3.5734749e-06	0.0017731328	-0.001767077	0.00031526844	0.005301231	0.0053003013	-0.00017539697
0.122	1.122	0	0	0	1.122	0	0	0	1.122	1.4124678	0.0017931111	-1.2014815e-05	6.1798861e-06	-1.2051664e-05	0.0017946543	-3.4041977e-06	6.1360476e-06	-3.5967411e-06	0.001803063	-0.0017969428	0.00032595863	0.0053908284	0.0053898937	-0.00017342644
0.124	1.124	0	0	0	1.124	0	0	0	1.124	1.4200346	0.0018229391	-1.212029e-05	6.2552059e-06	-1.2157631e-05	0.0018244996	-3.4239012e-06	6.2096003e-06	-3.6195335e-06	0.001832996	-0.0018268116	0.00033682801	0.0054804348	0.0054794951	-0.00017149378
0.126	1.126	0	0	0	1.126	0	0	0	1.126	1.4276284	0.0018527702	-1.2224918e-05	6.3300427e-06	-1.2262762e-05	0.0018543479	-3.4431588e-06	6.2826622e-06	-3.641861e-06	0.0018629317	-0.0018566832	0.00034787661	0.0055700497	0.0055691052	-0.00016959757
0.128	1.128	0	0	0	1.128	0	0	0	1.128	1.4352492	0.0018826041	-1.2328732e-05	6.4044152e-06	-1.2367093e-05	0.0018841988	-3.4619793e-06	6.3552517e-06	-3.6637323e-06	0.0018928698	-0.0018865576	0.00035910443	0.0056596728	0.0056587236	-0.00016773647
0.13	1.13	0	0	0	1.13	0	0	0	1.13	1.442897	0.0019124409	-1.2431765e-05	6.4783413e-06	-1.2470656e-05	0.0019140524	-3.4803706e-06	6.4273868e-06	-3.6851559e-06	0.0019228105	-0.0019164346	0.0003705115	0.0057493038	0.0057483501	-0.00016590915
0.132	1.132	0	0	0	1.132	0	0	0	1.132	1.450572	0.0019422803	-1.2534047e-05	6.5518385e-06	-1.2573481e-05	0.0019439085	-3.4983409e-06	6.4990849e-06	-3.7061397e-06	0.0019527534	-0.0019463141	0.00038209783	0.0058389423	0.0058379842	-0.00016411437
0.134	1.134	0	0	0	1.134	0	0	0	1.134	1.4582741	0.0019721223	-1.2635609e-05	6.6249239e-06	-1.26756e-05	0.0019737671	-3.5158978e-06	6.5703629e-06	-3.7266915e-06	0.0019826987	-0.001976196	0.00039386344	0.005928588	0.0059276257	-0.00016235091
0.136	1.136	0	0	0	1.136	0	0	0	1.136	1.4660035	0.0020019667	-1.273648e-05	6.6976138e-06	-1.2777042e-05	0.0020036279	-3.5330486e-06	6.6412374e-06	-3.746819e-06	0.0020126461	-0.0020060802	0.00040580834	0.0060182407	0.0060172742	-0.00016061763
0.138	1.138	0	0	0	1.138	0	0	0	1.138	1.4737601	0.0020318135	-1.2836689e-05	6.7699242e-06	-1.2877835e-05	0.0020334909	-3.5498007e-06	6.7117242e-06	-3.7665293e-06	0.0020425957	-0.0020359667	0.00041793254	0.0061079001	0.0061069296	-0.00015891341
0.14	1.14	0	0	0	1.14	0	0	0	1.14	1.481544	0.0020616625	-1.2936261e-05	6.8418708e-06	-1.2978006e-05	0.0020633561	-3.5661609e-06	6.781839e-06	-3.7858297e-06	0.0020725473	-0.0020658553	0.00043023605	0.0061975658	0.0061965915	-0.00015723717
0.142	1.142	0	0	0	1.142	0	0	0	1.142	1.4893553	0.0020915136	-1.3035225e-05	6.9134686e-06	-1.3077582e-05	0.0020932232	-3.582136e-06	6.8515969e-06	-3.8047269e-06	0.0021025008	-0.0020957459	0.0004427189	0.0062872377	0.0062862596	-0.00015558787
0.144	1.144	0	0	0	1.144	0	0	0	1.144	1.497194	0.0021213669	-1.3133605e-05	6.9847323e-06	-1.3176589e-05	0.0021230923	-3.5977326e-06	6.9210125e-06	-3.8232275e-06	0.0021324562	-0.0021256385	0.00045538109	0.0063769154	0.0063759337	-0.00015396454
0.146	1.146	0	0	0	1.146	0	0	0	1.146	1.5050601	0.0021512221	-1.3231425e-05	7.0556764e-06	-1.3275052e-05	0.0021529633	-3.6129569e-06	6.9901004e-06	-3.8413381e-06	0.0021624134	-0.0021555329	0.00046822264	0.0064665988	0.0064656136	-0.00015236619
0.148	1.148	0	0	0	1.148	0	0	0	1.148	1.5129538	0.0021810791	-1.3328711e-05	7.1263148e-06	-1.3372994e-05	0.002182836	-3.6278151e-06	7.0588745e-06	-3.8590648e-06	0.0021923724	-0.0021854292	0.00048124355	0.0065562875	0.006555299	-0.00015079192
0.15	1.15	0	0	0	1.15	0	0	0	1.15	1.520875	0.0022109379	-1.3425484e-05	7.1966611e-06	-1.3470439e-05	0.0022127103	-3.6423132e-06	7.1273484e-06	-3.8764137e-06	0.002222333	-0.0022153271	0.00049444383	0.0066459813	0.0066449896	-0.00014924081
0.152	1.152	0	0	0	1.152	0	0	0	1.152	1.5288238	0.0022407985	-1.3521769e-05	7.2667286e-06	-1.356741e-05	0.0022425863	-3.656457e-06	7.1955355e-06	-3.8933908e-06	0.0022522953	-0.0022452267	0.00050782351	0.0067356801	0.0067346853	-0.000147712
0.154	1.154	0	0	0	1.154	0	0	0	1.154	1.5368003	0.0022706606	-1.3617586e-05	7.3365303e-06	-1.3663929e-05	0.0022724638	-3.6702521e-06	7.2634489e-06	-3.9100017e-06	0.0022822591	-0.0022751278	0.00052138257	0.0068253835	0.0068243858	-0.00014620466
0.156	1.156	0	0	0	1.156	0	0	0	1.156	1.5448044	0.0023005243	-1.3712957e-05	7.4060788e-06	-1.3760017e-05	0.0023023427	-3.683704e-06	7.3311012e-06	-3.9262521e-06	0.0023122244	-0.0023050305	0.00053512105	0.0069150914	0.0069140908	-0.00014471797
0.158	1.158	0	0	0	1.158	0	0	0	1.158	1.5528363	0.0023303895	-1.3807904e-05	7.4753867e-06	-1.3855695e-05	0.0023322231	-3.696818e-06	7.398505e-06	-3.9421472e-06	0.0023421911	-0.0023349345	0.00054903894	0.0070048036	0.0070038003	-0.00014325115
0.16	1.16	0	0	0	1.16	0	0	0	1.16	1.560896	0.0023602561	-1.3902446e-05	7.544466e-06	-1.3950983e-05	0.0023621047	-3.7095993e-06	7.4656724e-06	-3.9576926e-06	0.0023721591	-0.00236484	0.00056313625	0.0070945199	0.007093514	-0.00014180344
0.162	1.162	0	0	0	1.162	0	0	0	1.162	1.5689835	0.0023901239	-1.3996603e-05	7.6133286e-06	-1.4045902e-05	0.0023919875	-3.722053e-06	7.5326154e-06	-3.9728931e-06	0.0024021285	-0.0023947467	0.00057741299	0.00718424	0.0071832317	-0.00014037409
0.164	1.164	0	0	0	1.164	0	0	0	1.164	1.5770989	0.002419993	-1.4090394e-05	7.6819861e-06	-1.4140471e-05	0.0024218716	-3.734184e-06	7.5993457e-06	-3.9877539e-06	0.0024320992	-0.0024246546	0.00059186918	0.0072739638	0.0072729531	-0.00013896239
0.166	1.166	0	0	0	1.166	0	0	0	1.166	1.5852423	0.0024498633	-1.4183839e-05	7.75045e-06	-1.4234709e-05	0.0024517567	-3.7459971e-06	7.6658748e-06	-4.0022799e-06	0.002462071	-0.0024545637	0.00060650481	0.0073636911	0.0073626782	-0.00013756764
0.168	1.168	0	0	0	1.168	0	0	0	1.168	1.5934136	0.0024797347	-1.4276956e-05	7.8187315e-06	-1.4328634e-05	0.0024816429	-3.757497e-06	7.732214e-06	-4.0164758e-06	0.002492044	-0.0024844739	0.00062131989	0.0074534216	0.0074524067	-0.00013618916
0.17	1.17	0	0	0	1.17	0	0	0	1.17	1.601613	0.0025096072	-1.4369763e-05	7.8868415e-06	-1.4422264e-05	0.00251153	-3.7686881e-06	7.7983743e-06	-4.0303462e-06	0.0025220181	-0.0025143851	0.00063631443	0.0075431553	0.0075421385	-0.00013482629
0.172	1.172	0	0	0	1.172	0	0	0	1.172	1.6098404	0.0025394806	-1.4462277e-05	7.9547908e-06	-1.4515618e-05	0.0025414181	-3.779575e-06	7.8643667e-06	-4.0438957e-06	0.0025519933	-0.0025442973	0.00065148844	0.007632892	0.0076318733	-0.00013347839
0.174	1.174	0	0	0	1.174	0	0	0	1.174	1.618096	0.0025693549	-1.4554517e-05	8.0225901e-06	-1.4608712e-05	0.002571307	-3.7901621e-06	7.9302019e-06	-4.0571287e-06	0.0025819695	-0.0025742105	0.00066684193	0.0077226314	0.007721611	-0.00013214482
0.176	1.176	0	0	0	1.176	0	0	0	1.176	1.6263798	0.0025992301	-1.4646499e-05	8.0902499e-06	-1.4701564e-05	0.0026011968	-3.8004535e-06	7.9958904e-06	-4.0700496e-06	0.0026119466	-0.0026041245	0.00068237489	0.0078123734	0.0078113515	-0.00013082498
0.178	1.178	0	0	0	1.178	0	0	0	1.178	1.6346918	0.002629106	-1.4738239e-05	8.1577804e-06	-1.4794191e-05	0.0026310872	-3.8104533e-06	8.0614427e-06	-4.0826625e-06	0.0026419246	-0.0026340393	0.00069808733	0.0079021179	0.0079010945	-0.00012951828
0.18	1.18	0	0	0	1.18	0	0	0	1.18	1.643032	0.0026589827	-1.4829755e-05	8.2251918e-06	-1.4886608e-05	0.0026609784	-3.8201658e-06	8.1268689e-06	-4.0949716e-06	0.0026719035	-0.0026639549	0.00071397927	0.0079918646	0.00799084	-0.00012822411
0.182	1.182	0	0	0	1.182	0	0	0	1.182	1.6514006	0.00268886	-1.4921063e-05	8.2924941e-06	-1.4978832e-05	0.0026908702	-3.8295947e-06	8.1921793e-06	-4.1069809e-06	0.0027018832	-0.0026938711	0.00073005069	0.0080816134	0.0080805876	-0.00012694192
0.184	1.184	0	0	0	1.184	0	0	0	1.184	1.6597975	0.002718738	-1.5012179e-05	8.3596972e-06	-1.507088e-05	0.0027207625	-3.838744e-06	8.2573838e-06	-4.1186945e-06	0.0027318637	-0.0027237881	0.00074630162	0.0081713642	0.0081703374	-0.00012567114
0.186	1.186	0	0	0	1.186	0	0	0	1.186	1.6682229	0.0027486165	-1.5103117e-05	8.4268109e-06	-1.5162766e-05	0.0027506554	-3.8476175e-06	8.3224922e-06	-4.1301161e-06	0.0027618449	-0.0027537056	0.00076273204	0.0082611167	0.0082600891	-0.00012441123
0.188	1.188	0	0	0	1.188	0	0	0	1.188	1.6766767	0.0027784954	-1.5193895e-05	8.4938449e-06	-1.5254507e-05	0.0027805487	-3.856219e-06	8.3875144e-06	-4.1412497e-06	0.0027918268	-0.0027836236	0.00077934197	0.0083508709	0.0083498426	-0.00012316164
0.19	1.19	0	0	0	1.19	0	0	0	1.19	1.685159	0.0028083749	-1.5284527e-05	8.5608087e-06	-1.5346117e-05	0.0028104425	-3.8645519e-06	8.4524601e-06	-4.1520989e-06	0.0028218093	-0.0028135422	0.00079613141	0.0084406266	0.0084395977	-0.00012192184
0.192	1.192	0	0	0	1.192	0	0	0	1.192	1.6936699	0.0028382547	-1.5375028e-05	8.6277118e-06	-1.5437612e-05	0.0028403366	-3.87262e-06	8.5173387e-06	-4.1626673e-06	0.0028517924	-0.0028434612	0.00081310036	0.0085303836	0.0085293542	-0.00012069132
0.194	1.194	0	0	0	1.194	0	0	0	1.194	1.7022094	0.0028681348	-1.5465414e-05	8.6945637e-06	-1.5529007e-05	0.002870231	-3.8804267e-06	8.5821599e-06	-4.1729587e-06	0.0028817761	-0.0028733806	0.00083024883	0.0086201418	0.0086191121	-0.00011946957
0.196	1.196	0	0	0	1.196	0	0	0	1.196	1.7107775	0.0028980152	-1.5555698e-05	8.7613736e-06	-1.5620317e-05	0.0029001257	-3.8879755e-06	8.6469331e-06	-4.1829765e-06	0.0029117602	-0.0029033004	0.00084757681	0.0087099011	0.0087088712	-0.00011825607
0.198	1.198	0	0	0	1.198	0	0	0	1.198	1.7193744	0.0029278957	-1.5645897e-05	8.8281508e-06	-1.5711556e-05	0.0029300205	-3.8952697e-06	8.7116677e-06	-4.1927242e-06	0.0029417449	-0.0029332204	0.00086508431	0.0087996612	0.0087986313	-0.00011705034
0.2	1.2	0	0	0	1.2	0	0	0	1.2	1.728	0.0029577765	-1.5736024e-05	8.8949047e-06	-1.5802739e-05	0.0029599156	-3.9023126e-06	8.7763729e-06	-4.2022052e-06	0.00297173	-0.0029631407	0.00088277134	0.008889422	0.0088883923	-0.00011585188
0.202	1.202	0	0	0	1.202	0	0	0	1.202	1.7366544	0.0029876574	-1.5826095e-05	8.9616442e-06	-1.5893881e-05	0.0029898107	-3.9091076e-06	8.841058e-06	-4.2114229e-06	0.0030017154	-0.0029930612	0.00090063788	0.0089791835	0.008978154	-0.00011466021
0.204	1.204	0	0	0	1.204	0	0	0	1.204	1.7453377	0.0030175383	-1.5916123e-05	9.0283787e-06	-1.5984995e-05	0.0030197059	-3.9156578e-06	8.9057323e-06	-4.2203805e-06	0.0030317012	-0.0030229818	0.00091868395	0.0090689454	0.0090679164	-0.00011347484
0.206	1.206	0	0	0	1.206	0	0	0	1.206	1.7540498	0.0030474192	-1.6006123e-05	9.0951171e-06	-1.6076097e-05	0.003049601	-3.9219664e-06	8.970405e-06	-4.2290814e-06	0.0030616874	-0.0030529025	0.00093690955	0.0091587076	0.0091576792	-0.00011229531
0.208	1.208	0	0	0	1.208	0	0	0	1.208	1.7627909	0.0030773	-1.6096109e-05	9.1618687e-06	-1.61672e-05	0.0030794962	-3.9280365e-06	9.0350853e-06	-4.2375288e-06	0.0030916737	-0.0030828233	0.00095531467	0.0092484699	0.0092474423	-0.00011112114
0.21	1.21	0	0	0	1.21	0	0	0	1.21	1.771561	0.0031071807	-1.6186096e-05	9.2286424e-06	-1.625832e-05	0.0031093912	-3.9338712e-06	9.0997822e-06	-4.2457258e-06	0.0031216604	-0.0031127441	0.00097389932	0.0093382323	0.0093372057	-0.00010995186
0.212	1.212	0	0	0	1.212	0	0	0	1.212	1.7803601	0.0031370613	-1.6276098e-05	9.2954473e-06	-1.6349469e-05	0.0031392861	-3.9394735e-06	9.1645051e-06	-4.2536757e-06	0.0031516471	-0.0031426648	0.00099266349	0.0094279945	0.009426969	-0.00010878702
0.214	1.214	0	0	0	1.214	0	0	0	1.214	1.7891883	0.0031669417	-1.6366128e-05	9.3622925e-06	-1.6440663e-05	0.0031691807	-3.9448464e-06	9.229263e-06	-4.2613814e-06	0.0031816341	-0.0031725855	0.0010116072	0.0095177565	0.0095167322	-0.00010762614
0.216	1.216	0	0	0	1.216	0	0	0	1.216	1.7980457	0.0031968218	-1.6456202e-05	9.4291872e-06	-1.6531915e-05	0.0031990752	-3.9499929e-06	9.2940651e-06	-4.268846e-06	0.0032116211	-0.003202506	0.0010307304	0.009607518	0.0096064952	-0.00010646877
0.218	1.218	0	0	0	1.218	0	0	0	1.218	1.8069322	0.0032267015	-1.6546334e-05	9.4961404e-06	-1.662324e-05	0.0032289693	-3.9549158e-06	9.3589206e-06	-4.2760727e-06	0.0032416082	-0.0032324263	0.0010500332	0.009697279	0.0096962578	-0.00010531444
0.22	1.22	0	0	0	1.22	0	0	0	1.22	1.815848	0.0032565809	-1.6636537e-05	9.5631612e-06	-1.6714652e-05	0.0032588631	-3.9596182e-06	9.4238386e-06	-4.2830644e-06	0.0032715953	-0.0032623464	0.0010695155	0.0097870393	0.0097860199	-0.00010416271
0.222	1.222	0	0	0	1.222	0	0	0	1.222	1.824793	0.0032864598	-1.6726826e-05	9.6302588e-06	-1.6806165e-05	0.0032887564	-3.9641028e-06	9.4888285e-06	-4.2898241e-06	0.0033015824	-0.0032922662	0.0010891773	0.0098767987	0.0098757813	-0.00010301311
0.224	1.224	0	0	0	1.224	0	0	0	1.224	1.8337674	0.0033163383	-1.6817216e-05	9.6974425e-06	-1.6897795e-05	0.0033186493	-3.9683725e-06	9.5538995e-06	-4.2963548e-06	0.0033315694	-0.0033221857	0.0011090186	0.009966557	0.0099655419	-0.00010186518
0.226	1.226	0	0	0	1.226	0	0	0	1.226	1.8427712	0.0033462162	-1.6907721e-05	9.7647215e-06	-1.6989554e-05	0.0033485417	-3.9724301e-06	9.6190608e-06	-4.3026595e-06	0.0033615563	-0.0033521048	0.0011290394	0.010056314	0.010055302	-0.00010071847
0.228	1.228	0	0	0	1.228	0	0	0	1.228	1.8518044	0.0033760935	-1.6998356e-05	9.8321052e-06	-1.7081459e-05	0.0033784336	-3.9762784e-06	9.684322e-06	-4.3087411e-06	0.0033915431	-0.0033820234	0.0011492398	0.01014607	0.01014506	-9.9572504e-05
0.23	1.23	0	0	0	1.23	0	0	0	1.23	1.860867	0.0034059702	-1.7089134e-05	9.8996028e-06	-1.7173523e-05	0.0034083248	-3.9799203e-06	9.7496923e-06	-4.3146024e-06	0.0034215297	-0.0034119416	0.0011696197	0.010235825	0.010234817	-9.842683e-05
0.232	1.232	0	0	0	1.232	0	0	0	1.232	1.8699592	0.0034358462	-1.7180072e-05	9.967224e-06	-1.7265761e-05	0.0034382153	-3.9833586e-06	9.8151814e-06	-4.3202466e-06	0.003451516	-0.0034418592	0.0011901791	0.010325578	0.010324573	-9.7280979e-05
0.234	1.234	0	0	0	1.234	0	0	0	1.234	1.8790809	0.0034657214	-1.7271183e-05	1.0034978e-05	-1.7358189e-05	0.0034681051	-3.9865959e-06	9.8807987e-06	-4.3256763e-06	0.0034815021	-0.0034717762	0.001210918	0.010415329	0.010414327	-9.6134481e-05
0.236	1.236	0	0	0	1.236	0	0	0	1.236	1.8882323	0.0034955957	-1.7362483e-05	1.0102875e-05	-1.745082e-05	0.0034979942	-3.9896351e-06	9.946554e-06	-4.3308947e-06	0.0035114878	-0.0035016926	0.0012318364	0.010505078	0.01050408	-9.4986863e-05
0.238	1.238	0	0	0	1.238	0	0	0	1.238	1.8974133	0.0035254692	-1.7453987e-05	1.0170924e-05	-1.7543671e-05	0.0035278824	-3.992479e-06	1.0012457e-05	-4.3359047e-06	0.0035414732	-0.0035316083	0.0012529343	0.010594825	0.010593831	-9.3837647e-05
0.24	1.24	0	0	0	1.24	0	0	0	1.24	1.906624	0.0035553417	-1.754571e-05	1.0239136e-05	-1.7636757e-05	0.0035577697	-3.9951303e-06	1.0078517e-05	-4.3407091e-06	0.0035714582	-0.0035615232	0.0012742117	0.01068457	0.010683579	-9.268635e-05
0.242	1.242	0	0	0	1.242	0	0	0	1.242	1.9158645	0.0035852133	-1.7637668e-05	1.030752e-05	-1.7730094e-05	0.0035876561	-3.9975918e-06	1.0144745e-05	-4.3453109e-06	0.0036014427	-0.0035914373	0.0012956686	0.010774312	0.010773326	-9.1532482e-05
0.244	1.244	0	0	0	1.244	0	0	0	1.244	1.9251348	0.0036150837	-1.7729877e-05	1.0376086e-05	-1.7823697e-05	0.0036175414	-3.9998664e-06	1.0211151e-05	-4.3497131e-06	0.0036314266	-0.0036213506	0.001317305	0.010864052	0.01086307	-9.0375547e-05
0.246	1.246	0	0	0	1.246	0	0	0	1.246	1.9344349	0.0036449531	-1.7822352e-05	1.0444845e-05	-1.7917582e-05	0.0036474257	-4.0019569e-06	1.0277745e-05	-4.3539186e-06	0.0036614101	-0.003651263	0.0013391209	0.010953789	0.010952812	-8.9215043e-05
0.248	1.248	0	0	0	1.248	0	0	0	1.248	1.943765	0.0036748212	-1.791511e-05	1.0513806e-05	-1.8011766e-05	0.0036773089	-4.003866e-06	1.0344536e-05	-4.3579305e-06	0.0036913929	-0.0036811743	0.0013611162	0.011043523	0.011042551	-8.8050458e-05
0.25	1.25	0	0	0	1.25	0	0	0	1.25	1.953125	0.0037046881	-1.8008168e-05	1.0582982e-05	-1.8106265e-05	0.0037071909	-4.0055968e-06	1.0411536e-05	-4.3617519e-06	0.0037213751	-0.0037110847	0.0013832911	0.011133254	0.011132287	-8.6881272e-05
0.252	1.252	0	0	0	1.252	0	0	0	1.252	1.962515	0.0037345537	-1.8101541e-05	1.0652381e-05	-1.8201096e-05	0.0037370716	-4.007152e-06	1.0478756e-05	-4.3653857e-06	0.0037513565	-0.0037409939	0.0014056454	0.011222982	0.01122202	-8.5706954e-05
0.254	1.254	0	0	0	1.254	0	0	0	1.254	1.9719351	0.0037644179	-1.8195247e-05	1.0722015e-05	-1.8296276e-05	0.0037669509	-4.0085346e-06	1.0546205e-05	-4.3688352e-06	0.0037813372	-0.003770902	0.0014281792	0.011312706	0.01131175	-8.4526966e-05
0.256	1.256	0	0	0	1.256	0	0	0	1.256	1.9813852	0.0037942806	-1.8289304e-05	1.0791896e-05	-1.8391823e-05	0.0037968289	-4.0097476e-06	1.0613896e-05	-4.3721035e-06	0.0038113171	-0.0038008089	0.0014508924	0.011402427	0.011401476	-8.3340754e-05
0.258	1.258	0	0	0	1.258	0	0	0	1.258	1.9908655	0.0038241418	-1.8383729e-05	1.0862033e-05	-1.8487755e-05	0.0038267055	-4.0107939e-06	1.0681839e-05	-4.3751937e-06	0.0038412961	-0.0038307145	0.0014737851	0.011492143	0.011491199	-8.2147755e-05
0.26	1.26	0	0	0	1.26	0	0	0	1.26	2.000376	0.0038540014	-1.847854e-05	1.093244e-05	-1.8584089e-05	0.0038565805	-4.0116768e-06	1.0750045e-05	-4.3781093e-06	0.0038712742	-0.0038606187	0.0014968572	0.011581856	0.011580919	-8.0947392e-05
0.262	1.262	0	0	0	1.262	0	0	0	1.262	2.0099167	0.0038838593	-1.8573755e-05	1.1003126e-05	-1.8680844e-05	0.0038864539	-4.0123993e-06	1.0818526e-05	-4.3808535e-06	0.0039012513	-0.0038905215	0.0015201087	0.011671564	0.011670634	-7.9739072e-05
0.264	1.264	0	0	0	1.264	0	0	0	1.264	2.0194877	0.0039137155	-1.8669393e-05	1.1074105e-05	-1.877804e-05	0.0039163256	-4.0129647e-06	1.0887294e-05	-4.3834298e-06	0.0039312274	-0.0039204228	0.0015435397	0.011761268	0.011760345	-7.8522187e-05
0.266	1.266	0	0	0	1.266	0	0	0	1.266	2.0290891	0.0039435698	-1.8765474e-05	1.1145388e-05	-1.8875695e-05	0.0039461955	-4.0133761e-06	1.0956361e-05	-4.3858416e-06	0.0039612023	-0.0039503225	0.0015671501	0.011850968	0.011850052	-7.7296116e-05
0.268	1.268	0	0	0	1.268	0	0	0	1.268	2.0387208	0.0039734222	-1.8862017e-05	1.1216988e-05	-1.897383e-05	0.0039760637	-4.0136371e-06	1.1025739e-05	-4.3880925e-06	0.0039911761	-0.0039802207	0.0015909399	0.011940662	0.011939754	-7.6060214e-05
0.27	1.27	0	0	0	1.27	0	0	0	1.27	2.048383	0.0040032726	-1.8959043e-05	1.1288917e-05	-1.9072465e-05	0.0040059299	-4.013751e-06	1.109544e-05	-4.3901863e-06	0.0040211486	-0.004010117	0.0016149091	0.012030351	0.012029451	-7.4813822e-05
0.272	1.272	0	0	0	1.272	0	0	0	1.272	2.0580756	0.0040331209	-1.9056571e-05	1.1361188e-05	-1.917162e-05	0.0040357941	-4.0137214e-06	1.1165477e-05	-4.3921268e-06	0.0040511199	-0.0040400116	0.0016390577	0.012120035	0.012119143	-7.3556259e-05
0.274	1.274	0	0	0	1.274	0	0	0	1.274	2.0677988	0.0040629671	-1.9154623e-05	1.1433814e-05	-1.9271318e-05	0.0040656563	-4.0135519e-06	1.1235864e-05	-4.3939178e-06	0.0040810897	-0.0040699044	0.0016633857	0.012209713	0.012208831	-7.2286822e-05
0.276	1.276	0	0	0	1.276	0	0	0	1.276	2.0775526	0.004092811	-1.9253221e-05	1.1506808e-05	-1.937158e-05	0.0040955162	-4.0132465e-06	1.1306612e-05	-4.3955634e-06	0.0041110581	-0.0040997951	0.0016878931	0.012299385	0.012298512	-7.1004783e-05
0.278	1.278	0	0	0	1.278	0	0	0	1.278	2.087337	0.0041226526	-1.9352388e-05	1.1580185e-05	-1.9472428e-05	0.0041253739	-4.0128089e-06	1.1377736e-05	-4.3970677e-06	0.004141025	-0.0041296838	0.0017125798	0.012389051	0.012388188	-6.9709391e-05
0.28	1.28	0	0	0	1.28	0	0	0	1.28	2.097152	0.0041524917	-1.9452145e-05	1.1653958e-05	-1.9573886e-05	0.0041552293	-4.0122434e-06	1.144925e-05	-4.3984352e-06	0.0041709903	-0.0041595704	0.0017374458	0.012478711	0.012477858	-6.8399869e-05
0.282	1.282	0	0	0	1.282	0	0	0	1.282	2.1069978	0.0041823282	-1.9552517e-05	1.1728141e-05	-1.9675978e-05	0.0041850821	-4.011554e-06	1.1521167e-05	-4.3996704e-06	0.0042009539	-0.0041894548	0.0017624912	0.012568364	0.012567521	-6.7075407e-05
0.284	1.284	0	0	0	1.284	0	0	0	1.284	2.1168743	0.0042121621	-1.9653527e-05	1.1802749e-05	-1.9778728e-05	0.0042149325	-4.0107453e-06	1.1593502e-05	-4.4007778e-06	0.0042309157	-0.0042193368	0.0017877159	0.01265801	0.012657178	-6.5735169e-05
0.286	1.286	0	0	0	1.286	0	0	0	1.286	2.1267817	0.0042419933	-1.9755201e-05	1.1877798e-05	-1.9882162e-05	0.0042447801	-4.0098218e-06	1.166627e-05	-4.4017625e-06	0.0042608757	-0.0042492164	0.0018131199	0.012747649	0.012746828	-6.4378284e-05
0.288	1.288	0	0	0	1.288	0	0	0	1.288	2.1367199	0.0042718215	-1.9857565e-05	1.1953302e-05	-1.9986306e-05	0.004274625	-4.0087884e-06	1.1739485e-05	-4.4026294e-06	0.0042908337	-0.0042790934	0.0018387032	0.01283728	0.012836471	-6.3003845e-05
0.29	1.29	0	0	0	1.29	0	0	0	1.29	2.146689	0.0043016468	-1.9960644e-05	1.2029276e-05	-2.0091186e-05	0.0043044669	-4.00765e-06	1.1813164e-05	-4.403384e-06	0.0043207897	-0.0043089678	0.0018644658	0.012926903	0.012926107	-6.1610909e-05
0.292	1.292	0	0	0	1.292	0	0	0	1.292	2.1566891	0.004331469	-2.0064467e-05	1.2105738e-05	-2.019683e-05	0.0043343059	-4.006412e-06	1.1887321e-05	-4.4040318e-06	0.0043507436	-0.0043388395	0.0018904076	0.013016518	0.013015735	-6.0198491e-05
0.294	1.294	0	0	0	1.294	0	0	0	1.294	2.1667202	0.0043612879	-2.0169061e-05	1.2182703e-05	-2.0303267e-05	0.0043641417	-4.0050799e-06	1.1961973e-05	-4.4045787e-06	0.0043806952	-0.0043687083	0.0019165287	0.013106125	0.013105355	-5.8765563e-05
0.296	1.296	0	0	0	1.296	0	0	0	1.296	2.1767823	0.0043911035	-2.0274455e-05	1.2260188e-05	-2.0410527e-05	0.0043939743	-4.0036595e-06	1.2037137e-05	-4.4050309e-06	0.0044106445	-0.0043985741	0.001942829	0.013195722	0.013194966	-5.7311052e-05
0.298	1.298	0	0	0	1.298	0	0	0	1.298	2.1868756	0.0044209156	-2.038068e-05	1.2338211e-05	-2.0518639e-05	0.0044238034	-4.0021571e-06	1.2112829e-05	-4.4053948e-06	0.0044405913	-0.0044284368	0.0019693086	0.01328531	0.013284569	-5.5833833e-05
0.3	1.3	0	0	0	1.3	0	0	0	1.3	2.197	0.004450724	-2.0487767e-05	1.2416789e-05	-2.0627636e-05	0.004453629	-4.000579e-06	1.2189067e-05	-4.4056773e-06	0.0044705355	-0.0044582962	0.0019959673	inf	inf	inf
