lambda	F11	F12	F13	F21	F22	F23	F31	F32	F33	J	P11	P12	P13	P21	P22	P23	P31	P32	P33	p	StrEn	t(1)	t(2)	d
0	1	0	0	0	1	0	0	0	1	1	0	0	0	0	0	0	0	0	0	-0	0	inf	inf	inf
0.002	1.002	0	0	0	0.99935164	0	0	0	0.99938139	1.0007309	9.9524663e-06	1.4490584e-08	2.4638543e-09	1.4955251e-08	1.919981e-09	-1.4517159e-07	6.3809464e-09	-1.3979762e-07	8.2670361e-09	-3.3208844e-06	9.8743131e-09	9.9492692e-06	9.9911509e-06	0.0041918782
0.004	1.004	0	0	0	0.9986947	0	0	0	0.99875622	1.0014424	2.0223229e-05	2.7909714e-08	9.7133687e-09	2.819581e-08	3.7128161e-09	-2.9292996e-07	1.7040572e-08	-2.8232829e-07	1.6173515e-08	-6.7477052e-06	3.9964604e-08	2.0216922e-05	2.022494e-05	0.00039642673
0.006	1.006	0	0	0	0.99802893	0	0	0	0.99812515	1.0021347	3.068058e-05	4.0159586e-08	2.0645183e-08	4.0031514e-08	5.4206876e-09	-4.4299369e-07	3.1204758e-08	-4.2730901e-07	2.3756492e-08	-1.0236586e-05	9.0774072e-08	3.0671236e-05	3.0657065e-05	-0.00046223422
0.008	1.008	0	0	0	0.99735514	0	0	0	0.9974885	1.0028091	4.1247226e-05	5.1304037e-08	3.4776719e-08	5.070819e-08	7.098317e-09	-5.9512723e-07	4.8487689e-08	-5.7451558e-07	3.1063108e-08	-1.3761796e-05	1.6259286e-07	4.1234892e-05	4.1207561e-05	-0.00066325217
0.01	1.01	0	0	0	0.99667454	0	0	0	0.99684637	1.0034667	5.1889765e-05	6.1570315e-08	5.1811311e-08	6.0538853e-08	8.8114618e-09	-7.4894203e-07	6.8586263e-08	-7.2359111e-07	3.8128962e-08	-1.7312235e-05	2.5560432e-07	5.1874459e-05	5.1838085e-05	-0.00070167555
0.012	1.012	0	0	0	0.99598813	0	0	0	0.99619871	1.0041085	6.259332e-05	7.1271351e-08	7.1459251e-08	6.9892777e-08	1.0622211e-08	-9.0393437e-07	9.1186971e-08	-8.7406261e-07	4.4983315e-08	-2.0882975e-05	3.6994521e-07	6.257503e-05	6.2531302e-05	-0.00069930282
0.014	1.014	0	0	0	0.99529653	0	0	0	0.99554541	1.004735	7.3349615e-05	8.0772994e-08	9.3393094e-08	7.9178991e-08	1.258529e-08	-1.0595724e-06	1.159464e-07	-1.0254178e-06	5.1656967e-08	-2.4471286e-05	5.0572952e-07	7.3328297e-05	7.3277775e-05	-0.00068946044
0.016	1.016	0	0	0	0.99459987	0	0	0	0.99488617	1.0053459	8.415206e-05	9.0486494e-08	1.1725049e-07	8.884565e-08	1.4753653e-08	-1.2155034e-06	1.425029e-07	-1.177311e-06	5.8191403e-08	-2.8075002e-05	6.630563e-07	8.4127623e-05	8.4070109e-05	-0.00068411984
0.018	1.018	0	0	0	0.99389773	0	0	0	0.9942203	1.0059401	9.4992891e-05	1.0087215e-07	1.426646e-07	9.9389907e-08	1.7189189e-08	-1.3722058e-06	1.705189e-07	-1.3302146e-06	6.4656962e-08	-3.1691579e-05	8.4200996e-07	9.4965166e-05	9.4899239e-05	-0.00069469771
0.02	1.02	0	0	0	0.99318862	0	0	0	0.99354612	1.0065143	0.00010585846	1.1245975e-07	1.6933656e-07	1.1138605e-07	1.9982509e-08	-1.5332683e-06	1.9979049e-07	-1.4876857e-06	7.1205487e-08	-3.5316548e-05	1.0426533e-06	0.00010582705	0.0001057468	-0.00075893955
0.022	1.022	0	0	0	0.99246696	0	0	0	0.99285774	1.0070568	0.00011670804	1.2591421e-07	1.9731792e-07	1.255618e-07	2.3309285e-08	-1.7152327e-06	2.3068001e-07	-1.6661496e-06	7.8279549e-08	-3.8936544e-05	1.2649972e-06	0.00011667128	0.00011653709	-0.0011515551
0.024	1.024	0	0	0	0.99169242	0	0	0	0.99211334	1.0074842	0.00012726494	1.4205301e-07	2.2915474e-07	1.4277759e-07	2.7677605e-08	-2.0099829e-06	2.6712067e-07	-1.9568945e-06	8.7867298e-08	-4.2460163e-05	1.5088016e-06	0.0001272084	0.00012661259	-0.0047057986
0.026	1.026	0	0	0	0.99047431	0	0	0	0.99091148	1.0069906	0.00013487477	1.5429095e-07	2.8229297e-07	1.5497711e-07	3.3287585e-08	-2.7454233e-06	3.2974769e-07	-2.6856448e-06	1.0598393e-07	-4.5004681e-05	1.7714475e-06	0.00013477095	0.00013404653	-0.0054042119
0.028	1.028	0	0	0	0.98869669	0	0	0	0.98913575	1.005338	0.00013875858	1.5056916e-07	3.508673e-07	1.4847394e-07	3.6475913e-08	-3.4622684e-06	4.0405883e-07	-3.3959173e-06	1.2231829e-07	-4.630579e-05	2.0449877e-06	0.0001386126	0.00013849578	-0.00084355366
0.03	1.03	0	0	0	0.98679649	0	0	0	0.98723474	1.0034258	0.00014188765	1.4016242e-07	4.199688e-07	1.3461863e-07	3.8134604e-08	-3.9764962e-06	4.7439865e-07	-3.9050273e-06	1.3402555e-07	-4.735327e-05	2.3254306e-06	0.00014172219	0.0001417383	0.00011363575
0.032	1.032	0	0	0	0.98485448	0	0	0	0.98529098	1.00142	0.00014481459	1.2637751e-07	4.8992792e-07	1.1733639e-07	3.9206619e-08	-4.3780551e-06	5.4294973e-07	-4.3023936e-06	1.4322995e-07	-4.8332341e-05	2.6119409e-06	0.00014463612	0.00014470015	0.00044246846
0.034	1.034	0	0	0	0.98288681	0	0	0	0.98332101	0.99935402	0.00014765148	1.1042639e-07	5.5959501e-07	9.7944325e-08	3.9957941e-08	-4.7092883e-06	6.0936689e-07	-4.6300612e-06	1.5086168e-07	-4.9280765e-05	2.9042312e-06	0.00014746263	0.00014755446	0.00062234232
0.036	1.036	0	0	0	0.98089973	0	0	0	0.98133124	0.9972407	0.00015043899	9.3219976e-08	6.2675897e-07	7.7337469e-08	4.0369929e-08	-4.9914885e-06	6.7195804e-07	-4.9091013e-06	1.5736819e-07	-5.0212243e-05	3.2021588e-06	0.00015024154	0.00015035312	0.00074212158
0.038	1.038	0	0	0	0.97889706	0	0	0	0.97932563	0.99508802	0.00015319872	7.5005346e-08	6.9136318e-07	5.5792866e-08	4.0403908e-08	-5.2367586e-06	7.309822e-07	-5.151461e-06	1.6302892e-07	-5.1134051e-05	3.5056437e-06	0.0001529941	0.00015312067	0.00082659341
0.04	1.04	0	0	0	0.97688126	0	0	0	0.97730671	0.99290112	0.00015594359	5.5832359e-08	7.5437737e-07	3.3442687e-08	4.0145691e-08	-5.4528843e-06	7.8758097e-07	-5.3648622e-06	1.6805771e-07	-5.2050598e-05	3.8146414e-06	0.00015573287	0.00015587126	0.00088780556
0.042	1.042	0	0	0	0.9748539	0	0	0	0.97527611	0.99068328	0.00015868177	3.5816633e-08	8.1649156e-07	1.0456114e-08	3.9737633e-08	-5.6455871e-06	8.4252539e-07	-5.5550157e-06	1.7262037e-07	-5.2964711e-05	4.1291287e-06	0.00015846567	0.00015861371	0.00093329271
0.044	1.044	0	0	0	0.97281609	0	0	0	0.97323496	0.98843689	0.00016141891	1.5205338e-08	8.7839303e-07	-1.2923921e-08	3.9233183e-08	-5.8189211e-06	8.9650973e-07	-5.7259703e-06	1.7678177e-07	-5.3878308e-05	4.4490963e-06	0.00016119798	0.00016135386	0.00096608271
0.046	1.046	0	0	0	0.97076838	0	0	0	0.97118387	0.98616314	0.00016415821	-5.8018135e-09	9.403119e-07	-3.6497039e-08	3.8648019e-08	-5.9758316e-06	9.4979674e-07	-5.8806581e-06	1.8058078e-07	-5.4792481e-05	4.7745441e-06	0.00016393292	0.00016409539	0.000990097
0.048	1.048	0	0	0	0.96871106	0	0	0	0.96912311	0.9838627	0.0001669017	-2.7115794e-08	1.0022426e-06	-6.0167365e-08	3.7997117e-08	-6.1185941e-06	1.0024239e-06	-6.0213405e-06	1.840574e-07	-5.5707918e-05	5.1054778e-06	0.00016667244	0.00016684057	0.0010077116
0.05	1.05	0	0	0	0.96664431	0	0	0	0.96705288	0.98153597	0.00016965079	-4.8691525e-08	1.0641444e-06	-8.3885063e-08	3.7292862e-08	-6.249003e-06	1.0543872e-06	-6.1497984e-06	1.8724738e-07	-5.6625111e-05	5.4419064e-06	0.00016941791	0.00016959094	0.0010203309
0.052	1.052	0	0	0	0.96456821	0	0	0	0.96497328	0.97918324	0.00017240657	-7.0499535e-08	1.125989e-06	-1.0761864e-07	3.654511e-08	-6.3685072e-06	1.1056871e-06	-6.2674688e-06	1.9018143e-07	-5.7544431e-05	5.7838416e-06	0.00017217035	0.00017234769	0.0010289256
0.054	1.054	0	0	0	0.96248284	0	0	0	0.96288438	0.97680472	0.00017516987	-9.2516405e-08	1.1877652e-06	-1.3134437e-07	3.5761887e-08	-6.4783014e-06	1.1563347e-06	-6.3755363e-06	1.9288576e-07	-5.8466171e-05	6.1312972e-06	0.00017493059	0.00017511169	0.0010342114
0.056	1.056	0	0	0	0.96038824	0	0	0	0.96078623	0.97440056	0.00017794137	-1.1472045e-07	1.249473e-06	-1.5504117e-07	3.4950021e-08	-6.579387e-06	1.2063476e-06	-6.474993e-06	1.9538275e-07	-5.9390569e-05	6.4842884e-06	0.00017769927	0.00017788369	0.0010367361
0.058	1.058	0	0	0	0.95828442	0	0	0	0.95867885	0.97197086	0.00018072166	-1.3708881e-07	1.3111173e-06	-1.786874e-07	3.4115395e-08	-6.6726125e-06	1.2557453e-06	-6.56668e-06	1.9769162e-07	-6.0317823e-05	6.8428319e-06	0.00018047694	0.00018066427	0.0010369294
0.06	1.06	0	0	0	0.95617139	0	0	0	0.95656225	0.9695157	0.00018351122	-1.5959552e-07	1.3727013e-06	-2.0225903e-07	3.3262403e-08	-6.7587022e-06	1.3045436e-06	-6.6513146e-06	1.9982891e-07	-6.1248102e-05	7.2069455e-06	0.00018326406	0.00018345396	0.0010351344
0.062	1.062	0	0	0	0.95404914	0	0	0	0.95443641	0.96703515	0.00018631046	-1.8221283e-07	1.4342189e-06	-2.2573119e-07	3.2392488e-08	-6.8382747e-06	1.3527494e-06	-6.7295083e-06	2.018088e-07	-6.2181555e-05	7.5766477e-06	0.00018606104	0.00018625319	0.0010316291
0.064	1.064	0	0	0	0.95191766	0	0	0	0.95230134	0.96452927	0.00018911979	-2.0491811e-07	1.495654e-06	-2.4908485e-07	3.1503268e-08	-6.9118594e-06	1.4003597e-06	-6.8017825e-06	2.0364334e-07	-6.3118311e-05	7.9519582e-06	0.00018886827	0.00018906237	0.0010266414
0.066	1.066	0	0	0	0.94977693	0	0	0	0.95015702	0.96199808	0.00019193954	-2.2770078e-07	1.5569889e-06	-2.7231263e-07	3.0590342e-08	-6.9799159e-06	1.4473695e-06	-6.868589e-06	2.0534277e-07	-6.4058491e-05	8.3328972e-06	0.00019168609	0.00019188188	0.0010203617
0.068	1.068	0	0	0	0.94762693	0	0	0	0.94800343	0.95944163	0.00019477005	-2.5056069e-07	1.6182147e-06	-2.9541631e-07	2.9650292e-08	-7.0428533e-06	1.4937803e-06	-6.93033e-06	2.0691594e-07	-6.5002204e-05	8.7194857e-06	0.00019451482	0.00019471205	0.0010129526
0.07	1.07	0	0	0	0.94546763	0	0	0	0.94584055	0.95685994	0.00019761162	-2.7350109e-07	1.679332e-06	-3.1839995e-07	2.8681875e-08	-7.1010406e-06	1.5396007e-06	-6.9873698e-06	2.083707e-07	-6.5949556e-05	9.1117454e-06	0.00019735476	0.00019755321	0.0010045536
0.072	1.072	0	0	0	0.94329901	0	0	0	0.94366834	0.95425303	0.00020046454	-2.9652389e-07	1.7403468e-06	-3.4126572e-07	2.7685484e-08	-7.1548118e-06	1.5848432e-06	-7.0400382e-06	2.0971413e-07	-6.6900646e-05	9.5096986e-06	0.00020020619	0.00020040565	0.00099528453
0.074	1.074	0	0	0	0.94112102	0	0	0	0.94148679	0.95162093	0.00020332909	-3.1962834e-07	1.8012663e-06	-3.6401299e-07	2.6662335e-08	-7.2044678e-06	1.6295206e-06	-7.0886334e-06	2.1095263e-07	-6.7855568e-05	9.913368e-06	0.00020306939	0.00020326966	0.00098524916
0.076	1.076	0	0	0	0.93893364	0	0	0	0.93929584	0.94896363	0.00020620553	-3.4281141e-07	1.8620972e-06	-3.8663892e-07	2.5613944e-08	-7.2502806e-06	1.6736445e-06	-7.1334249e-06	2.1209202e-07	-6.8814412e-05	1.0322777e-05	0.00020594461	0.00020614551	0.00097453831
0.078	1.078	0	0	0	0.93673682	0	0	0	0.93709547	0.94628116	0.00020909412	-3.6606843e-07	1.922845e-06	-4.0913914e-07	2.454187e-08	-7.292496e-06	1.7172252e-06	-7.1746564e-06	2.1313759e-07	-6.9777267e-05	1.073795e-05	0.00020883211	0.00020903346	0.00096323186
0.08	1.08	0	0	0	0.93453054	0	0	0	0.93488564	0.94357351	0.00021199512	-3.8939368e-07	1.983514e-06	-4.3150835e-07	2.3447615e-08	-7.3313368e-06	1.7602715e-06	-7.2125486e-06	2.1409418e-07	-7.074422e-05	1.1158911e-05	0.00021173213	0.00021193376	0.00095140025
0.082	1.082	0	0	0	0.93231474	0	0	0	0.93266631	0.9408407	0.00021490876	-4.1278082e-07	2.0441071e-06	-4.5374074e-07	2.2332585e-08	-7.3670055e-06	1.8027905e-06	-7.2473024e-06	2.1496619e-07	-7.1715354e-05	1.1585685e-05	0.00021464491	0.00021484668	0.0009391058
0.084	1.084	0	0	0	0.93008938	0	0	0	0.93043743	0.93808273	0.00021783531	-4.3622311e-07	2.1046265e-06	-4.7583025e-07	2.1198083e-08	-7.3996867e-06	1.8447885e-06	-7.2791009e-06	2.1575765e-07	-7.2690754e-05	1.2018298e-05	0.0002175707	0.00021777245	0.00092640368
0.086	1.086	0	0	0	0.92785443	0	0	0	0.92819897	0.9352996	0.00022077499	-4.5971365e-07	2.1650736e-06	-4.9777071e-07	2.0045312e-08	-7.4295492e-06	1.8862707e-06	-7.3081114e-06	2.1647225e-07	-7.3670502e-05	1.2456775e-05	0.00022050974	0.00022071132	0.00091334282
0.088	1.088	0	0	0	0.92560983	0	0	0	0.92595087	0.93249132	0.00022372805	-4.8324546e-07	2.2254488e-06	-5.1955601e-07	1.8875386e-08	-7.4567478e-06	1.9272415e-06	-7.3344874e-06	2.1711338e-07	-7.465468e-05	1.2901143e-05	0.00022346225	0.00022366354	0.00089996673
0.09	1.09	0	0	0	0.92335555	0	0	0	0.92369311	0.9296579	0.00022669474	-5.0681158e-07	2.2857523e-06	-5.4118009e-07	1.7689337e-08	-7.4814247e-06	1.9677046e-06	-7.3583701e-06	2.1768414e-07	-7.5643372e-05	1.3351429e-05	0.00022642849	0.00022662936	0.00088631412
0.092	1.092	0	0	0	0.92109153	0	0	0	0.92142562	0.92679933	0.0002296753	-5.3040509e-07	2.3459837e-06	-5.6263704e-07	1.6488126e-08	-7.5037111e-06	2.007663e-06	-7.3798894e-06	2.1818741e-07	-7.6636658e-05	1.380766e-05	0.00022940869	0.00022960901	0.00087241951
0.094	1.094	0	0	0	0.91881773	0	0	0	0.91914837	0.92391563	0.00023266997	-5.5401918e-07	2.4061422e-06	-5.839211e-07	1.527265e-08	-7.523728e-06	2.0471194e-06	-7.3991653e-06	2.1862583e-07	-7.7634623e-05	1.4269865e-05	0.0002324031	0.00023260275	0.00085831377
0.096	1.096	0	0	0	0.91653411	0	0	0	0.91686131	0.9210068	0.000235679	-5.7764711e-07	2.4662266e-06	-6.0502668e-07	1.4043752e-08	-7.5415874e-06	2.0860761e-06	-7.416309e-06	2.1900183e-07	-7.8637349e-05	1.4738071e-05	0.00023541196	0.00023561082	0.00084402448
0.098	1.098	0	0	0	0.91424062	0	0	0	0.91456439	0.91807284	0.00023870264	-6.0128229e-07	2.5262355e-06	-6.2594836e-07	1.2802222e-08	-7.5573929e-06	2.1245348e-06	-7.4314233e-06	2.1931769e-07	-7.9644919e-05	1.5212308e-05	0.0002384355	0.00023863347	0.00082957638
0.1	1.1	0	0	0	0.9119372	0	0	0	0.91225757	0.91511377	0.00024174113	-6.2491823e-07	2.5861672e-06	-6.4668091e-07	1.154881e-08	-7.5712411e-06	2.162497e-06	-7.4446039e-06	2.1957549e-07	-8.0657418e-05	1.5692605e-05	0.00024147399	0.00024167095	0.00081499166
0.102	1.102	0	0	0	0.90962381	0	0	0	0.90994079	0.91212959	0.00024479473	-6.4854854e-07	2.6460199e-06	-6.6721925e-07	1.0284225e-08	-7.5832214e-06	2.1999641e-06	-7.4559397e-06	2.1977719e-07	-8.1674932e-05	1.6178992e-05	0.00024452768	0.00024472353	0.00080029028
0.104	1.104	0	0	0	0.9073004	0	0	0	0.90761401	0.90912032	0.00024786371	-6.7216698e-07	2.7057914e-06	-6.875585e-07	9.0091449e-09	-7.5934174e-06	2.236937e-06	-7.4655134e-06	2.1992459e-07	-8.2697546e-05	1.6671499e-05	0.00024759681	0.00024779144	0.00078549018
0.106	1.106	0	0	0	0.90496692	0	0	0	0.90527717	0.90608596	0.0002509483	-6.957674e-07	2.7654794e-06	-7.0769392e-07	7.724215e-09	-7.6019069e-06	2.2734166e-06	-7.4734022e-06	2.2001939e-07	-8.3725349e-05	1.7170158e-05	0.00025068164	0.00025087497	0.00077060753
0.108	1.108	0	0	0	0.90262332	0	0	0	0.90293023	0.90302652	0.00025404879	-7.1934378e-07	2.8250817e-06	-7.2762096e-07	6.4300564e-09	-7.6087624e-06	2.3094033e-06	-7.4796783e-06	2.2006315e-07	-8.4758427e-05	1.7674999e-05	0.00025378244	0.00025397436	0.00075565689
0.11	1.11	0	0	0	0.90026955	0	0	0	0.90057314	0.89994202	0.00025716543	-7.4289018e-07	2.8845954e-06	-7.473352e-07	5.1272668e-09	-7.6140519e-06	2.3448977e-06	-7.4844089e-06	2.2005735e-07	-8.5796872e-05	1.8186055e-05	0.00025689948	0.00025708989	0.00074065144
0.112	1.112	0	0	0	0.89790556	0	0	0	0.89820585	0.89683247	0.0002602985	-7.664008e-07	2.944018e-06	-7.6683239e-07	3.8164244e-09	-7.6178388e-06	2.3799001e-06	-7.4876571e-06	2.2000337e-07	-8.6840773e-05	1.8703359e-05	0.00026003301	0.00026022183	0.00072560305
0.114	1.114	0	0	0	0.89553129	0	0	0	0.89582831	0.8936979	0.00026344827	-7.8986992e-07	3.0033466e-06	-7.8610842e-07	2.4980903e-09	-7.6201825e-06	2.4144105e-06	-7.4894818e-06	2.1990248e-07	-8.7890224e-05	1.9226943e-05	0.00026318332	0.00026337045	0.00071052246
0.116	1.116	0	0	0	0.8931467	0	0	0	0.89344046	0.89053831	0.00026661502	-8.1329191e-07	3.0625781e-06	-8.0515934e-07	1.1728114e-09	-7.6211386e-06	2.448429e-06	-7.4899382e-06	2.1975591e-07	-8.8945318e-05	1.9756841e-05	0.00026635068	0.00026653604	0.00069541939
0.118	1.118	0	0	0	0.89075174	0	0	0	0.89104225	0.88735373	0.00026979904	-8.3666125e-07	3.1217095e-06	-8.2398131e-07	-1.5887773e-10	-7.6207593e-06	2.4819555e-06	-7.489078e-06	2.1956478e-07	-9.000615e-05	2.0293087e-05	0.00026953538	0.00026971887	0.00068030264
0.12	1.12	0	0	0	0.88834634	0	0	0	0.88863364	0.88414418	0.00027300062	-8.5997252e-07	3.1807376e-06	-8.4257064e-07	-1.4964522e-09	-7.6190933e-06	2.5149897e-06	-7.4869498e-06	2.1933017e-07	-9.1072818e-05	2.0835716e-05	0.00027273771	0.00027291925	0.00066518018
0.122	1.122	0	0	0	0.88593047	0	0	0	0.88621457	0.88090967	0.00027622004	-8.8322036e-07	3.239659e-06	-8.6092377e-07	-2.8393949e-09	-7.6161866e-06	2.5475313e-06	-7.483599e-06	2.1905308e-07	-9.2145419e-05	2.1384764e-05	0.00027595795	0.00027613746	0.00065005922
0.124	1.124	0	0	0	0.88350406	0	0	0	0.88378498	0.87765025	0.00027945762	-9.0639953e-07	3.2984702e-06	-8.7903726e-07	-4.1871942e-09	-7.6120819e-06	2.5795799e-06	-7.4790681e-06	2.1873447e-07	-9.3224055e-05	2.1940266e-05	0.00027919641	0.0002793738	0.00063494631
0.126	1.126	0	0	0	0.88106707	0	0	0	0.88134484	0.87436593	0.00028271364	-9.2950485e-07	3.3571678e-06	-8.9690781e-07	-5.5393422e-09	-7.6068195e-06	2.611135e-06	-7.4733971e-06	2.1837521e-07	-9.4308827e-05	2.2502259e-05	0.0002824534	0.00028262858	0.00061984739
0.128	1.128	0	0	0	0.87861944	0	0	0	0.87889408	0.87105674	0.00028598844	-9.5253125e-07	3.4157479e-06	-9.1453223e-07	-6.8953328e-09	-7.600437e-06	2.6421959e-06	-7.4666235e-06	2.1797617e-07	-9.5399839e-05	2.307078e-05	0.00028572921	0.00028590211	0.00060476784
0.13	1.13	0	0	0	0.87616112	0	0	0	0.87643265	0.86772271	0.00028928231	-9.7547372e-07	3.4742067e-06	-9.3190743e-07	-8.2546596e-09	-7.5929698e-06	2.6727621e-06	-7.4587822e-06	2.1753813e-07	-9.6497197e-05	2.3645868e-05	0.00028902417	0.00028919471	0.00058971255
0.132	1.132	0	0	0	0.87369205	0	0	0	0.8739605	0.86436388	0.00029259558	-9.9832735e-07	3.5325404e-06	-9.4903047e-07	-9.616814e-09	-7.5844508e-06	2.7028326e-06	-7.4499059e-06	2.1706187e-07	-9.760101e-05	2.4227559e-05	0.00029233859	0.00029250669	0.00057468596
0.134	1.134	0	0	0	0.87121218	0	0	0	0.87147757	0.86098029	0.00029592859	-1.0210873e-06	3.5907448e-06	-9.658985e-07	-1.0981284e-08	-7.5749108e-06	2.7324067e-06	-7.4400253e-06	2.1654808e-07	-9.8711386e-05	2.4815894e-05	0.00029567282	0.00029583839	0.00055969211
0.136	1.136	0	0	0	0.86872147	0	0	0	0.86898382	0.85757196	0.00029928166	-1.0437489e-06	3.6488158e-06	-9.8250878e-07	-1.234755e-08	-7.5643786e-06	2.7614833e-06	-7.4291689e-06	2.1599747e-07	-9.9828438e-05	2.5410913e-05	0.00029902717	0.00029919015	0.00054473466
0.138	1.138	0	0	0	0.86621984	0	0	0	0.86647919	0.85413895	0.00030265514	-1.0663073e-06	3.7067489e-06	-9.988587e-07	-1.3715085e-08	-7.5528808e-06	2.7900615e-06	-7.4173633e-06	2.1541067e-07	-0.00010095228	2.6012655e-05	0.00030240199	0.00030256229	0.00052981695
0.14	1.14	0	0	0	0.86370726	0	0	0	0.86396362	0.85068129	0.00030604938	-1.0887582e-06	3.7645396e-06	-1.0149457e-06	-1.5083354e-08	-7.5404423e-06	2.81814e-06	-7.404633e-06	2.147883e-07	-0.00010208303	2.6621162e-05	0.00030579762	0.00030595517	0.00051494202
0.142	1.142	0	0	0	0.86118367	0	0	0	0.86143707	0.84719902	0.00030946472	-1.1110969e-06	3.8221833e-06	-1.0307675e-06	-1.6451807e-08	-7.527086e-06	2.8457178e-06	-7.3910009e-06	2.1413094e-07	-0.0001032208	2.7236476e-05	0.00030921443	0.00030936915	0.00050011264
0.144	1.144	0	0	0	0.85864901	0	0	0	0.85889948	0.84369221	0.00031290154	-1.133319e-06	3.879675e-06	-1.0463216e-06	-1.781988e-08	-7.5128332e-06	2.8727934e-06	-7.376488e-06	2.1343917e-07	-0.00010436572	2.7858638e-05	0.00031265277	0.00031280458	0.00048533133
0.146	1.146	0	0	0	0.85610323	0	0	0	0.85635079	0.84016089	0.00031636019	-1.1554204e-06	3.9370098e-06	-1.0616059e-06	-1.9186991e-08	-7.4977032e-06	2.8993654e-06	-7.3611135e-06	2.127135e-07	-0.00010551791	2.8487694e-05	0.00031611301	0.00031626184	0.00047060041
0.148	1.148	0	0	0	0.85354628	0	0	0	0.85379096	0.83660511	0.00031984106	-1.1773967e-06	3.9941823e-06	-1.0766183e-06	-2.0552541e-08	-7.4817136e-06	2.9254322e-06	-7.344895e-06	2.1195446e-07	-0.00010667749	2.9123686e-05	0.00031959552	0.00031974129	0.00045592198
0.15	1.15	0	0	0	0.85097811	0	0	0	0.85121993	0.83302495	0.00032334453	-1.1992439e-06	4.051187e-06	-1.0913568e-06	-2.1915907e-08	-7.4648806e-06	2.9509923e-06	-7.3278484e-06	2.1116252e-07	-0.00010784459	2.9766659e-05	0.00032310069	0.00032324333	0.00044129799
0.152	1.152	0	0	0	0.84839865	0	0	0	0.84863764	0.82942045	0.00032687099	-1.2209579e-06	4.1080183e-06	-1.1058196e-06	-2.3276439e-08	-7.4472182e-06	2.9760437e-06	-7.3099879e-06	2.1033817e-07	-0.00010901935	3.0416659e-05	0.0003266289	0.00032676834	0.00042673023
0.154	1.154	0	0	0	0.84580786	0	0	0	0.84604405	0.82579168	0.00033042083	-1.2425349e-06	4.1646701e-06	-1.1200047e-06	-2.4633461e-08	-7.4287393e-06	3.0005846e-06	-7.2913259e-06	2.0948185e-07	-0.00011020189	3.1073732e-05	0.00033018056	0.00033031672	0.00041222033
0.156	1.156	0	0	0	0.84320568	0	0	0	0.8434391	0.82213869	0.00033399447	-1.2639711e-06	4.2211361e-06	-1.1339105e-06	-2.5986264e-08	-7.4094547e-06	3.0246129e-06	-7.2718734e-06	2.08594e-07	-0.00011139236	3.1737926e-05	0.00033375607	0.00033388888	0.00039776984
0.158	1.158	0	0	0	0.84059207	0	0	0	0.84082274	0.81846157	0.00033759232	-1.2852628e-06	4.2774096e-06	-1.1475355e-06	-2.7334103e-08	-7.3893736e-06	3.0481263e-06	-7.2516395e-06	2.0767504e-07	-0.00011259089	3.2409288e-05	0.00033735585	0.00033748523	0.00038338018
0.16	1.16	0	0	0	0.83796696	0	0	0	0.83819491	0.81476038	0.00034121481	-1.3064064e-06	4.3334838e-06	-1.160878e-06	-2.8676192e-08	-7.3685037e-06	3.0711223e-06	-7.2306317e-06	2.0672537e-07	-0.00011379762	3.3087867e-05	0.00034098031	0.0003411062	0.00036905267
0.162	1.162	0	0	0	0.83533031	0	0	0	0.83555556	0.81103519	0.00034486236	-1.3273987e-06	4.3893513e-06	-1.1739368e-06	-3.0011701e-08	-7.3468505e-06	3.0935983e-06	-7.2088556e-06	2.0574538e-07	-0.0001150127	3.3773713e-05	0.0003446299	0.00034475221	0.00035478858
0.164	1.164	0	0	0	0.83268206	0	0	0	0.83290464	0.80728608	0.00034853541	-1.3482362e-06	4.4450042e-06	-1.1867105e-06	-3.133975e-08	-7.3244181e-06	3.1155514e-06	-7.1863151e-06	2.0473547e-07	-0.00011623627	3.4466876e-05	0.00034830504	0.00034842371	0.00034058908
0.166	1.166	0	0	0	0.83002216	0	0	0	0.83024209	0.80351314	0.00035223442	-1.3689159e-06	4.5004344e-06	-1.199198e-06	-3.2659406e-08	-7.3012086e-06	3.1369786e-06	-7.1630124e-06	2.0369601e-07	-0.00011746849	3.5167408e-05	0.00035200618	0.00035212113	0.00032645533
0.168	1.168	0	0	0	0.82735056	0	0	0	0.82756787	0.79971645	0.00035595984	-1.3894349e-06	4.555633e-06	-1.2113981e-06	-3.3969671e-08	-7.2772221e-06	3.1578764e-06	-7.1389475e-06	2.0262736e-07	-0.0001187095	3.587536e-05	0.00035573379	0.00035584495	0.00031238841
0.17	1.17	0	0	0	0.8246672	0	0	0	0.82488192	0.79589609	0.00035971214	-1.4097902e-06	4.6105908e-06	-1.2233098e-06	-3.5269481e-08	-7.2524567e-06	3.1782412e-06	-7.1141185e-06	2.0152989e-07	-0.00011995947	3.6590787e-05	0.00035948833	0.00035959562	0.00029838939
0.172	1.172	0	0	0	0.82197205	0	0	0	0.82218419	0.79205216	0.0003634918	-1.4299795e-06	4.6652977e-06	-1.2349323e-06	-3.6557695e-08	-7.2269083e-06	3.1980689e-06	-7.0885213e-06	2.0040395e-07	-0.00012121855	3.7313743e-05	0.00036327026	0.00036337363	0.0002844593
0.174	1.174	0	0	0	0.81926503	0	0	0	0.81947463	0.78818475	0.0003672993	-1.4500002e-06	4.7197432e-06	-1.2462648e-06	-3.7833088e-08	-7.2005706e-06	3.2173551e-06	-7.0621497e-06	1.9924991e-07	-0.00012248691	3.8044282e-05	0.00036708009	0.00036717945	0.00027059917
0.176	1.176	0	0	0	0.81654612	0	0	0	0.81675318	0.78429397	0.00037113514	-1.4698501e-06	4.7739157e-06	-1.2573066e-06	-3.9094341e-08	-7.1734348e-06	3.2360952e-06	-7.0349948e-06	1.9806811e-07	-0.0001237647	3.8782461e-05	0.00037091829	0.00037101357	0.00025681002
0.178	1.178	0	0	0	0.81381524	0	0	0	0.8140198	0.7803799	0.00037499981	-1.4895275e-06	4.8278029e-06	-1.2680571e-06	-4.0340031e-08	-7.1454896e-06	3.2542837e-06	-7.0070454e-06	1.9685892e-07	-0.00012505211	3.9528336e-05	0.00037478538	0.00037487651	0.00024309288
0.18	1.18	0	0	0	0.81107236	0	0	0	0.81127442	0.77644267	0.00037889384	-1.5090304e-06	4.8813917e-06	-1.2785159e-06	-4.1568615e-08	-7.1167209e-06	3.2719151e-06	-6.9782874e-06	1.9562269e-07	-0.0001263493	4.0281967e-05	0.00037868186	0.00037876877	0.00022944877
0.182	1.182	0	0	0	0.80831743	0	0	0	0.80851701	0.77248237	0.00038281775	-1.5283577e-06	4.9346676e-06	-1.2886827e-06	-4.2778423e-08	-7.0871112e-06	3.2889829e-06	-6.9487035e-06	1.9435981e-07	-0.00012765644	4.1043411e-05	0.00038260825	0.00038269087	0.00021587874
0.184	1.184	0	0	0	0.80555038	0	0	0	0.80574751	0.76849913	0.00038677207	-1.5475081e-06	4.9876151e-06	-1.2985571e-06	-4.3967638e-08	-7.0566403e-06	3.3054803e-06	-6.9182733e-06	1.9307064e-07	-0.00012897372	4.181273e-05	0.00038656509	0.00038664334	0.00020238386
0.186	1.186	0	0	0	0.80277119	0	0	0	0.80296586	0.76449306	0.00039075733	-1.5664811e-06	5.0402173e-06	-1.3081391e-06	-4.5134277e-08	-7.0252837e-06	3.3213996e-06	-6.8869727e-06	1.9175559e-07	-0.00013030132	4.2589985e-05	0.00039055291	0.00039062672	0.00018896521
0.188	1.188	0	0	0	0.79997979	0	0	0	0.80017201	0.76046428	0.00039477411	-1.5852761e-06	5.0924559e-06	-1.3174287e-06	-4.6276176e-08	-6.9930135e-06	3.3367324e-06	-6.8547737e-06	1.9041507e-07	-0.00013163942	4.3375237e-05	0.00039457226	0.00039464157	0.00017562392
0.19	1.19	0	0	0	0.79717615	0	0	0	0.79736592	0.7564129	0.00039882294	-1.6038933e-06	5.1443108e-06	-1.3264261e-06	-4.7390963e-08	-6.9597969e-06	3.3514693e-06	-6.8216438e-06	1.8904951e-07	-0.0001329882	4.4168551e-05	0.0003986237	0.00039868843	0.00016236111
0.192	1.192	0	0	0	0.7943602	0	0	0	0.79454754	0.75233907	0.00040290441	-1.6223332e-06	5.1957601e-06	-1.3351314e-06	-4.8476034e-08	-6.9255966e-06	3.3656002e-06	-6.7875458e-06	1.8765938e-07	-0.00013434787	4.4969991e-05	0.00040270779	0.00040276787	0.00014917797
0.194	1.194	0	0	0	0.79153191	0	0	0	0.7917168	0.74824292	0.0004070191	-1.640597e-06	5.2467797e-06	-1.3435452e-06	-4.9528522e-08	-6.8903697e-06	3.3791136e-06	-6.7524368e-06	1.8624517e-07	-0.0001357186	4.5779622e-05	0.00040682511	0.00040688047	0.00013607567
0.196	1.196	0	0	0	0.78869122	0	0	0	0.78887365	0.74412456	0.00041116757	-1.6586862e-06	5.2973431e-06	-1.3516679e-06	-5.0545262e-08	-6.854067e-06	3.3919968e-06	-6.7162682e-06	1.8480742e-07	-0.00013710061	4.6597513e-05	0.00041097623	0.00041102681	0.00012305543
0.198	1.198	0	0	0	0.78583809	0	0	0	0.78601805	0.73998414	0.00041535044	-1.6766032e-06	5.3474211e-06	-1.3595003e-06	-5.1522753e-08	-6.8166328e-06	3.4042358e-06	-6.6789843e-06	1.8334672e-07	-0.00013849409	4.742373e-05	0.00041516175	0.00041520747	0.00011011845
0.2	1.2	0	0	0	0.78297247	0	0	0	0.78314993	0.7358218	0.0004195683	-1.6943511e-06	5.3969814e-06	-1.3670432e-06	-5.2457112e-08	-6.7780036e-06	3.415815e-06	-6.6405219e-06	1.8186371e-07	-0.00013989924	4.8258343e-05	0.00041938225	0.00041942305	9.7265942e-05
0.202	1.202	0	0	0	0.78009431	0	0	0	0.78026924	0.73163767	0.00042382175	-1.7119337e-06	5.4459885e-06	-1.3742977e-06	-5.3344018e-08	-6.7381071e-06	3.4267168e-06	-6.6008091e-06	1.8035911e-07	-0.00014131626	4.9101422e-05	0.00042363834	0.00042367414	8.4499067e-05
0.204	1.204	0	0	0	0.77720355	0	0	0	0.77737591	0.7274319	0.00042811141	-1.729356e-06	5.4944024e-06	-1.3812651e-06	-5.4178655e-08	-6.6968614e-06	3.4369217e-06	-6.5597643e-06	1.7883374e-07	-0.00014274536	4.9953039e-05	0.00042793061	0.00042796135	7.1818937e-05
0.206	1.206	0	0	0	0.77430015	0	0	0	0.7744699	0.72320463	0.00043243789	-1.746624e-06	5.5421792e-06	-1.3879466e-06	-5.4955635e-08	-6.6541732e-06	3.4464079e-06	-6.5172947e-06	1.772885e-07	-0.00014418674	5.0813267e-05	0.00043225968	0.00043228528	5.9226571e-05
0.208	1.208	0	0	0	0.77138406	0	0	0	0.77155113	0.71895599	0.0004368018	-1.7637448e-06	5.5892693e-06	-1.3943439e-06	-5.5668919e-08	-6.6099368e-06	3.455151e-06	-6.4732949e-06	1.7572442e-07	-0.00014564062	5.168218e-05	0.00043662613	0.00043664654	4.6722846e-05
0.21	1.21	0	0	0	0.76845521	0	0	0	0.76861953	0.71468612	0.00044120376	-1.7807271e-06	5.6356178e-06	-1.400459e-06	-5.6311715e-08	-6.5640315e-06	3.4631235e-06	-6.427645e-06	1.7414269e-07	-0.0001471072	5.2559853e-05	0.00044103058	0.00044104571	3.4308442e-05
0.212	1.212	0	0	0	0.76551355	0	0	0	0.76567503	0.71039515	0.00044564436	-1.7975811e-06	5.6811628e-06	-1.4062939e-06	-5.6876369e-08	-6.5163205e-06	3.4702945e-06	-6.3802086e-06	1.7254469e-07	-0.00014858668	5.3446363e-05	0.00044547361	0.0004454834	2.198377e-05
0.214	1.214	0	0	0	0.76255901	0	0	0	0.76271755	0.70608321	0.00045012422	-1.814319e-06	5.7258346e-06	-1.411851e-06	-5.7354226e-08	-6.4666476e-06	3.4766293e-06	-6.3308303e-06	1.70932e-07	-0.00015007926	5.4341787e-05	0.00044995581	0.00044996019	9.7488892e-06
0.216	1.216	0	0	0	0.75959153	0	0	0	0.759747	0.70175042	0.00045464391	-1.8309552e-06	5.7695552e-06	-1.417133e-06	-5.7735478e-08	-6.4148349e-06	3.4820886e-06	-6.279333e-06	1.6930648e-07	-0.00015158516	5.5246204e-05	0.00045447774	0.00045447665	-2.3965948e-06
0.218	1.218	0	0	0	0.75661102	0	0	0	0.75676329	0.69739689	0.00045920401	-1.8475064e-06	5.8122361e-06	-1.4221428e-06	-5.8008977e-08	-6.3606793e-06	3.4866283e-06	-6.2255144e-06	1.6767031e-07	-0.00015310456	5.6159694e-05	0.00045903995	0.00045903331	-1.4453642e-05
0.22	1.22	0	0	0	0.7536174	0	0	0	0.7537663	0.6930227	0.00046380505	-1.8639922e-06	5.8537777e-06	-1.4268839e-06	-5.8162025e-08	-6.3039489e-06	3.4901983e-06	-6.1691438e-06	1.6602609e-07	-0.00015463764	5.7082337e-05	0.00046364295	0.0004636307	-2.6423896e-05
0.222	1.222	0	0	0	0.75061057	0	0	0	0.7507559	0.68862793	0.00046844754	-1.8804359e-06	5.8940668e-06	-1.4313599e-06	-5.8180124e-08	-6.2443788e-06	3.4927422e-06	-6.1099572e-06	1.6437688e-07	-0.00015618458	5.8014216e-05	0.00046828723	0.00046826929	-3.8309801e-05
0.224	1.224	0	0	0	0.74759041	0	0	0	0.74773196	0.68421263	0.00047313195	-1.8968641e-06	5.9329757e-06	-1.435575e-06	-5.8046685e-08	-6.1816659e-06	3.4941962e-06	-6.0476531e-06	1.6272637e-07	-0.00015774554	5.8955414e-05	0.0004729732	0.0004729495	-5.0114687e-05
0.226	1.226	0	0	0	0.74455679	0	0	0	0.7446943	0.67977679	0.00047785866	-1.9133084e-06	5.9703593e-06	-1.4395339e-06	-5.7742704e-08	-6.1154643e-06	3.4944881e-06	-5.9818868e-06	1.6107895e-07	-0.00015932067	5.9906014e-05	0.00047770123	0.00047767169	-6.1842781e-05
0.228	1.228	0	0	0	0.74150956	0	0	0	0.74164273	0.6753204	0.00048262801	-1.9298051e-06	6.0060535e-06	-1.4432416e-06	-5.724638e-08	-6.0453789e-06	3.4935367e-06	-5.912265e-06	1.5943997e-07	-0.00016091007	6.0866101e-05	0.00048247159	0.00048243613	-7.3499081e-05
0.23	1.23	0	0	0	0.73844851	0	0	0	0.73857702	0.67084335	0.00048744021	-1.9463965e-06	6.0398725e-06	-1.4467037e-06	-5.6532701e-08	-5.9709598e-06	3.4912507e-06	-5.8383399e-06	1.5781585e-07	-0.00016251383	6.1835759e-05	0.00048728445	0.00048724299	-8.5088957e-05
0.232	1.232	0	0	0	0.73537343	0	0	0	0.73549688	0.66634551	0.00049229536	-1.9631318e-06	6.071607e-06	-1.4499264e-06	-5.5572995e-08	-5.8916967e-06	3.4875276e-06	-5.759603e-06	1.562144e-07	-0.000164132	6.2815073e-05	0.00049213985	0.00049209231	-9.6617306e-05
0.234	1.234	0	0	0	0.73228401	0	0	0	0.73240198	0.66182661	0.00049719341	-1.9800675e-06	6.1010219e-06	-1.4529161e-06	-5.433446e-08	-5.8070141e-06	3.4822538e-06	-5.6754813e-06	1.5464515e-07	-0.00016576457	6.3804128e-05	0.00049703765	0.00049698393	-0.00010808694
0.236	1.236	0	0	0	0.72917993	0	0	0	0.72929194	0.65728632	0.0005021341	-1.9972682e-06	6.1278556e-06	-1.45568e-06	-5.277973e-08	-5.7162685e-06	3.4753043e-06	-5.5853338e-06	1.5311965e-07	-0.00016741148	6.4803009e-05	0.00050197751	0.00050191753	-0.0001194958
0.238	1.238	0	0	0	0.72606076	0	0	0	0.72616626	0.65272414	0.00050711693	-2.0148076e-06	6.1518195e-06	-1.4582253e-06	-5.0866509e-08	-5.6187499e-06	3.4665432e-06	-5.4884531e-06	1.5165196e-07	-0.00016907257	6.5811798e-05	0.00050695884	0.00050689252	-0.00013083232
0.24	1.24	0	0	0	0.72292598	0	0	0	0.72302437	0.64813944	0.00051214113	-2.0327684e-06	6.172601e-06	-1.4605595e-06	-4.8547403e-08	-5.5136892e-06	3.4558265e-06	-5.3840734e-06	1.5025913e-07	-0.00017074762	6.6830579e-05	0.00051198074	0.00051190801	-0.00014206822
0.242	1.242	0	0	0	0.71977496	0	0	0	0.71986559	0.6435314	0.00051720558	-2.0512417e-06	6.1898688e-06	-1.4626896e-06	-4.5770079e-08	-5.4002767e-06	3.4430059e-06	-5.2713876e-06	1.4896168e-07	-0.00017243626	6.785943e-05	0.00051704196	0.00051696279	-0.00015314776
0.244	1.244	0	0	0	0.71660694	0	0	0	0.7166891	0.63889898	0.00052230878	-2.0703263e-06	6.2032832e-06	-1.4646218e-06	-4.247795e-08	-5.2776932e-06	3.4279356e-06	-5.1495794e-06	1.4778411e-07	-0.00017413803	6.889843e-05	0.00052214085	0.00052205524	-0.00016397274
0.246	1.246	0	0	0	0.71342101	0	0	0	0.71349396	0.6342409	0.00052744878	-2.0901251e-06	6.2125135e-06	-1.4663609e-06	-3.8611647e-08	-5.1451628e-06	3.4104825e-06	-5.0178751e-06	1.4675524e-07	-0.00017585231	6.9947651e-05	0.00052727529	0.00052718336	-0.00017438331
0.248	1.248	0	0	0	0.7102161	0	0	0	0.71027908	0.62955565	0.00053262322	-2.1107405e-06	6.2172621e-06	-1.467909e-06	-3.4111521e-08	-5.0020264e-06	3.3905408e-06	-4.8756173e-06	1.4590828e-07	-0.00017757834	7.1007163e-05	0.00053244275	0.00053234473	-0.00018413603
0.25	1.25	0	0	0	0.70699099	0	0	0	0.70704324	0.6248415	0.00053782933	-2.132268e-06	6.2172977e-06	-1.4692643e-06	-2.8921392e-08	-4.8478414e-06	3.3680495e-06	-4.7223637e-06	1.4528051e-07	-0.00017931523	7.207703e-05	0.00053764026	0.00053753658	-0.00019288395
0.252	1.252	0	0	0	0.70374433	0	0	0	0.70378512	0.62009655	0.00054306401	-2.154786e-06	6.2124935e-06	-1.4704202e-06	-2.2993506e-08	-4.6824977e-06	3.343013e-06	-4.5580026e-06	1.4491226e-07	-0.00018106198	7.315731e-05	0.00054286455	0.0005427559	-0.00020016621
0.254	1.254	0	0	0	0.70047467	0	0	0	0.70050337	0.61531882	0.00054832406	-2.178346e-06	6.2028682e-06	-1.4713635e-06	-1.6294377e-08	-4.5063377e-06	3.3155214e-06	-4.3828728e-06	1.4484514e-07	-0.00018281754	7.4248054e-05	0.00054811222	0.00054799965	-0.00020541796
0.256	1.256	0	0	0	0.69718057	0	0	0	0.69719668	0.6105064	0.00055360635	-2.2029618e-06	6.1886201e-06	-1.4720746e-06	-8.8106425e-09	-4.3202527e-06	3.2857653e-06	-4.1978588e-06	1.451195e-07	-0.00018458089	7.5349308e-05	0.00055338004	0.00055326496	-0.0002080094
0.258	1.258	0	0	0	0.69386069	0	0	0	0.69386385	0.60565763	0.00055890819	-2.2286013e-06	6.1701453e-06	-1.4725264e-06	-5.53738e-10	-4.1257245e-06	3.2540408e-06	-4.0044327e-06	1.4577135e-07	-0.00018635114	7.6461114e-05	0.00055866521	0.00055854942	-0.00020731531
0.26	1.26	0	0	0	0.69051387	0	0	0	0.69050395	0.60077122	0.00056422759	-2.2551837e-06	6.1480322e-06	-1.4726866e-06	8.4379627e-09	-3.9247861e-06	3.2207408e-06	-3.8046149e-06	1.4682934e-07	-0.00018812762	7.7583506e-05	0.00056396573	0.00056385138	-0.00020280369
0.262	1.262	0	0	0	0.68713923	0	0	0	0.6871163	0.59584644	0.00056956354	-2.2825821e-06	6.1230277e-06	-1.4725188e-06	1.8100405e-08	-3.7198936e-06	3.1863313e-06	-3.6008466e-06	1.4831224e-07	-0.00018990998	7.8716519e-05	0.00056928061	0.00056917013	-0.00019411992
0.264	1.264	0	0	0	0.68373625	0	0	0	0.68370061	0.59088321	0.00057491612	-2.3106337e-06	6.0959822e-06	-1.4719858e-06	2.8348529e-08	-3.5137279e-06	3.1513169e-06	-3.3957924e-06	1.5022773e-07	-0.00019169823	7.9860186e-05	0.00057461007	0.000574506	-0.00018114083
0.266	1.266	0	0	0	0.68030476	0	0	0	0.6802569	0.58588202	0.00058028655	-2.3391531e-06	6.0677831e-06	-1.4710523e-06	3.90834e-08	-3.3089678e-06	3.1162032e-06	-3.1921141e-06	1.5257251e-07	-0.00019349273	8.1014543e-05	0.00057995545	0.00057986036	-0.00016398344
0.268	1.268	0	0	0	0.67684492	0	0	0	0.6767855	0.58084395	0.000585677	-2.3679478e-06	6.0392905e-06	-1.4696875e-06	5.020025e-08	-3.108081e-06	3.0814615e-06	-2.9922629e-06	1.5533372e-07	-0.00019529418	8.2179628e-05	0.00058531914	0.00058523547	-0.00014297011
0.27	1.27	0	0	0	0.67335714	0	0	0	0.67328697	0.5757705	0.00059109044	-2.3968318e-06	6.0112866e-06	-1.4678668e-06	6.159587e-08	-2.91317e-06	3.0475039e-06	-2.7983267e-06	1.5849113e-07	-0.00019710351	8.3355485e-05	0.00059070431	0.00059063428	-0.00011856651
0.272	1.272	0	0	0	0.66984207	0	0	0	0.66976204	0.57066346	0.00059653038	-2.4256356e-06	5.9844441e-06	-1.4655727e-06	7.3174321e-08	-2.7258896e-06	3.014669e-06	-2.6119472e-06	1.6201966e-07	-0.00019892186	8.4542165e-05	0.00059611469	0.00059606026	-9.1312687e-05
0.274	1.274	0	0	0	0.66630044	0	0	0	0.66621152	0.56552481	0.00060200063	-2.4542131e-06	5.9593124e-06	-1.4627945e-06	8.4850549e-08	-2.5474295e-06	2.9832184e-06	-2.4343033e-06	1.6589169e-07	-0.00020075046	8.5739726e-05	0.0006015543	0.00060151715	-6.1763148e-05
0.276	1.276	0	0	0	0.66273304	0	0	0	0.66263625	0.5603566	0.00060750514	-2.4824431e-06	5.9363189e-06	-1.4595282e-06	9.6552064e-08	-2.3785464e-06	2.9533407e-06	-2.2661431e-06	1.7007897e-07	-0.00020259059	8.6948234e-05	0.00060702726	0.00060700878	-3.0443935e-05
0.278	1.278	0	0	0	0.6591407	0	0	0	0.65903705	0.55516083	0.00061304783	-2.5102297e-06	5.9157796e-06	-1.4557748e-06	1.0821911e-07	-2.2196261e-06	2.9251602e-06	-2.1078458e-06	1.7455403e-07	-0.00020444353	8.8167761e-05	0.00061253766	0.00061253899	2.1727823e-06
0.28	1.28	0	0	0	0.65552419	0	0	0	0.65541473	0.54993947	0.00061863251	-2.5374999e-06	5.8979151e-06	-1.4515403e-06	1.1980386e-07	-2.0707553e-06	2.898748e-06	-1.9594936e-06	1.7929097e-07	-0.00020631054	8.939839e-05	0.00061808945	0.0006181115	3.567978e-05
0.282	1.282	0	0	0	0.65188425	0	0	0	0.65177	0.54469436	0.00062426284	-2.5642006e-06	5.8828671e-06	-1.4468334e-06	1.3126904e-07	-1.9317948e-06	2.8741324e-06	-1.8209441e-06	1.8426605e-07	-0.00020819279	9.0640207e-05	0.00062368639	0.00062372988	6.9736041e-05
0.284	1.284	0	0	0	0.64822156	0	0	0	0.64810355	0.53942727	0.00062994227	-2.5902953e-06	5.870715e-06	-1.4416657e-06	1.4258644e-07	-1.8024433e-06	2.8513092e-06	-1.6918942e-06	1.8945779e-07	-0.00021009144	9.1893309e-05	0.00062933204	0.00062939753	0.00010406226
0.286	1.286	0	0	0	0.64453674	0	0	0	0.64441598	0.53413981	0.00063567408	-2.615761e-06	5.8614905e-06	-1.4360504e-06	1.5373526e-07	-1.6822906e-06	2.8302499e-06	-1.5719331e-06	1.9484703e-07	-0.00021200755	9.3157797e-05	0.00063502975	0.00063511767	0.00013843356
0.288	1.288	0	0	0	0.64083036	0	0	0	0.64070784	0.52883353	0.00064146135	-2.6405851e-06	5.8551892e-06	-1.4300015e-06	1.6470081e-07	-1.5708604e-06	2.8109089e-06	-1.4605846e-06	2.0041676e-07	-0.00021394216	9.443378e-05	0.00064078267	0.00064089333	0.00017267142
0.29	1.29	0	0	0	0.63710292	0	0	0	0.63697962	0.52350983	0.00064730702	-2.6647633e-06	5.8517807e-06	-1.4235339e-06	1.754732e-07	-1.4676416e-06	2.7932287e-06	-1.3573384e-06	2.0615198e-07	-0.00021589621	9.5721371e-05	0.00064659378	0.00064672742	0.00020663574
0.292	1.292	0	0	0	0.63335488	0	0	0	0.63323178	0.51817008	0.00065321385	-2.6882976e-06	5.851216e-06	-1.4166626e-06	1.8604632e-07	-1.3721118e-06	2.777144e-06	-1.2616736e-06	2.1203944e-07	-0.00021787065	9.7020689e-05	0.0006524659	0.00065262267	0.00024021779
0.294	1.294	0	0	0	0.62958666	0	0	0	0.6294647	0.51281554	0.00065918452	-2.7111946e-06	5.8534338e-06	-1.4094025e-06	1.9641699e-07	-1.2837538e-06	2.7625853e-06	-1.1730745e-06	2.1806752e-07	-0.00021986633	9.8331861e-05	0.00065840171	0.00065858172	0.00027333407
0.296	1.296	0	0	0	0.62579864	0	0	0	0.62567878	0.50744741	0.00066522157	-2.7334642e-06	5.8583645e-06	-1.4017685e-06	2.065843e-07	-1.2020661e-06	2.7494807e-06	-1.0910416e-06	2.2422594e-07	-0.00022188413	9.9655016e-05	0.00066440381	0.00066460712	0.00030592115
0.298	1.298	0	0	0	0.62199118	0	0	0	0.62187434	0.50206686	0.00067132748	-2.7551187e-06	5.8659338e-06	-1.3937751e-06	2.1654899e-07	-1.1265702e-06	2.7377577e-06	-1.0150985e-06	2.3050565e-07	-0.00022392484	0.00010099029	0.00067047467	0.00067070132	0.00033793143
0.3	1.3	0	0	0	0.61816461	0	0	0	0.61805172	0.49667501	0.00067750465	-2.7761722e-06	5.876065e-06	-1.3854365e-06	2.2631307e-07	-1.0568146e-06	2.7273446e-06	-9.4479608e-07	2.3689866e-07	-0.00022598929	0.00010233782	inf	inf	inf
