lambda	F11	F12	F13	F21	F22	F23	F31	F32	F33	J	P11	P12	P13	P21	P22	P23	P31	P32	P33	p	StrEn	t(1)	t(2)	d
0	1	0	0	0	1	0	0	0	1	1	0	0	0	0	0	0	0	0	0	-0	0	inf	inf	inf
0.002	1.002	0	0	0	0.99943546	0	0	0	0.99944148	1.000875	2.0541706e-05	-2.2121933e-07	-3.853776e-07	-2.1542316e-07	-5.8127992e-09	-3.3206311e-08	-3.8409496e-07	-3.9843889e-08	-1.1837251e-08	-6.8413519e-06	2.0510432e-08	2.0546666e-05	2.0577944e-05	0.00151997
0.004	1.004	0	0	0	0.9988668	0	0	0	0.99888044	1.0017395	4.1272067e-05	-4.364744e-07	-7.5872393e-07	-4.2632704e-07	-1.1620931e-08	-6.2340814e-08	-7.5491806e-07	-8.0745577e-08	-2.3858324e-08	-1.3745529e-05	8.2311775e-08	4.1282092e-05	4.1306178e-05	0.00058311211
0.006	1.006	0	0	0	0.99829415	0	0	0	0.99831666	1.0025934	6.2149494e-05	-6.4555366e-07	-1.1212796e-06	-6.3168196e-07	-1.7416724e-08	-8.7925318e-08	-1.1131141e-06	-1.2367961e-07	-3.6073451e-08	-2.0698668e-05	1.8573514e-07	6.2164694e-05	6.2184149e-05	0.00031286726
0.008	1.008	0	0	0	0.99771745	0	0	0	0.9977499	1.0034363	8.3149364e-05	-8.4835335e-07	-1.4739893e-06	-8.3093843e-07	-2.3197832e-08	-1.1021568e-07	-1.4594338e-06	-1.6935686e-07	-4.850117e-08	-2.7692555e-05	3.3104837e-07	8.3169863e-05	8.3185947e-05	0.00019335281
0.01	1.01	0	0	0	0.99713653	0	0	0	0.99717979	1.0042676	0.00010425455	-1.0448247e-06	-1.8176455e-06	-1.0237868e-06	-2.8958546e-08	-1.2925153e-07	-1.7946574e-06	-2.1831775e-07	-6.1166126e-08	-3.4721475e-05	5.1847893e-07	0.00010428049	0.00010429392	0.00012882674
0.012	1.012	0	0	0	0.99655104	0	0	0	0.99660589	1.0050867	0.00012545113	-1.2349763e-06	-2.1529466e-06	-1.2100723e-06	-3.4685593e-08	-1.4498585e-07	-2.1195554e-06	-2.7108641e-07	-7.409639e-08	-4.1780782e-05	7.4822407e-07	0.00012548267	0.00012549394	8.9813247e-05
0.014	1.014	0	0	0	0.99596044	0	0	0	0.99602759	1.0058921	0.00014672606	-1.4188999e-06	-2.4805394e-06	-1.3897757e-06	-4.0356075e-08	-1.5741202e-07	-2.434885e-06	-3.283183e-07	-8.7322415e-08	-4.8866126e-05	1.0204547e-06	0.0001467634	0.00014677287	6.4564861e-05
0.016	1.016	0	0	0	0.99536389	0	0	0	0.9954441	1.0066824	0.00016806558	-1.5967794e-06	-2.8010491e-06	-1.5629971e-06	-4.593636e-08	-1.6665978e-07	-2.7413992e-06	-3.9091744e-07	-1.0087818e-07	-5.5972921e-05	1.3353156e-06	0.00016810895	0.00016811694	4.7560244e-05
0.018	1.018	0	0	0	0.99476024	0	0	0	0.99485436	1.0074551	0.00018945388	-1.7688702e-06	-3.1150819e-06	-1.7299202e-06	-5.1381128e-08	-1.7305588e-07	-3.0398395e-06	-4.6012116e-07	-1.1480433e-07	-6.3095899e-05	1.6929225e-06	0.00018950357	0.00018951038	3.5893051e-05
0.02	1.02	0	0	0	0.9941479	0	0	0	0.99425692	1.0082072	0.00021087187	-1.9354606e-06	-3.4232035e-06	-1.8907643e-06	-5.6631901e-08	-1.771752e-07	-3.3309113e-06	-5.3757723e-07	-1.291525e-07	-7.0228696e-05	2.0933571e-06	0.00021092825	0.00021093415	2.7957255e-05
0.022	1.022	0	0	0	0.99352482	0	0	0	0.99364988	1.0089346	0.0002322962	-2.0968344e-06	-3.7259113e-06	-2.0457427e-06	-6.1615392e-08	-1.7992432e-07	-3.6152578e-06	-6.2545218e-07	-1.4399057e-07	-7.7363531e-05	2.5366591e-06	0.00023235974	0.00023236507	2.2952394e-05
0.024	1.024	0	0	0	0.99288857	0	0	0	0.99303073	1.0096321	0.00025369905	-2.2532509e-06	-4.0236185e-06	-2.1950432e-06	-6.6243154e-08	-1.8269385e-07	-3.893448e-06	-7.266003e-07	-1.5940885e-07	-8.4491133e-05	3.0228173e-06	0.00025377034	0.00025377556	2.0564071e-05
0.026	1.026	0	0	0	0.99223658	0	0	0	0.99239636	1.010294	0.00027504916	-2.4049419e-06	-4.3166535e-06	-2.3388282e-06	-7.0412618e-08	-1.8760848e-07	-4.1659819e-06	-8.4481604e-07	-1.7552569e-07	-9.1601075e-05	3.5517613e-06	0.00027512894	0.00027513451	2.0258505e-05
0.028	1.028	0	0	0	0.99156627	0	0	0	0.9917432	1.0109137	0.0002963133	-2.5521112e-06	-4.6052703e-06	-2.4772366e-06	-7.4004488e-08	-1.9792726e-07	-4.4333054e-06	-9.8522229e-07	-1.9248805e-07	-9.8682271e-05	4.1233554e-06	0.00029640246	0.00029640838	1.9982824e-05
0.03	1.03	0	0	0	0.99087486	0	0	0	0.99106725	1.0114843	0.0003174554	-2.6949062e-06	-4.8896404e-06	-2.6103445e-06	-7.6865852e-08	-2.1873539e-07	-4.6958046e-06	-1.1549316e-06	-2.104606e-07	-0.00010572269	4.7373948e-06	0.00031755504	0.00031755977	1.4891324e-05
0.032	1.032	0	0	0	0.99015834	0	0	0	0.99036366	1.0119966	0.00033842893	-2.8333298e-06	-5.1697706e-06	-2.7380479e-06	-7.8768435e-08	-2.5823203e-07	-4.9537218e-06	-1.3642285e-06	-2.2959875e-07	-0.00011270685	5.3935945e-06	0.00033854057	0.00033853933	-3.6636263e-06
0.034	1.034	0	0	0	0.98940959	0	0	0	0.98962495	1.0124353	0.00035915815	-2.9670492e-06	-5.4452708e-06	-2.8598207e-06	-7.9334304e-08	-3.3013191e-07	-5.2069178e-06	-1.6286158e-06	-2.4999977e-07	-0.0001196096	6.0915521e-06	0.00035928415	0.00035926591	-5.0767703e-05
0.036	1.036	0	0	0	0.98861484	0	0	0	0.98883748	1.0127723	0.00037950129	-3.0950187e-06	-5.714859e-06	-2.9742684e-06	-7.7921321e-08	-4.5781007e-07	-5.4543607e-06	-1.9719496e-06	-2.7160848e-07	-0.00012638392	6.8306581e-06	0.00037964573	0.00037958732	-0.00015388405
0.038	1.038	0	0	0	0.9877472	0	0	0	0.98797474	1.0129523	0.00039918266	-3.2147785e-06	-5.9754276e-06	-3.078367e-06	-7.3490098e-08	-6.7964949e-07	-5.6931368e-06	-2.4292931e-06	-2.9401644e-07	-0.00013293838	7.6099014e-06	0.00039935264	0.00039921279	-0.00035031338
0.04	1.04	0	0	0	0.98675832	0	0	0	0.986989	1.0128764	0.000417705	-3.3216165e-06	-6.2208505e-06	-3.16673e-06	-6.4675608e-08	-1.047431e-06	-5.9170834e-06	-3.0406092e-06	-3.1611772e-07	-0.00013910807	8.4275093e-06	0.00041791042	0.00041765211	-0.00061846469
0.042	1.042	0	0	0	0.98558491	0	0	0	0.98581791	1.0124148	0.0004344174	-3.409516e-06	-6.4429662e-06	-3.2331851e-06	-5.0703009e-08	-1.5932293e-06	-6.1174881e-06	-3.8151009e-06	-3.3602664e-07	-0.00014467689	9.2805099e-06	0.00043466475	0.0004343334	-0.00076289941
0.044	1.044	0	0	0	0.98419569	0	0	0	0.98443124	1.0115034	0.00044899954	-3.4761745e-06	-6.6381479e-06	-3.2765621e-06	-3.2828214e-08	-2.2745371e-06	-6.289766e-06	-4.6886109e-06	-3.5222592e-07	-0.00014953816	1.0164843e-05	0.00044928413	0.00044899124	-0.00065234924
0.046	1.046	0	0	0	0.9826231	0	0	0	0.98286201	1.0102089	0.00046178935	-3.525612e-06	-6.8114168e-06	-3.3025884e-06	-1.3605384e-08	-2.9991001e-06	-6.4383104e-06	-5.5654827e-06	-3.6483867e-07	-0.00015380364	1.1076475e-05	0.00046209822	0.00046188858	-0.00045387164
0.048	1.048	0	0	0	0.98092375	0	0	0	0.98116693	1.0086475	0.00047337385	-3.5635567e-06	-6.9706641e-06	-3.3180269e-06	5.1592623e-09	-3.7010798e-06	-6.5709649e-06	-6.3893587e-06	-3.7493338e-07	-0.00015766803	1.2012397e-05	0.00047369483	0.0004735511	-0.00030351212
0.05	1.05	0	0	0	0.97914136	0	0	0	0.97938972	1.006909	0.00048420707	-3.5939584e-06	-7.1215755e-06	-3.3271432e-06	2.2759063e-08	-4.3549732e-06	-6.693613e-06	-7.1448762e-06	-3.8347383e-07	-0.00016128212	1.2970679e-05	0.00048453253	0.00048443068	-0.0002102513
0.052	1.052	0	0	0	0.97730283	0	0	0	0.97755715	1.0050486	0.00049456856	-3.6189505e-06	-7.2671349e-06	-3.3320695e-06	3.9056132e-08	-4.9560952e-06	-6.8094635e-06	-7.8344075e-06	-3.9107925e-07	-0.00016473885	1.395012e-05	0.00049489448	0.00049481884	-0.00015286633
0.054	1.054	0	0	0	0.97542395	0	0	0	0.97568493	1.0030986	0.00050462341	-3.6396275e-06	-7.4084267e-06	-3.3338091e-06	5.4111636e-08	-5.5070021e-06	-6.9198128e-06	-8.4649697e-06	-3.9812013e-07	-0.00016809313	1.4949955e-05	0.00050494787	0.00050488943	-0.00011573434
0.056	1.056	0	0	0	0.97351415	0	0	0	0.97378235	1.0010784	0.000514471	-3.6567968e-06	-7.545493e-06	-3.3330526e-06	6.8029506e-08	-6.0121349e-06	-7.0249005e-06	-9.0438235e-06	-4.0482845e-07	-0.00017137807	1.5969678e-05	0.00051479322	0.00051474678	-9.0203019e-05
0.058	1.058	0	0	0	0.97157918	0	0	0	0.97185512	0.99899978	0.00052417336	-3.6718095e-06	-7.6783086e-06	-3.3309801e-06	8.0908549e-08	-6.4763454e-06	-7.1248554e-06	-9.577656e-06	-4.1136195e-07	-0.0001746143	1.7008942e-05	0.00052449321	0.00052445563	-7.1660062e-05
0.06	1.06	0	0	0	0.96962269	0	0	0	0.96990677	0.99687023	0.00053377063	-3.6871093e-06	-7.8075734e-06	-3.3297593e-06	9.2849551e-08	-6.9043241e-06	-7.2204405e-06	-1.00724e-05	-4.1782716e-07	-0.00017781522	1.80675e-05	0.00053408836	0.00053405765	-5.7500325e-05
0.062	1.062	0	0	0	0.96764704	0	0	0	0.96793962	0.99469459	0.00054328988	-3.7058004e-06	-7.9349305e-06	-3.3321244e-06	1.0397292e-07	-7.2996578e-06	-7.3132462e-06	-1.053252e-05	-4.2428653e-07	-0.00018098985	1.9145172e-05	0.00054360585	0.00054358093	-4.5838449e-05
0.064	1.064	0	0	0	0.96565405	0	0	0	0.96595542	0.9924766	0.00055275098	-3.73008e-06	-8.0622295e-06	-3.3399415e-06	1.1440557e-07	-7.6647229e-06	-7.4049964e-06	-1.0961017e-05	-4.3075712e-07	-0.00018414488	2.0241824e-05	0.00055306553	0.00055304598	-3.5344282e-05
0.066	1.066	0	0	0	0.96364548	0	0	0	0.96395591	0.99021993	0.00056217062	-3.7598045e-06	-8.1902211e-06	-3.3529553e-06	1.2422577e-07	-8.0019981e-06	-7.4963574e-06	-1.1360809e-05	-4.3720956e-07	-0.00018728588	2.1357356e-05	0.00056248402	0.00056246951	-2.5802704e-05
0.068	1.068	0	0	0	0.961623	0	0	0	0.96194277	0.98792808	0.00057156301	-3.7929201e-06	-8.3187632e-06	-3.3692254e-06	1.3344128e-07	-8.314501e-06	-7.5871323e-06	-1.1735219e-05	-4.435601e-07	-0.00019041763	2.2491702e-05	0.00057187549	0.00057186548	-1.7506868e-05
0.07	1.07	0	0	0	0.95958789	0	0	0	0.95991726	0.98560373	0.00058093899	-3.8273053e-06	-8.4476341e-06	-3.3867938e-06	1.420272e-07	-8.6052073e-06	-7.6770319e-06	-1.2087458e-05	-4.4969916e-07	-0.00019354377	2.3644818e-05	0.00058125078	0.00058124484	-1.0222989e-05
0.072	1.072	0	0	0	0.95754107	0	0	0	0.95788028	0.9832488	0.00059030675	-3.8621692e-06	-8.5767283e-06	-3.4049278e-06	1.5002282e-07	-8.876528e-06	-7.7660185e-06	-1.2420153e-05	-4.5569544e-07	-0.00019666703	2.4816681e-05	0.00059061815	0.00059061589	-3.8375277e-06
0.074	1.074	0	0	0	0.95548329	0	0	0	0.95583254	0.98086489	0.00059967295	-3.8974152e-06	-8.7058282e-06	-3.4235165e-06	1.5754104e-07	-9.1300372e-06	-7.8540512e-06	-1.2735117e-05	-4.6173243e-07	-0.00019978959	2.6007282e-05	0.00059998439	0.00059998519	1.3349236e-06
0.076	1.076	0	0	0	0.95341507	0	0	0	0.95377451	0.97845306	0.00060904256	-3.932879e-06	-8.8348801e-06	-3.4423772e-06	1.6465438e-07	-9.366848e-06	-7.9411287e-06	-1.3033654e-05	-4.67868e-07	-0.00020291312	2.7216622e-05	0.00060935448	0.00060935786	5.5376095e-06
0.078	1.078	0	0	0	0.95133674	0	0	0	0.95170653	0.97601407	0.00061841938	-3.9684367e-06	-8.9639563e-06	-3.4613702e-06	1.7139878e-07	-9.5879743e-06	-8.0273144e-06	-1.3316926e-05	-4.7410049e-07	-0.00020603889	2.8444713e-05	0.00061873222	0.00061873779	9.0105448e-06
0.08	1.08	0	0	0	0.94924854	0	0	0	0.94962881	0.97354846	0.00062780649	-4.0040366e-06	-9.0931309e-06	-3.48043e-06	1.7779691e-07	-9.7943722e-06	-8.1126681e-06	-1.3586011e-05	-4.8041896e-07	-0.00020916796	2.9691573e-05	0.00062812066	0.00062812812	1.1875048e-05
0.082	1.082	0	0	0	0.94715067	0	0	0	0.94754155	0.97105671	0.0006372065	-4.0396662e-06	-9.2224566e-06	-3.4995301e-06	1.838671e-07	-9.9869241e-06	-8.1972318e-06	-1.3841894e-05	-4.8681314e-07	-0.00021230119	3.0957226e-05	0.0006375224	0.00063753145	1.4204931e-05
0.084	1.084	0	0	0	0.94504328	0	0	0	0.94544489	0.9685392	0.00064662164	-4.0753288e-06	-9.3519695e-06	-3.5186597e-06	1.8962603e-07	-1.0166431e-05	-8.2810335e-06	-1.4085471e-05	-4.9327493e-07	-0.00021543933	3.2241699e-05	0.00064693964	0.00064695003	1.6055518e-05
0.086	1.086	0	0	0	0.94292651	0	0	0	0.94333895	0.96599625	0.00065605384	-4.1110317e-06	-9.4816937e-06	-3.5378135e-06	1.950893e-07	-1.0333617e-05	-8.3640917e-06	-1.4317553e-05	-4.997983e-07	-0.00021858304	3.3545026e-05	0.00065637432	0.00065638579	1.7472362e-05
0.088	1.088	0	0	0	0.94080046	0	0	0	0.94122382	0.96342814	0.0006655048	-4.1467817e-06	-9.611646e-06	-3.5569861e-06	2.0027154e-07	-1.0489131e-05	-8.446419e-06	-1.4538872e-05	-5.0637888e-07	-0.0002217329	3.4867242e-05	0.00066582813	0.00066584044	1.8494374e-05
0.09	1.09	0	0	0	0.93866521	0	0	0	0.93909957	0.96083511	0.00067497604	-4.1825836e-06	-9.7418381e-06	-3.5761714e-06	2.0518641e-07	-1.0633562e-05	-8.5280236e-06	-1.4750097e-05	-5.1301356e-07	-0.0002248894	3.6208388e-05	0.00067530255	0.00067531549	1.9155381e-05
0.092	1.092	0	0	0	0.93652082	0	0	0	0.93696627	0.95821736	0.00068446891	-4.2184398e-06	-9.8722785e-06	-3.595362e-06	2.0984656e-07	-1.0767439e-05	-8.6089114e-06	-1.4951834e-05	-5.1970014e-07	-0.00022805302	3.7568504e-05	0.00068479895	0.0006848123	1.9485123e-05
0.094	1.094	0	0	0	0.93436735	0	0	0	0.93482396	0.95557507	0.00069398465	-4.2543505e-06	-1.0002973e-05	-3.6145495e-06	2.142637e-07	-1.0891243e-05	-8.6890862e-06	-1.5144637e-05	-5.264371e-07	-0.00023122416	3.8947637e-05	0.00069431854	0.00069433208	1.9509961e-05
0.096	1.096	0	0	0	0.93220485	0	0	0	0.93267267	0.95290841	0.00070352436	-4.2903144e-06	-1.0133927e-05	-3.6337252e-06	2.1844868e-07	-1.1005408e-05	-8.7685507e-06	-1.5329017e-05	-5.3322339e-07	-0.0002344032	4.0345832e-05	0.00070386243	0.00070387598	1.9253422e-05
0.098	1.098	0	0	0	0.93003333	0	0	0	0.93051243	0.95021751	0.00071308909	-4.3263293e-06	-1.0265144e-05	-3.6528799e-06	2.2241148e-07	-1.1110328e-05	-8.8473069e-06	-1.5505441e-05	-5.4005832e-07	-0.00023759048	4.1763141e-05	0.00071343164	0.00071344501	1.873662e-05
0.1	1.1	0	0	0	0.92785283	0	0	0	0.92834325	0.9475025	0.0007226798	-4.3623918e-06	-1.0396626e-05	-3.6720045e-06	2.2616138e-07	-1.1206364e-05	-8.9253559e-06	-1.5674344e-05	-5.4694148e-07	-0.00024078634	4.3199612e-05	0.00072302715	0.00072304015	1.7978598e-05
0.102	1.102	0	0	0	0.92566336	0	0	0	0.92616515	0.94476349	0.00073229739	-4.3984982e-06	-1.0528377e-05	-3.6910901e-06	2.2970694e-07	-1.1293843e-05	-9.0026985e-06	-1.5836125e-05	-5.5387268e-07	-0.00024399107	4.4655301e-05	0.00073264983	0.00073266229	1.6996607e-05
0.104	1.104	0	0	0	0.92346494	0	0	0	0.92397812	0.94200059	0.00074194269	-4.4346442e-06	-1.0660398e-05	-3.710128e-06	2.3305611e-07	-1.1373063e-05	-9.0793354e-06	-1.5991159e-05	-5.6085189e-07	-0.00024720497	4.6130262e-05	0.00074230054	0.00074231228	1.5806332e-05
0.106	1.106	0	0	0	0.92125756	0	0	0	0.92178218	0.93921388	0.00075161653	-4.4708255e-06	-1.0792692e-05	-3.72911e-06	2.3621629e-07	-1.1444295e-05	-9.1552669e-06	-1.6139794e-05	-5.6787925e-07	-0.00025042829	4.762455e-05	0.00075198007	0.00075199092	1.4422083e-05
0.108	1.108	0	0	0	0.91904123	0	0	0	0.91957731	0.93640345	0.00076131966	-4.5070375e-06	-1.0925261e-05	-3.7480281e-06	2.3919436e-07	-1.1507787e-05	-9.2304931e-06	-1.6282353e-05	-5.7495503e-07	-0.0002536613	4.9138225e-05	0.00076168919	0.00076169898	1.2856955e-05
0.11	1.11	0	0	0	0.91681595	0	0	0	0.91736351	0.93356938	0.00077105282	-4.5432755e-06	-1.1058106e-05	-3.766875e-06	2.4199674e-07	-1.1563765e-05	-9.3050142e-06	-1.6419144e-05	-5.8207962e-07	-0.00025690424	5.0671346e-05	0.00077142863	0.00077143721	1.1122964e-05
0.112	1.112	0	0	0	0.9145817	0	0	0	0.91514075	0.93071174	0.00078081671	-4.579535e-06	-1.1191229e-05	-3.7856435e-06	2.4462943e-07	-1.1612432e-05	-9.3788305e-06	-1.6550451e-05	-5.8925351e-07	-0.00026015736	5.2223974e-05	0.00078119908	0.0007812063	9.2311655e-06
0.114	1.114	0	0	0	0.91233849	0	0	0	0.91290904	0.9278306	0.00079061203	-4.6158113e-06	-1.1324632e-05	-3.8043272e-06	2.4709805e-07	-1.1653977e-05	-9.451942e-06	-1.6676547e-05	-5.9647732e-07	-0.00026342088	5.3796171e-05	0.00079100125	0.00079100694	7.1917513e-06
0.116	1.116	0	0	0	0.91008628	0	0	0	0.91066834	0.92492603	0.00080043943	-4.6521001e-06	-1.1458319e-05	-3.82292e-06	2.4940789e-07	-1.1688566e-05	-9.5243491e-06	-1.6797685e-05	-6.0375177e-07	-0.00026669503	5.5388002e-05	0.00080083578	0.0008008398	5.0141398e-06
0.118	1.118	0	0	0	0.90782507	0	0	0	0.90841863	0.92199807	0.00081029956	-4.6883968e-06	-1.159229e-05	-3.8414161e-06	2.515639e-07	-1.1716351e-05	-9.5960522e-06	-1.6914107e-05	-6.1107767e-07	-0.00026998002	5.6999531e-05	0.00081070333	0.00081070552	2.7070514e-06
0.12	1.12	0	0	0	0.90555485	0	0	0	0.9061599	0.91904679	0.00082019306	-4.7246972e-06	-1.1726549e-05	-3.8598105e-06	2.5357075e-07	-1.1737469e-05	-9.6670518e-06	-1.7026044e-05	-6.1845592e-07	-0.00027327606	5.8630824e-05	0.00082060452	0.00082060475	2.785757e-07
0.122	1.122	0	0	0	0.90327557	0	0	0	0.90389211	0.91607223	0.00083012055	-4.7609972e-06	-1.1861099e-05	-3.8780982e-06	2.5543287e-07	-1.1752041e-05	-9.7373487e-06	-1.7133712e-05	-6.2588756e-07	-0.00027658337	6.028195e-05	0.00083053998	0.0008305381	-2.263769e-06
0.124	1.124	0	0	0	0.90098723	0	0	0	0.90161524	0.91307445	0.00084008263	-4.7972929e-06	-1.1995943e-05	-3.8962751e-06	2.5715443e-07	-1.1760174e-05	-9.8069437e-06	-1.7237322e-05	-6.3337369e-07	-0.00027990214	6.1952976e-05	0.00084051032	0.00084050619	-4.9129834e-06
0.126	1.126	0	0	0	0.8986898	0	0	0	0.89932925	0.91005349	0.00085007991	-4.8335805e-06	-1.2131084e-05	-3.9143371e-06	2.5873938e-07	-1.1761962e-05	-9.8758379e-06	-1.7337071e-05	-6.4091552e-07	-0.00028323258	6.3643974e-05	0.00085051613	0.00085050961	-7.6625401e-06
0.128	1.128	0	0	0	0.89638325	0	0	0	0.89703411	0.9070094	0.00086011297	-4.8698563e-06	-1.2266528e-05	-3.9322808e-06	2.601915e-07	-1.1757486e-05	-9.9440327e-06	-1.7433151e-05	-6.4851437e-07	-0.00028657488	6.5355015e-05	0.00086055801	0.00086054897	-1.0506342e-05
0.13	1.13	0	0	0	0.89406754	0	0	0	0.89472978	0.90394221	0.0008701824	-4.9061171e-06	-1.2402277e-05	-3.9501032e-06	2.6151435e-07	-1.1746816e-05	-1.001153e-05	-1.7525745e-05	-6.5617165e-07	-0.00028992925	6.708617e-05	0.00087063654	0.00087062484	-1.3438684e-05
0.132	1.132	0	0	0	0.89174266	0	0	0	0.89241624	0.90085197	0.00088028878	-4.9423597e-06	-1.2538338e-05	-3.9678014e-06	2.6271135e-07	-1.1730007e-05	-1.0078331e-05	-1.7615028e-05	-6.6388887e-07	-0.00029329587	6.8837514e-05	0.00088075229	0.0008807378	-1.6454222e-05
0.134	1.134	0	0	0	0.88940855	0	0	0	0.89009343	0.89773871	0.00089043266	-4.978581e-06	-1.2674714e-05	-3.9853734e-06	2.6378578e-07	-1.1707105e-05	-1.0144438e-05	-1.770117e-05	-6.7166764e-07	-0.00029667493	7.0609121e-05	0.00089090584	0.00089088843	-1.9547939e-05
0.136	1.136	0	0	0	0.88706519	0	0	0	0.88776132	0.89460246	0.00090061463	-5.0147786e-06	-1.2811413e-05	-4.0028172e-06	2.6474075e-07	-1.1678143e-05	-1.0209854e-05	-1.7784337e-05	-6.7950968e-07	-0.00030006662	7.2401068e-05	0.00090109776	0.00090107729	-2.2715121e-05
0.138	1.138	0	0	0	0.88471254	0	0	0	0.88541986	0.89144326	0.00091083523	-5.0509497e-06	-1.2948441e-05	-4.0201314e-06	2.6557929e-07	-1.1643143e-05	-1.0274581e-05	-1.7864687e-05	-6.8741681e-07	-0.00030347113	7.4213431e-05	0.0009113286	0.00091130495	-2.5951331e-05
0.14	1.14	0	0	0	0.88235056	0	0	0	0.883069	0.88826113	0.00092109502	-5.0870924e-06	-1.3085804e-05	-4.0373148e-06	2.6630427e-07	-1.1602116e-05	-1.0338622e-05	-1.7942374e-05	-6.9539094e-07	-0.00030688865	7.6046288e-05	0.00092159892	0.00092157196	-2.925239e-05
0.142	1.142	0	0	0	0.87997921	0	0	0	0.8807087	0.8850561	0.00093139455	-5.1232047e-06	-1.3223509e-05	-4.0543669e-06	2.6691851e-07	-1.1555063e-05	-1.0401981e-05	-1.8017549e-05	-7.034341e-07	-0.00031031934	7.7899718e-05	0.00093190927	0.00093187888	-3.2614355e-05
0.144	1.144	0	0	0	0.87759843	0	0	0	0.8783389	0.8818282	0.00094173435	-5.1592849e-06	-1.3361566e-05	-4.0712874e-06	2.6742471e-07	-1.1501972e-05	-1.0464662e-05	-1.809036e-05	-7.115484e-07	-0.00031376341	7.9773803e-05	0.00094226019	0.00094222624	-3.6033501e-05
0.146	1.146	0	0	0	0.87520819	0	0	0	0.87595956	0.87857743	0.00095211497	-5.1953317e-06	-1.3499982e-05	-4.0880763e-06	2.6782549e-07	-1.1442822e-05	-1.0526668e-05	-1.8160949e-05	-7.1973608e-07	-0.00031722102	8.1668623e-05	0.00095265223	0.0009526146	-3.9506311e-05
0.148	1.148	0	0	0	0.87280842	0	0	0	0.8735706	0.87530383	0.00096253693	-5.2313441e-06	-1.3638767e-05	-4.1047342e-06	2.6812343e-07	-1.137758e-05	-1.0588004e-05	-1.8229458e-05	-7.2799944e-07	-0.00032069235	8.3584262e-05	0.00096308591	0.00096304448	-4.3029456e-05
0.15	1.15	0	0	0	0.87039909	0	0	0	0.87117198	0.87200739	0.00097300077	-5.2673212e-06	-1.3777931e-05	-4.1212619e-06	2.6832102e-07	-1.1306203e-05	-1.0648673e-05	-1.8296024e-05	-7.363409e-07	-0.00032417758	8.5520801e-05	0.00097356177	0.00097351641	-4.6599793e-05
0.152	1.152	0	0	0	0.86798013	0	0	0	0.86876363	0.86868814	0.00098350698	-5.3032627e-06	-1.3917484e-05	-4.1376607e-06	2.6842072e-07	-1.1228636e-05	-1.0708683e-05	-1.8360785e-05	-7.4476298e-07	-0.00032767688	8.7478327e-05	0.00098408033	0.00098403092	-5.0214345e-05
0.154	1.154	0	0	0	0.86555148	0	0	0	0.86634548	0.86534607	0.00099405609	-5.3391685e-06	-1.4057437e-05	-4.1539323e-06	2.6842495e-07	-1.1144813e-05	-1.0768036e-05	-1.8423876e-05	-7.5326826e-07	-0.00033119042	8.9456925e-05	0.0009946421	0.00099458852	-5.3870306e-05
0.156	1.156	0	0	0	0.86311308	0	0	0	0.86391746	0.86198118	0.0010046486	-5.3750388e-06	-1.4197803e-05	-4.1700786e-06	2.6833608e-07	-1.1054658e-05	-1.082674e-05	-1.8485429e-05	-7.6185941e-07	-0.00033471836	9.1456681e-05	0.0010052476	0.0010051897	-5.7565025e-05
0.158	1.158	0	0	0	0.86066487	0	0	0	0.8614795	0.85859347	0.001015285	-5.4108743e-06	-1.4338593e-05	-4.1861021e-06	2.6815649e-07	-1.0958083e-05	-1.08848e-05	-1.8545578e-05	-7.7053918e-07	-0.00033826087	9.3477684e-05	0.0010158973	0.001015835	-6.129601e-05
0.16	1.16	0	0	0	0.85820677	0	0	0	0.85903152	0.85518293	0.0010259657	-5.4466758e-06	-1.4479821e-05	-4.2020054e-06	2.6788852e-07	-1.0854989e-05	-1.0942222e-05	-1.8604456e-05	-7.7931038e-07	-0.0003418181	9.5520021e-05	0.0010265917	0.0010265249	-6.5060926e-05
0.162	1.162	0	0	0	0.85573871	0	0	0	0.85657343	0.85174953	0.0010366913	-5.4824445e-06	-1.4621501e-05	-4.2177917e-06	2.6753452e-07	-1.0745265e-05	-1.0999013e-05	-1.8662194e-05	-7.8817587e-07	-0.00034539023	9.7583783e-05	0.0010373312	0.0010372598	-6.8857594e-05
0.164	1.164	0	0	0	0.8532606	0	0	0	0.85410515	0.84829326	0.0010474622	-5.5181823e-06	-1.4763646e-05	-4.2334643e-06	2.6709685e-07	-1.062879e-05	-1.1055178e-05	-1.8718925e-05	-7.9713853e-07	-0.00034897738	9.966906e-05	0.0010481164	0.0010480402	-7.2683996e-05
0.166	1.166	0	0	0	0.85077238	0	0	0	0.85162658	0.84481407	0.0010582788	-5.5538909e-06	-1.4906272e-05	-4.249027e-06	2.6657789e-07	-1.0505431e-05	-1.1110725e-05	-1.8774782e-05	-8.0620127e-07	-0.00035257973	0.00010177594	0.0010589477	0.0010588666	-7.6538282e-05
0.168	1.168	0	0	0	0.84827393	0	0	0	0.84913763	0.84131193	0.0010691416	-5.5895727e-06	-1.5049393e-05	-4.2644838e-06	2.6598003e-07	-1.0375043e-05	-1.116566e-05	-1.8829898e-05	-8.15367e-07	-0.00035619739	0.00010390453	0.0010698255	0.0010697394	-8.0418775e-05
0.17	1.17	0	0	0	0.84576517	0	0	0	0.84663818	0.83778679	0.0010800509	-5.6252305e-06	-1.5193026e-05	-4.279839e-06	2.6530572e-07	-1.023747e-05	-1.121999e-05	-1.8884411e-05	-8.2463857e-07	-0.00035983052	0.0001060549	0.0010807502	0.001080659	-8.4323986e-05
0.172	1.172	0	0	0	0.843246	0	0	0	0.84412813	0.83423859	0.0010910072	-5.6608671e-06	-1.5337186e-05	-4.2950971e-06	2.6455746e-07	-1.0092547e-05	-1.1273722e-05	-1.8938456e-05	-8.3401881e-07	-0.00036347924	0.00010822716	0.0010917222	0.0010916259	-8.825262e-05
0.174	1.174	0	0	0	0.84071631	0	0	0	0.84160735	0.83066725	0.0011020108	-5.6964857e-06	-1.5481889e-05	-4.3102628e-06	2.6373779e-07	-9.9400952e-06	-1.1326862e-05	-1.8992174e-05	-8.4351043e-07	-0.00036714367	0.00011042141	0.0011027419	0.0011026403	-9.22036e-05
0.176	1.176	0	0	0	0.83817598	0	0	0	0.83907572	0.82707269	0.0011130621	-5.7320901e-06	-1.5627152e-05	-4.325341e-06	2.6284935e-07	-9.7799277e-06	-1.1379417e-05	-1.9045707e-05	-8.5311599e-07	-0.00037082393	0.00011263772	0.0011138097	0.0011137026	-9.6176075e-05
0.178	1.178	0	0	0	0.83562488	0	0	0	0.8365331	0.82345483	0.0011241613	-5.7676839e-06	-1.577299e-05	-4.3403366e-06	2.6189486e-07	-9.611847e-06	-1.1431391e-05	-1.9099199e-05	-8.6283788e-07	-0.00037452012	0.00011487622	0.0011249259	0.0011248132	-0.00010016944
0.18	1.18	0	0	0	0.83306288	0	0	0	0.83397935	0.81981354	0.0011353089	-5.8032711e-06	-1.591942e-05	-4.3552547e-06	2.6087716e-07	-9.4356468e-06	-1.1482792e-05	-1.91528e-05	-8.7267825e-07	-0.00037823235	0.00011713698	0.0011360907	0.0011359724	-0.00010418336
0.182	1.182	0	0	0	0.83048984	0	0	0	0.83141431	0.8161487	0.0011465049	-5.8388559e-06	-1.6066455e-05	-4.3701002e-06	2.5979919e-07	-9.2511128e-06	-1.1533621e-05	-1.9206662e-05	-8.8263894e-07	-0.0003819607	0.00011942011	0.0011473045	0.0011471804	-0.00010821778
0.184	1.184	0	0	0	0.82790561	0	0	0	0.82883782	0.81246019	0.0011577498	-5.8744426e-06	-1.6214111e-05	-4.3848778e-06	2.5866404e-07	-9.0580237e-06	-1.1583885e-05	-1.9260943e-05	-8.9272143e-07	-0.00038570525	0.0001217257	0.0011585675	0.0011584374	-0.00011227296
0.186	1.186	0	0	0	0.82531003	0	0	0	0.82624971	0.80874783	0.0011690436	-5.9100353e-06	-1.63624e-05	-4.3995922e-06	2.5747497e-07	-8.8561528e-06	-1.1633584e-05	-1.9315804e-05	-9.0292672e-07	-0.00038946606	0.00012405385	0.0011698798	0.0011697437	-0.00011634944
0.188	1.188	0	0	0	0.82270292	0	0	0	0.82364979	0.80501147	0.0011803866	-5.9456385e-06	-1.6511334e-05	-4.4142474e-06	2.5623542e-07	-8.6452701e-06	-1.168272e-05	-1.9371412e-05	-9.132553e-07	-0.00039324319	0.00012640467	0.0011812418	0.0011810995	-0.00012044812
0.19	1.19	0	0	0	0.82008409	0	0	0	0.82103786	0.8012509	0.0011917788	-5.9812561e-06	-1.6660923e-05	-4.4288473e-06	2.5494902e-07	-8.4251436e-06	-1.1731292e-05	-1.9427941e-05	-9.23707e-07	-0.00039703669	0.00012877825	0.0011926534	0.0011925048	-0.0001245702
0.192	1.192	0	0	0	0.81745336	0	0	0	0.81841372	0.79746593	0.0012032204	-6.0168922e-06	-1.6811174e-05	-4.4433948e-06	2.5361967e-07	-8.1955428e-06	-1.1779297e-05	-1.9485569e-05	-9.3428093e-07	-0.00040084658	0.00013117469	0.0012041148	0.0012039598	-0.0001287172
0.194	1.194	0	0	0	0.81481051	0	0	0	0.81577714	0.79365633	0.0012147114	-6.0525502e-06	-1.6962091e-05	-4.4578922e-06	2.5225149e-07	-7.9562408e-06	-1.1826729e-05	-1.9544482e-05	-9.4497531e-07	-0.00040467289	0.00013359409	0.001215626	0.0012154645	-0.00013289095
0.196	1.196	0	0	0	0.81215533	0	0	0	0.81312791	0.78982185	0.0012262518	-6.0882333e-06	-1.7113675e-05	-4.4723406e-06	2.5084894e-07	-7.7070181e-06	-1.1873582e-05	-1.9604873e-05	-9.5578743e-07	-0.00040851561	0.00013603655	0.0012271871	0.0012270189	-0.0001370935
0.198	1.198	0	0	0	0.80948757	0	0	0	0.81046576	0.78596223	0.0012378416	-6.1239442e-06	-1.7265924e-05	-4.4867402e-06	2.4941677e-07	-7.4476658e-06	-1.1919844e-05	-1.966694e-05	-9.6671343e-07	-0.00041237476	0.00013850217	0.001238798	0.001238623	-0.00014132709
0.2	1.2	0	0	0	0.806807	0	0	0	0.80779045	0.78207719	0.0012494807	-6.1596847e-06	-1.7418829e-05	-4.5010894e-06	2.4796015e-07	-7.1779907e-06	-1.19655e-05	-1.973089e-05	-9.7774823e-07	-0.00041625029	0.00014099104	0.0012504587	0.0012502767	-0.0001455941
0.202	1.202	0	0	0	0.80411336	0	0	0	0.80510171	0.77816643	0.001261169	-6.1954559e-06	-1.7572378e-05	-4.5153853e-06	2.4648463e-07	-6.8978188e-06	-1.2010532e-05	-1.9796936e-05	-9.8888539e-07	-0.0004201422	0.00014350327	0.001262169	0.0012619798	-0.00014989684
0.204	1.204	0	0	0	0.80140637	0	0	0	0.80239926	0.77422964	0.0012729064	-6.2312581e-06	-1.7726552e-05	-4.5296229e-06	2.4499624e-07	-6.607001e-06	-1.2054916e-05	-1.9865298e-05	-1.000117e-06	-0.00042405042	0.00014603896	0.0012739288	0.0012737324	-0.00015423752
0.206	1.206	0	0	0	0.79868575	0	0	0	0.79968282	0.7702665	0.0012846927	-6.2670904e-06	-1.7881325e-05	-4.5437951e-06	2.4350153e-07	-6.3054179e-06	-1.2098626e-05	-1.9936201e-05	-1.0114334e-06	-0.00042797493	0.0001485982	0.001285738	0.0012855341	-0.00015861798
0.208	1.208	0	0	0	0.79595122	0	0	0	0.7969521	0.76627667	0.0012965278	-6.3029507e-06	-1.8036665e-05	-4.5578925e-06	2.420076e-07	-5.9929852e-06	-1.2141628e-05	-2.0009877e-05	-1.0228233e-06	-0.00043191566	0.0001511811	0.0012975963	0.0012973848	-0.00016303955
0.21	1.21	0	0	0	0.79320248	0	0	0	0.79420678	0.76225981	0.0013084114	-6.3388357e-06	-1.8192532e-05	-4.5719031e-06	2.4052218e-07	-5.6696588e-06	-1.2183884e-05	-2.0086562e-05	-1.0342736e-06	-0.00043587255	0.00015378774	0.0013095035	0.0013092842	-0.00016750279
0.212	1.212	0	0	0	0.79043922	0	0	0	0.79144657	0.75821558	0.0013203434	-6.3747405e-06	-1.8348876e-05	-4.5858121e-06	2.3905368e-07	-5.3354406e-06	-1.2225349e-05	-2.0166493e-05	-1.0457694e-06	-0.00043984555	0.00015641824	0.0013214594	0.0013212322	-0.00017200726
0.214	1.214	0	0	0	0.78766113	0	0	0	0.78867117	0.75414363	0.0013323235	-6.410659e-06	-1.850564e-05	-4.5996016e-06	2.3761122e-07	-4.9903825e-06	-1.2265975e-05	-2.024991e-05	-1.0572935e-06	-0.00044383459	0.00015907267	0.0013334638	0.0013332284	-0.00017655124
0.216	1.216	0	0	0	0.78486791	0	0	0	0.78588026	0.75004364	0.0013443515	-6.4465831e-06	-1.8662758e-05	-4.6132507e-06	2.3620468e-07	-4.6345913e-06	-1.2305704e-05	-2.0337051e-05	-1.068827e-06	-0.00044783963	0.00016175115	0.0013455164	0.0013452728	-0.00018113153
0.218	1.218	0	0	0	0.78205925	0	0	0	0.78307356	0.74591528	0.0013564274	-6.4825033e-06	-1.8820154e-05	-4.6267351e-06	2.3484476e-07	-4.2682316e-06	-1.2344476e-05	-2.0428152e-05	-1.0803492e-06	-0.00045186063	0.00016445376	0.0013576171	0.001357365	-0.00018574316
0.22	1.22	0	0	0	0.77923483	0	0	0	0.78025076	0.74175826	0.001368551	-6.518408e-06	-1.8977744e-05	-4.6400276e-06	2.3354292e-07	-3.8915282e-06	-1.2382222e-05	-2.0523441e-05	-1.0918374e-06	-0.00045589756	0.00016718061	0.0013697657	0.001369505	-0.00019037927
0.222	1.222	0	0	0	0.77639438	0	0	0	0.77741159	0.73757231	0.0013807222	-6.5542839e-06	-1.9135435e-05	-4.6530975e-06	2.3231147e-07	-3.5047673e-06	-1.2418872e-05	-2.0623137e-05	-1.1032671e-06	-0.00045995042	0.00016993178	0.0013819621	0.0013816926	-0.00019503091
0.224	1.224	0	0	0	0.77353761	0	0	0	0.77455579	0.73335719	0.0013929411	-6.5901154e-06	-1.9293128e-05	-4.6659111e-06	2.3116345e-07	-3.108296e-06	-1.2454346e-05	-2.0727449e-05	-1.1146124e-06	-0.00046401923	0.00017270738	0.0013942063	0.0013939279	-0.00019968701
0.226	1.226	0	0	0	0.77066424	0	0	0	0.7716831	0.72911271	0.0014052079	-6.6258852e-06	-1.9450714e-05	-4.6784318e-06	2.3011263e-07	-2.70252e-06	-1.2488566e-05	-2.0836566e-05	-1.1258462e-06	-0.00046810405	0.00017550749	0.0014064982	0.0014062109	-0.0002043344
0.228	1.228	0	0	0	0.76777405	0	0	0	0.76879331	0.72483872	0.0014175226	-6.6615733e-06	-1.9608081e-05	-4.6906206e-06	2.2917339e-07	-2.2879003e-06	-1.2521447e-05	-2.0950664e-05	-1.1369402e-06	-0.00047220496	0.00017833222	0.0014188382	0.0014185417	-0.00020895791
0.23	1.23	0	0	0	0.76486679	0	0	0	0.76588621	0.72053514	0.0014298858	-6.6971577e-06	-1.9765113e-05	-4.7024361e-06	2.2836059e-07	-1.8649478e-06	-1.2552906e-05	-2.1069895e-05	-1.1478655e-06	-0.00047632208	0.00018118166	0.0014312263	0.0014309208	-0.00021354054
0.232	1.232	0	0	0	0.76194227	0	0	0	0.76296163	0.71620191	0.0014422977	-6.732614e-06	-1.9921689e-05	-4.7138355e-06	2.2768941e-07	-1.4342167e-06	-1.2582856e-05	-2.1194387e-05	-1.1585929e-06	-0.00048045559	0.00018405591	0.0014436631	0.0014433483	-0.00021806374
0.234	1.234	0	0	0	0.75900032	0	0	0	0.76001944	0.71183907	0.001454759	-6.7679157e-06	-2.007769e-05	-4.7247745e-06	2.2717519e-07	-9.9629672e-07	-1.2611214e-05	-2.1324246e-05	-1.1690931e-06	-0.0004846057	0.00018695505	0.0014561489	0.0014558249	-0.00022250773
0.236	1.236	0	0	0	0.7560408	0	0	0	0.75705952	0.7074467	0.0014672705	-6.8030337e-06	-2.0232995e-05	-4.7352088e-06	2.2683321e-07	-5.5180428e-07	-1.2637898e-05	-2.145955e-05	-1.1793374e-06	-0.00048877265	0.00018987921	0.0014686844	0.0014683513	-0.0002268519
0.238	1.238	0	0	0	0.75306359	0	0	0	0.75408178	0.70302496	0.0014798329	-6.8379369e-06	-2.0387489e-05	-4.7450936e-06	2.2667847e-07	-1.0137332e-07	-1.266283e-05	-2.1600352e-05	-1.1892976e-06	-0.00049295676	0.00019282846	0.0014812705	0.0014809283	-0.00023107512
0.24	1.24	0	0	0	0.75006862	0	0	0	0.75108617	0.69857404	0.0014924473	-6.8725924e-06	-2.054106e-05	-4.7543851e-06	2.2672547e-07	3.5435413e-07	-1.2685938e-05	-2.1746677e-05	-1.1989469e-06	-0.00049715837	0.00019580292	0.0014939079	0.0014935567	-0.00023515623
0.242	1.242	0	0	0	0.74705581	0	0	0	0.74807267	0.69409423	0.0015051148	-6.9069654e-06	-2.0693602e-05	-4.7630408e-06	2.2698803e-07	8.1473707e-07	-1.2707153e-05	-2.1898526e-05	-1.2082599e-06	-0.00050137786	0.00019880269	0.0015065978	0.0015062377	-0.00023907434
0.244	1.244	0	0	0	0.74402516	0	0	0	0.74504128	0.68958585	0.0015178367	-6.9410197e-06	-2.0845017e-05	-4.7710199e-06	2.274791e-07	1.2791442e-06	-1.2726417e-05	-2.2055878e-05	-1.2172127e-06	-0.00050561567	0.00020182787	0.0015193414	0.0015189726	-0.00024280916
0.246	1.246	0	0	0	0.74097665	0	0	0	0.74199204	0.68504927	0.0015306144	-6.9747182e-06	-2.0995214e-05	-4.7782842e-06	2.2821059e-07	1.7469614e-06	-1.2743676e-05	-2.2218687e-05	-1.2257836e-06	-0.00050987227	0.00020487858	0.0015321398	0.0015317625	-0.00024634136
0.248	1.248	0	0	0	0.73791032	0	0	0	0.73892499	0.68048495	0.0015434492	-7.0080229e-06	-2.1144113e-05	-4.784798e-06	2.2919323e-07	2.2175988e-06	-1.2758885e-05	-2.2386891e-05	-1.2339529e-06	-0.00051414816	0.00020795492	0.0015449946	0.001544609	-0.00024965271
0.25	1.25	0	0	0	0.73482621	0	0	0	0.7358402	0.67589333	0.0015563429	-7.040896e-06	-2.1291644e-05	-4.7905287e-06	2.3043655e-07	2.6904958e-06	-1.2772008e-05	-2.2560407e-05	-1.2417032e-06	-0.00051844389	0.00021105701	0.0015579072	0.0015575136	-0.00025272632
0.252	1.252	0	0	0	0.73172438	0	0	0	0.73273778	0.67127495	0.0015692971	-7.0732994e-06	-2.1437746e-05	-4.7954471e-06	2.3194876e-07	3.1651258e-06	-1.2783017e-05	-2.273914e-05	-1.2490193e-06	-0.00052276001	0.00021418497	0.0015708793	0.001570478	-0.00025554677
0.254	1.254	0	0	0	0.72860493	0	0	0	0.72961783	0.66663034	0.0015823135	-7.1051961e-06	-2.1582368e-05	-4.7995272e-06	2.3373679e-07	3.6409987e-06	-1.2791891e-05	-2.2922983e-05	-1.2558883e-06	-0.00052709712	0.00021733892	0.0015839125	0.0015835038	-0.00025810016
0.256	1.256	0	0	0	0.72546794	0	0	0	0.72648047	0.66196009	0.001595394	-7.1365496e-06	-2.1725468e-05	-4.8027468e-06	2.3580629e-07	4.1176633e-06	-1.2798618e-05	-2.3111818e-05	-1.2622995e-06	-0.00053145583	0.00022051899	0.0015970087	0.001596593	-0.00026037415
0.258	1.258	0	0	0	0.72231354	0	0	0	0.72332583	0.6572648	0.0016085404	-7.1673249e-06	-2.1867017e-05	-4.8050867e-06	2.3816168e-07	4.5947078e-06	-1.2803193e-05	-2.3305519e-05	-1.2682446e-06	-0.00053583678	0.0002237253	0.0016101696	0.0016097473	-0.00026235801
0.26	1.26	0	0	0	0.71914185	0	0	0	0.72015407	0.65254509	0.0016217547	-7.1974887e-06	-2.2006991e-05	-4.8065315e-06	2.4080622e-07	5.0717601e-06	-1.2805618e-05	-2.3503956e-05	-1.2737171e-06	-0.00054024061	0.00022695798	0.0016233972	0.0016229687	-0.00026404253
0.262	1.262	0	0	0	0.71595299	0	0	0	0.71696532	0.6478016	0.0016350389	-7.2270093e-06	-2.2145377e-05	-4.8070687e-06	2.437421e-07	5.5484867e-06	-1.28059e-05	-2.3706993e-05	-1.2787126e-06	-0.00054466798	0.00023021717	0.0016366934	0.0016362591	-0.00026542
0.264	1.264	0	0	0	0.71274711	0	0	0	0.71375976	0.64303499	0.001648395	-7.2558569e-06	-2.2282167e-05	-4.806689e-06	2.4697053e-07	6.0245921e-06	-1.2804053e-05	-2.3914495e-05	-1.2832285e-06	-0.00054911958	0.00023350301	0.0016500601	0.0016496205	-0.00026648416
0.266	1.266	0	0	0	0.70952436	0	0	0	0.71053754	0.63824592	0.001661825	-7.284004e-06	-2.2417362e-05	-4.8053857e-06	2.5049185e-07	6.499816e-06	-1.2800097e-05	-2.4126322e-05	-1.2872639e-06	-0.00055359608	0.00023681565	0.0016634996	0.0016630551	-0.00026723008
0.268	1.268	0	0	0	0.70628489	0	0	0	0.70729884	0.63343509	0.001675331	-7.311425e-06	-2.2550968e-05	-4.8031549e-06	2.5430566e-07	6.9739325e-06	-1.2794055e-05	-2.4342337e-05	-1.2908191e-06	-0.00055809818	0.00024015524	0.0016770136	0.0016765649	-0.0002676541
0.27	1.27	0	0	0	0.70302886	0	0	0	0.70404382	0.62860316	0.0016889152	-7.3380966e-06	-2.2682998e-05	-4.7999952e-06	2.5841087e-07	7.4467466e-06	-1.2785953e-05	-2.4562404e-05	-1.2938963e-06	-0.00056262658	0.00024352191	0.0016906045	0.001690152	-0.00026775376
0.272	1.272	0	0	0	0.69975642	0	0	0	0.70077266	0.62375085	0.0017025797	-7.3639977e-06	-2.2813469e-05	-4.7959069e-06	2.6280582e-07	7.9180928e-06	-1.2775822e-05	-2.4786388e-05	-1.2964983e-06	-0.00056718199	0.00024691584	0.0017042743	0.0017038185	-0.00026752764
0.274	1.274	0	0	0	0.69646774	0	0	0	0.69748554	0.61887885	0.0017163265	-7.3891091e-06	-2.2942401e-05	-4.7908928e-06	2.674884e-07	8.3878323e-06	-1.2763696e-05	-2.5014156e-05	-1.2986295e-06	-0.00057176512	0.00025033719	0.0017180251	0.0017175665	-0.00026697534
0.276	1.276	0	0	0	0.69316298	0	0	0	0.69418264	0.61398786	0.0017301579	-7.4134137e-06	-2.3069819e-05	-4.7849568e-06	2.7245611e-07	8.8558504e-06	-1.274961e-05	-2.5245579e-05	-1.3002947e-06	-0.0005763767	0.00025378611	0.0017318591	0.0017313984	-0.00026609735
0.278	1.278	0	0	0	0.68984232	0	0	0	0.69086415	0.6090786	0.0017440761	-7.4368965e-06	-2.3195752e-05	-4.7781048e-06	2.7770614e-07	9.3220547e-06	-1.2733602e-05	-2.5480531e-05	-1.3014998e-06	-0.00058101745	0.00025726278	0.0017457785	0.0017453162	-0.00026489497
0.28	1.28	0	0	0	0.68650592	0	0	0	0.68753024	0.60415179	0.0017580833	-7.4595441e-06	-2.332023e-05	-4.7703438e-06	2.8323542e-07	9.7863725e-06	-1.2715712e-05	-2.5718891e-05	-1.3022513e-06	-0.0005856881	0.00026076737	0.0017597855	0.0017593221	-0.00026337023
0.282	1.282	0	0	0	0.68315396	0	0	0	0.68418112	0.59920813	0.0017721817	-7.481345e-06	-2.3443286e-05	-4.7616818e-06	2.8904073e-07	1.0248749e-05	-1.269598e-05	-2.5960539e-05	-1.3025564e-06	-0.00059038938	0.00026430007	0.0017738822	0.0017734184	-0.00026152581
0.284	1.284	0	0	0	0.67978662	0	0	0	0.68081696	0.59424837	0.0017863734	-7.5022892e-06	-2.3564954e-05	-4.7521282e-06	2.9511872e-07	1.0709144e-05	-1.2674448e-05	-2.6205361e-05	-1.3024225e-06	-0.00059512204	0.00026786105	0.001788071	0.0017876074	-0.00025936498
0.286	1.286	0	0	0	0.67640407	0	0	0	0.67743796	0.58927323	0.0018006609	-7.5223683e-06	-2.3685271e-05	-4.7416928e-06	3.0146593e-07	1.1167533e-05	-1.2651157e-05	-2.6453248e-05	-1.3018575e-06	-0.00059988683	0.0002714505	0.0018023541	0.0018018913	-0.00025689151
0.288	1.288	0	0	0	0.6730065	0	0	0	0.67404432	0.58428344	0.0018150463	-7.5415753e-06	-2.3804275e-05	-4.7303865e-06	3.080789e-07	1.1623902e-05	-1.262615e-05	-2.6704092e-05	-1.3008697e-06	-0.00060468449	0.00027506861	0.0018167338	0.0018162723	-0.00025410965
0.29	1.29	0	0	0	0.66959409	0	0	0	0.67063624	0.57927974	0.0018295319	-7.5599045e-06	-2.3922003e-05	-4.7182204e-06	3.1495412e-07	1.2078248e-05	-1.2599471e-05	-2.6957791e-05	-1.2994674e-06	-0.00060951578	0.00027871559	0.0018312123	0.0018307527	-0.00025102402
0.292	1.292	0	0	0	0.66616703	0	0	0	0.66721391	0.57426288	0.00184412	-7.5773512e-06	-2.4038495e-05	-4.7052065e-06	3.2208811e-07	1.2530579e-05	-1.2571162e-05	-2.7214247e-05	-1.2976594e-06	-0.00061438146	0.00028239162	0.0018457919	0.001845335	-0.00024763963
0.294	1.294	0	0	0	0.66272551	0	0	0	0.66377756	0.5692336	0.0018588129	-7.5939119e-06	-2.415379e-05	-4.6913571e-06	3.2947745e-07	1.2980908e-05	-1.2541267e-05	-2.7473365e-05	-1.2954543e-06	-0.0006192823	0.00028609693	0.001860475	0.0018600213	-0.00024396176
0.296	1.296	0	0	0	0.65926972	0	0	0	0.66032738	0.56419267	0.0018736129	-7.6095842e-06	-2.4267929e-05	-4.6766847e-06	3.3711873e-07	1.3429257e-05	-1.2509828e-05	-2.7735055e-05	-1.292861e-06	-0.00062421907	0.00028983171	0.0018752639	0.001874814	-0.00023999597
0.298	1.298	0	0	0	0.65579987	0	0	0	0.65686359	0.55914084	0.0018885225	-7.6243665e-06	-2.4380953e-05	-4.6612023e-06	3.4500863e-07	1.3875652e-05	-1.2476889e-05	-2.7999229e-05	-1.2898883e-06	-0.00062919254	0.00029359618	0.001890161	0.0018897155	-0.00023574808
0.3	1.3	0	0	0	0.65231617	0	0	0	0.65338642	0.55407888	0.0019035439	-7.6382579e-06	-2.4492902e-05	-4.644923e-06	3.5314391e-07	1.4320125e-05	-1.244249e-05	-2.8265804e-05	-1.286545e-06	-0.0006342035	0.00029739057	inf	inf	inf
