lambda	F11	F12	F13	F21	F22	F23	F31	F32	F33	J	P11	P12	P13	P21	P22	P23	P31	P32	P33	p	StrEn	t(1)	t(2)	d
0	1	0	0	0	1	0	0	0	1	1	0	0	0	0	0	0	0	0	0	-0	0	inf	inf	inf
0.002	1	0.002	0	0	1	0	0	0	1	1	-1.9609612e-07	1.0525908e-05	-3.4910901e-08	1.0531901e-05	-9.8910697e-08	-4.921506e-08	-2.6381144e-08	-4.4435164e-08	7.6924033e-08	7.2694262e-08	1.0525038e-08	1.0525908e-05	1.0526532e-05	5.92706e-05
0.004	1	0.004	0	0	1	0	0	0	1	1	-3.1977864e-07	2.1058526e-05	-7.0871952e-08	2.1070842e-05	-1.3273292e-07	-9.4298448e-08	-5.3348194e-08	-8.4743333e-08	1.8802539e-07	8.8162054e-08	4.2106128e-08	2.1058526e-05	2.1059362e-05	3.9709824e-05
0.006	1	0.006	0	0	1	0	0	0	1	1	-3.7379558e-07	3.1602661e-05	-1.0481485e-07	3.1621245e-05	-1.04119e-07	-1.3428563e-07	-7.7873982e-08	-1.1996887e-07	3.3070462e-07	4.9069985e-08	9.4762487e-08	3.1602661e-05	3.1602641e-05	-6.2845792e-07
0.008	1	0.008	0	0	1	0	0	0	1	1	-3.5868178e-07	4.2157385e-05	-1.3676916e-07	4.2181808e-05	-1.3464698e-08	-1.6962996e-07	-1.0010101e-07	-1.5065702e-07	5.041531e-07	-4.4002207e-08	1.6851669e-07	4.2157385e-05	4.2155937e-05	-3.4338819e-05
0.01	1	0.01	0	0	1	0	0	0	1	1	-2.7590159e-07	5.2718809e-05	-1.6893217e-07	5.2748294e-05	1.3796929e-07	-2.0254903e-07	-1.2228588e-07	-1.7909939e-07	7.0636997e-07	-1.8947922e-07	2.6338624e-07	5.2718809e-05	5.2715898e-05	-5.5208424e-05
0.012	1	0.012	0	0	1	0	0	0	1	1	-1.264424e-07	6.3282674e-05	-2.0320755e-07	6.3316106e-05	3.4947631e-07	-2.3475771e-07	-1.4634111e-07	-2.0705681e-07	9.3555483e-07	-3.8619625e-07	3.7938029e-07	6.3282674e-05	6.327837e-05	-6.8005647e-05
0.014	1	0.014	0	0	1	0	0	0	1	1	8.9662019e-08	7.3844948e-05	-2.4058353e-07	7.388087e-05	6.2138158e-07	-2.6694232e-07	-1.7322955e-07	-2.3523425e-07	1.19052e-06	-6.3385452e-07	5.1649972e-07	7.3844948e-05	7.3839264e-05	-7.6972246e-05
0.016	1	0.016	0	0	1	0	0	0	1	1	3.7317876e-07	8.4401568e-05	-2.8147241e-07	8.4438171e-05	9.5489272e-07	-2.9913457e-07	-2.0331997e-07	-2.6366611e-07	1.4704494e-06	-9.328403e-07	6.7473734e-07	8.4401568e-05	8.4394474e-05	-8.4056656e-05
0.018	1	0.018	0	0	1	0	0	0	1	1	7.2564122e-07	9.49482e-05	-3.2605166e-07	9.4983299e-05	1.3520708e-06	-3.3105545e-07	-2.3674012e-07	-2.9207337e-07	1.7747536e-06	-1.2841552e-06	8.5407761e-07	9.49482e-05	9.4939636e-05	-9.0197409e-05
0.02	1	0.02	0	0	1	0	0	0	1	1	1.1494433e-06	0.00010548004	-3.744698e-07	0.00010551106	1.8159305e-06	-3.6230778e-07	-2.7358793e-07	-3.2006469e-07	2.1030257e-06	-1.6894665e-06	1.0544959e-06	0.00010548004	0.00010546992	-9.598073e-05
0.022	1	0.022	0	0	1	0	0	0	1	1	1.6480021e-06	0.00011599163	-4.2695363e-07	0.00011601553	2.3506087e-06	-3.9245928e-07	-3.1403839e-07	-3.4722289e-07	2.4550277e-06	-2.1512128e-06	1.2759573e-06	0.00011599163	0.00011597982	-0.0001018425
0.024	1	0.024	0	0	1	0	0	0	1	1	2.2259845e-06	0.00012647656	-4.8386265e-07	0.00012648982	2.9615956e-06	-4.2106337e-07	-3.5839491e-07	-3.731266e-07	2.8306839e-06	-2.6727547e-06	1.5184152e-06	0.00012647656	0.00012646288	-0.00010812921
0.026	1	0.026	0	0	1	0	0	0	1	1	2.889622e-06	0.00013692712	-5.4572273e-07	0.00013692567	3.6560506e-06	-4.476488e-07	-4.0711917e-07	-3.9734012e-07	3.230081e-06	-3.2585845e-06	1.7818088e-06	0.00013692712	0.00013691136	-0.00011512403
0.028	1	0.028	0	0	1	0	0	0	1	1	3.6471499e-06	0.00014733391	-6.132571e-07	0.00014731299	4.443237e-06	-4.7169381e-07	-4.6085825e-07	-4.1938859e-07	3.6534803e-06	-3.9146224e-06	2.0660606e-06	0.00014733391	0.00014731578	-0.00012306149
0.03	1	0.03	0	0	1	0	0	0	1	1	4.5094201e-06	0.00015768516	-6.8742342e-07	0.00015763923	5.3351169e-06	-4.9259075e-07	-5.2047826e-07	-4.3872465e-07	4.1013461e-06	-4.6486277e-06	2.3710719e-06	0.00015768516	0.00015766433	-0.00013212921
0.032	1	0.032	0	0	1	0	0	0	1	1	5.4907449e-06	0.00016796599	-7.6946029e-07	0.00016788854	6.347157e-06	-5.096028e-07	-5.871077e-07	-4.5468834e-07	4.5743969e-06	-5.4707663e-06	2.6967179e-06	0.00016796599	0.00016794207	-0.00014244392
0.034	1	0.034	0	0	1	0	0	0	1	1	6.6100417e-06	0.00017815729	-8.6094068e-07	0.00017804059	7.4994004e-06	-5.2181348e-07	-6.6218892e-07	-4.6646078e-07	5.0736849e-06	-6.3943757e-06	3.0428402e-06	0.00017815729	0.00017812986	-0.00015397303
0.036	1	0.036	0	0	1	0	0	0	1	1	7.8923274e-06	0.00018823436	-9.6382074e-07	0.00018806914	8.8178358e-06	-5.280732e-07	-7.4752724e-07	-4.730153e-07	5.6007134e-06	-7.4369589e-06	3.4092374e-06	0.00018823436	0.00018820305	-0.00016634157
0.038	1	0.038	0	0	1	0	0	0	1	1	9.3705201e-06	0.00019816527	-1.0804536e-06	0.00019794027	1.0336001e-05	-5.269568e-07	-8.453106e-07	-4.7307825e-07	6.1575945e-06	-8.6213717e-06	3.7956524e-06	0.00019816527	0.00019812992	-0.00017841087
0.04	1	0.04	0	0	1	0	0	0	1	1	1.1087213e-05	0.00020790926	-1.213503e-06	0.00020761064	1.2096478e-05	-5.1676735e-07	-9.5803981e-07	-4.6513131e-07	6.7472332e-06	-9.9769746e-06	4.2017571e-06	0.00020790926	0.00020787029	-0.00018746785
0.042	1	0.042	0	0	1	0	0	0	1	1	1.3095422e-05	0.00021741619	-1.3656428e-06	0.00021702679	1.4151328e-05	-4.9565544e-07	-1.0882632e-06	-4.4751748e-07	7.3734761e-06	-1.1540076e-05	4.6271336e-06	0.00021741619	0.00021737532	-0.00018798516
0.044	1	0.044	0	0	1	0	0	0	1	1	1.545621e-05	0.00022662892	-1.538903e-06	0.00022612748	1.6559497e-05	-4.6195158e-07	-1.2379836e-06	-4.1873899e-07	8.0410621e-06	-1.3352256e-05	5.0712584e-06	0.00022662892	0.00022659026	-0.00017061732
0.046	1	0.046	0	0	1	0	0	0	1	1	1.8230299e-05	0.00023549136	-1.7336476e-06	0.00023485192	1.9378599e-05	-4.1476169e-07	-1.4077119e-06	-3.7799278e-07	8.7551196e-06	-1.5454672e-05	5.5334946e-06	0.00023549136	0.00023546226	-0.00012356397
0.048	1	0.048	0	0	1	0	0	0	1	1	2.1462836e-05	0.00024396284	-1.9475608e-06	0.00024315473	2.2650479e-05	-3.5465196e-07	-1.5955065e-06	-3.2578721e-07	9.5200406e-06	-1.7877785e-05	6.0131074e-06	0.00024396284	0.00024395343	-3.8558637e-05
0.05	1	0.05	0	0	1	0	0	0	1	1	2.5167034e-05	0.00025203326	-2.175459e-06	0.00025102199	2.6386093e-05	-2.8394528e-07	-1.7967522e-06	-2.6420952e-07	1.0338066e-05	-2.0630398e-05	6.5093084e-06	0.00025203326	0.00025205378	8.1427281e-05
0.052	1	0.052	0	0	1	0	0	0	1	1	2.93179e-05	0.00025972854	-2.4104423e-06	0.00025847738	3.0560141e-05	-2.0623026e-07	-2.0051798e-06	-1.9648346e-07	1.1208472e-05	-2.3695504e-05	7.0213226e-06	0.00025972854	0.00025978607	0.00022148564
0.054	1	0.054	0	0	1	0	0	0	1	1	3.3861375e-05	0.00026710147	-2.6457641e-06	0.00026557315	3.5120139e-05	-1.2532815e-07	-2.2145787e-06	-1.260386e-07	1.2127978e-05	-2.7036497e-05	7.5484526e-06	0.00026710147	0.00026719855	0.00036331268
0.056	1	0.056	0	0	1	0	0	0	1	1	3.8731566e-05	0.00027421531	-2.8762133e-06	0.00027237317	4.0002827e-05	-4.4410865e-08	-2.4200948e-06	-5.5716267e-08	1.3091967e-05	-3.0608787e-05	8.0901167e-06	0.00027421531	0.00027435082	0.00049390463
0.058	1	0.058	0	0	1	0	0	0	1	1	4.3865126e-05	0.00028113025	-3.0984919e-06	0.00027893882	4.5147689e-05	3.4341378e-08	-2.6186096e-06	1.2537548e-08	1.4095663e-05	-3.4369493e-05	8.6458559e-06	0.00028113025	0.0002813012	0.00060771481
0.06	1	0.06	0	0	1	0	0	0	1	1	4.9208409e-05	0.00028789683	-3.3109051e-06	0.00028532193	5.0503585e-05	1.0965553e-07	-2.8084792e-06	7.7594533e-08	1.5134818e-05	-3.8282271e-05	9.2153215e-06	0.00028789683	0.00028809974	0.00070432801
0.062	1	0.062	0	0	1	0	0	0	1	1	5.471895e-05	0.00029455475	-3.5128528e-06	0.00029156336	5.6030059e-05	1.8092019e-07	-2.9890767e-06	1.3892175e-07	1.6205936e-05	-4.2318315e-05	9.7982549e-06	0.00029455475	0.00029478635	0.00078564746
0.064	1	0.064	0	0	1	0	0	0	1	1	6.0364218e-05	0.0003011342	-3.7043895e-06	0.00029769425	6.1696113e-05	2.4794775e-07	-3.1603907e-06	1.9636671e-07	1.7306253e-05	-4.6455528e-05	1.0394467e-05	0.0003011342	0.00030139164	0.00085416709
0.066	1	0.066	0	0	1	0	0	0	1	1	6.611959e-05	0.00030765783	-3.8859209e-06	0.00030373799	6.7478256e-05	3.1079903e-07	-3.3227457e-06	2.499992e-07	1.843361e-05	-5.0677152e-05	1.1003821e-05	0.00030765783	0.00030793874	0.00091221864
0.068	1	0.068	0	0	1	0	0	0	1	1	7.1966429e-05	0.00031414265	-4.0580169e-06	0.00030971217	7.3358687e-05	3.6966929e-07	-3.4766276e-06	3.0000858e-07	1.9586332e-05	-5.4970483e-05	1.1626222e-05	0.00031414265	0.00031444507	0.00096174567
0.07	1	0.07	0	0	1	0	0	0	1	1	7.7890537e-05	0.00032060149	-4.2213051e-06	0.00031563002	7.9323821e-05	4.2481902e-07	-3.6225838e-06	3.4664156e-07	2.0763108e-05	-5.9325822e-05	1.2261602e-05	0.00032060149	0.00032092379	0.001004296
0.072	1	0.072	0	0	1	0	0	0	1	1	8.388099e-05	0.00032704412	-4.3764122e-06	0.00032150164	8.5363182e-05	4.7653377e-07	-3.7611678e-06	3.9016621e-07	2.1962903e-05	-6.3735692e-05	1.2909917e-05	0.00032704412	0.00032738496	0.0010410836
0.074	1	0.074	0	0	1	0	0	0	1	1	8.9929284e-05	0.00033347808	-4.5239355e-06	0.00032733478	9.14686e-05	5.2510173e-07	-3.8929106e-06	4.3085186e-07	2.3184893e-05	-6.8194259e-05	1.3571142e-05	0.00033347808	0.00033383631	0.0010730597
0.076	1	0.076	0	0	1	0	0	0	1	1	9.6028716e-05	0.00033990925	-4.6644291e-06	0.00033313547	9.7633623e-05	5.7080178e-07	-4.0183085e-06	4.6895855e-07	2.4428412e-05	-7.2696917e-05	1.4245262e-05	0.00033990925	0.00034028389	0.0011009745
0.078	1	0.078	0	0	1	0	0	0	1	1	0.00010217394	0.00034634225	-4.7984004e-06	0.00033890843	0.00010385309	6.1389759e-07	-4.1378171e-06	5.0473181e-07	2.5692915e-05	-7.7239984e-05	1.4932277e-05	0.00034634225	0.00034673248	0.0011254259
0.08	1	0.08	0	0	1	0	0	0	1	1	0.00010836065	0.0003527808	-4.92631e-06	0.00034465742	0.00011012284	6.5463523e-07	-4.251852e-06	5.3840059e-07	2.6977954e-05	-8.1820482e-05	1.5632192e-05	0.0003527808	0.00035318587	0.0011468957
0.082	1	0.082	0	0	1	0	0	0	1	1	0.00011458533	0.00035922788	-5.0485743e-06	0.00035038546	0.00011643945	6.9324262e-07	-4.3607903e-06	5.7017695e-07	2.8283152e-05	-8.6435976e-05	1.6345021e-05	0.00035922788	0.00035964715	0.0011657768
0.084	1	0.084	0	0	1	0	0	0	1	1	0.00012084506	0.00036568594	-5.1655693e-06	0.00035609497	0.0001228001	7.2993009e-07	-4.4649733e-06	6.0025654e-07	2.9608193e-05	-9.1084453e-05	1.7070781e-05	0.00036568594	0.00036611883	0.0011823933
0.086	1	0.086	0	0	1	0	0	0	1	1	0.00012713745	0.00037215697	-5.2776347e-06	0.00036178794	0.00012920245	7.6489141e-07	-4.5647103e-06	6.2881965e-07	3.0952806e-05	-9.5764234e-05	1.7809496e-05	0.00037215697	0.00037260298	0.0011970156
0.088	1	0.088	0	0	1	0	0	0	1	1	0.00013346044	0.00037864266	-5.3850772e-06	0.00036746601	0.00013564451	7.9830502e-07	-4.6602817e-06	6.5603235e-07	3.231676e-05	-0.0001004739	1.8561193e-05	0.00037864266	0.00037910132	0.0012098711
0.09	1	0.09	0	0	1	0	0	0	1	1	0.00013981233	0.00038514442	-5.4881744e-06	0.00037313051	0.00014212459	8.3033534e-07	-4.751942e-06	6.8204775e-07	3.3699852e-05	-0.00010521226	1.9325901e-05	0.00038514442	0.00038561531	0.0012211534
0.092	1	0.092	0	0	1	0	0	0	1	1	0.00014619164	0.00039166344	-5.587178e-06	0.00037878258	0.00014864127	8.6113408e-07	-4.8399227e-06	7.0700715e-07	3.5101906e-05	-0.00010997827	2.0103654e-05	0.00039166344	0.00039214618	0.0012310281
0.094	1	0.094	0	0	1	0	0	0	1	1	0.0001525971	0.00039820074	-5.6823167e-06	0.00038442316	0.00015519328	8.9084136e-07	-4.9244349e-06	7.3104114e-07	3.6522769e-05	-0.00011477105	2.0894486e-05	0.00039820074	0.00039869498	0.0012396385
0.096	1	0.096	0	0	1	0	0	0	1	1	0.00015902761	0.00040475721	-5.7737987e-06	0.00039005304	0.00016177956	9.1958686e-07	-5.0056714e-06	7.5427065e-07	3.7962304e-05	-0.00011958983	2.1698434e-05	0.00040475721	0.00040526262	0.001247109
0.098	1	0.098	0	0	1	0	0	0	1	1	0.00016548222	0.00041133362	-5.861814e-06	0.0003956729	0.00016839917	9.4749078e-07	-5.0838088e-06	7.7680784e-07	3.9420389e-05	-0.00012443393	2.2515536e-05	0.00041133362	0.00041184989	0.0012535483
0.1	1	0.1	0	0	1	0	0	0	1	1	0.00017196009	0.00041793063	-5.9465365e-06	0.00040128332	0.00017505126	9.7466474e-07	-5.1590095e-06	7.987569e-07	4.0896914e-05	-0.00012930275	2.3345833e-05	0.00041793063	0.00041845749	0.0012590523
0.102	1	0.102	0	0	1	0	0	0	1	1	0.00017846046	0.00042454884	-6.0281253e-06	0.00040688478	0.00018173511	1.0012126e-06	-5.2314227e-06	8.2021483e-07	4.2391784e-05	-0.00013419578	2.4189366e-05	0.00042454884	0.00042508603	0.0012637056
0.104	1	0.104	0	0	1	0	0	0	1	1	0.00018498268	0.00043118879	-6.1067269e-06	0.00041247771	0.00018845006	1.027231e-06	-5.3011862e-06	8.4127204e-07	4.3904909e-05	-0.00013911255	2.5046178e-05	0.00043118879	0.00043173605	0.0012675834
0.106	1	0.106	0	0	1	0	0	0	1	1	0.00019152616	0.00043785094	-6.1824757e-06	0.00041806246	0.00019519553	1.0528104e-06	-5.3684274e-06	8.6201296e-07	4.543621e-05	-0.00014405263	2.5916311e-05	0.00043785094	0.00043840805	0.0012707528
0.108	1	0.108	0	0	1	0	0	0	1	1	0.00019809037	0.00044453572	-6.2554961e-06	0.00042363936	0.000201971	1.0780351e-06	-5.4332644e-06	8.8251657e-07	4.6985615e-05	-0.00014901566	2.679981e-05	0.00044453572	0.00044510246	0.0012732738
0.11	1	0.11	0	0	1	0	0	0	1	1	0.00020467483	0.00045124353	-6.3259028e-06	0.00042920868	0.000208776	1.1029841e-06	-5.4958068e-06	9.028568e-07	4.8553057e-05	-0.00015400129	2.769672e-05	0.00045124353	0.00045181969	0.0012752003
0.112	1	0.112	0	0	1	0	0	0	1	1	0.00021127911	0.00045797471	-6.3938019e-06	0.00043477065	0.00021561009	1.1277314e-06	-5.5561567e-06	9.23103e-07	5.0138478e-05	-0.00015900922	2.8607089e-05	0.00045797471	0.0004585601	0.001276581
0.114	1	0.114	0	0	1	0	0	0	1	1	0.00021790282	0.0004647296	-6.4592921e-06	0.00044032548	0.00022247288	1.1523466e-06	-5.6144094e-06	9.4332029e-07	5.1741823e-05	-0.00016403918	2.9530961e-05	0.0004647296	0.00046532403	0.0012774599
0.116	1	0.116	0	0	1	0	0	0	1	1	0.0002245456	0.00047150849	-6.5224647e-06	0.00044587334	0.00022936403	1.1768948e-06	-5.6706539e-06	9.6356986e-07	5.3363039e-05	-0.00016909089	3.0468385e-05	0.00047150849	0.00047211179	0.0012778769
0.118	1	0.118	0	0	1	0	0	0	1	1	0.00023120713	0.00047831166	-6.5834049e-06	0.00045141441	0.0002362832	1.2014376e-06	-5.7249733e-06	9.8390929e-07	5.5002083e-05	-0.00017416414	3.1419408e-05	0.00047831166	0.00047892366	0.0012778681
0.12	1	0.12	0	0	1	0	0	0	1	1	0.00023788711	0.00048513938	-6.6421919e-06	0.0004569488	0.0002432301	1.2260327e-06	-5.7774458e-06	1.0043928e-06	5.665891e-05	-0.00017925871	3.2384079e-05	0.00048513938	0.00048575992	0.0012774666
0.122	1	0.122	0	0	1	0	0	0	1	1	0.00024458525	0.00049199189	-6.6988998e-06	0.00046247666	0.00025020444	1.2507346e-06	-5.8281447e-06	1.0250715e-06	5.8333482e-05	-0.00018437439	3.3362448e-05	0.00049199189	0.00049262082	0.0012767025
0.124	1	0.124	0	0	1	0	0	0	1	1	0.00025130131	0.00049886942	-6.7535976e-06	0.00046799807	0.00025720598	1.2755947e-06	-5.8771392e-06	1.0459936e-06	6.0025762e-05	-0.00018951102	3.4354563e-05	0.00049886942	0.00049950659	0.0012756034
0.126	1	0.126	0	0	1	0	0	0	1	1	0.00025803504	0.0005057722	-6.8063499e-06	0.00047351314	0.00026423447	1.3006612e-06	-5.9244941e-06	1.0672046e-06	6.1735717e-05	-0.00019466841	3.5360474e-05	0.0005057722	0.00050641747	0.0012741945
0.128	1	0.128	0	0	1	0	0	0	1	1	0.00026478623	0.00051270042	-6.8572174e-06	0.00047902195	0.00027128969	1.3259801e-06	-5.9702711e-06	1.0887474e-06	6.3463316e-05	-0.00019984641	3.6380232e-05	0.00051270042	0.00051335367	0.0012724991
0.13	1	0.13	0	0	1	0	0	0	1	1	0.00027155466	0.0005196543	-6.9062567e-06	0.00048452457	0.00027837143	1.3515945e-06	-6.0145279e-06	1.1106626e-06	6.5208531e-05	-0.00020504488	3.7413889e-05	0.0005196543	0.00052031538	0.0012705385
0.132	1	0.132	0	0	1	0	0	0	1	1	0.00027834016	0.00052663403	-6.9535212e-06	0.00049002106	0.00028547951	1.3775452e-06	-6.0573197e-06	1.1329885e-06	6.6971334e-05	-0.00021026367	3.8461494e-05	0.00052663403	0.00052730282	0.0012683323
0.134	1	0.134	0	0	1	0	0	0	1	1	0.00028514253	0.00053363978	-6.9990609e-06	0.00049551148	0.00029261373	1.4038708e-06	-6.0986983e-06	1.1557615e-06	6.8751702e-05	-0.00021550265	3.95231e-05	0.00053363978	0.00053431617	0.0012658987
0.136	1	0.136	0	0	1	0	0	0	1	1	0.00029196162	0.00054067173	-7.0429229e-06	0.00050099587	0.00029977392	1.4306078e-06	-6.1387132e-06	1.1790157e-06	7.0549611e-05	-0.00022076171	4.0598759e-05	0.00054067173	0.0005413556	0.0012632544
0.138	1	0.138	0	0	1	0	0	0	1	1	0.00029879725	0.00054773006	-7.0851515e-06	0.00050647429	0.00030695992	1.4577906e-06	-6.1774113e-06	1.2027836e-06	7.2365039e-05	-0.00022604074	4.1688522e-05	0.00054773006	0.0005484213	0.0012604149
0.14	1	0.14	0	0	1	0	0	0	1	1	0.00030564929	0.00055481493	-7.1257885e-06	0.00051194677	0.00031417157	1.4854519e-06	-6.2148371e-06	1.2270958e-06	7.4197968e-05	-0.00023133961	4.2792444e-05	0.00055481493	0.00055551343	0.0012573946
0.142	1	0.142	0	0	1	0	0	0	1	1	0.00031251758	0.00056192651	-7.1648733e-06	0.00051741334	0.00032140873	1.5136225e-06	-6.2510332e-06	1.2519813e-06	7.6048378e-05	-0.00023665823	4.3910576e-05	0.00056192651	0.00056263217	0.0012542066
0.144	1	0.144	0	0	1	0	0	0	1	1	0.000319402	0.00056906495	-7.202443e-06	0.00052287404	0.00032867126	1.5423315e-06	-6.28604e-06	1.2774674e-06	7.7916253e-05	-0.00024199651	4.5042972e-05	0.00056906495	0.00056977766	0.0012508635
0.146	1	0.146	0	0	1	0	0	0	1	1	0.00032630242	0.0005762304	-7.2385329e-06	0.00052832888	0.00033595902	1.5716066e-06	-6.319896e-06	1.30358e-06	7.9801575e-05	-0.00024735434	4.6189687e-05	0.0005762304	0.00057695007	0.0012473766
0.148	1	0.148	0	0	1	0	0	0	1	1	0.00033321872	0.00058342302	-7.273176e-06	0.00053377788	0.00034327189	1.6014738e-06	-6.3526382e-06	1.3303436e-06	8.1704331e-05	-0.00025273165	4.7350773e-05	0.00058342302	0.00058414956	0.0012437567
0.15	1	0.15	0	0	1	0	0	0	1	1	0.00034015077	0.00059064295	-7.3064038e-06	0.00053922108	0.00035060974	1.6319577e-06	-6.3843019e-06	1.3577813e-06	8.3624506e-05	-0.00025812834	4.8526285e-05	0.00059064295	0.00059137627	0.0012400135
0.152	1	0.152	0	0	1	0	0	0	1	1	0.00034709849	0.00059789034	-7.338246e-06	0.00054465848	0.00035797245	1.6630815e-06	-6.4149206e-06	1.3859148e-06	8.5562086e-05	-0.00026354434	4.9716278e-05	0.00059789034	0.00059863034	0.0012361564
0.154	1	0.154	0	0	1	0	0	0	1	1	0.00035406174	0.00060516533	-7.3687308e-06	0.00055009009	0.0003653599	1.6948673e-06	-6.4445268e-06	1.4147647e-06	8.7517059e-05	-0.00026897957	5.0920806e-05	0.00060516533	0.00060591193	0.001232194
0.156	1	0.156	0	0	1	0	0	0	1	1	0.00036104045	0.00061246806	-7.3978847e-06	0.00055551594	0.000372772	1.7273356e-06	-6.4731513e-06	1.4443505e-06	8.9489414e-05	-0.00027443395	5.2139926e-05	0.00061246806	0.00061322118	0.0012281344
0.158	1	0.158	0	0	1	0	0	0	1	1	0.0003680345	0.00061979867	-7.4257333e-06	0.00056093602	0.00038020862	1.7605061e-06	-6.5008237e-06	1.4746902e-06	9.1479139e-05	-0.00027990742	5.3373691e-05	0.00061979867	0.00062055822	0.0012239849
0.16	1	0.16	0	0	1	0	0	0	1	1	0.00037504382	0.00062715729	-7.4523003e-06	0.00056635034	0.00038766968	1.794397e-06	-6.5275727e-06	1.5058013e-06	9.3486224e-05	-0.00028539991	5.4622158e-05	0.00062715729	0.0006279232	0.0012197527
0.162	1	0.162	0	0	1	0	0	0	1	1	0.0003820683	0.00063454405	-7.4776088e-06	0.00057175892	0.00039515506	1.8290258e-06	-6.5534255e-06	1.5376997e-06	9.5510659e-05	-0.00029091134	5.5885384e-05	0.00063454405	0.00063531624	0.0012154444
0.164	1	0.164	0	0	1	0	0	0	1	1	0.00038910786	0.0006419591	-7.5016802e-06	0.00057716176	0.00040266467	1.8644086e-06	-6.5784083e-06	1.5704006e-06	9.7552434e-05	-0.00029644165	5.7163423e-05	0.0006419591	0.0006427375	0.0012110659
0.166	1	0.166	0	0	1	0	0	0	1	1	0.00039616243	0.00064940255	-7.5245351e-06	0.00058255886	0.00041019841	1.9005607e-06	-6.6025466e-06	1.6039183e-06	9.961154e-05	-0.00030199079	5.8456334e-05	0.00064940255	0.00065018708	0.0012066232
0.168	1	0.168	0	0	1	0	0	0	1	1	0.00040323192	0.00065687455	-7.5461933e-06	0.00058795022	0.00041775619	1.9374965e-06	-6.6258646e-06	1.6382661e-06	0.00010168797	-0.00030755869	5.9764172e-05	0.00065687455	0.00065766514	0.0012021215
0.17	1	0.17	0	0	1	0	0	0	1	1	0.00041031625	0.00066437521	-7.5666731e-06	0.00059333585	0.00042533792	1.9752294e-06	-6.6483858e-06	1.6734563e-06	0.00010378171	-0.00031314529	6.1086994e-05	0.00066437521	0.0006651718	0.0011975659
0.172	1	0.172	0	0	1	0	0	0	1	1	0.00041741536	0.00067190466	-7.5859925e-06	0.00059871574	0.0004329435	2.0137719e-06	-6.6701327e-06	1.7095007e-06	0.00010589276	-0.00031875054	6.2424859e-05	0.00067190466	0.00067270718	0.0011929612
0.174	1	0.174	0	0	1	0	0	0	1	1	0.00042452916	0.00067946304	-7.6041682e-06	0.0006040899	0.00044057286	2.0531357e-06	-6.6911271e-06	1.74641e-06	0.00010802111	-0.00032437438	6.3777823e-05	0.00067946304	0.00068027141	0.0011883118
0.176	1	0.176	0	0	1	0	0	0	1	1	0.00043165759	0.00068705046	-7.6212163e-06	0.00060945832	0.0004482259	2.0933316e-06	-6.71139e-06	1.7841942e-06	0.00011016675	-0.00033001675	6.5145945e-05	0.00068705046	0.00068786463	0.0011836217
0.178	1	0.178	0	0	1	0	0	0	1	1	0.00043880058	0.00069466704	-7.6371522e-06	0.00061482101	0.00045590254	2.1343698e-06	-6.7309418e-06	1.8228626e-06	0.00011232967	-0.0003356776	6.6529282e-05	0.00069466704	0.00069548695	0.0011788951
0.18	1	0.18	0	0	1	0	0	0	1	1	0.00044595807	0.00070231292	-7.6519903e-06	0.00062017795	0.00046360269	2.1762597e-06	-6.7498019e-06	1.8624238e-06	0.00011450986	-0.00034135687	6.7927892e-05	0.00070231292	0.0007031385	0.0011741354
0.182	1	0.182	0	0	1	0	0	0	1	1	0.00045312999	0.0007099882	-7.6657448e-06	0.00062552916	0.00047132628	2.2190099e-06	-6.7679894e-06	1.9028856e-06	0.00011670733	-0.00034705453	6.9341836e-05	0.0007099882	0.0007108194	0.0011693462
0.184	1	0.184	0	0	1	0	0	0	1	1	0.00046031627	0.00071769302	-7.6784288e-06	0.00063087462	0.00047907321	2.2626284e-06	-6.7855224e-06	1.9442554e-06	0.00011892205	-0.00035277051	7.077117e-05	0.00071769302	0.00071852977	0.0011645307
0.186	1	0.186	0	0	1	0	0	0	1	1	0.00046751686	0.00072542749	-7.6900551e-06	0.00063621433	0.00048684342	2.3071224e-06	-6.8024187e-06	1.9865396e-06	0.00012115403	-0.00035850477	7.2215955e-05	0.00072542749	0.00072626974	0.001159692
0.188	1	0.188	0	0	1	0	0	0	1	1	0.0004747317	0.00073319173	-7.7006358e-06	0.00064154828	0.00049463681	2.3524986e-06	-6.8186955e-06	2.0297443e-06	0.00012340326	-0.00036425726	7.3676249e-05	0.00073319173	0.00073403942	0.0011548328
0.19	1	0.19	0	0	1	0	0	0	1	1	0.00048196073	0.00074098585	-7.7101825e-06	0.00064687648	0.00050245332	2.3987631e-06	-6.8343692e-06	2.0738747e-06	0.00012566972	-0.00037002792	7.5152112e-05	0.00074098585	0.00074183894	0.001149956
0.192	1	0.192	0	0	1	0	0	0	1	1	0.00048920389	0.00074880999	-7.7187062e-06	0.00065219892	0.00051029286	2.4459213e-06	-6.8494559e-06	2.1189358e-06	0.00012795342	-0.00037581672	7.6643605e-05	0.00074880999	0.0007496684	0.0011450641
0.194	1	0.194	0	0	1	0	0	0	1	1	0.00049646113	0.00075666424	-7.7262175e-06	0.00065751559	0.00051815535	2.4939782e-06	-6.8639713e-06	2.1649318e-06	0.00013025434	-0.00038162361	7.8150786e-05	0.00075666424	0.00075752794	0.0011401594
0.196	1	0.196	0	0	1	0	0	0	1	1	0.00050373239	0.00076454873	-7.7327266e-06	0.00066282648	0.00052604071	2.5429379e-06	-6.8779302e-06	2.2118664e-06	0.00013257248	-0.00038744853	7.9673716e-05	0.00076454873	0.00076541767	0.0011352442
0.198	1	0.198	0	0	1	0	0	0	1	1	0.00051101762	0.00077246358	-7.7382432e-06	0.0006681316	0.00053394888	2.5928044e-06	-6.8913475e-06	2.2597429e-06	0.00013490783	-0.00039329144	8.1212457e-05	0.00077246358	0.0007733377	0.0011303206
0.2	1	0.2	0	0	1	0	0	0	1	1	0.00051831677	0.00078040889	-7.7427765e-06	0.00067343094	0.00054187977	2.6435809e-06	-6.9042372e-06	2.3085639e-06	0.00013726038	-0.00039915231	8.2767067e-05	0.00078040889	0.00078128815	0.0011253906
0.202	1	0.202	0	0	1	0	0	0	1	1	0.00052562978	0.00078838479	-7.7463355e-06	0.00067872448	0.0005498333	2.6952702e-06	-6.916613e-06	2.3583318e-06	0.00013963013	-0.00040503107	8.4337609e-05	0.00078838479	0.00078926913	0.0011204561
0.204	1	0.204	0	0	1	0	0	0	1	1	0.00053295662	0.00079639138	-7.7489286e-06	0.00068401223	0.0005578094	2.7478747e-06	-6.9284884e-06	2.4090482e-06	0.00014201706	-0.00041092769	8.5924144e-05	0.00079639138	0.00079728076	0.0011155189
0.206	1	0.206	0	0	1	0	0	0	1	1	0.00054029721	0.00080442877	-7.7505641e-06	0.00068929418	0.000565808	2.8013963e-06	-6.9398763e-06	2.4607147e-06	0.00014442117	-0.00041684213	8.7526732e-05	0.00080442877	0.00080532315	0.0011105806
0.208	1	0.208	0	0	1	0	0	0	1	1	0.00054765153	0.00081249709	-7.7512497e-06	0.00069457032	0.00057382902	2.8558362e-06	-6.9507892e-06	2.513332e-06	0.00014684244	-0.00042277433	8.9145436e-05	0.00081249709	0.00081339641	0.0011056428
0.21	1	0.21	0	0	1	0	0	0	1	1	0.00055501951	0.00082059643	-7.750993e-06	0.00069984064	0.00058187237	2.9111957e-06	-6.9612395e-06	2.5669008e-06	0.00014928088	-0.00042872426	9.0780318e-05	0.00082059643	0.00082150066	0.001100707
0.212	1	0.212	0	0	1	0	0	0	1	1	0.00056240112	0.00082872692	-7.7498013e-06	0.00070510514	0.000589938	2.9674752e-06	-6.9712389e-06	2.621421e-06	0.00015173647	-0.00043469187	9.2431439e-05	0.00082872692	0.00082963601	0.0010957746
0.214	1	0.214	0	0	1	0	0	0	1	1	0.00056979631	0.00083688865	-7.7476814e-06	0.00071036382	0.00059802582	3.0246749e-06	-6.9807991e-06	2.6768926e-06	0.0001542092	-0.00044067711	9.4098862e-05	0.00083688865	0.00083780256	0.0010908469
0.216	1	0.216	0	0	1	0	0	0	1	1	0.00057720502	0.00084508174	-7.7446401e-06	0.00071561666	0.00060613576	3.0827947e-06	-6.9899313e-06	2.7333148e-06	0.00015669907	-0.00044667995	9.5782649e-05	0.00084508174	0.00084600044	0.0010859251
0.218	1	0.218	0	0	1	0	0	0	1	1	0.00058462723	0.00085330631	-7.7406837e-06	0.00072086366	0.00061426774	3.1418341e-06	-6.9986463e-06	2.7906867e-06	0.00015920605	-0.00045270034	9.7482864e-05	0.00085330631	0.00085422974	0.0010810104
0.22	1	0.22	0	0	1	0	0	0	1	1	0.00059206287	0.00086156245	-7.7358184e-06	0.00072610481	0.00062242168	3.2017921e-06	-7.0069548e-06	2.8490069e-06	0.00016173015	-0.00045873824	9.9199568e-05	0.00086156245	0.00086249058	0.001076104
0.222	1	0.222	0	0	1	0	0	0	1	1	0.00059951191	0.00086985027	-7.7300501e-06	0.00073134011	0.00063059752	3.2626675e-06	-7.0148672e-06	2.9082738e-06	0.00016427135	-0.0004647936	0.00010093283	0.00086985027	0.00087078306	0.0010712068
0.224	1	0.224	0	0	1	0	0	0	1	1	0.00060697431	0.00087816988	-7.7233845e-06	0.00073656954	0.00063879518	3.3244587e-06	-7.0223934e-06	2.9684854e-06	0.00016682965	-0.00047086638	0.0001026827	0.00087816988	0.00087910729	0.0010663198
0.226	1	0.226	0	0	1	0	0	0	1	1	0.00061445001	0.00088652139	-7.7158272e-06	0.00074179311	0.00064701457	3.3871638e-06	-7.0295434e-06	3.0296394e-06	0.00016940502	-0.00047695653	0.00010444926	0.00088652139	0.00088746339	0.001061444
0.228	1	0.228	0	0	1	0	0	0	1	1	0.00062193899	0.00089490491	-7.7073834e-06	0.00074701081	0.00065525564	3.4507807e-06	-7.0363266e-06	3.0917333e-06	0.00017199746	-0.00048306403	0.00010623255	0.00089490491	0.00089585145	0.0010565802
0.23	1	0.23	0	0	1	0	0	0	1	1	0.00062944119	0.00090332053	-7.6980583e-06	0.00075222262	0.00066351829	3.5153069e-06	-7.0427523e-06	3.1547642e-06	0.00017460696	-0.00048918881	0.00010803266	0.00090332053	0.00090427158	0.0010517293
0.232	1	0.232	0	0	1	0	0	0	1	1	0.00063695658	0.00091176836	-7.6878568e-06	0.00075742854	0.00067180246	3.5807395e-06	-7.0488295e-06	3.2187289e-06	0.0001772335	-0.00049533085	0.00010984964	0.00091176836	0.00091272388	0.001046892
0.234	1	0.234	0	0	1	0	0	0	1	1	0.00064448512	0.00092024851	-7.6767837e-06	0.00076262857	0.00068010807	3.6470757e-06	-7.0545672e-06	3.2836241e-06	0.00017987707	-0.00050149008	0.00011168356	0.00092024851	0.00092120847	0.001042069
0.236	1	0.236	0	0	1	0	0	0	1	1	0.00065202675	0.00092876108	-7.6648436e-06	0.0007678227	0.00068843504	3.714312e-06	-7.0599737e-06	3.3494461e-06	0.00018253766	-0.00050766648	0.00011353447	0.00092876108	0.00092972544	0.0010372611
0.238	1	0.238	0	0	1	0	0	0	1	1	0.00065958145	0.00093730617	-7.6520408e-06	0.00077301092	0.0006967833	3.7824449e-06	-7.0650576e-06	3.416191e-06	0.00018521526	-0.00051386	0.00011540246	0.00093730617	0.00093827491	0.0010324688
0.24	1	0.24	0	0	1	0	0	0	1	1	0.00066714918	0.00094588388	-7.6383798e-06	0.00077819322	0.00070515277	3.8514707e-06	-7.069827e-06	3.4838548e-06	0.00018790984	-0.0005200706	0.00011728757	0.00094588388	0.00094685696	0.0010276928
0.242	1	0.242	0	0	1	0	0	0	1	1	0.00067472989	0.00095449432	-7.6238647e-06	0.0007833696	0.00071354338	3.9213853e-06	-7.0742897e-06	3.5524329e-06	0.00019062141	-0.00052629822	0.00011918989	0.00095449432	0.0009554717	0.0010229337
0.244	1	0.244	0	0	1	0	0	0	1	1	0.00068232354	0.00096313758	-7.6084995e-06	0.00078854005	0.00072195504	3.9921845e-06	-7.0784536e-06	3.6219209e-06	0.00019334993	-0.00053254284	0.00012110946	0.00096313758	0.00096411924	0.0010181919
0.246	1	0.246	0	0	1	0	0	0	1	1	0.0006899301	0.00097181377	-7.5922882e-06	0.00079370457	0.00073038769	4.0638637e-06	-7.0823262e-06	3.692314e-06	0.00019609541	-0.0005388044	0.00012304636	0.00097181377	0.00097279967	0.001013468
0.248	1	0.248	0	0	1	0	0	0	1	1	0.00069754953	0.00098052298	-7.5752345e-06	0.00079886314	0.00073884124	4.1364184e-06	-7.0859148e-06	3.7636072e-06	0.00019885781	-0.00054508286	0.00012500066	0.00098052298	0.0009815131	0.0010087626
0.25	1	0.25	0	0	1	0	0	0	1	1	0.00070518179	0.00098926532	-7.557342e-06	0.00080401577	0.00074731562	4.2098437e-06	-7.0892267e-06	3.8357954e-06	0.00020163713	-0.00055137818	0.00012697242	0.00098926532	0.00099025962	0.0010040759
0.252	1	0.252	0	0	1	0	0	0	1	1	0.00071282684	0.00099804088	-7.5386145e-06	0.00080916244	0.00075581075	4.2841346e-06	-7.0922689e-06	3.9088731e-06	0.00020443335	-0.00055769032	0.0001289617	0.00099804088	0.00099903933	0.00099940842
0.254	1	0.254	0	0	1	0	0	0	1	1	0.00072048465	0.0010068498	-7.5190553e-06	0.00081430315	0.00076432655	4.3592857e-06	-7.0950481e-06	3.9828349e-06	0.00020724646	-0.00056401922	0.00013096857	0.0010068498	0.0010078523	0.00099476058
0.256	1	0.256	0	0	1	0	0	0	1	1	0.00072815516	0.0010156921	-7.4986678e-06	0.00081943789	0.00077286295	4.4352917e-06	-7.097571e-06	4.0576751e-06	0.00021007642	-0.00057036485	0.00013299311	0.0010156921	0.0010166987	0.00099013274
0.258	1	0.258	0	0	1	0	0	0	1	1	0.00073583836	0.0010245679	-7.4774554e-06	0.00082456666	0.00078141986	4.512147e-06	-7.0998441e-06	4.1333877e-06	0.00021292324	-0.00057672715	0.00013503537	0.0010245679	0.0010255786	0.00098552523
0.26	1	0.26	0	0	1	0	0	0	1	1	0.0007435342	0.0010334773	-7.4554211e-06	0.00082968945	0.00078999721	4.5898459e-06	-7.1018738e-06	4.2099669e-06	0.00021578688	-0.0005831061	0.00013709542	0.0010334773	0.0010344921	0.00098093837
0.262	1	0.262	0	0	1	0	0	0	1	1	0.00075124265	0.0010424204	-7.4325681e-06	0.00083480624	0.00079859492	4.6683825e-06	-7.1036663e-06	4.2874064e-06	0.00021866734	-0.00058950163	0.00013917334	0.0010424204	0.0010434392	0.00097637247
0.264	1	0.264	0	0	1	0	0	0	1	1	0.00075896366	0.0010513973	-7.4088995e-06	0.00083991705	0.0008072129	4.7477507e-06	-7.1052275e-06	4.3656999e-06	0.00022156458	-0.00059591372	0.00014126918	0.0010513973	0.0010524201	0.00097182781
0.266	1	0.266	0	0	1	0	0	0	1	1	0.00076669721	0.0010604082	-7.3844181e-06	0.00084502185	0.00081585109	4.8279444e-06	-7.1065633e-06	4.444841e-06	0.0002244786	-0.0006023423	0.00014338302	0.0010604082	0.0010614349	0.00096730466
0.268	1	0.268	0	0	1	0	0	0	1	1	0.00077444325	0.001069453	-7.3591269e-06	0.00085012065	0.0008245094	4.9089573e-06	-7.1076796e-06	4.5248231e-06	0.00022740937	-0.00060878734	0.00014551492	0.001069453	0.0010704836	0.00096280326
0.27	1	0.27	0	0	1	0	0	0	1	1	0.00078220175	0.0010785318	-7.3330287e-06	0.00085521344	0.00083318775	4.990783e-06	-7.1085818e-06	4.6056396e-06	0.00023035687	-0.00061524879	0.00014766495	0.0010785318	0.0010795664	0.00095832383
0.272	1	0.272	0	0	1	0	0	0	1	1	0.00078997268	0.0010876449	-7.3061263e-06	0.00086030021	0.00084188606	5.0734148e-06	-7.1092754e-06	4.6872836e-06	0.00023332109	-0.00062172661	0.00014983318	0.0010876449	0.0010886833	0.00095386661
0.274	1	0.274	0	0	1	0	0	0	1	1	0.00079775599	0.0010967922	-7.2784223e-06	0.00086538095	0.00085060425	5.1568462e-06	-7.1097659e-06	4.7697482e-06	0.00023630199	-0.00062822074	0.00015201968	0.0010967922	0.0010978345	0.00094943177
0.276	1	0.276	0	0	1	0	0	0	1	1	0.00080555166	0.0011059738	-7.2499194e-06	0.00087045566	0.00085934223	5.2410703e-06	-7.1100582e-06	4.8530265e-06	0.00023929956	-0.00063473115	0.00015422452	0.0011059738	0.00110702	0.00094501951
0.278	1	0.278	0	0	1	0	0	0	1	1	0.00081335964	0.00111519	-7.2206201e-06	0.00087552434	0.00086809994	5.3260803e-06	-7.1101577e-06	4.9371112e-06	0.00024231377	-0.00064125779	0.00015644776	0.00111519	0.0011162399	0.00094063
0.28	1	0.28	0	0	1	0	0	0	1	1	0.00082117991	0.0011244406	-7.190527e-06	0.00088058698	0.00087687729	5.4118691e-06	-7.110069e-06	5.0219952e-06	0.00024534461	-0.0006478006	0.00015868948	0.0011244406	0.0011254943	0.00093626339
0.282	1	0.282	0	0	1	0	0	0	1	1	0.00082901242	0.0011337258	-7.1596426e-06	0.00088564356	0.00088567418	5.4984298e-06	-7.1097972e-06	5.1076713e-06	0.00024839204	-0.00065435955	0.00016094974	0.0011337258	0.0011347834	0.00093191984
0.284	1	0.284	0	0	1	0	0	0	1	1	0.00083685715	0.0011430458	-7.1279692e-06	0.00089069409	0.00089449056	5.5857552e-06	-7.1093468e-06	5.1941319e-06	0.00025145606	-0.00066093459	0.00016322861	0.0011430458	0.0011441071	0.00092759947
0.286	1	0.286	0	0	1	0	0	0	1	1	0.00084471405	0.0011524005	-7.0955094e-06	0.00089573856	0.00090332632	5.673838e-06	-7.1087225e-06	5.2813696e-06	0.00025453662	-0.00066752566	0.00016552617	0.0011524005	0.0011534655	0.00092330242
0.288	1	0.288	0	0	1	0	0	0	1	1	0.0008525831	0.0011617902	-7.0622653e-06	0.00090077697	0.00091218139	5.7626708e-06	-7.1079288e-06	5.369377e-06	0.00025763371	-0.00067413273	0.00016784248	0.0011617902	0.0011628589	0.00091902879
0.29	1	0.29	0	0	1	0	0	0	1	1	0.00086046425	0.0011712148	-7.0282394e-06	0.0009058093	0.00092105569	5.8522464e-06	-7.1069699e-06	5.4581464e-06	0.0002607473	-0.00068075575	0.00017017761	0.0011712148	0.0011722871	0.0009147787
0.292	1	0.292	0	0	1	0	0	0	1	1	0.00086835748	0.0011806744	-6.9934339e-06	0.00091083556	0.00092994913	5.9425573e-06	-7.1058502e-06	5.5476701e-06	0.00026387737	-0.00068739466	0.00017253163	0.0011806744	0.0011817505	0.00091055223
0.294	1	0.294	0	0	1	0	0	0	1	1	0.00087626274	0.0011901692	-6.9578509e-06	0.00091585573	0.00093886162	6.0335958e-06	-7.1045737e-06	5.6379404e-06	0.00026702388	-0.00069404942	0.00017490461	0.0011901692	0.0011912489	0.00090634947
0.296	1	0.296	0	0	1	0	0	0	1	1	0.00088418002	0.0011996992	-6.9214928e-06	0.00092086982	0.0009477931	6.1253546e-06	-7.1031445e-06	5.7289495e-06	0.00027018682	-0.00070071998	0.00017729662	0.0011996992	0.0012007825	0.0009021705
0.298	1	0.298	0	0	1	0	0	0	1	1	0.00089210926	0.0012092645	-6.8843616e-06	0.00092587781	0.00095674346	6.2178257e-06	-7.1015666e-06	5.8206896e-06	0.00027336616	-0.00070740629	0.00017970774	0.0012092645	0.0012103514	0.0008980154
0.3	1	0.3	0	0	1	0	0	0	1	1	0.00090005044	0.0012188652	-6.8464595e-06	0.0009308797	0.00096571263	6.3110017e-06	-7.0998437e-06	5.9131528e-06	0.00027656187	-0.00071410831	0.00018213803	inf	inf	inf
