lambda	F11	F12	F13	F21	F22	F23	F31	F32	F33	J	P11	P12	P13	P21	P22	P23	P31	P32	P33	p	StrEn	t(1)	t(2)	d
0	1	0	0	0	1	0	0	0	1	1	0	0	0	0	0	0	0	0	0	-0	0	inf	inf	inf
-0.002	0.998	0	0	-0	1.0010765	-0	-0	-0	1.0006919	0.99976562	-3.9793154e-07	-1.3636456e-08	1.3451374e-08	-1.4009099e-08	-1.5578724e-09	-1.9880911e-09	1.4550526e-08	-6.861149e-10	-3.6039945e-10	1.3328327e-07	4.5156035e-10	-3.9700168e-07	-3.7667339e-07	-0.053967958
-0.004	0.996	0	0	-0	1.0020646	-0	-0	-0	1.0013957	0.99944937	-6.5368789e-07	-2.5146489e-08	3.531561e-08	-2.7446729e-08	-2.7476319e-09	-8.9964512e-09	3.5996871e-08	-6.5459338e-09	-4.4694933e-10	2.1896082e-07	1.5066935e-09	-6.5222542e-07	-6.5520436e-07	0.0045465769
-0.006	0.994	0	0	-0	1.0029728	-0	-0	-0	1.002123	0.99907142	-9.1422097e-07	-3.7795058e-08	5.9629795e-08	-4.1750279e-08	-3.4212361e-09	-1.6655285e-08	6.0071117e-08	-1.3360877e-08	-3.36289e-10	3.0599283e-07	3.0723778e-09	-9.1259108e-07	-9.161336e-07	0.0038668207
-0.008	0.992	0	0	-0	1.0038261	-0	-0	-0	1.0028616	0.99864513	-1.1875292e-06	-5.1464973e-08	8.5257012e-08	-5.6778992e-08	-3.6911532e-09	-2.258702e-08	8.572518e-08	-1.8713373e-08	-9.6297728e-11	3.9710554e-07	5.171228e-09	-1.1859526e-06	-1.1882689e-06	0.0019492964
-0.01	0.99	0	0	-0	1.0046426	-0	-0	-0	1.0036026	0.99817937	-1.4697874e-06	-6.5653966e-08	1.1161329e-07	-7.2116886e-08	-3.647297e-09	-2.5873598e-08	1.1236092e-07	-2.1617766e-08	2.5421548e-10	4.9106015e-07	7.8254534e-09	-1.4684164e-06	-1.4694552e-06	0.00070695157
-0.012	0.988	0	0	-0	1.0054328	-0	-0	-0	1.0043409	0.99767964	-1.7569017e-06	-7.9811215e-08	1.3825194e-07	-8.7284776e-08	-3.3493455e-09	-2.6580403e-08	1.3951082e-07	-2.2081383e-08	7.16622e-10	5.8651149e-07	1.1049049e-08	-1.7558592e-06	-1.75581e-06	-2.8028966e-05
-0.014	0.986	0	0	-0	1.0062024	-0	-0	-0	1.0050733	0.99714877	-2.0455927e-06	-9.3333705e-08	1.6480822e-07	-1.0172341e-07	-2.830559e-09	-2.5129949e-08	1.6678906e-07	-2.0485348e-08	1.3012252e-09	6.8237402e-07	1.4848693e-08	-2.0449899e-06	-2.0440635e-06	-0.00045320358
-0.016	0.984	0	0	-0	1.0069542	-0	-0	-0	1.0057974	0.99658731	-2.3333032e-06	-1.0550462e-07	1.9096391e-07	-1.1473104e-07	-2.1013558e-09	-2.1928715e-08	1.9385867e-07	-1.7208189e-08	2.0277157e-09	7.7779229e-07	1.9225303e-08	-2.333251e-06	-2.3316215e-06	-0.00069886259
-0.018	0.982	0	0	-0	1.0076891	-0	-0	-0	1.006511	0.99599373	-2.617906e-06	-1.1540452e-07	2.1641525e-07	-1.2537503e-07	-1.1533488e-09	-1.725645e-08	2.2039957e-07	-1.2510687e-08	2.9264369e-09	8.720443e-07	2.417518e-08	-2.6185216e-06	-2.6163181e-06	-0.00084223419
-0.02	0.98	0	0	-0	1.0084061	-0	-0	-0	1.0072111	0.99536426	-2.8974012e-06	-1.2179938e-07	2.4084477e-07	-1.3237865e-07	3.6089194e-11	-1.1283571e-08	2.4607857e-07	-6.5494592e-09	4.0384683e-09	9.6444223e-07	2.9690575e-08	-2.8988099e-06	-2.8961284e-06	-0.00092590851
-0.022	0.978	0	0	-0	1.0091024	-0	-0	-0	1.0078937	0.99469251	-3.1696378e-06	-1.2301796e-07	2.6389907e-07	-1.33995e-07	1.4983066e-09	-4.1408532e-09	2.7052457e-07	5.5660664e-10	5.4143389e-09	1.0542417e-06	3.5759693e-08	-3.1719668e-06	-3.1688932e-06	-0.00096992319
-0.024	0.976	0	0	-0	1.0097737	-0	-0	-0	1.0085533	0.99396874	-3.4320621e-06	-1.168721e-07	2.8517723e-07	-1.2792337e-07	3.2646017e-09	3.9705586e-09	2.9331385e-07	8.6195451e-09	7.1097017e-09	1.1405626e-06	4.2366148e-08	-3.4354224e-06	-3.4320695e-06	-0.00097693982
-0.026	0.974	0	0	-0	1.0104133	-0	-0	-0	1.0091823	0.9931793	-3.6815345e-06	-1.0076617e-07	3.042383e-07	-1.1142237e-07	5.3504485e-09	1.261446e-08	3.1397416e-07	1.7221168e-08	9.1744938e-09	1.2223365e-06	4.9487971e-08	-3.6859859e-06	-3.6825509e-06	-0.00093275469
-0.028	0.972	0	0	-0	1.0110126	-0	-0	-0	1.0097715	0.99230675	-3.9143216e-06	-7.2264416e-08	3.206312e-07	-8.1903562e-08	7.7304426e-09	2.0901699e-08	3.3201038e-07	2.5498702e-08	1.1632285e-08	1.2983196e-06	5.7096352e-08	-3.9198205e-06	-3.9166574e-06	-0.00080761658
-0.03	0.97	0	0	-0	1.0115618	-0	-0	-0	1.01031	0.99133129	-4.1263919e-06	-3.0354737e-08	3.3390905e-07	-3.8261227e-08	1.0310294e-08	2.7291131e-08	3.4691371e-07	3.1947346e-08	1.445279e-08	1.3672096e-06	6.5154601e-08	-4.1327396e-06	-4.1304006e-06	-0.00056629678
-0.032	0.968	0	0	-0	1.0120515	-0	-0	-0	1.0107872	0.99023372	-4.3139817e-06	2.2863312e-08	3.435165e-07	1.7341439e-08	1.2916981e-08	2.9584261e-08	3.5804197e-07	3.4411183e-08	1.7533566e-08	1.4278437e-06	7.3617954e-08	-4.3208037e-06	-4.3200048e-06	-0.00018492931
-0.034	0.966	0	0	-0	1.0124742	-0	-0	-0	1.0111942	0.98899853	-4.4742007e-06	8.124878e-08	3.4848264e-07	7.8474348e-08	1.5333549e-08	2.5358556e-08	3.6430624e-07	3.0504599e-08	2.0713802e-08	1.4793845e-06	8.243462e-08	-4.4809936e-06	-4.4825367e-06	0.00034424335
-0.036	0.964	0	0	-0	1.0128257	-0	-0	-0	1.0115258	0.9876174	-4.6056955e-06	1.3602513e-07	3.4727194e-07	1.359087e-07	1.7383772e-08	1.3063625e-08	3.6403526e-07	1.8689482e-08	2.3828063e-08	1.5214945e-06	9.1548101e-08	-4.6119611e-06	-4.6166405e-06	0.0010136001
-0.038	0.962	0	0	-0	1.0131081	-0	-0	-0	1.0117835	0.98609433	-4.7095815e-06	1.7978804e-07	3.3855849e-07	1.8184808e-07	1.902004e-08	-6.5709346e-09	3.5580938e-07	-3.3123204e-10	2.6772959e-08	1.5545962e-06	1.0090118e-07	-4.7149965e-06	-4.7233389e-06	0.0017662117
-0.04	0.96	0	0	-0	1.0133304	-0	-0	-0	1.0119763	0.98444772	-4.7897378e-06	2.100448e-07	3.2259775e-07	2.1367014e-07	2.0324406e-08	-3.0430286e-08	3.3990019e-07	-2.3497395e-08	2.9529783e-08	1.5799612e-06	1.1044146e-07	-4.794225e-06	-4.8061764e-06	0.0024866679
-0.042	0.958	0	0	-0	1.0135053	-0	-0	-0	1.012118	0.98270385	-4.8514343e-06	2.2867987e-07	3.01371e-07	2.3335916e-07	2.1417899e-08	-5.4869994e-08	3.1840184e-07	-4.7216753e-08	3.2126418e-08	1.5992966e-06	1.2012589e-07	-4.8550874e-06	-4.8701063e-06	0.0030838825
-0.044	0.956	0	0	-0	1.0136449	-0	-0	-0	1.0122215	0.98088772	-4.8995529e-06	2.3902075e-07	2.7737026e-07	2.4440909e-07	2.2388331e-08	-7.741626e-08	2.9394134e-07	-6.9047337e-08	3.4594227e-08	1.6141901e-06	1.2992188e-07	-4.9025208e-06	-4.919938e-06	0.003540129
-0.046	0.954	0	0	-0	1.0137589	-0	-0	-0	1.012297	0.97901873	-4.9378259e-06	2.4393993e-07	2.5260267e-07	2.4982771e-07	2.3281165e-08	-9.6999804e-08	2.6863218e-07	-8.7933516e-08	3.6954029e-08	1.6258636e-06	1.3980564e-07	-4.9402468e-06	-4.9594867e-06	0.0038794081
-0.048	0.952	0	0	-0	1.0138539	-0	-0	-0	1.0123519	0.97711079	-4.968893e-06	2.4543094e-07	2.2835112e-07	2.5169616e-07	2.4115904e-08	-1.134545e-07	2.4382559e-07	-1.0371267e-07	3.9218336e-08	1.6351862e-06	1.4975983e-07	-4.9708769e-06	-4.991502e-06	0.0041320472
-0.05	0.95	0	0	-0	1.0139347	-0	-0	-0	1.0123913	0.97517368	-4.9945885e-06	2.44774e-07	2.0531553e-07	2.5134679e-07	2.4900174e-08	-1.2703662e-07	2.2026026e-07	-1.166402e-07	4.1395491e-08	1.6427643e-06	1.5977165e-07	-4.9962187e-06	-5.0179072e-06	0.0043222084
-0.052	0.948	0	0	-0	1.0140047	-0	-0	-0	1.0124187	0.97321427	-5.0161974e-06	2.4277486e-07	1.8381506e-07	2.4961553e-07	2.5637105e-08	-1.3814419e-07	1.9827492e-07	-1.2711178e-07	4.3492053e-08	1.6490228e-06	1.6983146e-07	-5.0175368e-06	-5.0400505e-06	0.0044669504
-0.054	0.946	0	0	-0	1.0140664	-0	-0	-0	1.0124368	0.97123751	-5.034636e-06	2.3994248e-07	1.6394459e-07	2.4702875e-07	2.6328469e-08	-1.4718521e-07	1.7797258e-07	-1.3553285e-07	4.5513797e-08	1.6542646e-06	1.7993185e-07	-5.0357323e-06	-5.0588919e-06	0.0045780013
-0.056	0.944	0	0	-0	1.0141214	-0	-0	-0	1.0124476	0.96924701	-5.0505701e-06	2.3660229e-07	1.4567612e-07	2.43922e-07	2.6975837e-08	-1.5452603e-07	1.593269e-07	-1.422674e-07	4.7466047e-08	1.6587094e-06	1.9006703e-07	-5.0514603e-06	-5.075128e-06	0.0046634785
-0.058	0.942	0	0	-0	1.0141711	-0	-0	-0	1.0124523	0.96724548	-5.0644934e-06	2.3296527e-07	1.2891956e-07	2.4051217e-07	2.7580907e-08	-1.6047707e-07	1.4224593e-07	-1.4762383e-07	4.9353762e-08	1.6625196e-06	2.0023236e-07	-5.0652063e-06	-5.089274e-06	0.0047291063
-0.06	0.94	0	0	-0	1.0142165	-0	-0	-0	1.0124522	0.96523495	-5.0767784e-06	2.2916989e-07	1.1355767e-07	2.3694114e-07	2.8145549e-08	-1.6529405e-07	1.2660885e-07	-1.5185623e-07	5.1181549e-08	1.6658171e-06	2.1042412e-07	-5.0773369e-06	-5.101718e-06	0.0047790106
-0.062	0.938	0	0	-0	1.0142583	-0	-0	-0	1.012448	0.963217	-5.0877108e-06	2.2530783e-07	9.9465361e-08	2.3330256e-07	2.8671742e-08	-1.6918486e-07	1.1228625e-07	-1.5517114e-07	5.2953662e-08	1.6686951e-06	2.2063923e-07	-5.0881334e-06	-5.1127576e-06	0.0048162325
-0.064	0.936	0	0	-0	1.0142971	-0	-0	-0	1.0124404	0.96119285	-5.0975132e-06	2.2144005e-07	8.6520072e-08	2.2965848e-07	2.9161514e-08	-1.7231756e-07	9.9151018e-08	-1.5773552e-07	5.4674002e-08	1.6712259e-06	2.3087515e-07	-5.097815e-06	-5.1226241e-06	0.0048430611
-0.066	0.934	0	0	-0	1.0143335	-0	-0	-0	1.01243	0.95916348	-5.1063612e-06	2.1760705e-07	7.4606832e-08	2.2604993e-07	2.9616881e-08	-1.7482784e-07	8.7083769e-08	-1.5968418e-07	5.6346136e-08	1.6734661e-06	2.4112973e-07	-5.1065546e-06	-5.1315001e-06	0.0048612535
-0.068	0.932	0	0	-0	1.0143677	-0	-0	-0	1.0124171	0.95712968	-5.1143953e-06	2.1383545e-07	6.3620459e-08	2.2250376e-07	3.003981e-08	-1.768254e-07	7.5975161e-08	-1.6112607e-07	5.7973312e-08	1.6754607e-06	2.5140115e-07	-5.1144908e-06	-5.1395316e-06	0.0048721834
-0.07	0.93	0	0	-0	1.0144001	-0	-0	-0	1.0124021	0.95509208	-5.1217291e-06	2.1014245e-07	5.3466146e-08	2.1903718e-07	3.0432187e-08	-1.7839915e-07	6.5726557e-08	-1.6214953e-07	5.955849e-08	1.6772461e-06	2.6168786e-07	-5.1217355e-06	-5.1468363e-06	0.0048769421
-0.072	0.928	0	0	-0	1.0144309	-0	-0	-0	1.0123852	0.95305121	-5.1284554e-06	2.065387e-07	4.4059191e-08	2.1566073e-07	3.0795806e-08	-1.7962144e-07	5.6249769e-08	-1.6282641e-07	6.1104359e-08	1.6788518e-06	2.719885e-07	-5.1283802e-06	-5.1535108e-06	0.0048764096
-0.074	0.926	0	0	-0	1.0144603	-0	-0	-0	1.0123668	0.95100749	-5.1346509e-06	2.0303032e-07	3.5324304e-08	2.1238038e-07	3.1132361e-08	-1.8055137e-07	4.7466372e-08	-1.6321541e-07	6.2613371e-08	1.6803017e-06	2.823019e-07	-5.1345005e-06	-5.1596346e-06	0.0048713054
-0.076	0.924	0	0	-0	1.0144886	-0	-0	-0	1.0123469	0.94896129	-5.1403791e-06	1.9962031e-07	2.7194755e-08	2.0919893e-07	3.1443441e-08	-1.812374e-07	3.9306819e-08	-1.6336464e-07	6.4087758e-08	1.681616e-06	2.9262704e-07	-5.1401591e-06	-5.1652739e-06	0.0048622248
-0.078	0.922	0	0	-0	1.0145157	-0	-0	-0	1.0123259	0.94691291	-5.1456938e-06	1.9630949e-07	1.9611467e-08	2.0611696e-07	3.1730535e-08	-1.8171946e-07	3.1709513e-08	-1.6331375e-07	6.5529555e-08	1.6828112e-06	3.02963e-07	-5.145409e-06	-5.1704842e-06	0.0048496658
-0.08	0.92	0	0	-0	1.014542	-0	-0	-0	1.0123037	0.94486261	-5.15064e-06	1.9309717e-07	1.2522143e-08	2.0313356e-07	3.1995034e-08	-1.8203058e-07	2.4619907e-08	-1.6309554e-07	6.6940624e-08	1.6839015e-06	3.1330897e-07	-5.1502948e-06	-5.1753125e-06	0.0048340493
-0.082	0.918	0	0	-0	1.0145673	-0	-0	-0	1.0122806	0.94281061	-5.1552564e-06	1.8998164e-07	5.8804613e-09	2.002468e-07	3.2238233e-08	-1.8219819e-07	1.7989673e-08	-1.6273724e-07	6.832267e-08	1.6848985e-06	3.2366425e-07	-5.1548544e-06	-5.179799e-06	0.004815734
-0.084	0.916	0	0	-0	1.014592	-0	-0	-0	1.0122566	0.94075709	-5.1595759e-06	1.8696049e-07	-3.5465528e-10	1.9745408e-07	3.2461343e-08	-1.8224517e-07	1.177594e-08	-1.6226153e-07	6.9677255e-08	1.6858124e-06	3.3402817e-07	-5.1591205e-06	-5.1839779e-06	0.0047950284
-0.086	0.914	0	0	-0	1.014616	-0	-0	-0	1.0122318	0.93870223	-5.1636269e-06	1.8403091e-07	-6.2196875e-09	1.9475236e-07	3.2665489e-08	-1.8219066e-07	5.940628e-09	-1.6168742e-07	7.1005816e-08	1.6866519e-06	3.4440016e-07	-5.1631212e-06	-5.1878788e-06	0.0047721995
-0.088	0.912	0	0	-0	1.0146393	-0	-0	-0	1.0122063	0.93664617	-5.1674342e-06	1.8118978e-07	-1.174709e-08	1.9213835e-07	3.2851723e-08	-1.8205073e-07	4.4985146e-10	-1.6103086e-07	7.2309678e-08	1.6874243e-06	3.5477968e-07	-5.1668808e-06	-5.1915275e-06	0.0047474802
-0.09	0.91	0	0	-0	1.0146621	-0	-0	-0	1.0121802	0.93458902	-5.1710192e-06	1.7843386e-07	-1.6965788e-08	1.8960864e-07	3.3021024e-08	-1.8183894e-07	-4.7265955e-09	-1.6030528e-07	7.3590061e-08	1.688136e-06	3.6516627e-07	-5.1704206e-06	-5.1949463e-06	0.0047210745
-0.092	0.908	0	0	-0	1.0146844	-0	-0	-0	1.0121535	0.9325309	-5.1744007e-06	1.7575985e-07	-2.1901618e-08	1.8715978e-07	3.3174307e-08	-1.8156673e-07	-9.6156926e-09	-1.5952202e-07	7.4848094e-08	1.6887928e-06	3.7555947e-07	-5.1737591e-06	-5.1981549e-06	0.0046931623
-0.094	0.906	0	0	-0	1.0147063	-0	-0	-0	1.0121263	0.93047191	-5.1775953e-06	1.7316447e-07	-2.6577696e-08	1.8478833e-07	3.3312425e-08	-1.8124381e-07	-1.4241586e-08	-1.586907e-07	7.6084824e-08	1.6893994e-06	3.8595889e-07	-5.1769127e-06	-5.2011705e-06	0.0046639033
-0.096	0.904	0	0	-0	1.0147277	-0	-0	-0	1.0120987	0.92841213	-5.1806177e-06	1.7064449e-07	-3.1014757e-08	1.8249094e-07	3.3436177e-08	-1.8087841e-07	-1.8625929e-08	-1.578195e-07	7.7301222e-08	1.6899601e-06	3.9636415e-07	-5.1798959e-06	-5.2040084e-06	0.0046334392
-0.098	0.902	0	0	-0	1.0147487	-0	-0	-0	1.0120706	0.92635163	-5.1834808e-06	1.6819674e-07	-3.5231429e-08	1.8026432e-07	3.3546309e-08	-1.8047757e-07	-2.278818e-08	-1.5691537e-07	7.8498192e-08	1.6904788e-06	4.0677492e-07	-5.1827215e-06	-5.2066822e-06	0.0046018969
-0.1	0.9	0	0	-0	1.0147694	-0	-0	-0	1.0120422	0.92429049	-5.1861962e-06	1.658182e-07	-3.9244489e-08	1.7810533e-07	3.364352e-08	-1.8004728e-07	-2.674586e-08	-1.5598424e-07	7.9676573e-08	1.6909587e-06	4.1719088e-07	-5.185401e-06	-5.2092039e-06	0.0045693902
-0.102	0.898	0	0	-0	1.0147898	-0	-0	-0	1.0120134	0.92222877	-5.1887742e-06	1.6350591e-07	-4.3069074e-08	1.7601094e-07	3.3728467e-08	-1.7959267e-07	-3.0514777e-08	-1.550312e-07	8.0837153e-08	1.6914028e-06	4.2761174e-07	-5.1879445e-06	-5.2115843e-06	0.0045360214
-0.104	0.896	0	0	-0	1.0148098	-0	-0	-0	1.0119843	0.92016652	-5.191224e-06	1.6125707e-07	-4.6718869e-08	1.7397824e-07	3.3801763e-08	-1.7911814e-07	-3.4109221e-08	-1.5406057e-07	8.1980663e-08	1.6918139e-06	4.3803722e-07	-5.1903611e-06	-5.2138332e-06	0.0045018831
-0.106	0.894	0	0	-0	1.0148296	-0	-0	-0	1.0119549	0.91810378	-5.193554e-06	1.5906899e-07	-5.0206272e-08	1.7200448e-07	3.3863986e-08	-1.7862746e-07	-3.7542136e-08	-1.530761e-07	8.3107793e-08	1.6921941e-06	4.4846707e-07	-5.1926592e-06	-5.2159592e-06	0.0044670589
-0.108	0.892	0	0	-0	1.0148491	-0	-0	-0	1.0119252	0.91604061	-5.1957716e-06	1.5693912e-07	-5.3542537e-08	1.7008703e-07	3.3915678e-08	-1.7812386e-07	-4.0825266e-08	-1.5208098e-07	8.4219185e-08	1.6925456e-06	4.5890105e-07	-5.1948461e-06	-5.2179702e-06	0.0044316249
-0.11	0.89	0	0	-0	1.0148684	-0	-0	-0	1.0118953	0.91397705	-5.1978838e-06	1.54865e-07	-5.6737896e-08	1.6822339e-07	3.3957351e-08	-1.7761014e-07	-4.396929e-08	-1.5107795e-07	8.5315445e-08	1.6928703e-06	4.6933895e-07	-5.1969286e-06	-5.2198733e-06	0.0043956502
-0.112	0.888	0	0	-0	1.0148874	-0	-0	-0	1.0118652	0.91191313	-5.1998965e-06	1.5284434e-07	-5.980167e-08	1.6641119e-07	3.3989486e-08	-1.7708869e-07	-4.6983933e-08	-1.5006939e-07	8.6397141e-08	1.69317e-06	4.7978055e-07	-5.1989127e-06	-5.221675e-06	0.0043591979
-0.114	0.886	0	0	-0	1.0149062	-0	-0	-0	1.0118348	0.90984888	-5.2018155e-06	1.5087492e-07	-6.2742369e-08	1.6464818e-07	3.4012535e-08	-1.7656159e-07	-4.9878067e-08	-1.4905733e-07	8.746481e-08	1.6934461e-06	4.9022565e-07	-5.200804e-06	-5.2233811e-06	0.0043223255
-0.116	0.884	0	0	-0	1.0149249	-0	-0	-0	1.0118043	0.90778434	-5.2036459e-06	1.4895466e-07	-6.556777e-08	1.6293224e-07	3.4026927e-08	-1.7603061e-07	-5.2659801e-08	-1.4804351e-07	8.8518957e-08	1.6937e-06	5.0067407e-07	-5.2026075e-06	-5.2249971e-06	0.004285086
-0.118	0.882	0	0	-0	1.0149433	-0	-0	-0	1.0117737	0.90571953	-5.2053923e-06	1.4708158e-07	-6.8284996e-08	1.6126134e-07	3.4033065e-08	-1.7549728e-07	-5.5336555e-08	-1.4702945e-07	8.9560058e-08	1.6939331e-06	5.1112564e-07	-5.204328e-06	-5.2265278e-06	0.0042475277
-0.12	0.88	0	0	-0	1.0149616	-0	-0	-0	1.0117428	0.90365448	-5.207059e-06	1.452538e-07	-7.0900582e-08	1.596336e-07	3.4031332e-08	-1.7496294e-07	-5.7915135e-08	-1.4601644e-07	9.0588565e-08	1.6941464e-06	5.2158018e-07	-5.2059695e-06	-5.2279777e-06	0.004209695
-0.122	0.878	0	0	-0	1.0149796	-0	-0	-0	1.0117119	0.90158922	-5.2086498e-06	1.4346954e-07	-7.342053e-08	1.5804718e-07	3.4022087e-08	-1.7442871e-07	-6.040179e-08	-1.4500558e-07	9.1604904e-08	1.6943409e-06	5.3203755e-07	-5.207536e-06	-5.2293509e-06	0.0041716289
-0.124	0.876	0	0	-0	1.0149976	-0	-0	-0	1.0116808	0.89952375	-5.2101685e-06	1.4172711e-07	-7.5850364e-08	1.565004e-07	3.4005674e-08	-1.7389558e-07	-6.2802266e-08	-1.4399784e-07	9.2609478e-08	1.6945178e-06	5.4249759e-07	-5.209031e-06	-5.2306512e-06	0.004133367
-0.126	0.874	0	0	-0	1.0150154	-0	-0	-0	1.0116496	0.89745812	-5.2116184e-06	1.4002491e-07	-7.8195176e-08	1.5499163e-07	3.3982415e-08	-1.7336438e-07	-6.5121856e-08	-1.4299403e-07	9.3602672e-08	1.6946778e-06	5.5296015e-07	-5.2104578e-06	-5.2318821e-06	0.0040949442
-0.128	0.872	0	0	-0	1.015033	-0	-0	-0	1.0116184	0.89539232	-5.2130024e-06	1.3836141e-07	-8.0459662e-08	1.5351933e-07	3.3952619e-08	-1.7283583e-07	-6.736544e-08	-1.4199484e-07	9.4584849e-08	1.6948217e-06	5.6342511e-07	-5.2118196e-06	-5.2330469e-06	0.0040563924
-0.13	0.87	0	0	-0	1.0150506	-0	-0	-0	1.011587	0.89332639	-5.2143235e-06	1.3673518e-07	-8.2648166e-08	1.5208206e-07	3.3916575e-08	-1.7231055e-07	-6.9537527e-08	-1.4100088e-07	9.5556355e-08	1.6949502e-06	5.7389234e-07	-5.213119e-06	-5.2341484e-06	0.0040177414
-0.132	0.868	0	0	-0	1.0150679	-0	-0	-0	1.0115556	0.89126033	-5.2155843e-06	1.3514485e-07	-8.4764706e-08	1.5067844e-07	3.3874562e-08	-1.7178906e-07	-7.1642286e-08	-1.4001263e-07	9.6517519e-08	1.6950641e-06	5.8436171e-07	-5.2143586e-06	-5.2351895e-06	0.0039790186
-0.134	0.866	0	0	-0	1.0150852	-0	-0	-0	1.011524	0.88919416	-5.2167872e-06	1.3358912e-07	-8.6813007e-08	1.4930716e-07	3.382684e-08	-1.7127181e-07	-7.3683577e-08	-1.3903054e-07	9.7468653e-08	1.6951639e-06	5.948331e-07	-5.215541e-06	-5.2361728e-06	0.0039402493
-0.136	0.864	0	0	-0	1.0151024	-0	-0	-0	1.0114925	0.8871279	-5.2179344e-06	1.3206675e-07	-8.8796525e-08	1.4796699e-07	3.3773662e-08	-1.7075917e-07	-7.566498e-08	-1.3805495e-07	9.8410058e-08	1.6952502e-06	6.053064e-07	-5.2166682e-06	-5.2371005e-06	0.0039014572
-0.138	0.862	0	0	-0	1.0151194	-0	-0	-0	1.0114608	0.88506155	-5.2190281e-06	1.3057657e-07	-9.0718472e-08	1.4665675e-07	3.3715263e-08	-1.7025145e-07	-7.7589818e-08	-1.3708616e-07	9.9342016e-08	1.6953236e-06	6.157815e-07	-5.2177424e-06	-5.237975e-06	0.003862664
-0.14	0.86	0	0	-0	1.0151364	-0	-0	-0	1.0114292	0.88299513	-5.2200703e-06	1.2911746e-07	-9.2581834e-08	1.4537534e-07	3.365187e-08	-1.6974892e-07	-7.9461179e-08	-1.3612442e-07	1.002648e-07	1.6953845e-06	6.262583e-07	-5.2187656e-06	-5.2387982e-06	0.00382389
-0.142	0.858	0	0	-0	1.0151532	-0	-0	-0	1.0113974	0.88092866	-5.2210627e-06	1.2768836e-07	-9.4389396e-08	1.441217e-07	3.3583699e-08	-1.6925178e-07	-8.1281936e-08	-1.3516991e-07	1.0117867e-07	1.6954334e-06	6.3673669e-07	-5.2197396e-06	-5.2395721e-06	0.0037851539
-0.144	0.856	0	0	-0	1.01517	-0	-0	-0	1.0113657	0.87886213	-5.2220071e-06	1.2628825e-07	-9.6143751e-08	1.4289481e-07	3.3510955e-08	-1.6876023e-07	-8.3054765e-08	-1.3422281e-07	1.0208387e-07	1.6954707e-06	6.4721659e-07	-5.2206659e-06	-5.2402986e-06	0.0037464734
-0.146	0.854	0	0	-0	1.0151867	-0	-0	-0	1.0113339	0.87679556	-5.222905e-06	1.2491619e-07	-9.7847322e-08	1.4169373e-07	3.3433834e-08	-1.6827438e-07	-8.4782164e-08	-1.3328322e-07	1.0298064e-07	1.6954968e-06	6.5769789e-07	-5.2215463e-06	-5.2409792e-06	0.0037078644
-0.148	0.852	0	0	-0	1.0152032	-0	-0	-0	1.0113021	0.87472896	-5.223758e-06	1.2357125e-07	-9.9502373e-08	1.4051755e-07	3.3352523e-08	-1.6779436e-07	-8.6466461e-08	-1.3235125e-07	1.0386921e-07	1.6955121e-06	6.681805e-07	-5.2223822e-06	-5.2416155e-06	0.0036693422
-0.15	0.85	0	0	-0	1.0152197	-0	-0	-0	1.0112703	0.87266234	-5.2245675e-06	1.2225255e-07	-1.0111102e-07	1.3936541e-07	3.32672e-08	-1.6732025e-07	-8.8109835e-08	-1.3142697e-07	1.047498e-07	1.6955168e-06	6.7866435e-07	-5.223175e-06	-5.242209e-06	0.0036309208
-0.152	0.848	0	0	-0	1.0152362	-0	-0	-0	1.0112385	0.8705957	-5.2253348e-06	1.2095926e-07	-1.0267526e-07	1.3823648e-07	3.3178035e-08	-1.6685209e-07	-8.9714322e-08	-1.305104e-07	1.056226e-07	1.6955114e-06	6.8914934e-07	-5.223926e-06	-5.2427612e-06	0.003592613
-0.154	0.846	0	0	-0	1.0152525	-0	-0	-0	1.0112067	0.86852906	-5.2260611e-06	1.1969059e-07	-1.0419693e-07	1.3712998e-07	3.3085191e-08	-1.6638994e-07	-9.128183e-08	-1.2960157e-07	1.0648784e-07	1.695496e-06	6.9963539e-07	-5.2246364e-06	-5.2432732e-06	0.0035544312
-0.156	0.844	0	0	-0	1.0152688	-0	-0	-0	1.0111748	0.86646241	-5.2267476e-06	1.1844578e-07	-1.056778e-07	1.3604517e-07	3.2988824e-08	-1.659338e-07	-9.2814145e-08	-1.287005e-07	1.0734569e-07	1.695471e-06	7.1012243e-07	-5.2253074e-06	-5.2437464e-06	0.0035163865
-0.158	0.842	0	0	-0	1.015285	-0	-0	-0	1.011143	0.86439577	-5.2273954e-06	1.1722409e-07	-1.0711949e-07	1.3498133e-07	3.2889083e-08	-1.6548368e-07	-9.4312945e-08	-1.2780716e-07	1.0819633e-07	1.6954367e-06	7.2061038e-07	-5.22594e-06	-5.2441818e-06	0.0034784893
-0.16	0.84	0	0	-0	1.0153011	-0	-0	-0	1.0111112	0.86232915	-5.2280055e-06	1.1602485e-07	-1.0852355e-07	1.3393778e-07	3.2786109e-08	-1.6503957e-07	-9.5779804e-08	-1.2692153e-07	1.0903996e-07	1.6953932e-06	7.3109916e-07	-5.2265353e-06	-5.2445806e-06	0.0034407495
-0.162	0.838	0	0	-0	1.0153172	-0	-0	-0	1.0110794	0.86026254	-5.228579e-06	1.1484737e-07	-1.0989144e-07	1.3291389e-07	3.268004e-08	-1.6460144e-07	-9.7216201e-08	-1.2604358e-07	1.0987673e-07	1.6953407e-06	7.415887e-07	-5.2270943e-06	-5.2449437e-06	0.0034031761
-0.164	0.836	0	0	-0	1.0153332	-0	-0	-0	1.0110476	0.85819596	-5.2291166e-06	1.1369104e-07	-1.1122452e-07	1.3190902e-07	3.2571006e-08	-1.6416927e-07	-9.8623528e-08	-1.2517325e-07	1.1070682e-07	1.6952796e-06	7.5207894e-07	-5.2276178e-06	-5.2452722e-06	0.0033657775
-0.166	0.834	0	0	-0	1.0153491	-0	-0	-0	1.0110158	0.8561294	-5.2296193e-06	1.1255524e-07	-1.1252407e-07	1.309226e-07	3.2459132e-08	-1.6374301e-07	-1.0000309e-07	-1.243105e-07	1.1153038e-07	1.6952099e-06	7.6256979e-07	-5.2281067e-06	-5.2455669e-06	0.0033285615
-0.168	0.832	0	0	-0	1.015365	-0	-0	-0	1.0109841	0.85406288	-5.2300879e-06	1.1143938e-07	-1.1379132e-07	1.2995405e-07	3.2344538e-08	-1.6332261e-07	-1.0135614e-07	-1.2345526e-07	1.1234755e-07	1.6951319e-06	7.730612e-07	-5.2285618e-06	-5.2458287e-06	0.0032915353
-0.17	0.83	0	0	-0	1.0153808	-0	-0	-0	1.0109524	0.85199639	-5.2305232e-06	1.1034292e-07	-1.1502741e-07	1.2900284e-07	3.2227339e-08	-1.6290802e-07	-1.0268381e-07	-1.2260745e-07	1.131585e-07	1.6950458e-06	7.8355311e-07	-5.228984e-06	-5.2460584e-06	0.0032547057
-0.172	0.828	0	0	-0	1.0153966	-0	-0	-0	1.0109207	0.84992995	-5.230926e-06	1.0926531e-07	-1.1623344e-07	1.2806845e-07	3.2107645e-08	-1.6249917e-07	-1.0398723e-07	-1.2176702e-07	1.1396335e-07	1.6949517e-06	7.9404544e-07	-5.2293738e-06	-5.2462567e-06	0.0032180789
-0.174	0.826	0	0	-0	1.0154123	-0	-0	-0	1.010889	0.84786355	-5.2312968e-06	1.0820604e-07	-1.1741042e-07	1.2715039e-07	3.1985563e-08	-1.62096e-07	-1.0526741e-07	-1.2093387e-07	1.1476225e-07	1.6948497e-06	8.0453813e-07	-5.2297321e-06	-5.2464245e-06	0.0031816608
-0.176	0.824	0	0	-0	1.015428	-0	-0	-0	1.0108574	0.84579721	-5.2316364e-06	1.0716463e-07	-1.1855933e-07	1.2624819e-07	3.1861193e-08	-1.6169843e-07	-1.0652535e-07	-1.2010792e-07	1.1555532e-07	1.69474e-06	8.1503113e-07	-5.2300595e-06	-5.2465623e-06	0.0031454566
-0.178	0.822	0	0	-0	1.0154436	-0	-0	-0	1.0108258	0.84373091	-5.2319455e-06	1.0614059e-07	-1.1968109e-07	1.2536138e-07	3.1734633e-08	-1.6130639e-07	-1.0776197e-07	-1.1928909e-07	1.163427e-07	1.6946227e-06	8.2552438e-07	-5.2303565e-06	-5.2466709e-06	0.0031094715
-0.18	0.82	0	0	-0	1.0154592	-0	-0	-0	1.0107943	0.84166468	-5.2322245e-06	1.0513348e-07	-1.2077658e-07	1.2448955e-07	3.1605978e-08	-1.6091981e-07	-1.0897814e-07	-1.1847729e-07	1.171245e-07	1.694498e-06	8.3601782e-07	-5.2306238e-06	-5.2467508e-06	0.0030737098
-0.182	0.818	0	0	-0	1.0154747	-0	-0	-0	1.0107628	0.83959851	-5.2324741e-06	1.0414286e-07	-1.2184662e-07	1.2363226e-07	3.1475316e-08	-1.605386e-07	-1.101747e-07	-1.1767243e-07	1.1790084e-07	1.694366e-06	8.4651139e-07	-5.230862e-06	-5.2468027e-06	0.003038176
-0.184	0.816	0	0	-0	1.0154902	-0	-0	-0	1.0107313	0.8375324	-5.2326948e-06	1.031683e-07	-1.2289201e-07	1.2278913e-07	3.1342736e-08	-1.6016269e-07	-1.1135243e-07	-1.1687441e-07	1.1867184e-07	1.6942268e-06	8.5700503e-07	-5.2310715e-06	-5.2468271e-06	0.0030028738
-0.186	0.814	0	0	-0	1.0155057	-0	-0	-0	1.0106999	0.83546635	-5.2328872e-06	1.0220941e-07	-1.2391348e-07	1.2195978e-07	3.1208319e-08	-1.5979199e-07	-1.1251207e-07	-1.1608313e-07	1.194376e-07	1.6940804e-06	8.6749869e-07	-5.2312529e-06	-5.2468245e-06	0.0029678069
-0.188	0.812	0	0	-0	1.0155211	-0	-0	-0	1.0106685	0.83340038	-5.2330517e-06	1.012658e-07	-1.2491175e-07	1.2114382e-07	3.1072146e-08	-1.5942641e-07	-1.1365435e-07	-1.1529851e-07	1.2019824e-07	1.6939271e-06	8.7799233e-07	-5.2314067e-06	-5.2467954e-06	0.0029329786
-0.19	0.81	0	0	-0	1.0155364	-0	-0	-0	1.0106372	0.83133447	-5.2331887e-06	1.0033709e-07	-1.258875e-07	1.2034091e-07	3.0934295e-08	-1.5906588e-07	-1.1477992e-07	-1.1452045e-07	1.2095386e-07	1.6937669e-06	8.8848588e-07	-5.2315333e-06	-5.2467404e-06	0.002898392
-0.192	0.808	0	0	-0	1.0155517	-0	-0	-0	1.0106059	0.82926864	-5.2332988e-06	9.9422918e-08	-1.2684137e-07	1.1955071e-07	3.0794839e-08	-1.5871031e-07	-1.1588943e-07	-1.1374886e-07	1.2170455e-07	1.6935998e-06	8.9897929e-07	-5.2316332e-06	-5.2466599e-06	0.0028640497
-0.194	0.806	0	0	-0	1.015567	-0	-0	-0	1.0105747	0.82720289	-5.2333823e-06	9.8522945e-08	-1.2777398e-07	1.187729e-07	3.0653849e-08	-1.583596e-07	-1.1698348e-07	-1.1298362e-07	1.2245042e-07	1.693426e-06	9.0947251e-07	-5.2317067e-06	-5.2465542e-06	0.0028299544
-0.196	0.804	0	0	-0	1.0155822	-0	-0	-0	1.0105435	0.82513722	-5.2334397e-06	9.7636833e-08	-1.2868591e-07	1.1800715e-07	3.0511395e-08	-1.5801369e-07	-1.1806265e-07	-1.1222466e-07	1.2319155e-07	1.6932456e-06	9.1996551e-07	-5.2317544e-06	-5.2464239e-06	0.0027961084
-0.198	0.802	0	0	-0	1.0155974	-0	-0	-0	1.0105124	0.82307162	-5.2334713e-06	9.6764258e-08	-1.2957771e-07	1.1725318e-07	3.0367542e-08	-1.5767247e-07	-1.191275e-07	-1.1147187e-07	1.2392803e-07	1.6930586e-06	9.3045821e-07	-5.2317765e-06	-5.2462693e-06	0.0027625137
-0.2	0.8	0	0	-0	1.0156126	-0	-0	-0	1.0104814	0.82100611	-5.2334775e-06	9.590491e-08	-1.3044992e-07	1.1651068e-07	3.0222355e-08	-1.5733587e-07	-1.2017853e-07	-1.1072516e-07	1.2465997e-07	1.6928651e-06	9.4095058e-07	-5.2317734e-06	-5.2460909e-06	0.0027291723
-0.202	0.798	0	0	-0	1.0156277	-0	-0	-0	1.0104504	0.81894069	-5.2334586e-06	9.5058489e-08	-1.3130305e-07	1.1577938e-07	3.0075895e-08	-1.5700381e-07	-1.2121626e-07	-1.0998444e-07	1.2538743e-07	1.6926651e-06	9.5144257e-07	-5.2317454e-06	-5.2458888e-06	0.0026960858
-0.204	0.796	0	0	-0	1.0156428	-0	-0	-0	1.0104195	0.81687535	-5.2334151e-06	9.4224704e-08	-1.3213759e-07	1.1505901e-07	2.9928221e-08	-1.5667619e-07	-1.2224115e-07	-1.092496e-07	1.261105e-07	1.6924588e-06	9.6193414e-07	-5.231693e-06	-5.2456636e-06	0.0026632558
-0.206	0.794	0	0	-0	1.0156579	-0	-0	-0	1.0103886	0.8148101	-5.2333471e-06	9.3403274e-08	-1.3295399e-07	1.143493e-07	2.977939e-08	-1.5635294e-07	-1.2325367e-07	-1.0852056e-07	1.2682926e-07	1.6922462e-06	9.7242523e-07	-5.2316164e-06	-5.2454154e-06	0.0026306837
-0.208	0.792	0	0	-0	1.0156729	-0	-0	-0	1.0103578	0.81274493	-5.2332551e-06	9.259393e-08	-1.3375271e-07	1.1365002e-07	2.9629458e-08	-1.5603397e-07	-1.2425424e-07	-1.0779723e-07	1.2754379e-07	1.6920273e-06	9.829158e-07	-5.2315159e-06	-5.2451448e-06	0.0025983706
-0.21	0.79	0	0	-0	1.0156879	-0	-0	-0	1.0103271	0.81067986	-5.2331392e-06	9.1796409e-08	-1.3453416e-07	1.1296092e-07	2.9478477e-08	-1.557192e-07	-1.2524327e-07	-1.070795e-07	1.2825417e-07	1.6918022e-06	9.9340581e-07	-5.2313918e-06	-5.2448518e-06	0.0025663176
-0.212	0.788	0	0	-0	1.0157029	-0	-0	-0	1.0102965	0.80861489	-5.2329999e-06	9.1010458e-08	-1.3529876e-07	1.1228176e-07	2.93265e-08	-1.5540855e-07	-1.2622116e-07	-1.063673e-07	1.2896046e-07	1.691571e-06	1.0038952e-06	-5.2312444e-06	-5.2445369e-06	0.0025345257
-0.214	0.786	0	0	-0	1.0157178	-0	-0	-0	1.0102659	0.80655	-5.2328373e-06	9.0235833e-08	-1.360469e-07	1.1161233e-07	2.9173575e-08	-1.5510195e-07	-1.2718828e-07	-1.0566054e-07	1.2966274e-07	1.6913337e-06	1.014384e-06	-5.231074e-06	-5.2442002e-06	0.0025029955
-0.216	0.784	0	0	-0	1.0157327	-0	-0	-0	1.0102353	0.80448521	-5.2326517e-06	8.9472296e-08	-1.3677894e-07	1.1095239e-07	2.901975e-08	-1.547993e-07	-1.28145e-07	-1.0495911e-07	1.3036107e-07	1.6910903e-06	1.024872e-06	-5.2308807e-06	-5.2438421e-06	0.0024717279
-0.218	0.782	0	0	-0	1.0157476	-0	-0	-0	1.0102049	0.80242052	-5.2324433e-06	8.8719617e-08	-1.3749525e-07	1.1030176e-07	2.8865072e-08	-1.5450054e-07	-1.2909167e-07	-1.0426295e-07	1.3105553e-07	1.6908409e-06	1.0353593e-06	-5.2306649e-06	-5.2434627e-06	0.0024407233
-0.22	0.78	0	0	-0	1.0157624	-0	-0	-0	1.0101745	0.80035592	-5.2322124e-06	8.7977576e-08	-1.3819617e-07	1.0966022e-07	2.8709585e-08	-1.5420558e-07	-1.300286e-07	-1.0357196e-07	1.3174617e-07	1.6905856e-06	1.0458459e-06	-5.2304268e-06	-5.2430624e-06	0.0024099822
-0.222	0.778	0	0	-0	1.0157773	-0	-0	-0	1.0101442	0.79829142	-5.2319593e-06	8.7245955e-08	-1.3888204e-07	1.0902758e-07	2.8553332e-08	-1.5391436e-07	-1.3095612e-07	-1.0288605e-07	1.3243307e-07	1.6903243e-06	1.0563316e-06	-5.2301665e-06	-5.2426414e-06	0.0023795048
-0.224	0.776	0	0	-0	1.015792	-0	-0	-0	1.010114	0.79622703	-5.231684e-06	8.6524548e-08	-1.3955316e-07	1.0840365e-07	2.8396356e-08	-1.5362679e-07	-1.3187452e-07	-1.0220515e-07	1.3311627e-07	1.6900571e-06	1.0668164e-06	-5.2298844e-06	-5.2421998e-06	0.0023492916
-0.226	0.774	0	0	-0	1.0158068	-0	-0	-0	1.0100838	0.79416273	-5.2313869e-06	8.5813151e-08	-1.4020984e-07	1.0778824e-07	2.8238695e-08	-1.5334281e-07	-1.327841e-07	-1.0152917e-07	1.3379584e-07	1.6897841e-06	1.0773004e-06	-5.2295805e-06	-5.2417379e-06	0.0023193425
-0.228	0.772	0	0	-0	1.0158215	-0	-0	-0	1.0100538	0.79209853	-5.2310681e-06	8.5111568e-08	-1.4085238e-07	1.0718119e-07	2.8080389e-08	-1.5306234e-07	-1.3368514e-07	-1.0085804e-07	1.3447185e-07	1.6895053e-06	1.0877834e-06	-5.2292552e-06	-5.2412559e-06	0.0022896576
-0.23	0.77	0	0	-0	1.0158363	-0	-0	-0	1.0100238	0.79003444	-5.2307279e-06	8.441961e-08	-1.4148105e-07	1.0658232e-07	2.7921476e-08	-1.527853e-07	-1.345779e-07	-1.0019167e-07	1.3514433e-07	1.6892207e-06	1.0982654e-06	-5.2289085e-06	-5.2407539e-06	0.0022602371
-0.232	0.768	0	0	-0	1.0158509	-0	-0	-0	1.0099938	0.78797044	-5.2303663e-06	8.3737092e-08	-1.4209614e-07	1.0599147e-07	2.7761992e-08	-1.5251165e-07	-1.3546263e-07	-9.9529977e-08	1.3581336e-07	1.6889303e-06	1.1087464e-06	-5.2285407e-06	-5.2402321e-06	0.0022310806
-0.234	0.766	0	0	-0	1.0158656	-0	-0	-0	1.009964	0.78590656	-5.2299836e-06	8.3063835e-08	-1.4269788e-07	1.0540848e-07	2.7601972e-08	-1.5224129e-07	-1.3633959e-07	-9.8872896e-08	1.3647897e-07	1.6886342e-06	1.1192263e-06	-5.228152e-06	-5.2396908e-06	0.0022021881
-0.236	0.764	0	0	-0	1.0158802	-0	-0	-0	1.0099342	0.78384277	-5.2295799e-06	8.2399664e-08	-1.4328655e-07	1.0483318e-07	2.744145e-08	-1.5197417e-07	-1.37209e-07	-9.8220347e-08	1.3714123e-07	1.6883324e-06	1.1297052e-06	-5.2277424e-06	-5.23913e-06	0.0021735594
-0.238	0.762	0	0	-0	1.0158948	-0	-0	-0	1.0099045	0.78177909	-5.2291555e-06	8.1744411e-08	-1.4386238e-07	1.0426544e-07	2.728046e-08	-1.5171021e-07	-1.3807109e-07	-9.7572255e-08	1.3780018e-07	1.6880249e-06	1.1401828e-06	-5.2273122e-06	-5.23855e-06	0.0021451941
-0.24	0.76	0	0	-0	1.0159094	-0	-0	-0	1.0098749	0.77971552	-5.2287103e-06	8.1097912e-08	-1.444256e-07	1.0370511e-07	2.7119032e-08	-1.5144936e-07	-1.3892609e-07	-9.6928549e-08	1.3845587e-07	1.6877118e-06	1.1506594e-06	-5.2268616e-06	-5.2379508e-06	0.0021170919
-0.242	0.758	0	0	-0	1.015924	-0	-0	-0	1.0098454	0.77765205	-5.2282447e-06	8.0460008e-08	-1.4497643e-07	1.0315205e-07	2.6957198e-08	-1.5119155e-07	-1.3977419e-07	-9.6289155e-08	1.3910835e-07	1.687393e-06	1.1611346e-06	-5.2263905e-06	-5.2373326e-06	0.0020892524
-0.244	0.756	0	0	-0	1.0159385	-0	-0	-0	1.009816	0.77558869	-5.2277587e-06	7.9830543e-08	-1.4551509e-07	1.0260611e-07	2.6794988e-08	-1.5093671e-07	-1.406156e-07	-9.5654004e-08	1.3975766e-07	1.6870687e-06	1.1716087e-06	-5.2258993e-06	-5.2366956e-06	0.0020616751
-0.246	0.754	0	0	-0	1.015953	-0	-0	-0	1.0097866	0.77352543	-5.2272524e-06	7.9209367e-08	-1.460418e-07	1.0206718e-07	2.6632431e-08	-1.5068479e-07	-1.4145051e-07	-9.5023026e-08	1.4040386e-07	1.6867387e-06	1.1820814e-06	-5.2253879e-06	-5.2360399e-06	0.0020343595
-0.248	0.752	0	0	-0	1.0159675	-0	-0	-0	1.0097574	0.77146228	-5.2267261e-06	7.8596332e-08	-1.4655674e-07	1.0153512e-07	2.6469554e-08	-1.5043573e-07	-1.4227911e-07	-9.4396153e-08	1.4104697e-07	1.6864032e-06	1.1925528e-06	-5.2248566e-06	-5.2353656e-06	0.002007305
-0.25	0.75	0	0	-0	1.015982	-0	-0	-0	1.0097282	0.76939924	-5.2261797e-06	7.7991298e-08	-1.4706012e-07	1.010098e-07	2.6306385e-08	-1.5018945e-07	-1.4310157e-07	-9.3773317e-08	1.4168705e-07	1.6860621e-06	1.2030229e-06	-5.2243055e-06	-5.2346728e-06	0.0019805111
-0.252	0.748	0	0	-0	1.0159964	-0	-0	-0	1.0096991	0.76733631	-5.2256135e-06	7.7394124e-08	-1.4755212e-07	1.0049111e-07	2.614295e-08	-1.4994591e-07	-1.4391807e-07	-9.3154455e-08	1.4232414e-07	1.6857155e-06	1.2134915e-06	-5.2237347e-06	-5.2339617e-06	0.0019539771
-0.254	0.746	0	0	-0	1.0160109	-0	-0	-0	1.0096701	0.76527349	-5.2250275e-06	7.6804676e-08	-1.4803292e-07	9.9978935e-08	2.5979275e-08	-1.4970505e-07	-1.4472877e-07	-9.2539499e-08	1.4295828e-07	1.6853633e-06	1.2239587e-06	-5.2231442e-06	-5.2332323e-06	0.0019277023
-0.256	0.744	0	0	-0	1.0160253	-0	-0	-0	1.0096412	0.76321077	-5.2244218e-06	7.6222823e-08	-1.485027e-07	9.9473152e-08	2.5815384e-08	-1.4946681e-07	-1.4553383e-07	-9.1928388e-08	1.435895e-07	1.6850056e-06	1.2344245e-06	-5.2225342e-06	-5.2324847e-06	0.0019016861
-0.258	0.742	0	0	-0	1.0160396	-0	-0	-0	1.0096123	0.76114816	-5.2237966e-06	7.5648435e-08	-1.4896162e-07	9.8973656e-08	2.5651301e-08	-1.4923113e-07	-1.463334e-07	-9.1321059e-08	1.4421784e-07	1.6846425e-06	1.2448887e-06	-5.2219048e-06	-5.2317191e-06	0.0018759276
-0.26	0.74	0	0	-0	1.016054	-0	-0	-0	1.0095836	0.75908567	-5.2231519e-06	7.5081389e-08	-1.4940985e-07	9.8480339e-08	2.548705e-08	-1.4899797e-07	-1.4712764e-07	-9.071745e-08	1.4484335e-07	1.6842738e-06	1.2553513e-06	-5.2212561e-06	-5.2309355e-06	0.001850426
-0.262	0.738	0	0	-0	1.0160684	-0	-0	-0	1.0095549	0.75702328	-5.2224879e-06	7.4521564e-08	-1.4984755e-07	9.7993097e-08	2.5322652e-08	-1.4876726e-07	-1.4791668e-07	-9.0117502e-08	1.4546605e-07	1.6838997e-06	1.2658124e-06	-5.2205881e-06	-5.2301341e-06	0.0018251807
-0.264	0.736	0	0	-0	1.0160827	-0	-0	-0	1.0095263	0.754961	-5.2218046e-06	7.3968839e-08	-1.5027486e-07	9.7511829e-08	2.5158131e-08	-1.4853895e-07	-1.4870066e-07	-8.9521156e-08	1.4608599e-07	1.6835201e-06	1.2762719e-06	-5.2199011e-06	-5.2293148e-06	0.0018001907
-0.266	0.734	0	0	-0	1.016097	-0	-0	-0	1.0094979	0.75289883	-5.221102e-06	7.3423101e-08	-1.5069194e-07	9.7036437e-08	2.4993506e-08	-1.48313e-07	-1.4947972e-07	-8.8928352e-08	1.4670319e-07	1.6831351e-06	1.2867297e-06	-5.2191949e-06	-5.2284779e-06	0.0017754552
-0.268	0.732	0	0	-0	1.0161113	-0	-0	-0	1.0094695	0.75083678	-5.2203804e-06	7.2884236e-08	-1.5109892e-07	9.6566827e-08	2.4828799e-08	-1.4808935e-07	-1.5025398e-07	-8.8339035e-08	1.473177e-07	1.6827446e-06	1.2971858e-06	-5.2184698e-06	-5.2276232e-06	0.0017509733
-0.27	0.73	0	0	-0	1.0161255	-0	-0	-0	1.0094412	0.74877483	-5.2196397e-06	7.2352135e-08	-1.5149594e-07	9.6102904e-08	2.466403e-08	-1.4786795e-07	-1.5102356e-07	-8.7753148e-08	1.4792953e-07	1.6823487e-06	1.3076402e-06	-5.2177258e-06	-5.226751e-06	0.0017267441
-0.272	0.728	0	0	-0	1.0161398	-0	-0	-0	1.009413	0.74671299	-5.21888e-06	7.1826691e-08	-1.5188314e-07	9.5644579e-08	2.4499217e-08	-1.4764875e-07	-1.5178858e-07	-8.7170637e-08	1.4853873e-07	1.6819474e-06	1.3180928e-06	-5.2169629e-06	-5.2258613e-06	0.0017027668
-0.274	0.726	0	0	-0	1.016154	-0	-0	-0	1.0093849	0.74465126	-5.2181015e-06	7.1307799e-08	-1.5226065e-07	9.5191765e-08	2.4334381e-08	-1.4743171e-07	-1.5254916e-07	-8.6591446e-08	1.4914532e-07	1.6815406e-06	1.3285436e-06	-5.2161812e-06	-5.2249542e-06	0.0016790402
-0.276	0.724	0	0	-0	1.0161682	-0	-0	-0	1.0093568	0.74258965	-5.217304e-06	7.0795357e-08	-1.5262858e-07	9.4744375e-08	2.4169538e-08	-1.4721677e-07	-1.5330541e-07	-8.6015523e-08	1.4974934e-07	1.6811284e-06	1.3389926e-06	-5.2153809e-06	-5.2240296e-06	0.0016555636
-0.278	0.722	0	0	-0	1.0161824	-0	-0	-0	1.0093289	0.74052814	-5.2164878e-06	7.0289265e-08	-1.5298707e-07	9.4302327e-08	2.4004707e-08	-1.4700389e-07	-1.5405744e-07	-8.5442817e-08	1.5035081e-07	1.6807108e-06	1.3494397e-06	-5.2145619e-06	-5.2230877e-06	0.0016323358
-0.28	0.72	0	0	-0	1.0161965	-0	-0	-0	1.0093011	0.73846674	-5.2156529e-06	6.9789427e-08	-1.5333623e-07	9.3865541e-08	2.3839905e-08	-1.4679303e-07	-1.5480534e-07	-8.4873274e-08	1.5094976e-07	1.6802877e-06	1.359885e-06	-5.2137243e-06	-5.2221285e-06	0.001609356
-0.282	0.718	0	0	-0	1.0162107	-0	-0	-0	1.0092733	0.73640546	-5.2147993e-06	6.9295747e-08	-1.5367616e-07	9.3433937e-08	2.3675148e-08	-1.4658414e-07	-1.5554921e-07	-8.4306845e-08	1.5154623e-07	1.6798593e-06	1.3703282e-06	-5.2128681e-06	-5.2211521e-06	0.0015866232
-0.284	0.716	0	0	-0	1.0162248	-0	-0	-0	1.0092457	0.73434428	-5.2139271e-06	6.8808133e-08	-1.5400698e-07	9.3007439e-08	2.3510454e-08	-1.4637717e-07	-1.5628916e-07	-8.3743481e-08	1.5214023e-07	1.6794255e-06	1.3807696e-06	-5.2119934e-06	-5.2201585e-06	0.0015641362
-0.286	0.714	0	0	-0	1.0162389	-0	-0	-0	1.0092181	0.73228322	-5.2130362e-06	6.8326494e-08	-1.543288e-07	9.2585973e-08	2.3345837e-08	-1.4617208e-07	-1.5702528e-07	-8.3183132e-08	1.5273179e-07	1.6789862e-06	1.3912089e-06	-5.2111003e-06	-5.2191477e-06	0.0015418942
-0.288	0.712	0	0	-0	1.016253	-0	-0	-0	1.0091907	0.73022226	-5.2121269e-06	6.7850742e-08	-1.5464172e-07	9.2169466e-08	2.3181314e-08	-1.4596883e-07	-1.5775765e-07	-8.2625751e-08	1.5332094e-07	1.6785415e-06	1.4016462e-06	-5.2101888e-06	-5.2181198e-06	0.0015198961
-0.29	0.71	0	0	-0	1.0162671	-0	-0	-0	1.0091633	0.72816142	-5.211199e-06	6.738079e-08	-1.5494584e-07	9.1757848e-08	2.3016899e-08	-1.4576737e-07	-1.5848635e-07	-8.2071291e-08	1.539077e-07	1.6780915e-06	1.4120814e-06	-5.2092589e-06	-5.2170748e-06	0.0014981408
-0.292	0.708	0	0	-0	1.0162812	-0	-0	-0	1.009136	0.72610069	-5.2102527e-06	6.6916553e-08	-1.5524125e-07	9.1351048e-08	2.2852606e-08	-1.4556767e-07	-1.5921149e-07	-8.1519705e-08	1.544921e-07	1.677636e-06	1.4225145e-06	-5.2083107e-06	-5.2160128e-06	0.0014766272
-0.294	0.706	0	0	-0	1.0162952	-0	-0	-0	1.0091089	0.72404006	-5.209288e-06	6.6457949e-08	-1.5552804e-07	9.0949002e-08	2.2688451e-08	-1.4536968e-07	-1.5993312e-07	-8.0970947e-08	1.5507416e-07	1.6771751e-06	1.4329454e-06	-5.2073441e-06	-5.2149337e-06	0.0014553545
-0.296	0.704	0	0	-0	1.0163092	-0	-0	-0	1.0090818	0.72197955	-5.2083048e-06	6.6004897e-08	-1.5580632e-07	9.0551642e-08	2.2524446e-08	-1.4517337e-07	-1.6065134e-07	-8.0424973e-08	1.556539e-07	1.6767088e-06	1.4433742e-06	-5.2063593e-06	-5.2138377e-06	0.0014343214
-0.298	0.702	0	0	-0	1.0163232	-0	-0	-0	1.0090548	0.71991914	-5.2073033e-06	6.5557318e-08	-1.5607616e-07	9.0158905e-08	2.2360605e-08	-1.4497869e-07	-1.6136622e-07	-7.9881739e-08	1.5623135e-07	1.6762371e-06	1.4538008e-06	-5.2053563e-06	-5.2127246e-06	0.0014135269
-0.3	0.7	0	0	-0	1.0163372	-0	-0	-0	1.0090279	0.71785885	-5.2062835e-06	6.5115135e-08	-1.5633765e-07	8.977073e-08	2.2196941e-08	-1.447856e-07	-1.6207782e-07	-7.9341201e-08	1.5680653e-07	1.67576e-06	1.4642251e-06	inf	inf	inf
