lambda	F11	F12	F13	F21	F22	F23	F31	F32	F33	J	P11	P12	P13	P21	P22	P23	P31	P32	P33	p	StrEn	t(1)	t(2)	d
0	1	0	0	0	1	0	0	0	1	1	0	0	0	0	0	0	0	0	0	-0	0	inf	inf	inf
-0.002	0.998	0	0	0	0.998	0	-0	-0	1.0030742	0.9990659	-8.084166e-07	-3.2123288e-08	-6.8596671e-08	-3.6979984e-08	-9.1335488e-07	-2.0342828e-08	-7.20283e-08	-1.7481633e-08	8.2236363e-10	5.7364971e-07	1.7596319e-09	-1.7229779e-06	-1.7038156e-06	-0.011246649
-0.004	0.996	0	0	0	0.996	0	-0	-0	1.0058679	0.99783704	-1.6285595e-06	-6.6833109e-08	-1.5192171e-07	-7.6374864e-08	-1.6982083e-06	-4.8104133e-08	-1.5954638e-07	-4.3351436e-08	2.3361977e-09	1.1081439e-06	6.8152626e-09	-3.3299546e-06	-3.3281237e-06	-0.00055013994
-0.006	0.994	0	0	0	0.994	0	-0	-0	1.0085307	0.99646461	-2.4263305e-06	-8.907051e-08	-2.4509666e-07	-1.0241739e-07	-2.4858545e-06	-7.9301791e-08	-2.5737286e-07	-7.3453816e-08	3.8710925e-09	1.6361047e-06	1.5072127e-08	-4.9172111e-06	-4.9089999e-06	-0.0016726695
-0.008	0.992	0	0	0	0.992	0	-0	-0	1.0110613	0.99494899	-3.1890943e-06	-7.7978038e-08	-3.4774451e-07	-9.4630121e-08	-3.2468711e-06	-1.0520745e-07	-3.6527919e-07	-9.8579795e-08	5.5679274e-09	2.1434658e-06	2.6451262e-08	-6.4427207e-06	-6.4252877e-06	-0.0027131783
-0.01	0.99	0	0	0	0.99	0	-0	-0	1.0133836	0.99321727	-3.887133e-06	5.4491814e-09	-4.6165677e-07	-1.4137172e-08	-3.9472972e-06	-9.9863813e-08	-4.8516886e-07	-9.2012893e-08	7.5357245e-09	2.6089648e-06	4.0773278e-08	-7.8424698e-06	-7.8111148e-06	-0.004014154
-0.012	0.988	0	0	0	0.988	0	-0	-0	1.0153287	0.99110702	-4.465617e-06	1.8344688e-07	-5.7070389e-07	1.6224413e-07	-4.5303936e-06	8.1032567e-09	-5.9963071e-07	1.976238e-08	9.8294499e-09	2.9953937e-06	5.7695722e-08	-9.0032759e-06	-8.9181147e-06	-0.0095492384
-0.014	0.986	0	0	0	0.986	0	-0	-0	1.0163402	0.98808185	-4.7560532e-06	2.8332378e-07	-5.2979929e-07	2.6749668e-07	-4.8140345e-06	1.8000371e-07	-5.5391042e-07	1.964399e-07	1.2302706e-08	3.1859283e-06	7.6445736e-08	-9.5743566e-06	-9.5310758e-06	-0.00454102
-0.016	0.984	0	0	0	0.984	0	-0	-0	1.0167167	0.98444201	-4.8555118e-06	3.2891551e-07	-4.2771482e-07	3.1961525e-07	-4.901809e-06	1.7302917e-07	-4.4454115e-07	1.875181e-07	1.3644514e-08	3.2478921e-06	9.5820025e-08	-9.7594013e-06	-9.7520377e-06	-0.00075508111
-0.018	0.982	0	0	0	0.982	0	-0	-0	1.0169501	0.98066938	-4.91477e-06	3.6239241e-07	-3.5872612e-07	3.584705e-07	-4.9520084e-06	1.4632593e-07	-3.7037253e-07	1.5787471e-07	1.4541397e-08	3.284079e-06	1.1545389e-07	-9.8682084e-06	-9.8574011e-06	-0.001096365
-0.02	0.98	0	0	0	0.98	0	-0	-0	1.01711	0.97683249	-4.954265e-06	3.8211808e-07	-3.1198493e-07	3.8296174e-07	-4.9849078e-06	1.257409e-07	-3.1963457e-07	1.3453549e-07	1.5331933e-08	3.3079469e-06	1.3524963e-07	-9.9402325e-06	-9.9252412e-06	-0.0015104205
-0.022	0.978	0	0	0	0.978	0	-0	-0	1.0172266	0.97296094	-4.982261e-06	3.9182485e-07	-2.7871603e-07	3.9692023e-07	-5.0081686e-06	1.1151734e-07	-2.8311295e-07	1.1794147e-07	1.615414e-08	3.3247585e-06	1.5515485e-07	-9.9912668e-06	-9.9724092e-06	-0.0018909727
-0.024	0.976	0	0	0	0.976	0	-0	-0	1.0173173	0.96907208	-5.0034715e-06	3.9496778e-07	-2.5417777e-07	4.0385057e-07	-5.0256943e-06	1.0175067e-07	-2.5585347e-07	1.0617121e-07	1.7036172e-08	3.3373765e-06	1.7513927e-07	-1.0029873e-05	-1.0007503e-05	-0.0022353437
-0.026	0.974	0	0	0	0.974	0	-0	-0	1.0173925	0.96517589	-5.0206037e-06	3.9395065e-07	-2.3551831e-07	4.0622805e-07	-5.0395685e-06	9.4960627e-08	-2.3489137e-07	9.7633603e-08	1.7920245e-08	3.3474173e-06	1.9518486e-07	-1.0060802e-05	-1.0035288e-05	-0.0025423904
-0.028	0.972	0	0	0	0.972	0	-0	-0	1.0174579	0.96127795	-5.0351524e-06	3.9034379e-07	-2.2088899e-07	4.056878e-07	-5.0509726e-06	9.0193093e-08	-2.1830141e-07	9.127931e-08	1.875389e-08	3.3557904e-06	2.1528042e-07	-1.0086706e-05	-1.0058403e-05	-0.0028138617
-0.03	0.97	0	0	0	0.97	0	-0	-0	1.0175166	0.95738132	-5.0479281e-06	3.8515711e-07	-2.0909635e-07	4.0328935e-07	-5.0606336e-06	8.683028e-08	-2.0482654e-07	8.6440698e-08	1.9520341e-08	3.3630138e-06	2.3541848e-07	-1.0109111e-05	-1.007834e-05	-0.0030531111
-0.032	0.968	0	0	0	0.968	0	-0	-0	1.0175704	0.95348787	-5.0594025e-06	3.7903893e-07	-1.9936079e-07	3.9972e-07	-5.0690227e-06	8.4462234e-08	-1.9363509e-07	8.2682528e-08	2.0221192e-08	3.3694013e-06	2.5559378e-07	-1.0128951e-05	-1.0096002e-05	-0.003263566
-0.034	0.966	0	0	0	0.966	0	-0	-0	1.0176206	0.94959879	-5.0698717e-06	3.7240711e-07	-1.9115856e-07	3.9543003e-07	-5.0764603e-06	8.281083e-08	-1.8416131e-07	7.9712088e-08	2.0864665e-08	3.3751558e-06	2.7580249e-07	-1.0146842e-05	-1.0111975e-05	-0.0034480869
-0.036	0.964	0	0	0	0.964	0	-0	-0	1.0176681	0.94571493	-5.0795335e-06	3.6553229e-07	-1.8412751e-07	3.9071774e-07	-5.0831719e-06	8.1683549e-08	-1.7601002e-07	7.7326895e-08	2.1459837e-08	3.3804152e-06	2.9604168e-07	-1.0163204e-05	-1.0126654e-05	-0.0036092948
-0.038	0.962	0	0	0	0.962	0	-0	-0	1.0177135	0.94183686	-5.0885276e-06	3.5859009e-07	-1.7801079e-07	3.8578196e-07	-5.0893181e-06	8.0944847e-08	-1.6889927e-07	7.5383588e-08	2.2013984e-08	3.3852772e-06	3.163091e-07	-1.0178336e-05	-1.0140312e-05	-0.0037497999
-0.04	0.96	0	0	0	0.96	0	-0	-0	1.0177572	0.93796502	-5.0969577e-06	3.5169406e-07	-1.7262198e-07	3.8075533e-07	-5.0950145e-06	8.0497699e-08	-1.6262379e-07	7.3778692e-08	2.2532253e-08	3.3898133e-06	3.3660293e-07	-1.0192456e-05	-1.0153143e-05	-0.0038720842
-0.042	0.958	0	0	0	0.958	0	-0	-0	1.0177995	0.93409971	-5.1049035e-06	3.4491686e-07	-1.6782275e-07	3.7572609e-07	-5.1003462e-06	8.0271389e-08	-1.5703085e-07	7.2436156e-08	2.3018266e-08	3.3940772e-06	3.5692167e-07	-1.020573e-05	-1.0165289e-05	-0.0039783365
-0.044	0.956	0	0	0	0.956	0	-0	-0	1.0178406	0.93024117	-5.1124281e-06	3.3830398e-07	-1.6350822e-07	3.7075251e-07	-5.1053769e-06	8.0213429e-08	-1.5200436e-07	7.1299088e-08	2.3474736e-08	3.3981101e-06	3.7726408e-07	-1.0218282e-05	-1.0176858e-05	-0.0040703981
-0.046	0.954	0	0	0	0.954	0	-0	-0	1.0178808	0.92638958	-5.1195823e-06	3.3188283e-07	-1.5959731e-07	3.6587248e-07	-5.1101556e-06	8.0284185e-08	-1.4745428e-07	7.0324208e-08	2.3903839e-08	3.4019447e-06	3.976291e-07	-1.0230213e-05	-1.0187935e-05	-0.0041497862
-0.048	0.952	0	0	0	0.952	0	-0	-0	1.0179201	0.92254508	-5.126408e-06	3.2566872e-07	-1.560262e-07	3.6111002e-07	-5.1147212e-06	8.0453289e-08	-1.4330956e-07	6.9478093e-08	2.4307433e-08	3.4056072e-06	4.1801582e-07	-1.0241603e-05	-1.0198588e-05	-0.0042177451
-0.05	0.95	0	0	0	0.95	0	-0	-0	1.0179588	0.91870779	-5.1329403e-06	3.1966887e-07	-1.5274381e-07	3.5647961e-07	-5.1191046e-06	8.0697194e-08	-1.3951322e-07	6.8734608e-08	2.4687162e-08	3.4091192e-06	4.3842346e-07	-1.0252518e-05	-1.0208872e-05	-0.0042752993
-0.052	0.948	0	0	0	0.948	0	-0	-0	1.0179968	0.91487781	-5.139209e-06	3.1388511e-07	-1.4970869e-07	3.5198923e-07	-5.1233313e-06	8.0997505e-08	-1.3601893e-07	6.8073127e-08	2.5044518e-08	3.4124986e-06	4.5885131e-07	-1.0263013e-05	-1.0218834e-05	-0.0043233036
-0.054	0.946	0	0	0	0.946	0	-0	-0	1.0180343	0.91105521	-5.1452401e-06	3.0831573e-07	-1.468868e-07	3.4764232e-07	-5.1274224e-06	8.1339788e-08	-1.3278859e-07	6.7477275e-08	2.538087e-08	3.4157605e-06	4.7929879e-07	-1.0273136e-05	-1.0228514e-05	-0.004362485
-0.056	0.944	0	0	0	0.944	0	-0	-0	1.0180714	0.90724006	-5.1510558e-06	3.0295667e-07	-1.4424988e-07	3.4343931e-07	-5.1313955e-06	8.1712712e-08	-1.2979047e-07	6.6934016e-08	2.5697486e-08	3.4189179e-06	4.9976537e-07	-1.0282925e-05	-1.0237945e-05	-0.004393478
-0.058	0.942	0	0	0	0.942	0	-0	-0	1.018108	0.90343242	-5.1566762e-06	2.9780233e-07	-1.4177429e-07	3.3937851e-07	-5.1352654e-06	8.2107413e-08	-1.2699798e-07	6.6432975e-08	2.5995541e-08	3.421982e-06	5.2025057e-07	-1.0292416e-05	-1.0247156e-05	-0.0044168518
-0.06	0.94	0	0	0	0.94	0	-0	-0	1.0181443	0.89963234	-5.1621188e-06	2.9284618e-07	-1.3944014e-07	3.3545688e-07	-5.1390448e-06	8.2516993e-08	-1.2438859e-07	6.596591e-08	2.6276129e-08	3.4249625e-06	5.4075399e-07	-1.0301639e-05	-1.0256172e-05	-0.0044331291
-0.062	0.938	0	0	0	0.938	0	-0	-0	1.0181803	0.89583986	-5.1673994e-06	2.8808111e-07	-1.3723062e-07	3.3167046e-07	-5.1427445e-06	8.2936131e-08	-1.2194314e-07	6.55263e-08	2.6540266e-08	3.4278679e-06	5.6127526e-07	-1.031062e-05	-1.0265014e-05	-0.0044427994
-0.064	0.936	0	0	0	0.936	0	-0	-0	1.0182161	0.89205502	-5.1725318e-06	2.8349969e-07	-1.3513144e-07	3.2801473e-07	-5.1463737e-06	8.3360759e-08	-1.1964518e-07	6.5109006e-08	2.6788897e-08	3.4307056e-06	5.8181405e-07	-1.0319383e-05	-1.0273702e-05	-0.0044463256
-0.066	0.934	0	0	0	0.934	0	-0	-0	1.0182515	0.88827785	-5.1775288e-06	2.7909436e-07	-1.3313043e-07	3.2448485e-07	-5.1499404e-06	8.3787805e-08	-1.1748051e-07	6.4709996e-08	2.7022902e-08	3.4334821e-06	6.0237007e-07	-1.0327947e-05	-1.0282251e-05	-0.0044441479
-0.068	0.932	0	0	0	0.932	0	-0	-0	1.0182868	0.88450838	-5.1824016e-06	2.7485756e-07	-1.3121721e-07	3.2107582e-07	-5.1534514e-06	8.4214976e-08	-1.1543685e-07	6.4326119e-08	2.72431e-08	3.4362033e-06	6.2294305e-07	-1.0336332e-05	-1.0290676e-05	-0.0044366843
-0.07	0.93	0	0	0	0.93	0	-0	-0	1.0183219	0.88074663	-5.1871603e-06	2.7078182e-07	-1.2938287e-07	3.1778258e-07	-5.1569125e-06	8.464059e-08	-1.1350348e-07	6.3954919e-08	2.7450252e-08	3.4388742e-06	6.4353277e-07	-1.0344553e-05	-1.0298987e-05	-0.0044243308
-0.072	0.928	0	0	0	0.928	0	-0	-0	1.0183568	0.87699262	-5.1918141e-06	2.6685983e-07	-1.2761976e-07	3.1460016e-07	-5.1603289e-06	8.5063432e-08	-1.1167099e-07	6.3594488e-08	2.7645068e-08	3.4414993e-06	6.64139e-07	-1.0352625e-05	-1.0307196e-05	-0.004407461
-0.074	0.926	0	0	0	0.926	0	-0	-0	1.0183916	0.87324638	-5.196371e-06	2.6308449e-07	-1.259213e-07	3.1152365e-07	-5.163705e-06	8.5482642e-08	-1.0993113e-07	6.324334e-08	2.782821e-08	3.4440826e-06	6.8476156e-07	-1.0360559e-05	-1.0315312e-05	-0.0043864249
-0.076	0.924	0	0	0	0.924	0	-0	-0	1.0184263	0.86950792	-5.2008385e-06	2.5944894e-07	-1.2428176e-07	3.0854829e-07	-5.1670448e-06	8.5897633e-08	-1.082766e-07	6.2900319e-08	2.8000295e-08	3.4466277e-06	7.0540025e-07	-1.0368368e-05	-1.0323342e-05	-0.0043615496
-0.078	0.922	0	0	0	0.922	0	-0	-0	1.0184608	0.86577726	-5.2052232e-06	2.5594657e-07	-1.2269618e-07	3.0566948e-07	-5.1703515e-06	8.6308017e-08	-1.067009e-07	6.2564523e-08	2.8161899e-08	3.4491376e-06	7.2605492e-07	-1.037606e-05	-1.0331293e-05	-0.0043331392
-0.08	0.92	0	0	0	0.92	0	-0	-0	1.0184953	0.8620544	-5.209531e-06	2.5257108e-07	-1.2116025e-07	3.0288281e-07	-5.1736282e-06	8.6713556e-08	-1.0519825e-07	6.2235242e-08	2.8313562e-08	3.4516152e-06	7.4672542e-07	-1.0383646e-05	-1.0339173e-05	-0.0043014753
-0.082	0.918	0	0	0	0.918	0	-0	-0	1.0185296	0.85833937	-5.2137675e-06	2.4931641e-07	-1.1967016e-07	3.0018405e-07	-5.1768774e-06	8.7114122e-08	-1.0376348e-07	6.1911918e-08	2.8455788e-08	3.454063e-06	7.6741161e-07	-1.0391133e-05	-1.0346985e-05	-0.0042668183
-0.084	0.916	0	0	0	0.916	0	-0	-0	1.0185639	0.85463217	-5.2179374e-06	2.4617681e-07	-1.1822259e-07	2.9756916e-07	-5.1801016e-06	8.7509665e-08	-1.0239192e-07	6.1594105e-08	2.8589051e-08	3.4564833e-06	7.8811336e-07	-1.0398529e-05	-1.0354734e-05	-0.0042294084
-0.086	0.914	0	0	0	0.914	0	-0	-0	1.0185981	0.85093281	-5.2220453e-06	2.4314683e-07	-1.1681457e-07	2.9503429e-07	-5.1833026e-06	8.7900193e-08	-1.0107938e-07	6.1281441e-08	2.8713794e-08	3.458878e-06	8.0883055e-07	-1.0405839e-05	-1.0362426e-05	-0.0041894669
-0.088	0.912	0	0	0	0.912	0	-0	-0	1.0186323	0.84724131	-5.2260952e-06	2.4022127e-07	-1.154435e-07	2.925758e-07	-5.1864824e-06	8.8285752e-08	-9.9822058e-08	6.0973634e-08	2.8830436e-08	3.461249e-06	8.2956306e-07	-1.041307e-05	-1.0370063e-05	-0.0041471975
-0.09	0.91	0	0	0	0.91	0	-0	-0	1.0186664	0.84355766	-5.2300907e-06	2.3739521e-07	-1.1410704e-07	2.901902e-07	-5.1896425e-06	8.8666416e-08	-9.8616502e-08	6.067044e-08	2.8939367e-08	3.463598e-06	8.503108e-07	-1.0420227e-05	-1.0377649e-05	-0.0041027876
-0.092	0.908	0	0	0	0.908	0	-0	-0	1.0187005	0.83988188	-5.2340352e-06	2.3466399e-07	-1.1280309e-07	2.8787421e-07	-5.1927845e-06	8.9042278e-08	-9.7459567e-08	6.0371654e-08	2.9040958e-08	3.4659263e-06	8.7107366e-07	-1.0427314e-05	-1.0385188e-05	-0.0040564098
-0.094	0.906	0	0	0	0.906	0	-0	-0	1.0187345	0.83621397	-5.2379319e-06	2.3202321e-07	-1.1152977e-07	2.8562469e-07	-5.1959096e-06	8.9413441e-08	-9.6348383e-08	6.0077101e-08	2.9135557e-08	3.4682353e-06	8.9185155e-07	-1.0434337e-05	-1.0392681e-05	-0.0040082228
-0.096	0.904	0	0	0	0.904	0	-0	-0	1.0187685	0.83255395	-5.2417834e-06	2.2946868e-07	-1.1028538e-07	2.8343871e-07	-5.1990191e-06	8.9780017e-08	-9.5280318e-08	5.978663e-08	2.9223491e-08	3.4705263e-06	9.1264439e-07	-1.0441299e-05	-1.0400132e-05	-0.0039583731
-0.098	0.902	0	0	0	0.902	0	-0	-0	1.0188025	0.82890181	-5.2455925e-06	2.2699646e-07	-1.0906838e-07	2.8131344e-07	-5.2021139e-06	9.014212e-08	-9.4252955e-08	5.9500105e-08	2.9305071e-08	3.4728004e-06	9.3345208e-07	-1.0448204e-05	-1.0407542e-05	-0.0039069953
-0.1	0.9	0	0	0	0.9	0	-0	-0	1.0188365	0.82525756	-5.2493614e-06	2.2460284e-07	-1.0787736e-07	2.7924623e-07	-5.2051951e-06	9.0499866e-08	-9.326407e-08	5.9217407e-08	2.938059e-08	3.4750586e-06	9.5427455e-07	-1.0455055e-05	-1.0414914e-05	-0.0038542139
-0.102	0.898	0	0	0	0.898	0	-0	-0	1.0188704	0.82162121	-5.2530924e-06	2.2228427e-07	-1.0671105e-07	2.7723458e-07	-5.2082634e-06	9.085337e-08	-9.2311609e-08	5.8938427e-08	2.9450325e-08	3.4773018e-06	9.7511174e-07	-1.0461856e-05	-1.042225e-05	-0.0038001436
-0.104	0.896	0	0	0	0.896	0	-0	-0	1.0189044	0.81799275	-5.2567874e-06	2.2003744e-07	-1.0556826e-07	2.752761e-07	-5.2113199e-06	9.1202746e-08	-9.1393676e-08	5.8663065e-08	2.9514537e-08	3.4795309e-06	9.9596355e-07	-1.0468608e-05	-1.0429551e-05	-0.0037448905
-0.106	0.894	0	0	0	0.894	0	-0	-0	1.0189383	0.81437221	-5.2604485e-06	2.1785918e-07	-1.0444792e-07	2.7336853e-07	-5.214365e-06	9.1548105e-08	-9.0508509e-08	5.8391228e-08	2.9573475e-08	3.4817467e-06	1.0168299e-06	-1.0475315e-05	-1.0436819e-05	-0.0036885525
-0.108	0.892	0	0	0	0.892	0	-0	-0	1.0189723	0.81075957	-5.2640772e-06	2.1574653e-07	-1.0334902e-07	2.7150975e-07	-5.2173996e-06	9.1889554e-08	-8.9654476e-08	5.812283e-08	2.9627374e-08	3.4839498e-06	1.0377108e-06	-1.048198e-05	-1.0444055e-05	-0.0036312205
-0.11	0.89	0	0	0	0.89	0	-0	-0	1.0190062	0.80715485	-5.2676752e-06	2.1369665e-07	-1.0227065e-07	2.6969773e-07	-5.2204242e-06	9.2227201e-08	-8.8830058e-08	5.785779e-08	2.9676457e-08	3.486141e-06	1.0586062e-06	-1.0488603e-05	-1.0451261e-05	-0.0035729784
-0.112	0.888	0	0	0	0.888	0	-0	-0	1.0190402	0.80355804	-5.2712439e-06	2.117069e-07	-1.0121195e-07	2.6793055e-07	-5.2234394e-06	9.2561147e-08	-8.803384e-08	5.759603e-08	2.9720936e-08	3.4883208e-06	1.0795159e-06	-1.0495188e-05	-1.0458438e-05	-0.0035139041
-0.114	0.886	0	0	0	0.886	0	-0	-0	1.0190742	0.79996916	-5.2747849e-06	2.0977473e-07	-1.0017212e-07	2.6620638e-07	-5.2264456e-06	9.2891491e-08	-8.72645e-08	5.7337479e-08	2.9761011e-08	3.4904898e-06	1.1004399e-06	-1.0501736e-05	-1.0465587e-05	-0.0034540699
-0.116	0.884	0	0	0	0.884	0	-0	-0	1.0191082	0.7963882	-5.2782992e-06	2.0789777e-07	-9.9150415e-08	2.6452352e-07	-5.2294435e-06	9.321833e-08	-8.6520804e-08	5.7082065e-08	2.9796873e-08	3.4926486e-06	1.1213782e-06	-1.0508249e-05	-1.047271e-05	-0.0033935427
-0.118	0.882	0	0	0	0.882	0	-0	-0	1.0191422	0.79281516	-5.2817882e-06	2.0607374e-07	-9.814615e-08	2.6288032e-07	-5.2324333e-06	9.3541757e-08	-8.5801597e-08	5.6829723e-08	2.9828705e-08	3.4947976e-06	1.1423307e-06	-1.0514729e-05	-1.0479806e-05	-0.0033323849
-0.12	0.88	0	0	0	0.88	0	-0	-0	1.0191762	0.78925006	-5.285253e-06	2.043005e-07	-9.7158672e-08	2.6127522e-07	-5.2354155e-06	9.3861861e-08	-8.5105795e-08	5.6580389e-08	2.9856677e-08	3.4969373e-06	1.1632974e-06	-1.0521177e-05	-1.0486878e-05	-0.0032706544
-0.122	0.878	0	0	0	0.878	0	-0	-0	1.0192103	0.78569288	-5.2886946e-06	2.0257602e-07	-9.618737e-08	2.5970675e-07	-5.2383905e-06	9.4178731e-08	-8.4432382e-08	5.6334002e-08	2.9880954e-08	3.499068e-06	1.1842783e-06	-1.0527594e-05	-1.0493925e-05	-0.003208405
-0.124	0.876	0	0	0	0.876	0	-0	-0	1.0192443	0.78214364	-5.292114e-06	2.0089836e-07	-9.5231672e-08	2.5817352e-07	-5.2413585e-06	9.449245e-08	-8.3780402e-08	5.6090503e-08	2.9901692e-08	3.5011903e-06	1.2052731e-06	-1.0533982e-05	-1.050095e-05	-0.0031456869
-0.126	0.874	0	0	0	0.874	0	-0	-0	1.0192784	0.77860234	-5.2955121e-06	1.992657e-07	-9.4291037e-08	2.5667418e-07	-5.24432e-06	9.4803102e-08	-8.3148955e-08	5.5849835e-08	2.991904e-08	3.5033043e-06	1.2262821e-06	-1.0540343e-05	-1.0507951e-05	-0.0030825468
-0.128	0.872	0	0	0	0.872	0	-0	-0	1.0193126	0.77506898	-5.2988897e-06	1.9767628e-07	-9.3364958e-08	2.5520747e-07	-5.2472752e-06	9.5110765e-08	-8.2537197e-08	5.5611945e-08	2.9933139e-08	3.5054106e-06	1.247305e-06	-1.0546676e-05	-1.0514931e-05	-0.003019028
-0.13	0.87	0	0	0	0.87	0	-0	-0	1.0193468	0.77154356	-5.3022477e-06	1.9612847e-07	-9.2452951e-08	2.5377218e-07	-5.2502243e-06	9.5415517e-08	-8.1944327e-08	5.5376779e-08	2.9944125e-08	3.5075093e-06	1.2683418e-06	-1.0552984e-05	-1.052189e-05	-0.0029551712
-0.132	0.868	0	0	0	0.868	0	-0	-0	1.019381	0.76802608	-5.3055868e-06	1.9462068e-07	-9.1554563e-08	2.5236717e-07	-5.2531676e-06	9.5717434e-08	-8.1369591e-08	5.5144288e-08	2.9952125e-08	3.5096008e-06	1.2893925e-06	-1.0559267e-05	-1.0528828e-05	-0.0028910142
-0.134	0.866	0	0	0	0.866	0	-0	-0	1.0194152	0.76451655	-5.3089078e-06	1.9315143e-07	-9.066936e-08	2.5099134e-07	-5.2561054e-06	9.6016588e-08	-8.0812278e-08	5.4914423e-08	2.9957263e-08	3.5116853e-06	1.3104571e-06	-1.0565526e-05	-1.0535746e-05	-0.0028265921
-0.136	0.864	0	0	0	0.864	0	-0	-0	1.0194495	0.76101497	-5.3122112e-06	1.9171928e-07	-8.9796935e-08	2.4964364e-07	-5.2590378e-06	9.631305e-08	-8.0271713e-08	5.4687136e-08	2.9959655e-08	3.5137631e-06	1.3315355e-06	-1.0571763e-05	-1.0542645e-05	-0.002761938
-0.138	0.862	0	0	0	0.862	0	-0	-0	1.0194838	0.75752133	-5.3154977e-06	1.9032289e-07	-8.8936897e-08	2.483231e-07	-5.261965e-06	9.660689e-08	-7.9747259e-08	5.4462382e-08	2.9959414e-08	3.5158344e-06	1.3526277e-06	-1.0577977e-05	-1.0549524e-05	-0.0026970825
-0.14	0.86	0	0	0	0.86	0	-0	-0	1.0195182	0.75403565	-5.3187679e-06	1.8896097e-07	-8.8088876e-08	2.4702875e-07	-5.2648872e-06	9.6898174e-08	-7.923831e-08	5.4240119e-08	2.9956646e-08	3.5178995e-06	1.3737336e-06	-1.058417e-05	-1.0556385e-05	-0.0026320544
-0.142	0.858	0	0	0	0.858	0	-0	-0	1.0195526	0.75055792	-5.3220223e-06	1.8763228e-07	-8.725252e-08	2.457597e-07	-5.2678046e-06	9.7186969e-08	-7.8744293e-08	5.4020303e-08	2.9951452e-08	3.5199585e-06	1.3948532e-06	-1.0590343e-05	-1.0563228e-05	-0.0025668803
-0.144	0.856	0	0	0	0.856	0	-0	-0	1.0195871	0.74708814	-5.3252615e-06	1.8633566e-07	-8.6427492e-08	2.4451508e-07	-5.2707173e-06	9.7473337e-08	-7.8264664e-08	5.3802894e-08	2.9943931e-08	3.5220116e-06	1.4159865e-06	-1.0596495e-05	-1.0570053e-05	-0.0025015853
-0.146	0.854	0	0	0	0.854	0	-0	-0	1.0196216	0.74362632	-5.3284859e-06	1.8506999e-07	-8.5613471e-08	2.4329406e-07	-5.2736255e-06	9.7757342e-08	-7.7798906e-08	5.3587853e-08	2.9934174e-08	3.5240591e-06	1.4371334e-06	-1.0602628e-05	-1.0576861e-05	-0.0024361928
-0.148	0.852	0	0	0	0.852	0	-0	-0	1.0196561	0.74017246	-5.3316961e-06	1.838342e-07	-8.4810151e-08	2.4209587e-07	-5.2765293e-06	9.8039044e-08	-7.7346525e-08	5.3375143e-08	2.9922272e-08	3.526101e-06	1.4582939e-06	-1.0608743e-05	-1.0583652e-05	-0.0023707247
-0.15	0.85	0	0	0	0.85	0	-0	-0	1.0196907	0.73672655	-5.3348923e-06	1.8262727e-07	-8.4017238e-08	2.4091974e-07	-5.2794287e-06	9.8318502e-08	-7.6907056e-08	5.3164725e-08	2.9908309e-08	3.5281376e-06	1.479468e-06	-1.0614839e-05	-1.0590426e-05	-0.0023052012
-0.152	0.848	0	0	0	0.848	0	-0	-0	1.0197254	0.73328861	-5.3380751e-06	1.8144823e-07	-8.3234452e-08	2.3976495e-07	-5.282324e-06	9.8595773e-08	-7.6480052e-08	5.2956566e-08	2.9892365e-08	3.5301689e-06	1.5006557e-06	-1.0620918e-05	-1.0597184e-05	-0.0022396416
-0.154	0.846	0	0	0	0.846	0	-0	-0	1.0197601	0.72985863	-5.3412448e-06	1.8029614e-07	-8.2461523e-08	2.3863081e-07	-5.2852151e-06	9.8870915e-08	-7.6065089e-08	5.2750631e-08	2.9874521e-08	3.5321951e-06	1.5218568e-06	-1.0626979e-05	-1.0603925e-05	-0.0021740636
-0.156	0.844	0	0	0	0.844	0	-0	-0	1.0197949	0.7264366	-5.3444017e-06	1.7917013e-07	-8.1698195e-08	2.3751667e-07	-5.2881023e-06	9.9143981e-08	-7.5661761e-08	5.2546887e-08	2.9854848e-08	3.5342164e-06	1.5430714e-06	-1.0633023e-05	-1.0610651e-05	-0.0021084838
-0.158	0.842	0	0	0	0.842	0	-0	-0	1.0198297	0.72302255	-5.3475463e-06	1.7806933e-07	-8.0944218e-08	2.3642189e-07	-5.2909855e-06	9.9415026e-08	-7.5269684e-08	5.2345303e-08	2.983342e-08	3.5362328e-06	1.5642994e-06	-1.0639052e-05	-1.0617361e-05	-0.0020429179
-0.16	0.84	0	0	0	0.84	0	-0	-0	1.0198646	0.71961646	-5.3506788e-06	1.7699294e-07	-8.0199356e-08	2.3534586e-07	-5.2938649e-06	9.9684101e-08	-7.4888487e-08	5.2145848e-08	2.9810304e-08	3.5382445e-06	1.5855408e-06	-1.0645064e-05	-1.0624056e-05	-0.0019773803
-0.162	0.838	0	0	0	0.838	0	-0	-0	1.0198995	0.71621833	-5.3537995e-06	1.7594017e-07	-7.9463381e-08	2.3428801e-07	-5.2967405e-06	9.9951258e-08	-7.4517819e-08	5.1948492e-08	2.9785566e-08	3.5402515e-06	1.6067956e-06	-1.0651061e-05	-1.0630736e-05	-0.0019118846
-0.164	0.836	0	0	0	0.836	0	-0	-0	1.0199345	0.71282818	-5.3569087e-06	1.7491028e-07	-7.8736072e-08	2.3324776e-07	-5.2996124e-06	1.0021655e-07	-7.4157343e-08	5.1753207e-08	2.9759268e-08	3.5422539e-06	1.6280637e-06	-1.0657042e-05	-1.0637401e-05	-0.0018464435
-0.166	0.834	0	0	0	0.834	0	-0	-0	1.0199696	0.70944599	-5.3600067e-06	1.7390255e-07	-7.8017218e-08	2.322246e-07	-5.3024805e-06	1.0048002e-07	-7.3806737e-08	5.1559964e-08	2.9731471e-08	3.5442519e-06	1.6493452e-06	-1.0663009e-05	-1.0644051e-05	-0.0017810689
-0.168	0.832	0	0	0	0.832	0	-0	-0	1.0200047	0.70607177	-5.3630937e-06	1.729163e-07	-7.7306617e-08	2.31218e-07	-5.3053451e-06	1.0074171e-07	-7.3465693e-08	5.1368739e-08	2.9702232e-08	3.5462455e-06	1.6706399e-06	-1.0668961e-05	-1.0650687e-05	-0.0017157718
-0.17	0.83	0	0	0	0.83	0	-0	-0	1.0200399	0.70270552	-5.36617e-06	1.7195086e-07	-7.6604071e-08	2.3022748e-07	-5.308206e-06	1.0100168e-07	-7.3133915e-08	5.1179504e-08	2.9671606e-08	3.5482348e-06	1.691948e-06	-1.0674899e-05	-1.0657308e-05	-0.0016505624
-0.172	0.828	0	0	0	0.828	0	-0	-0	1.0200752	0.69934724	-5.3692357e-06	1.7100562e-07	-7.5909393e-08	2.2925255e-07	-5.3110635e-06	1.0125998e-07	-7.2811121e-08	5.0992234e-08	2.9639646e-08	3.5502198e-06	1.7132692e-06	-1.0680822e-05	-1.0663915e-05	-0.0015854504
-0.174	0.826	0	0	0	0.826	0	-0	-0	1.0201105	0.69599693	-5.3722911e-06	1.7007995e-07	-7.5222399e-08	2.2829276e-07	-5.3139173e-06	1.0151663e-07	-7.249704e-08	5.0806907e-08	2.9606404e-08	3.5522007e-06	1.7346036e-06	-1.0686732e-05	-1.0670508e-05	-0.0015204447
-0.176	0.824	0	0	0	0.824	0	-0	-0	1.0201459	0.6926546	-5.3753364e-06	1.6917328e-07	-7.4542913e-08	2.2734767e-07	-5.3167677e-06	1.0177169e-07	-7.2191412e-08	5.0623498e-08	2.9571927e-08	3.5541774e-06	1.7559512e-06	-1.0692628e-05	-1.0677087e-05	-0.0014555538
-0.178	0.822	0	0	0	0.822	0	-0	-0	1.0201814	0.68932024	-5.3783717e-06	1.6828505e-07	-7.3870767e-08	2.2641686e-07	-5.3196146e-06	1.0202521e-07	-7.1893986e-08	5.0441986e-08	2.9536263e-08	3.55615e-06	1.777312e-06	-1.0698511e-05	-1.0683652e-05	-0.0013907852
-0.18	0.82	0	0	0	0.82	0	-0	-0	1.0202169	0.68599386	-5.3813973e-06	1.6741473e-07	-7.3205795e-08	2.2549993e-07	-5.322458e-06	1.0227721e-07	-7.1604525e-08	5.0262348e-08	2.9499456e-08	3.5581186e-06	1.7986858e-06	-1.070438e-05	-1.0690203e-05	-0.0013261464
-0.182	0.818	0	0	0	0.818	0	-0	-0	1.0202525	0.68267545	-5.3844132e-06	1.6656179e-07	-7.2547839e-08	2.2459648e-07	-5.325298e-06	1.0252775e-07	-7.1322798e-08	5.0084564e-08	2.9461551e-08	3.5600832e-06	1.8200728e-06	-1.0710236e-05	-1.0696741e-05	-0.0012616439
-0.184	0.816	0	0	0	0.816	0	-0	-0	1.0202882	0.67936501	-5.3874196e-06	1.6572573e-07	-7.1896745e-08	2.2370614e-07	-5.3281346e-06	1.0277686e-07	-7.1048583e-08	4.9908614e-08	2.9422587e-08	3.5620439e-06	1.8414728e-06	-1.071608e-05	-1.0703265e-05	-0.001197284
-0.186	0.814	0	0	0	0.814	0	-0	-0	1.0203239	0.67606256	-5.3904167e-06	1.649061e-07	-7.1252365e-08	2.2282854e-07	-5.3309677e-06	1.0302457e-07	-7.0781669e-08	4.9734478e-08	2.9382606e-08	3.5640006e-06	1.8628858e-06	-1.072191e-05	-1.0709775e-05	-0.0011330725
-0.188	0.812	0	0	0	0.812	0	-0	-0	1.0203598	0.67276808	-5.3934046e-06	1.6410241e-07	-7.0614556e-08	2.2196334e-07	-5.3337973e-06	1.0327094e-07	-7.052185e-08	4.9562138e-08	2.9341645e-08	3.5659534e-06	1.8843119e-06	-1.0727728e-05	-1.0716272e-05	-0.0010690147
-0.19	0.81	0	0	0	0.81	0	-0	-0	1.0203956	0.66948158	-5.3963834e-06	1.6331423e-07	-6.9983178e-08	2.2111019e-07	-5.3366236e-06	1.0351599e-07	-7.0268931e-08	4.9391575e-08	2.929974e-08	3.5679024e-06	1.9057509e-06	-1.0733533e-05	-1.0722756e-05	-0.0010051157
-0.192	0.808	0	0	0	0.808	0	-0	-0	1.0204316	0.66620306	-5.3993532e-06	1.6254114e-07	-6.9358096e-08	2.2026878e-07	-5.3394463e-06	1.0375976e-07	-7.0022721e-08	4.9222773e-08	2.9256928e-08	3.5698475e-06	1.9272029e-06	-1.0739326e-05	-1.0729226e-05	-0.00094137992
-0.194	0.806	0	0	0	0.806	0	-0	-0	1.0204677	0.66293253	-5.4023141e-06	1.6178272e-07	-6.873918e-08	2.1943878e-07	-5.3422657e-06	1.0400229e-07	-6.9783039e-08	4.9055714e-08	2.9213243e-08	3.5717888e-06	1.9486678e-06	-1.0745107e-05	-1.0735683e-05	-0.00087781168
-0.196	0.804	0	0	0	0.804	0	-0	-0	1.0205038	0.65966997	-5.4052662e-06	1.6103858e-07	-6.8126302e-08	2.186199e-07	-5.3450816e-06	1.0424361e-07	-6.9549708e-08	4.8890383e-08	2.9168717e-08	3.5737263e-06	1.9701456e-06	-1.0750875e-05	-1.0742127e-05	-0.00081441485
-0.198	0.802	0	0	0	0.802	0	-0	-0	1.02054	0.65641539	-5.4082096e-06	1.6030833e-07	-6.7519341e-08	2.1781184e-07	-5.3478939e-06	1.0448375e-07	-6.932256e-08	4.8726763e-08	2.9123381e-08	3.57566e-06	1.9916363e-06	-1.0756631e-05	-1.0748557e-05	-0.00075119302
-0.2	0.8	0	0	0	0.8	0	-0	-0	1.0205762	0.6531688	-5.4111443e-06	1.5959161e-07	-6.6918177e-08	2.1701432e-07	-5.3507029e-06	1.0472275e-07	-6.9101431e-08	4.856484e-08	2.9077265e-08	3.57759e-06	2.0131399e-06	-1.0762375e-05	-1.0754974e-05	-0.00068814947
-0.202	0.798	0	0	0	0.798	0	-0	-0	1.0206126	0.64993019	-5.4140705e-06	1.5888807e-07	-6.6322694e-08	2.1622706e-07	-5.3535082e-06	1.0496064e-07	-6.8886163e-08	4.8404599e-08	2.90304e-08	3.5795161e-06	2.0346562e-06	-1.0768107e-05	-1.0761378e-05	-0.0006252872
-0.204	0.796	0	0	0	0.796	0	-0	-0	1.020649	0.64669956	-5.4169882e-06	1.5819736e-07	-6.573278e-08	2.1544981e-07	-5.3563101e-06	1.0519746e-07	-6.8676605e-08	4.8246027e-08	2.8982813e-08	3.5814385e-06	2.0561854e-06	-1.0773827e-05	-1.0767769e-05	-0.00056260897
-0.206	0.794	0	0	0	0.794	0	-0	-0	1.0206855	0.64347691	-5.4198974e-06	1.5751915e-07	-6.5148325e-08	2.146823e-07	-5.3591084e-06	1.0543322e-07	-6.8472609e-08	4.808911e-08	2.893453e-08	3.5833571e-06	2.0777273e-06	-1.0779535e-05	-1.0774146e-05	-0.00050011727
-0.208	0.792	0	0	0	0.792	0	-0	-0	1.0207221	0.64026225	-5.4227982e-06	1.5685312e-07	-6.4569224e-08	2.1392429e-07	-5.3619031e-06	1.0566797e-07	-6.8274034e-08	4.7933836e-08	2.8885578e-08	3.5852719e-06	2.099282e-06	-1.078523e-05	-1.0780511e-05	-0.00043781437
-0.21	0.79	0	0	0	0.79	0	-0	-0	1.0207588	0.63705558	-5.4256907e-06	1.5619896e-07	-6.3995374e-08	2.1317555e-07	-5.3646942e-06	1.0590173e-07	-6.8080742e-08	4.7780192e-08	2.8835983e-08	3.587183e-06	2.1208493e-06	-1.0790914e-05	-1.0786862e-05	-0.0003757023
-0.212	0.788	0	0	0	0.788	0	-0	-0	1.0207956	0.63385689	-5.4285748e-06	1.5555638e-07	-6.3426674e-08	2.1243583e-07	-5.3674816e-06	1.0613454e-07	-6.7892602e-08	4.7628166e-08	2.8785767e-08	3.5890902e-06	2.1424294e-06	-1.0796586e-05	-1.0793199e-05	-0.0003137829
-0.214	0.786	0	0	0	0.786	0	-0	-0	1.0208324	0.63066619	-5.4314506e-06	1.5492509e-07	-6.2863027e-08	2.1170492e-07	-5.3702654e-06	1.0636641e-07	-6.7709486e-08	4.7477748e-08	2.8734954e-08	3.5909937e-06	2.1640221e-06	-1.0802246e-05	-1.0799524e-05	-0.00025205781
-0.216	0.784	0	0	0	0.784	0	-0	-0	1.0208693	0.62748347	-5.4343182e-06	1.5430482e-07	-6.2304339e-08	2.1098259e-07	-5.3730455e-06	1.0659738e-07	-6.7531268e-08	4.7328926e-08	2.8683567e-08	3.5928934e-06	2.1856275e-06	-1.0807894e-05	-1.0805835e-05	-0.0001905285
-0.218	0.782	0	0	0	0.782	0	-0	-0	1.0209064	0.62430874	-5.4371775e-06	1.5369528e-07	-6.1750516e-08	2.1026864e-07	-5.3758218e-06	1.0682748e-07	-6.7357831e-08	4.7181691e-08	2.8631627e-08	3.5947892e-06	2.2072455e-06	-1.081353e-05	-1.0812133e-05	-0.00012919623
-0.22	0.78	0	0	0	0.78	0	-0	-0	1.0209435	0.621142	-5.4400286e-06	1.5309623e-07	-6.1201469e-08	2.0956286e-07	-5.3785943e-06	1.0705673e-07	-6.7189056e-08	4.7036033e-08	2.8579156e-08	3.5966813e-06	2.228876e-06	-1.0819154e-05	-1.0818417e-05	-6.8062139e-05
-0.222	0.778	0	0	0	0.778	0	-0	-0	1.0209806	0.61798325	-5.4428715e-06	1.5250742e-07	-6.0657111e-08	2.0886507e-07	-5.381363e-06	1.0728516e-07	-6.7024833e-08	4.6891941e-08	2.8526172e-08	3.5985694e-06	2.2505191e-06	-1.0824765e-05	-1.0824688e-05	-7.1271781e-06
-0.224	0.776	0	0	0	0.776	0	-0	-0	1.0210179	0.61483248	-5.4457061e-06	1.5192859e-07	-6.0117356e-08	2.0817505e-07	-5.3841278e-06	1.0751278e-07	-6.6865052e-08	4.6749408e-08	2.8472696e-08	3.6004537e-06	2.2721748e-06	-1.0830365e-05	-1.0830946e-05	5.3607832e-05
-0.226	0.774	0	0	0	0.774	0	-0	-0	1.0210553	0.61168971	-5.4485325e-06	1.5135952e-07	-5.9582122e-08	2.0749263e-07	-5.3868887e-06	1.0773964e-07	-6.6709608e-08	4.6608425e-08	2.8418746e-08	3.6023342e-06	2.2938429e-06	-1.0835953e-05	-1.083719e-05	0.00011414221
-0.228	0.772	0	0	0	0.772	0	-0	-0	1.0210927	0.60855493	-5.4513507e-06	1.5079997e-07	-5.9051328e-08	2.0681763e-07	-5.3896457e-06	1.0796575e-07	-6.6558399e-08	4.6468985e-08	2.836434e-08	3.6042107e-06	2.3155235e-06	-1.0841528e-05	-1.084342e-05	0.00017447541
-0.23	0.77	0	0	0	0.77	0	-0	-0	1.0211303	0.60542813	-5.4541607e-06	1.5024974e-07	-5.8524895e-08	2.0614988e-07	-5.3923986e-06	1.0819114e-07	-6.6411325e-08	4.6331079e-08	2.8309497e-08	3.6060833e-06	2.3372166e-06	-1.0847091e-05	-1.0849637e-05	0.000234607
-0.232	0.768	0	0	0	0.768	0	-0	-0	1.0211679	0.60230933	-5.4569624e-06	1.4970859e-07	-5.8002746e-08	2.0548919e-07	-5.3951475e-06	1.0841583e-07	-6.626829e-08	4.61947e-08	2.8254231e-08	3.6079519e-06	2.3589221e-06	-1.0852642e-05	-1.085584e-05	0.00029453666
-0.234	0.766	0	0	0	0.766	0	-0	-0	1.0212056	0.59919852	-5.4597558e-06	1.4917634e-07	-5.7484806e-08	2.0483542e-07	-5.3978923e-06	1.0863984e-07	-6.6129201e-08	4.6059843e-08	2.8198561e-08	3.6098165e-06	2.38064e-06	-1.085818e-05	-1.0862029e-05	0.0003542642
-0.236	0.764	0	0	0	0.764	0	-0	-0	1.0212434	0.5960957	-5.4625409e-06	1.4865277e-07	-5.6971003e-08	2.0418839e-07	-5.4006329e-06	1.088632e-07	-6.5993967e-08	4.59265e-08	2.8142501e-08	3.6116771e-06	2.4023702e-06	-1.0863706e-05	-1.0868204e-05	0.00041378951
-0.238	0.762	0	0	0	0.762	0	-0	-0	1.0212813	0.59300087	-5.4653177e-06	1.4813769e-07	-5.6461264e-08	2.0354795e-07	-5.4033693e-06	1.0908593e-07	-6.5862501e-08	4.5794666e-08	2.8086067e-08	3.6135336e-06	2.4241128e-06	-1.086922e-05	-1.0874365e-05	0.00047311258
-0.24	0.76	0	0	0	0.76	0	-0	-0	1.0213193	0.58991404	-5.4680862e-06	1.4763092e-07	-5.5955521e-08	2.0291395e-07	-5.4061014e-06	1.0930804e-07	-6.5734716e-08	4.5664335e-08	2.8029273e-08	3.6153861e-06	2.4458677e-06	-1.0874721e-05	-1.0880512e-05	0.00053223351
-0.242	0.758	0	0	0	0.758	0	-0	-0	1.0213574	0.58683519	-5.4708462e-06	1.4713227e-07	-5.5453706e-08	2.0228625e-07	-5.4088293e-06	1.0952957e-07	-6.5610529e-08	4.5535504e-08	2.7972134e-08	3.6172345e-06	2.4676348e-06	-1.0880209e-05	-1.0886645e-05	0.00059115246
-0.244	0.756	0	0	0	0.756	0	-0	-0	1.0213956	0.58376435	-5.4735979e-06	1.4664156e-07	-5.4955752e-08	2.0166469e-07	-5.4115527e-06	1.0975052e-07	-6.5489861e-08	4.5408166e-08	2.7914664e-08	3.6190786e-06	2.4894142e-06	-1.0885684e-05	-1.0892763e-05	0.00064986969
-0.246	0.754	0	0	0	0.754	0	-0	-0	1.0214339	0.58070149	-5.476341e-06	1.4615864e-07	-5.4461594e-08	2.0104914e-07	-5.4142717e-06	1.0997094e-07	-6.5372631e-08	4.5282318e-08	2.7856875e-08	3.6209186e-06	2.5112059e-06	-1.0891147e-05	-1.0898867e-05	0.00070838552
-0.248	0.752	0	0	0	0.752	0	-0	-0	1.0214722	0.57764663	-5.4790757e-06	1.4568332e-07	-5.397117e-08	2.0043947e-07	-5.4169862e-06	1.1019082e-07	-6.5258764e-08	4.5157957e-08	2.7798782e-08	3.6227544e-06	2.5330097e-06	-1.0896596e-05	-1.0904957e-05	0.00076670036
-0.25	0.75	0	0	0	0.75	0	-0	-0	1.0215107	0.57459977	-5.4818017e-06	1.4521544e-07	-5.3484417e-08	1.9983553e-07	-5.4196962e-06	1.1041019e-07	-6.5148185e-08	4.5035079e-08	2.7740395e-08	3.6245858e-06	2.5548257e-06	-1.0902032e-05	-1.0911032e-05	0.00082481468
-0.252	0.748	0	0	0	0.748	0	-0	-0	1.0215493	0.5715609	-5.4845191e-06	1.4475486e-07	-5.3001276e-08	1.9923722e-07	-5.4224015e-06	1.1062908e-07	-6.5040822e-08	4.4913681e-08	2.7681728e-08	3.626413e-06	2.5766538e-06	-1.0907455e-05	-1.0917092e-05	0.000882729
-0.254	0.746	0	0	0	0.746	0	-0	-0	1.0215879	0.56853002	-5.4872279e-06	1.4430142e-07	-5.2521688e-08	1.9864438e-07	-5.4251021e-06	1.1084749e-07	-6.4936605e-08	4.479376e-08	2.7622792e-08	3.6282357e-06	2.5984941e-06	-1.0912865e-05	-1.0923137e-05	0.00094044392
-0.256	0.744	0	0	0	0.744	0	-0	-0	1.0216267	0.56550715	-5.4899279e-06	1.4385497e-07	-5.2045594e-08	1.9805692e-07	-5.427798e-06	1.1106546e-07	-6.4835463e-08	4.4675315e-08	2.7563598e-08	3.6300541e-06	2.6203464e-06	-1.0918261e-05	-1.0929168e-05	0.0009979601
-0.258	0.742	0	0	0	0.742	0	-0	-0	1.0216655	0.56249226	-5.492619e-06	1.4341537e-07	-5.1572939e-08	1.974747e-07	-5.4304891e-06	1.1128299e-07	-6.4737331e-08	4.4558343e-08	2.7504158e-08	3.631868e-06	2.6422107e-06	-1.0923643e-05	-1.0935183e-05	0.0010552782
-0.26	0.74	0	0	0	0.74	0	-0	-0	1.0217045	0.55948538	-5.4953013e-06	1.4298248e-07	-5.1103668e-08	1.9689761e-07	-5.4331754e-06	1.115001e-07	-6.4642143e-08	4.4442844e-08	2.7444482e-08	3.6336774e-06	2.6640871e-06	-1.0929012e-05	-1.0941183e-05	0.001112399
-0.262	0.738	0	0	0	0.738	0	-0	-0	1.0217435	0.55648649	-5.4979746e-06	1.4255617e-07	-5.0637726e-08	1.9632554e-07	-5.4358566e-06	1.1171682e-07	-6.4549835e-08	4.4328817e-08	2.7384582e-08	3.6354822e-06	2.6859755e-06	-1.0934367e-05	-1.0947167e-05	0.0011693234
-0.264	0.736	0	0	0	0.736	0	-0	-0	1.0217827	0.5534956	-5.5006389e-06	1.421363e-07	-5.0175061e-08	1.9575838e-07	-5.4385329e-06	1.1193316e-07	-6.4460346e-08	4.4216261e-08	2.7324466e-08	3.6372824e-06	2.7078758e-06	-1.0939707e-05	-1.0953137e-05	0.001226052
-0.266	0.734	0	0	0	0.734	0	-0	-0	1.021822	0.55051271	-5.5032941e-06	1.4172274e-07	-4.9715622e-08	1.9519601e-07	-5.441204e-06	1.1214913e-07	-6.4373613e-08	4.4105176e-08	2.7264145e-08	3.639078e-06	2.729788e-06	-1.0945034e-05	-1.095909e-05	0.0012825859
-0.268	0.732	0	0	0	0.732	0	-0	-0	1.0218613	0.54753782	-5.50594e-06	1.4131538e-07	-4.9259358e-08	1.9463835e-07	-5.44387e-06	1.1236476e-07	-6.4289578e-08	4.3995562e-08	2.7203628e-08	3.6408688e-06	2.7517122e-06	-1.0950346e-05	-1.0965027e-05	0.001338926
-0.27	0.73	0	0	0	0.73	0	-0	-0	1.0219008	0.54457092	-5.5085767e-06	1.409141e-07	-4.8806219e-08	1.9408527e-07	-5.4465308e-06	1.1258006e-07	-6.4208184e-08	4.388742e-08	2.7142925e-08	3.6426548e-06	2.7736481e-06	-1.0955644e-05	-1.0970949e-05	0.0013950732
-0.272	0.728	0	0	0	0.728	0	-0	-0	1.0219403	0.54161203	-5.5112039e-06	1.4051877e-07	-4.8356159e-08	1.9353669e-07	-5.4491863e-06	1.1279504e-07	-6.4129372e-08	4.3780752e-08	2.7082046e-08	3.644436e-06	2.7955959e-06	-1.0960927e-05	-1.0976854e-05	0.0014510285
-0.274	0.726	0	0	0	0.726	0	-0	-0	1.02198	0.53866113	-5.5138217e-06	1.4012929e-07	-4.7909128e-08	1.929925e-07	-5.4518363e-06	1.1300972e-07	-6.4053089e-08	4.3675559e-08	2.7020998e-08	3.6462124e-06	2.8175556e-06	-1.0966195e-05	-1.0982743e-05	0.0015067929
-0.276	0.724	0	0	0	0.724	0	-0	-0	1.0220198	0.53571824	-5.5164299e-06	1.3974554e-07	-4.7465082e-08	1.9245261e-07	-5.454481e-06	1.1322412e-07	-6.3979279e-08	4.3571842e-08	2.6959791e-08	3.6479837e-06	2.8395269e-06	-1.0971448e-05	-1.0988616e-05	0.0015623675
-0.278	0.722	0	0	0	0.722	0	-0	-0	1.0220596	0.53278334	-5.5190285e-06	1.3936741e-07	-4.7023974e-08	1.9191693e-07	-5.4571201e-06	1.1343826e-07	-6.3907889e-08	4.3469604e-08	2.6898432e-08	3.64975e-06	2.86151e-06	-1.0976686e-05	-1.0994472e-05	0.0016177534
-0.28	0.72	0	0	0	0.72	0	-0	-0	1.0220996	0.52985645	-5.5216172e-06	1.3899481e-07	-4.6585761e-08	1.9138537e-07	-5.4597536e-06	1.1365214e-07	-6.3838868e-08	4.3368849e-08	2.6836931e-08	3.6515113e-06	2.8835048e-06	-1.0981908e-05	-1.1000311e-05	0.0016729518
-0.282	0.718	0	0	0	0.718	0	-0	-0	1.0221397	0.52693755	-5.5241961e-06	1.3862763e-07	-4.6150398e-08	1.9085783e-07	-5.4623814e-06	1.1386578e-07	-6.3772165e-08	4.3269578e-08	2.6775296e-08	3.6532674e-06	2.9055113e-06	-1.0987115e-05	-1.1006133e-05	0.0017279637
-0.284	0.716	0	0	0	0.716	0	-0	-0	1.0221799	0.52402666	-5.5267649e-06	1.3826578e-07	-4.5717844e-08	1.9033423e-07	-5.4650034e-06	1.140792e-07	-6.370773e-08	4.3171797e-08	2.6713533e-08	3.6550183e-06	2.9275293e-06	-1.0992306e-05	-1.1011938e-05	0.0017827902
-0.286	0.714	0	0	0	0.714	0	-0	-0	1.0222202	0.52112377	-5.5293236e-06	1.3790915e-07	-4.5288057e-08	1.8981448e-07	-5.4676196e-06	1.142924e-07	-6.3645514e-08	4.3075508e-08	2.6651652e-08	3.6567639e-06	2.949559e-06	-1.0997481e-05	-1.1017725e-05	0.0018374327
-0.288	0.712	0	0	0	0.712	0	-0	-0	1.0222606	0.51822888	-5.5318721e-06	1.3755765e-07	-4.4860995e-08	1.8929851e-07	-5.4702299e-06	1.1450542e-07	-6.3585468e-08	4.2980717e-08	2.658966e-08	3.6585041e-06	2.9716002e-06	-1.100264e-05	-1.1023495e-05	0.0018918923
-0.29	0.71	0	0	0	0.71	0	-0	-0	1.0223011	0.51534199	-5.5344102e-06	1.372112e-07	-4.4436619e-08	1.8878622e-07	-5.4728341e-06	1.1471825e-07	-6.3527546e-08	4.2887428e-08	2.6527564e-08	3.6602389e-06	2.993653e-06	-1.1007782e-05	-1.1029247e-05	0.0019461703
-0.292	0.708	0	0	0	0.708	0	-0	-0	1.0223417	0.51246311	-5.5369378e-06	1.3686971e-07	-4.401489e-08	1.8827755e-07	-5.4754323e-06	1.1493092e-07	-6.3471702e-08	4.2795646e-08	2.6465371e-08	3.6619682e-06	3.0157172e-06	-1.1012908e-05	-1.1034981e-05	0.0020002678
-0.294	0.706	0	0	0	0.706	0	-0	-0	1.0223825	0.50959223	-5.5394548e-06	1.3653309e-07	-4.3595768e-08	1.877724e-07	-5.4780243e-06	1.1514343e-07	-6.3417891e-08	4.2705379e-08	2.6403089e-08	3.663692e-06	3.0377929e-06	-1.1018018e-05	-1.1040697e-05	0.0020541862
-0.296	0.704	0	0	0	0.704	0	-0	-0	1.0224233	0.50672935	-5.541961e-06	1.3620125e-07	-4.3179217e-08	1.8727071e-07	-5.48061e-06	1.153558e-07	-6.3366066e-08	4.2616631e-08	2.6340725e-08	3.6654101e-06	3.05988e-06	-1.102311e-05	-1.1046395e-05	0.0021079267
-0.298	0.702	0	0	0	0.702	0	-0	-0	1.0224643	0.50387448	-5.5444564e-06	1.3587413e-07	-4.2765199e-08	1.8677241e-07	-5.4831893e-06	1.1556805e-07	-6.3316186e-08	4.2529409e-08	2.6278286e-08	3.6671225e-06	3.0819785e-06	-1.1028185e-05	-1.1052073e-05	0.0021614906
-0.3	0.7	0	0	0	0.7	0	-0	-0	1.0225053	0.50102761	-5.5469407e-06	1.3555163e-07	-4.2353679e-08	1.862774e-07	-5.4857622e-06	1.1578018e-07	-6.3268205e-08	4.2443722e-08	2.6215779e-08	3.668829e-06	3.1040883e-06	inf	inf	inf
