lambda	F11	F12	F13	F21	F22	F23	F31	F32	F33	J	P11	P12	P13	P21	P22	P23	P31	P32	P33	p	StrEn	t(1)	t(2)	d
0	1	0	0	0	1	0	0	0	1	1	0	0	0	0	0	0	0	0	0	-0	0	inf	inf	inf
0.002	1.002	0	0	0	1	0	0	0	0.9983876	1.0003844	2.8037376e-06	2.597907e-09	-2.0803045e-08	3.2450826e-09	1.1935104e-06	8.1778133e-09	-2.1527981e-08	6.1804545e-09	1.6210476e-09	-1.3329564e-06	2.785668e-09	2.8024176e-06	2.800649e-06	-0.00063149387
0.004	1.004	0	0	0	1	0	0	0	0.99674273	1.0007297	5.6125617e-06	-1.5271145e-08	-3.9744806e-08	-1.4135427e-08	2.4837445e-06	9.1318095e-09	-4.2552862e-08	4.0804902e-09	3.0786087e-09	-2.6997949e-06	1.1202596e-08	5.6099249e-06	5.5368616e-06	-0.013195805
0.006	1.006	0	0	0	1	0	0	0	0.99496171	1.0009315	8.0289135e-06	-4.7349228e-08	-5.4888387e-08	-4.5849319e-08	3.9240306e-06	-1.3357358e-08	-5.9309965e-08	-2.1813342e-08	4.1167655e-09	-3.9856869e-06	2.4933114e-08	8.0250973e-06	7.9413837e-06	-0.010541444
0.008	1.008	0	0	0	1	0	0	0	0.99303485	1.0009791	1.0003158e-05	-8.9182617e-08	-6.8067321e-08	-8.709482e-08	5.5086344e-06	-4.6476851e-08	-7.3354221e-08	-5.8454741e-08	4.7777089e-09	-5.17219e-06	4.2968131e-08	9.9985075e-06	9.979123e-06	-0.0019425087
0.01	1.01	0	0	0	1	0	0	0	0.99106836	1.000979	1.1903313e-05	-1.3779213e-07	-8.124736e-08	-1.3482548e-07	7.1444668e-06	-7.5854872e-08	-8.6676448e-08	-9.132152e-08	5.3813586e-09	-6.3510536e-06	6.4849606e-08	1.1897998e-05	1.1888714e-05	-0.00078089532
0.012	1.012	0	0	0	1	0	0	0	0.9890844	1.0009534	1.3802446e-05	-1.907878e-07	-9.4559511e-08	-1.8670411e-07	8.8079891e-06	-1.0191276e-07	-9.9529712e-08	-1.2075214e-07	5.9788925e-09	-7.5388046e-06	9.0522987e-08	1.3796496e-05	1.3788181e-05	-0.00060305333
0.014	1.014	0	0	0	1	0	0	0	0.98708776	1.000907	1.5713661e-05	-2.4655485e-07	-1.0797564e-07	-2.4113552e-07	1.0491134e-05	-1.2552722e-07	-1.1199096e-07	-1.4758686e-07	6.5780892e-09	-8.7371242e-06	1.2000233e-07	1.5707075e-05	1.569809e-05	-0.00057241181
0.016	1.016	0	0	0	1	0	0	0	0.98508003	1.0008413	1.7639753e-05	-3.0402279e-07	-1.214655e-07	-2.9705784e-07	1.2189459e-05	-1.4727086e-07	-1.241143e-07	-1.7238197e-07	7.1804055e-09	-9.9454639e-06	1.5331535e-07	1.7632526e-05	1.76225e-05	-0.00056893204
0.018	1.018	0	0	0	1	0	0	0	0.98306187	1.000757	1.9580953e-05	-3.6248239e-07	-1.3500597e-07	-3.5376691e-07	1.3899998e-05	-1.6752306e-07	-1.3594339e-07	-1.9551076e-07	7.7859251e-09	-1.1162912e-05	1.9049233e-07	1.9573077e-05	1.9561958e-05	-0.00056841558
0.02	1.02	0	0	0	1	0	0	0	0.9810336	1.0006543	2.1536761e-05	-4.2146377e-07	-1.4857973e-07	-4.1079673e-07	1.562059e-05	-1.8654856e-07	-1.4751377e-07	-2.1723767e-07	8.3943971e-09	-1.2388582e-05	2.3156318e-07	2.1528227e-05	2.1516057e-05	-0.00056562176
0.022	1.022	0	0	0	1	0	0	0	0.97899535	1.0005333	2.3506482e-05	-4.8065667e-07	-1.6217359e-07	-4.6784023e-07	1.7349582e-05	-2.0454065e-07	-1.5885409e-07	-2.3775893e-07	9.0055132e-09	-1.362169e-05	2.7655656e-07	2.3497282e-05	2.3484134e-05	-0.00055986034
0.024	1.024	0	0	0	1	0	0	0	0.9769472	1.0003939	2.5489417e-05	-5.3985788e-07	-1.7577721e-07	-5.24697e-07	1.9085673e-05	-2.2164555e-07	-1.6998731e-07	-2.5722553e-07	9.6189868e-09	-1.486157e-05	3.2549971e-07	2.5479543e-05	2.5465497e-05	-0.00055155544
0.026	1.026	0	0	0	1	0	0	0	0.97488917	1.0002363	2.7484919e-05	-5.9893646e-07	-1.893822e-07	-5.8123858e-07	2.0827815e-05	-2.3797701e-07	-1.8093166e-07	-2.7575689e-07	1.0234573e-08	-1.6107656e-05	3.7841854e-07	2.7474362e-05	2.7459497e-05	-0.00054132255
0.028	1.028	0	0	0	1	0	0	0	0.97282125	1.0000602	2.9492407e-05	-6.5781042e-07	-2.0298151e-07	-6.373852e-07	2.2575151e-05	-2.5362551e-07	-1.9170149e-07	-2.9344961e-07	1.0852067e-08	-1.735947e-05	4.353377e-07	2.9481159e-05	2.9465551e-05	-0.00052972009
0.03	1.03	0	0	0	1	0	0	0	0.97074341	0.99986571	3.1511373e-05	-7.1643105e-07	-2.1656904e-07	-6.9309008e-07	2.4326969e-05	-2.6866435e-07	-2.0230799e-07	-3.1038319e-07	1.1471301e-08	-1.8616604e-05	4.9628075e-07	3.1499426e-05	3.1483143e-05	-0.00051719698
0.032	1.032	0	0	0	1	0	0	0	0.96865562	0.9996526	3.3541369e-05	-7.7477216e-07	-2.3013933e-07	-7.4832877e-07	2.6082673e-05	-2.8315383e-07	-2.1275974e-07	-3.2662399e-07	1.2092136e-08	-1.9878711e-05	5.6127028e-07	3.3528716e-05	3.3511823e-05	-0.00050409732
0.034	1.034	0	0	0	1	0	0	0	0.96655783	0.99942079	3.5582007e-05	-8.3282282e-07	-2.4368737e-07	-8.0309186e-07	2.7841758e-05	-2.9714415e-07	-2.2306317e-07	-3.4222809e-07	1.2714454e-08	-2.1145493e-05	6.3032804e-07	3.5568639e-05	3.5551195e-05	-0.0004906788
0.036	1.036	0	0	0	1	0	0	0	0.96444999	0.99917019	3.7632945e-05	-8.9058223e-07	-2.5720844e-07	-8.5737992e-07	2.9603795e-05	-3.1067756e-07	-2.33223e-07	-3.5724332e-07	1.3338155e-08	-2.2416693e-05	7.0347505e-07	3.7618854e-05	3.7600913e-05	-0.00047713179
0.038	1.038	0	0	0	1	0	0	0	0.96233204	0.99890066	3.9693884e-05	-9.4805629e-07	-2.7069801e-07	-9.1120008e-07	3.1368413e-05	-3.2378994e-07	-2.4324249e-07	-3.7171087e-07	1.396315e-08	-2.3692087e-05	7.8073169e-07	3.9679062e-05	3.9660676e-05	-0.00046359549
0.04	1.04	0	0	0	1	0	0	0	0.96020393	0.99861209	4.1764563e-05	-1.0052551e-06	-2.841517e-07	-9.645636e-07	3.3135295e-05	-3.3651202e-07	-2.5312373e-07	-3.8566645e-07	1.458936e-08	-2.4971482e-05	8.6211776e-07	4.1749002e-05	4.1730216e-05	-0.00045017058
0.042	1.042	0	0	0	1	0	0	0	0.95806559	0.99830434	4.3844751e-05	-1.0621915e-06	-2.9756519e-07	-1.0174842e-06	3.4904161e-05	-3.4887027e-07	-2.6286784e-07	-3.9914122e-07	1.5216711e-08	-2.625471e-05	9.4765256e-07	4.3828443e-05	4.3809301e-05	-0.00043692893
0.044	1.044	0	0	0	1	0	0	0	0.95591695	0.9979773	4.5934244e-05	-1.1188793e-06	-3.1093421e-07	-1.0699768e-06	3.6674773e-05	-3.6088763e-07	-2.7247516e-07	-4.1216254e-07	1.5845132e-08	-2.7541621e-05	1.037355e-06	4.5917181e-05	4.5897724e-05	-0.00042392088
0.046	1.046	0	0	0	1	0	0	0	0.95375796	0.99763082	4.8032864e-05	-1.1753335e-06	-3.2425454e-07	-1.1220571e-06	3.8446917e-05	-3.7258411e-07	-2.8194538e-07	-4.2475455e-07	1.6474557e-08	-2.8832085e-05	1.1312435e-06	4.8015037e-05	4.7995302e-05	-0.00041118071
0.048	1.048	0	0	0	1	0	0	0	0.95158853	0.99726478	5.0140452e-05	-1.2315685e-06	-3.3752194e-07	-1.1737406e-06	4.0220408e-05	-3.839772e-07	-2.9127768e-07	-4.3693865e-07	1.7104916e-08	-3.0125988e-05	1.2293362e-06	5.0121853e-05	5.0101876e-05	-0.00039873071
0.05	1.05	0	0	0	1	0	0	0	0.9494086	0.99687903	5.2256866e-05	-1.2875989e-06	-3.507322e-07	-1.2250424e-06	4.1995084e-05	-3.950823e-07	-3.0047081e-07	-4.4873389e-07	1.7736142e-08	-3.1423229e-05	1.331651e-06	5.2237488e-05	5.2217301e-05	-0.00038658424
0.052	1.052	0	0	0	1	0	0	0	0.94721809	0.99647343	5.4381984e-05	-1.3434383e-06	-3.6388111e-07	-1.275977e-06	4.37708e-05	-4.0591295e-07	-3.0952319e-07	-4.6015729e-07	1.8368165e-08	-3.2723717e-05	1.4382054e-06	5.4361817e-05	5.4341453e-05	-0.00037474805
0.054	1.054	0	0	0	1	0	0	0	0.94501694	0.99604785	5.6515694e-05	-1.3990999e-06	-3.7696446e-07	-1.3265583e-06	4.5547428e-05	-4.1648116e-07	-3.1843297e-07	-4.7122411e-07	1.9000915e-08	-3.4027374e-05	1.5490168e-06	5.6494731e-05	5.6474218e-05	-0.00036322402
0.056	1.056	0	0	0	1	0	0	0	0.94280505	0.99560214	5.8657898e-05	-1.4545958e-06	-3.8997806e-07	-1.3767992e-06	4.7324857e-05	-4.2679755e-07	-3.2719811e-07	-4.8194808e-07	1.9634317e-08	-3.533413e-05	1.6641022e-06	5.8636131e-05	5.8615497e-05	-0.00035201039
0.058	1.058	0	0	0	1	0	0	0	0.94058237	0.99513615	6.080851e-05	-1.5099374e-06	-4.0291773e-07	-1.4267118e-06	4.9102986e-05	-4.3687158e-07	-3.3581642e-07	-4.9234159e-07	2.0268297e-08	-3.6643922e-05	1.7834788e-06	6.078593e-05	6.0765203e-05	-0.00034110285
0.06	1.06	0	0	0	1	0	0	0	0.9383488	0.99464973	6.2967454e-05	-1.5651353e-06	-4.1577929e-07	-1.4763073e-06	5.0881728e-05	-4.4671164e-07	-3.4428559e-07	-5.0241585e-07	2.0902775e-08	-3.7956695e-05	1.9071631e-06	6.2944053e-05	6.2923257e-05	-0.0003304952
0.062	1.062	0	0	0	1	0	0	0	0.93610427	0.99414274	6.5134661e-05	-1.620199e-06	-4.2855861e-07	-1.5255961e-06	5.2661004e-05	-4.5632525e-07	-3.5260328e-07	-5.1218102e-07	2.153767e-08	-3.9272401e-05	2.0351718e-06	6.5110431e-05	6.5089591e-05	-0.00032017997
0.064	1.064	0	0	0	1	0	0	0	0.9338487	0.99361502	6.7310073e-05	-1.6751372e-06	-4.4125158e-07	-1.5745875e-06	5.4440746e-05	-4.6571908e-07	-3.6076707e-07	-5.2164634e-07	2.2172898e-08	-4.0590997e-05	2.1675214e-06	6.7285005e-05	6.7264143e-05	-0.00031014879
0.066	1.066	0	0	0	1	0	0	0	0.931582	0.99306642	6.9493637e-05	-1.7299579e-06	-4.5385413e-07	-1.6232904e-06	5.6220892e-05	-4.7489912e-07	-3.6877456e-07	-5.3082025e-07	2.2808372e-08	-4.1912446e-05	2.3042284e-06	6.9467724e-05	6.9446862e-05	-0.00030039278
0.068	1.068	0	0	0	1	0	0	0	0.92930409	0.99249677	7.1685309e-05	-1.7846682e-06	-4.6636225e-07	-1.6717126e-06	5.8001389e-05	-4.838707e-07	-3.7662336e-07	-5.3971043e-07	2.3444002e-08	-4.3236714e-05	2.4453089e-06	7.1658541e-05	7.1637701e-05	-0.00029090273
0.07	1.07	0	0	0	1	0	0	0	0.92701489	0.99190593	7.3885048e-05	-1.8392745e-06	-4.7877195e-07	-1.7198612e-06	5.978219e-05	-4.9263859e-07	-3.8431111e-07	-5.4832393e-07	2.4079694e-08	-4.4563772e-05	2.5907792e-06	7.3857417e-05	7.383662e-05	-0.00028166933
0.072	1.072	0	0	0	1	0	0	0	0.9247143	0.99129373	7.6092821e-05	-1.8937826e-06	-4.9107934e-07	-1.7677428e-06	6.1563254e-05	-5.0120706e-07	-3.9183551e-07	-5.566672e-07	2.4715353e-08	-4.5893597e-05	2.7406554e-06	7.606432e-05	7.6043585e-05	-0.00027268328
0.074	1.074	0	0	0	1	0	0	0	0.92240224	0.99066001	7.8308601e-05	-1.9481974e-06	-5.0328055e-07	-1.8153631e-06	6.3344546e-05	-5.0957992e-07	-3.9919432e-07	-5.6474618e-07	2.5350881e-08	-4.7226166e-05	2.8949535e-06	7.8279221e-05	7.8258566e-05	-0.00026393537
0.076	1.076	0	0	0	1	0	0	0	0.92007862	0.9900046	8.0532363e-05	-2.0025233e-06	-5.1537181e-07	-1.8627275e-06	6.5126035e-05	-5.1776055e-07	-4.063854e-07	-5.7256631e-07	2.5986176e-08	-4.8561461e-05	3.0536896e-06	8.0502097e-05	8.048154e-05	-0.00025541662
0.078	1.078	0	0	0	1	0	0	0	0.91774335	0.98932733	8.276409e-05	-2.0567641e-06	-5.2734943e-07	-1.9098405e-06	6.6907695e-05	-5.2575199e-07	-4.1340668e-07	-5.8013263e-07	2.6621135e-08	-4.9899469e-05	3.2168797e-06	8.2732928e-05	8.2712488e-05	-0.00024711825
0.08	1.08	0	0	0	1	0	0	0	0.91539634	0.98862804	8.5003766e-05	-2.1109231e-06	-5.3920979e-07	-1.9567063e-06	6.8689504e-05	-5.3355692e-07	-4.202562e-07	-5.8744978e-07	2.7255651e-08	-5.1240175e-05	3.3845396e-06	8.49717e-05	8.4951394e-05	-0.00023903176
0.082	1.082	0	0	0	1	0	0	0	0.91303748	0.98790656	8.725138e-05	-2.1650031e-06	-5.5094935e-07	-2.0033286e-06	7.0471445e-05	-5.4117773e-07	-4.269321e-07	-5.9452206e-07	2.7889617e-08	-5.2583572e-05	3.5566852e-06	8.7218403e-05	8.7198247e-05	-0.00023114896
0.084	1.084	0	0	0	1	0	0	0	0.9106667	0.9871627	8.9506926e-05	-2.2190063e-06	-5.6256467e-07	-2.0497105e-06	7.2253504e-05	-5.4861653e-07	-4.3343264e-07	-6.0135345e-07	2.8522921e-08	-5.3929651e-05	3.7333326e-06	8.947303e-05	8.945304e-05	-0.00022346195
0.086	1.086	0	0	0	1	0	0	0	0.90828388	0.9863963	9.1770401e-05	-2.2729345e-06	-5.7405241e-07	-2.0958548e-06	7.4035669e-05	-5.5587519e-07	-4.397562e-07	-6.0794765e-07	2.9155452e-08	-5.5278409e-05	3.9144974e-06	9.1735577e-05	9.171577e-05	-0.00021596316
0.088	1.088	0	0	0	1	0	0	0	0.90588894	0.98560717	9.4041804e-05	-2.3267892e-06	-5.8540933e-07	-2.1417639e-06	7.5817933e-05	-5.6295531e-07	-4.4590128e-07	-6.1430808e-07	2.9787093e-08	-5.6629842e-05	4.1001956e-06	9.4006044e-05	9.3986434e-05	-0.00020864533
0.09	1.09	0	0	0	1	0	0	0	0.90348178	0.98479514	9.6321139e-05	-2.3805713e-06	-5.9663229e-07	-2.1874398e-06	7.7600291e-05	-5.6985834e-07	-4.5186651e-07	-6.2043795e-07	3.041773e-08	-5.798395e-05	4.2904431e-06	9.6284435e-05	9.6265038e-05	-0.00020150151
0.092	1.092	0	0	0	1	0	0	0	0.90106228	0.98396001	9.8608412e-05	-2.4342816e-06	-6.0771824e-07	-2.2328841e-06	7.9382742e-05	-5.7658549e-07	-4.5765064e-07	-6.2634022e-07	3.1047243e-08	-5.9340734e-05	4.4852558e-06	9.8570757e-05	9.8551586e-05	-0.00019452505
0.094	1.094	0	0	0	1	0	0	0	0.89863036	0.98310161	0.00010090363	-2.4879203e-06	-6.1866427e-07	-2.2780983e-06	8.1165285e-05	-5.8313781e-07	-4.6325256e-07	-6.320177e-07	3.1675513e-08	-6.0700198e-05	4.6846495e-06	0.00010086502	0.00010084609	-0.00018770962
0.096	1.096	0	0	0	1	0	0	0	0.8961859	0.98221974	0.00010320681	-2.5414873e-06	-6.2946755e-07	-2.3230834e-06	8.2947925e-05	-5.895162e-07	-4.686713e-07	-6.3747296e-07	3.2302419e-08	-6.2062347e-05	4.8886401e-06	0.00010316723	0.00010314855	-0.00018104917
0.098	1.098	0	0	0	1	0	0	0	0.8937288	0.98131422	0.00010551797	-2.5949825e-06	-6.4012538e-07	-2.3678401e-06	8.4730666e-05	-5.957214e-07	-4.73906e-07	-6.4270847e-07	3.2927837e-08	-6.3427187e-05	5.0972437e-06	0.00010547741	0.000105459	-0.00017453792
0.1	1.1	0	0	0	1	0	0	0	0.89125895	0.98038485	0.00010783711	-2.6484051e-06	-6.5063519e-07	-2.4123691e-06	8.6513517e-05	-6.0175401e-07	-4.7895594e-07	-6.4772651e-07	3.3551645e-08	-6.4794727e-05	5.3104761e-06	0.00010779557	0.00010777745	-0.00016817038
0.102	1.102	0	0	0	1	0	0	0	0.88877625	0.97943143	0.00011016427	-2.7017545e-06	-6.6099449e-07	-2.4566705e-06	8.8296487e-05	-6.0761452e-07	-4.8382056e-07	-6.5252922e-07	3.4173715e-08	-6.6164978e-05	5.5283535e-06	0.00011012174	0.00011010391	-0.00016194129
0.104	1.104	0	0	0	1	0	0	0	0.88628058	0.97845377	0.00011249947	-2.7550294e-06	-6.7120093e-07	-2.5007445e-06	9.0079589e-05	-6.1330328e-07	-4.8849939e-07	-6.5711866e-07	3.4793923e-08	-6.7537951e-05	5.7508918e-06	0.00011245594	0.00011243842	-0.00015584567
0.106	1.106	0	0	0	1	0	0	0	0.88377184	0.97745165	0.00011484273	-2.8082285e-06	-6.8125229e-07	-2.544591e-06	9.1862836e-05	-6.1882056e-07	-4.9299212e-07	-6.6149673e-07	3.5412141e-08	-6.8913658e-05	5.9781072e-06	0.00011479819	0.00011478099	-0.00014987876
0.108	1.108	0	0	0	1	0	0	0	0.8812499	0.97642489	0.00011719407	-2.8613503e-06	-6.9114645e-07	-2.5882097e-06	9.3646246e-05	-6.2416651e-07	-4.9729856e-07	-6.6566524e-07	3.602824e-08	-7.0292116e-05	6.2100157e-06	0.00011714852	0.00011713165	-0.00014403601
0.11	1.11	0	0	0	1	0	0	0	0.87871466	0.97537327	0.00011955354	-2.9143931e-06	-7.0088141e-07	-2.6316e-06	9.5429836e-05	-6.2934121e-07	-5.0141865e-07	-6.6962592e-07	3.6642092e-08	-7.1673339e-05	6.4466338e-06	0.00011950697	0.00011949044	-0.0001383131
0.112	1.112	0	0	0	1	0	0	0	0.87616598	0.97429657	0.00012192116	-2.967355e-06	-7.1045531e-07	-2.6747614e-06	9.7213626e-05	-6.3434462e-07	-5.0535245e-07	-6.7338041e-07	3.7253567e-08	-7.3057346e-05	6.6879775e-06	0.00012187356	0.00012185739	-0.00013270591
0.114	1.114	0	0	0	1	0	0	0	0.87360377	0.9731946	0.00012429697	-3.0202338e-06	-7.198664e-07	-2.7176931e-06	9.8997637e-05	-6.3917666e-07	-5.0910016e-07	-6.7693025e-07	3.7862533e-08	-7.4444156e-05	6.9340633e-06	0.00012424833	0.00012423253	-0.00012721053
0.116	1.116	0	0	0	1	0	0	0	0.87102789	0.97206712	0.00012668101	-3.0730273e-06	-7.2911304e-07	-2.760394e-06	0.00010078189	-6.4383716e-07	-5.1266207e-07	-6.8027693e-07	3.8468861e-08	-7.5833789e-05	7.1849076e-06	0.00012663133	0.0001266159	-0.0001218232
0.118	1.118	0	0	0	1	0	0	0	0.86843822	0.97091393	0.00012907331	-3.125733e-06	-7.3819372e-07	-2.8028631e-06	0.00010256642	-6.4832587e-07	-5.1603864e-07	-6.8342189e-07	3.9072418e-08	-7.7226268e-05	7.4405269e-06	0.00012902258	0.00012900755	-0.00011654036
0.12	1.12	0	0	0	1	0	0	0	0.86583463	0.96973479	0.00013147393	-3.1783484e-06	-7.4710706e-07	-2.8450993e-06	0.00010435125	-6.5264251e-07	-5.192304e-07	-6.8636648e-07	3.9673072e-08	-7.8621616e-05	7.7009378e-06	0.00013142214	0.00013140751	-0.00011135862
0.122	1.122	0	0	0	1	0	0	0	0.86321701	0.96852948	0.0001338829	-3.2308708e-06	-7.5585177e-07	-2.8871013e-06	0.0001061364	-6.567867e-07	-5.2223801e-07	-6.89112e-07	4.0270692e-08	-8.0019857e-05	7.9661569e-06	0.00013383005	0.00013381583	-0.00010627473
0.124	1.124	0	0	0	1	0	0	0	0.86058522	0.96729778	0.00013630028	-3.2832973e-06	-7.6442672e-07	-2.9288675e-06	0.00010792191	-6.6075804e-07	-5.2506224e-07	-6.9165974e-07	4.0865143e-08	-8.1421018e-05	8.2362011e-06	0.00013624636	0.00013623256	-0.00010128559
0.126	1.126	0	0	0	1	0	0	0	0.85793912	0.96603945	0.00013872611	-3.335625e-06	-7.7283086e-07	-2.9703966e-06	0.00010970781	-6.6455605e-07	-5.2770399e-07	-6.9401091e-07	4.1456293e-08	-8.2825127e-05	8.5110872e-06	0.00013867112	0.00013865775	-9.6388275e-05
0.128	1.128	0	0	0	1	0	0	0	0.8552786	0.96475426	0.00014116046	-3.3878508e-06	-7.8106327e-07	-3.0116869e-06	0.00011149413	-6.6818024e-07	-5.3016423e-07	-6.9616669e-07	4.2044009e-08	-8.4232212e-05	8.7908321e-06	0.00014110438	0.00014109146	-9.157996e-05
0.13	1.13	0	0	0	1	0	0	0	0.85260351	0.96344196	0.00014360337	-3.4399714e-06	-7.8912315e-07	-3.0527368e-06	0.00011328092	-6.7163004e-07	-5.3244406e-07	-6.9812823e-07	4.2628157e-08	-8.5642306e-05	9.075453e-06	0.0001435462	0.00014353373	-8.6857967e-05
0.132	1.132	0	0	0	1	0	0	0	0.84991371	0.96210232	0.00014605491	-3.4919836e-06	-7.9700981e-07	-3.0935444e-06	0.0001150682	-6.7490485e-07	-5.3454465e-07	-6.9989667e-07	4.3208604e-08	-8.7055439e-05	9.364967e-06	0.00014599664	0.00014598464	-8.2219739e-05
0.134	1.134	0	0	0	1	0	0	0	0.84720907	0.96073509	0.00014851513	-3.5438841e-06	-8.0472267e-07	-3.134108e-06	0.00011685602	-6.7800403e-07	-5.3646731e-07	-7.0147308e-07	4.3785215e-08	-8.8471646e-05	9.6593916e-06	0.00014845576	0.00014844423	-7.7662836e-05
0.136	1.136	0	0	0	1	0	0	0	0.84448944	0.95934001	0.00015098411	-3.5956693e-06	-8.1226126e-07	-3.1744256e-06	0.00011864441	-6.8092692e-07	-5.3821339e-07	-7.0285854e-07	4.4357857e-08	-8.9890961e-05	9.958744e-06	0.00015092363	0.00015091258	-7.3184932e-05
0.138	1.138	0	0	0	1	0	0	0	0.84175469	0.95791684	0.00015346191	-3.6473357e-06	-8.1962522e-07	-3.2144953e-06	0.00012043343	-6.8367279e-07	-5.3978437e-07	-7.0405411e-07	4.4926396e-08	-9.1313422e-05	1.0263042e-05	0.0001534003	0.00015338975	-6.8783808e-05
0.14	1.14	0	0	0	1	0	0	0	0.83900466	0.95646531	0.00015594859	-3.6988795e-06	-8.268143e-07	-3.2543151e-06	0.00012222311	-6.8624092e-07	-5.411818e-07	-7.0506082e-07	4.5490697e-08	-9.2739066e-05	1.0572303e-05	0.00015588587	0.00015587582	-6.4457345e-05
0.142	1.142	0	0	0	1	0	0	0	0.83623921	0.95498517	0.00015844424	-3.7502971e-06	-8.3382837e-07	-3.2938829e-06	0.00012401351	-6.8863052e-07	-5.4240732e-07	-7.0587968e-07	4.6050628e-08	-9.4167935e-05	1.0886545e-05	0.00015838039	0.00015837085	-6.0203526e-05
0.144	1.144	0	0	0	1	0	0	0	0.83345818	0.95347616	0.00016094893	-3.8015848e-06	-8.4066737e-07	-3.3331965e-06	0.00012580467	-6.9084079e-07	-5.4346263e-07	-7.0651172e-07	4.6606054e-08	-9.5600069e-05	1.1205786e-05	0.00016088394	0.00016087493	-5.6020425e-05
0.146	1.146	0	0	0	1	0	0	0	0.83066143	0.951938	0.00016346274	-3.8527385e-06	-8.4733137e-07	-3.3722537e-06	0.00012759664	-6.9287091e-07	-5.4434954e-07	-7.0695792e-07	4.7156842e-08	-9.7035512e-05	1.1530045e-05	0.00016339661	0.00016338813	-5.1906207e-05
0.148	1.148	0	0	0	1	0	0	0	0.82784879	0.95037041	0.00016598575	-3.9037543e-06	-8.5382054e-07	-3.4110524e-06	0.00012938947	-6.9472001e-07	-5.450699e-07	-7.0721928e-07	4.7702856e-08	-9.8474308e-05	1.1859339e-05	0.00016591847	0.00016591053	-4.7859124e-05
0.15	1.15	0	0	0	1	0	0	0	0.82502012	0.94877313	0.00016851805	-3.9546283e-06	-8.6013514e-07	-3.4495903e-06	0.00013118322	-6.9638721e-07	-5.4562566e-07	-7.0729679e-07	4.8243965e-08	-9.9916506e-05	1.2193687e-05	0.00016844962	0.00016844223	-4.387751e-05
0.152	1.152	0	0	0	1	0	0	0	0.82217524	0.94714588	0.00017105973	-4.0053564e-06	-8.6627553e-07	-3.4878651e-06	0.00013297795	-6.9787161e-07	-5.4601881e-07	-7.0719143e-07	4.8780033e-08	-0.00010136215	1.2533108e-05	0.00017099014	0.00017098331	-3.9959779e-05
0.154	1.154	0	0	0	1	0	0	0	0.819314	0.94548836	0.00017361088	-4.0559345e-06	-8.7224217e-07	-3.5258745e-06	0.00013477371	-6.9917227e-07	-5.4625142e-07	-7.0690417e-07	4.9310928e-08	-0.0001028113	1.287762e-05	0.00017354013	0.00017353386	-3.610442e-05
0.156	1.156	0	0	0	1	0	0	0	0.81643623	0.94380028	0.0001761716	-4.1063583e-06	-8.7803561e-07	-3.563616e-06	0.00013657057	-7.0028823e-07	-5.4632563e-07	-7.0643601e-07	4.9836515e-08	-0.000104264	1.3227243e-05	0.00017609968	0.00017609399	-3.231e-05
0.158	1.158	0	0	0	1	0	0	0	0.81354176	0.94208136	0.00017874199	-4.1566237e-06	-8.836565e-07	-3.6010874e-06	0.00013836859	-7.0121852e-07	-5.4624362e-07	-7.0578792e-07	5.0356662e-08	-0.00010572031	1.3581996e-05	0.0001786689	0.00017866379	-2.8575153e-05
0.16	1.16	0	0	0	1	0	0	0	0.81063042	0.94033129	0.00018132215	-4.2067263e-06	-8.8910556e-07	-3.6382861e-06	0.00014016782	-7.0196213e-07	-5.4600763e-07	-7.0496088e-07	5.0871234e-08	-0.00010718028	1.3941898e-05	0.00018124788	0.00018124337	-2.4898586e-05
0.162	1.162	0	0	0	1	0	0	0	0.80770204	0.93854977	0.0001839122	-4.2566619e-06	-8.9438362e-07	-3.6752097e-06	0.00014196835	-7.0251804e-07	-5.4561996e-07	-7.0395589e-07	5.1380099e-08	-0.00010864398	1.430697e-05	0.00018383675	0.00018383284	-2.1279069e-05
0.164	1.164	0	0	0	1	0	0	0	0.80475644	0.93673649	0.00018651224	-4.306426e-06	-8.9949161e-07	-3.7118558e-06	0.00014377024	-7.028852e-07	-5.4508295e-07	-7.0277394e-07	5.1883122e-08	-0.00011011146	1.467723e-05	0.0001864356	0.0001864323	-1.7715441e-05
0.166	1.166	0	0	0	1	0	0	0	0.80179344	0.93489115	0.0001891224	-4.3560142e-06	-9.0443051e-07	-3.7482217e-06	0.00014557356	-7.0306254e-07	-5.4439901e-07	-7.0141602e-07	5.238017e-08	-0.00011158278	1.5052699e-05	0.00018904457	0.00018904188	-1.42066e-05
0.168	1.168	0	0	0	1	0	0	0	0.79881285	0.93301341	0.00019174279	-4.4054221e-06	-9.0920141e-07	-3.7843052e-06	0.00014737839	-7.0304898e-07	-5.4357057e-07	-6.9988314e-07	5.2871111e-08	-0.00011305802	1.5433397e-05	0.00019166376	0.0001916617	-1.0751508e-05
0.17	1.17	0	0	0	1	0	0	0	0.7958145	0.93110296	0.00019437355	-4.4546452e-06	-9.1380549e-07	-3.8201034e-06	0.00014918481	-7.0284338e-07	-5.4260012e-07	-6.981763e-07	5.335581e-08	-0.00011453724	1.5819346e-05	0.00019429332	0.00019429189	-7.3491859e-06
0.172	1.172	0	0	0	1	0	0	0	0.79279819	0.92915947	0.00019701479	-4.5036788e-06	-9.1824398e-07	-3.855614e-06	0.00015099289	-7.0244463e-07	-5.4149017e-07	-6.9629654e-07	5.3834133e-08	-0.00011602051	1.6210565e-05	0.00019693336	0.00019693257	-3.9987138e-06
0.174	1.174	0	0	0	1	0	0	0	0.78976373	0.92718262	0.00019966667	-4.5525184e-06	-9.2251823e-07	-3.8908343e-06	0.00015280272	-7.0185154e-07	-5.402433e-07	-6.9424488e-07	5.4305948e-08	-0.0001175079	1.6607076e-05	0.00019958402	0.00019958388	-6.9922846e-07
0.176	1.176	0	0	0	1	0	0	0	0.78671092	0.92517205	0.00020232931	-4.6011594e-06	-9.2662965e-07	-3.9257618e-06	0.00015461439	-7.0106294e-07	-5.3886209e-07	-6.9202235e-07	5.477112e-08	-0.00011899949	1.70089e-05	0.00020224545	0.00020224597	2.5500771e-06
0.178	1.178	0	0	0	1	0	0	0	0.78363958	0.92312743	0.00020500287	-4.6495972e-06	-9.3057973e-07	-3.9603937e-06	0.00015642798	-7.0007761e-07	-5.3734919e-07	-6.8963001e-07	5.5229515e-08	-0.00012049536	1.741606e-05	0.0002049178	0.00020491898	5.7499545e-06
0.18	1.18	0	0	0	1	0	0	0	0.78054949	0.9210484	0.0002076875	-4.6978269e-06	-9.3437005e-07	-3.9947276e-06	0.00015824359	-6.9889431e-07	-5.3570725e-07	-6.8706891e-07	5.5681e-08	-0.00012199559	1.7828576e-05	0.00020760121	0.00020760306	8.9011009e-06
0.182	1.182	0	0	0	1	0	0	0	0.77744046	0.91893462	0.00021038336	-4.7458439e-06	-9.3800226e-07	-4.0287607e-06	0.00016006131	-6.9751177e-07	-5.3393898e-07	-6.8434012e-07	5.612544e-08	-0.00012350026	1.8246472e-05	0.00021029584	0.00021029836	1.200416e-05
0.184	1.184	0	0	0	1	0	0	0	0.77431227	0.91678573	0.0002130906	-4.7936434e-06	-9.4147809e-07	-4.0624903e-06	0.00016188125	-6.959287e-07	-5.320471e-07	-6.8144471e-07	5.65627e-08	-0.00012500947	1.866977e-05	0.00021300186	0.00021300507	1.5059721e-05
0.186	1.186	0	0	0	1	0	0	0	0.77116472	0.91460136	0.00021580941	-4.8412205e-06	-9.4479934e-07	-4.0959139e-06	0.00016370349	-6.9414376e-07	-5.3003436e-07	-6.7838378e-07	5.6992646e-08	-0.0001265233	1.9098492e-05	0.00021571943	0.00021572333	1.8068322e-05
0.188	1.188	0	0	0	1	0	0	0	0.76799759	0.91238113	0.00021853995	-4.8885705e-06	-9.4796789e-07	-4.1290287e-06	0.00016552816	-6.921556e-07	-5.2790354e-07	-6.7515843e-07	5.7415143e-08	-0.00012804184	1.9532663e-05	0.00021844874	0.00021845334	2.1030447e-05
0.19	1.19	0	0	0	1	0	0	0	0.76481065	0.91012468	0.00022128241	-4.9356884e-06	-9.5098572e-07	-4.161832e-06	0.00016735535	-6.8996283e-07	-5.2565744e-07	-6.7176977e-07	5.7830054e-08	-0.0001295652	1.9972306e-05	0.00022118997	0.00022119527	2.394653e-05
0.192	1.192	0	0	0	1	0	0	0	0.7616037	0.90783162	0.00022403698	-4.9825693e-06	-9.5385486e-07	-4.194321e-06	0.00016918519	-6.87564e-07	-5.2329888e-07	-6.6821891e-07	5.8237244e-08	-0.00013109347	2.0417444e-05	0.0002239433	0.00022394931	2.6816949e-05
0.194	1.194	0	0	0	1	0	0	0	0.75837651	0.90550155	0.00022680386	-5.0292083e-06	-9.5657743e-07	-4.2264931e-06	0.00017101779	-6.8495767e-07	-5.2083072e-07	-6.64507e-07	5.8636576e-08	-0.00013262676	2.0868103e-05	0.00022670894	0.00022671566	2.9642032e-05
0.196	1.196	0	0	0	1	0	0	0	0.75512885	0.9031341	0.00022958325	-5.0756003e-06	-9.5915562e-07	-4.2583455e-06	0.00017285327	-6.8214232e-07	-5.1825582e-07	-6.6063517e-07	5.9027914e-08	-0.00013416518	2.1324307e-05	0.00022948709	0.00022949453	3.2422054e-05
0.198	1.198	0	0	0	1	0	0	0	0.75186048	0.90072885	0.00023237536	-5.1217403e-06	-9.615917e-07	-4.2898754e-06	0.00017469175	-6.7911639e-07	-5.1557708e-07	-6.5660458e-07	5.9411121e-08	-0.00013570884	2.1786081e-05	0.00023227796	0.00023228613	3.5157236e-05
0.2	1.2	0	0	0	1	0	0	0	0.74857117	0.8982854	0.00023518042	-5.1676233e-06	-9.6388804e-07	-4.32108e-06	0.00017653338	-6.7587831e-07	-5.1279739e-07	-6.5241639e-07	5.9786057e-08	-0.00013725786	2.2253451e-05	0.00023508178	0.00023509067	3.7847746e-05
0.202	1.202	0	0	0	1	0	0	0	0.74526068	0.89580334	0.00023799865	-5.2132442e-06	-9.6604706e-07	-4.3519566e-06	0.00017837828	-6.7242643e-07	-5.0991968e-07	-6.4807178e-07	6.0152584e-08	-0.00013881236	2.2726444e-05	0.00023789876	0.0002379084	4.0493699e-05
0.204	1.204	0	0	0	1	0	0	0	0.74192877	0.89328224	0.0002408303	-5.2585977e-06	-9.6807129e-07	-4.3825023e-06	0.0001802266	-6.6875905e-07	-5.069469e-07	-6.4357193e-07	6.0510564e-08	-0.00014037247	2.3205085e-05	0.00024072917	0.00024073954	4.3095152e-05
0.206	1.206	0	0	0	1	0	0	0	0.7385752	0.89072169	0.00024367561	-5.3036787e-06	-9.6996333e-07	-4.4127142e-06	0.00018207847	-6.6487443e-07	-5.03882e-07	-6.3891802e-07	6.0859855e-08	-0.00014193831	2.3689402e-05	0.00024357323	0.00024358435	4.5652109e-05
0.208	1.208	0	0	0	1	0	0	0	0.7351997	0.88812124	0.00024653484	-5.348482e-06	-9.7172586e-07	-4.4425896e-06	0.00018393406	-6.6077078e-07	-5.0072797e-07	-6.3411127e-07	6.1200318e-08	-0.00014351003	2.4179422e-05	0.00024643121	0.00024644308	4.8164515e-05
0.21	1.21	0	0	0	1	0	0	0	0.73180204	0.88548047	0.00024940825	-5.3930022e-06	-9.7336166e-07	-4.4721254e-06	0.00018579351	-6.5644623e-07	-4.974878e-07	-6.2915288e-07	6.153181e-08	-0.00014508776	2.4675174e-05	0.00024930338	0.000249316	5.0632258e-05
0.212	1.212	0	0	0	1	0	0	0	0.72838195	0.88279892	0.00025229613	-5.4372341e-06	-9.7487359e-07	-4.5013189e-06	0.00018765699	-6.5189886e-07	-4.9416449e-07	-6.2404407e-07	6.1854188e-08	-0.00014667166	2.5176686e-05	0.00025219001	0.00025220339	5.3055166e-05
0.214	1.214	0	0	0	1	0	0	0	0.72493917	0.88007615	0.00025519876	-5.4811722e-06	-9.7626462e-07	-4.530167e-06	0.00018952467	-6.4712668e-07	-4.9076107e-07	-6.1878605e-07	6.216731e-08	-0.00014826187	2.5683988e-05	0.00025509139	0.00025510553	5.5433005e-05
0.216	1.216	0	0	0	1	0	0	0	0.72147343	0.8773117	0.00025811645	-5.5248112e-06	-9.7753779e-07	-4.5586669e-06	0.00019139672	-6.4212761e-07	-4.8728059e-07	-6.1338007e-07	6.2471031e-08	-0.00014985855	2.6197108e-05	0.00025800784	0.00025802274	5.7765481e-05
0.218	1.218	0	0	0	1	0	0	0	0.71798448	0.8745051	0.00026104951	-5.5681456e-06	-9.7869627e-07	-4.5868155e-06	0.00019327333	-6.3689954e-07	-4.837261e-07	-6.0782736e-07	6.2765205e-08	-0.00015146187	2.6716079e-05	0.00026093965	0.00026095532	6.0052231e-05
0.22	1.22	0	0	0	1	0	0	0	0.71447203	0.87165588	0.00026399825	-5.6111698e-06	-9.797433e-07	-4.6146098e-06	0.00019515467	-6.3144023e-07	-4.8010068e-07	-6.0212914e-07	6.3049687e-08	-0.00015307199	2.724093e-05	0.00026388715	0.00026390359	6.229283e-05
0.222	1.222	0	0	0	1	0	0	0	0.71093581	0.86876356	0.00026696303	-5.6538783e-06	-9.8068226e-07	-4.6420468e-06	0.00019704096	-6.2574738e-07	-4.7640742e-07	-5.9628669e-07	6.3324328e-08	-0.00015468911	2.7771693e-05	0.00026685069	0.0002668679	6.448678e-05
0.224	1.224	0	0	0	1	0	0	0	0.70737555	0.86582767	0.0002699442	-5.6962654e-06	-9.8151661e-07	-4.6691234e-06	0.00019893238	-6.198186e-07	-4.7264944e-07	-5.9030123e-07	6.358898e-08	-0.00015631339	2.8308401e-05	0.00026983061	0.0002698486	6.6633514e-05
0.226	1.226	0	0	0	1	0	0	0	0.70379095	0.86284771	0.00027294211	-5.7383254e-06	-9.8224994e-07	-4.6958365e-06	0.00020082916	-6.1365139e-07	-4.6882985e-07	-5.8417402e-07	6.3843493e-08	-0.00015794504	2.8851087e-05	0.00027282729	0.00027284605	6.8732391e-05
0.228	1.228	0	0	0	1	0	0	0	0.70018174	0.85982318	0.00027595716	-5.7800524e-06	-9.8288598e-07	-4.7221828e-06	0.0002027315	-6.0724317e-07	-4.6495181e-07	-5.7790632e-07	6.4087717e-08	-0.00015958425	2.9399786e-05	0.00027584111	0.00027586063	7.0782691e-05
0.23	1.23	0	0	0	1	0	0	0	0.69654763	0.85675359	0.00027898974	-5.8214408e-06	-9.8342855e-07	-4.7481593e-06	0.00020463964	-6.0059124e-07	-4.6101849e-07	-5.7149938e-07	6.4321498e-08	-0.00016123123	2.995453e-05	0.00027887246	0.00027889276	7.2783617e-05
0.232	1.232	0	0	0	1	0	0	0	0.69288832	0.85363842	0.00028204026	-5.8624845e-06	-9.8388162e-07	-4.7737626e-06	0.00020655381	-5.9369279e-07	-4.5703306e-07	-5.6495446e-07	6.4544685e-08	-0.00016288621	3.0515357e-05	0.00028192175	0.00028194283	7.4734286e-05
0.234	1.234	0	0	0	1	0	0	0	0.68920353	0.85047715	0.00028510916	-5.9031775e-06	-9.8424932e-07	-4.7989896e-06	0.00020847427	-5.8654488e-07	-4.5299876e-07	-5.5827281e-07	6.4757121e-08	-0.0001645494	3.1082301e-05	0.00028498943	0.00028501128	7.663373e-05
0.236	1.236	0	0	0	1	0	0	0	0.68549294	0.84726928	0.00028819689	-5.9435138e-06	-9.8453589e-07	-4.8238367e-06	0.00021040126	-5.7914447e-07	-4.489188e-07	-5.5145568e-07	6.4958652e-08	-0.00016622103	3.1655402e-05	0.00028807595	0.00028809856	7.848089e-05
0.238	1.238	0	0	0	1	0	0	0	0.68175627	0.84401426	0.00029130391	-5.9834873e-06	-9.8474575e-07	-4.8483007e-06	0.00021233505	-5.7148835e-07	-4.4479644e-07	-5.4450434e-07	6.514912e-08	-0.00016790137	3.2234696e-05	0.00029118176	0.00029120513	8.0274612e-05
0.24	1.24	0	0	0	1	0	0	0	0.67799321	0.84071158	0.00029443071	-6.0230915e-06	-9.8488348e-07	-4.8723781e-06	0.00021427592	-5.6357321e-07	-4.4063498e-07	-5.3742002e-07	6.5328366e-08	-0.00016959066	3.2820222e-05	0.00029430736	0.0002943315	8.2013644e-05
0.242	1.242	0	0	0	1	0	0	0	0.67420345	0.83736069	0.00029757782	-6.0623203e-06	-9.8495382e-07	-4.8960653e-06	0.00021622416	-5.5539556e-07	-4.3643771e-07	-5.3020398e-07	6.5496232e-08	-0.00017128916	3.3412022e-05	0.00029745327	0.00029747816	8.3696627e-05
0.244	1.244	0	0	0	1	0	0	0	0.6703867	0.83396105	0.00030074574	-6.1011671e-06	-9.8496169e-07	-4.9193589e-06	0.00021818007	-5.4695177e-07	-4.32208e-07	-5.2285746e-07	6.5652556e-08	-0.00017299716	3.4010135e-05	0.00030062	0.00030064566	8.5322098e-05
0.246	1.246	0	0	0	1	0	0	0	0.66654263	0.83051212	0.00030393505	-6.1396253e-06	-9.8491223e-07	-4.942255e-06	0.00022014396	-5.3823804e-07	-4.2794919e-07	-5.1538171e-07	6.5797177e-08	-0.00017471494	3.4614604e-05	0.00030380813	0.00030383453	8.6888478e-05
0.248	1.248	0	0	0	1	0	0	0	0.66267095	0.82701334	0.00030714632	-6.1776884e-06	-9.8481074e-07	-4.9647501e-06	0.00022211615	-5.2925041e-07	-4.2366471e-07	-5.0777795e-07	6.592993e-08	-0.0001764428	3.5225473e-05	0.00030701823	0.00030704537	8.8394067e-05
0.25	1.25	0	0	0	1	0	0	0	0.65877133	0.82346417	0.00031038015	-6.2153495e-06	-9.8466277e-07	-4.9868403e-06	0.00022409699	-5.1998472e-07	-4.1935799e-07	-5.0004741e-07	6.6050652e-08	-0.00017818107	3.5842786e-05	0.0003102509	0.00031027878	8.9837042e-05
0.252	1.252	0	0	0	1	0	0	0	0.65484348	0.81986404	0.00031363718	-6.2526017e-06	-9.8447407e-07	-5.0085216e-06	0.00022608683	-5.1043662e-07	-4.1503251e-07	-4.9219133e-07	6.6159176e-08	-0.00017993006	3.6466588e-05	0.00031350678	0.00031353538	9.1215447e-05
0.254	1.254	0	0	0	1	0	0	0	0.65088708	0.8162124	0.00031691807	-6.289438e-06	-9.8425065e-07	-5.0297902e-06	0.00022808604	-5.0060159e-07	-4.1069179e-07	-4.8421092e-07	6.6255338e-08	-0.00018169012	3.7096927e-05	0.00031678652	0.00031681584	9.2527188e-05
0.256	1.256	0	0	0	1	0	0	0	0.64690182	0.81250869	0.00032022349	-6.3258511e-06	-9.8399877e-07	-5.050642e-06	0.000230095	-4.9047486e-07	-4.063394e-07	-4.7610739e-07	6.6338968e-08	-0.00018346161	3.7733851e-05	0.00032009082	0.00032012084	9.3770025e-05
0.258	1.258	0	0	0	1	0	0	0	0.64288739	0.80875234	0.00032355418	-6.3618337e-06	-9.8372494e-07	-5.0710728e-06	0.00023211412	-4.8005146e-07	-4.0197892e-07	-4.6788195e-07	6.64099e-08	-0.0001852449	3.8377411e-05	0.00032342039	0.0003234511	9.4941567e-05
0.26	1.26	0	0	0	1	0	0	0	0.63884349	0.80494279	0.00032691088	-6.3973784e-06	-9.8343599e-07	-5.0910782e-06	0.00023414381	-4.693262e-07	-3.9761402e-07	-4.5953581e-07	6.6467964e-08	-0.00018704039	3.9027656e-05	0.00032677599	0.00032680738	9.6039261e-05
0.262	1.262	0	0	0	1	0	0	0	0.6347698	0.80107949	0.00033029439	-6.4324774e-06	-9.8313901e-07	-5.110654e-06	0.0002361845	-4.5829364e-07	-3.932484e-07	-4.5107016e-07	6.6512991e-08	-0.00018884847	3.968464e-05	0.00033015841	0.00033019046	9.7060384e-05
0.264	1.264	0	0	0	1	0	0	0	0.63066603	0.79716187	0.00033370551	-6.467123e-06	-9.8284144e-07	-5.1297955e-06	0.00023823666	-4.4694809e-07	-3.8888581e-07	-4.4248621e-07	6.6544811e-08	-0.00019066957	4.0348418e-05	0.00033356846	0.00033360115	9.8002037e-05
0.266	1.266	0	0	0	1	0	0	0	0.62653189	0.79318937	0.00033714511	-6.501307e-06	-9.8255106e-07	-5.1484983e-06	0.00024030076	-4.352836e-07	-3.8453006e-07	-4.3378514e-07	6.6563255e-08	-0.00019250414	4.1019045e-05	0.00033700701	0.00033704033	9.8861137e-05
0.268	1.268	0	0	0	1	0	0	0	0.62236707	0.78916144	0.00034061409	-6.5350215e-06	-9.8227598e-07	-5.1667574e-06	0.0002423773	-4.2329395e-07	-3.8018502e-07	-4.2496815e-07	6.6568153e-08	-0.00019435265	4.1696579e-05	0.00034047495	0.00034050888	9.96344e-05
0.27	1.27	0	0	0	1	0	0	0	0.61817129	0.78507754	0.00034411338	-6.5682578e-06	-9.8202473e-07	-5.1845681e-06	0.00024446678	-4.1097263e-07	-3.758546e-07	-4.1603644e-07	6.6559335e-08	-0.00019621557	4.238108e-05	0.00034397323	0.00034400774	0.00010031834
0.272	1.272	0	0	0	1	0	0	0	0.61394428	0.78093713	0.00034764397	-6.6010074e-06	-9.8180621e-07	-5.2019251e-06	0.00024656976	-3.9831287e-07	-3.7154282e-07	-4.0699121e-07	6.6536632e-08	-0.00019809342	4.307261e-05	0.00034750282	0.00034753789	0.00010090926
0.274	1.274	0	0	0	1	0	0	0	0.60968577	0.77673967	0.00035120689	-6.6332615e-06	-9.8162976e-07	-5.2188234e-06	0.0002486868	-3.8530756e-07	-3.6725371e-07	-3.9783365e-07	6.6499877e-08	-0.00019998673	4.3771232e-05	0.00035106477	0.00035110037	0.00010140322
0.276	1.276	0	0	0	1	0	0	0	0.60539548	0.77248463	0.00035480321	-6.6650109e-06	-9.8150517e-07	-5.2352576e-06	0.00025081849	-3.719493e-07	-3.6299141e-07	-3.8856499e-07	6.6448904e-08	-0.00020189605	4.4477011e-05	0.00035466014	0.00035469624	0.00010179607
0.278	1.278	0	0	0	1	0	0	0	0.60107318	0.76817153	0.00035843406	-6.6962463e-06	-9.8144271e-07	-5.2512221e-06	0.00025296545	-3.5823038e-07	-3.587601e-07	-3.7918646e-07	6.6383548e-08	-0.00020382196	4.5190017e-05	0.00035829006	0.00035832664	0.00010208339
0.28	1.28	0	0	0	1	0	0	0	0.59671863	0.76379985	0.00036210062	-6.7269582e-06	-9.8145313e-07	-5.2667111e-06	0.00025512831	-3.4414274e-07	-3.5456407e-07	-3.6969931e-07	6.6303645e-08	-0.00020576508	4.5910318e-05	0.00036195572	0.00036199273	0.0001022605
0.282	1.282	0	0	0	1	0	0	0	0.59233161	0.75936913	0.00036580411	-6.7571367e-06	-9.8154775e-07	-5.2817189e-06	0.00025730775	-3.2967799e-07	-3.5040764e-07	-3.6010481e-07	6.6209038e-08	-0.00020772602	4.6637988e-05	0.00036565834	0.00036569576	0.00010232248
0.284	1.284	0	0	0	1	0	0	0	0.58791191	0.7548789	0.00036954584	-6.7867716e-06	-9.8173841e-07	-5.2962393e-06	0.00025950448	-3.1482743e-07	-3.4629525e-07	-3.5040428e-07	6.6099569e-08	-0.00020970547	4.7373101e-05	0.00036939922	0.00036943701	0.00010226408
0.286	1.286	0	0	0	1	0	0	0	0.58345936	0.75032873	0.00037332715	-6.8158525e-06	-9.8203757e-07	-5.3102659e-06	0.00026171922	-2.9958198e-07	-3.4223139e-07	-3.4059905e-07	6.5975085e-08	-0.00021170412	4.8115736e-05	0.00037317972	0.00037321782	0.00010207981
0.288	1.288	0	0	0	1	0	0	0	0.57897377	0.74571822	0.00037714946	-6.8443686e-06	-9.8245828e-07	-5.3237922e-06	0.00026395275	-2.8393222e-07	-3.3822063e-07	-3.3069053e-07	6.583544e-08	-0.00021372268	4.8865972e-05	0.00037700125	0.00037703962	0.00010176384
0.29	1.29	0	0	0	1	0	0	0	0.57445502	0.74104698	0.00038101424	-6.8723088e-06	-9.8301426e-07	-5.3368116e-06	0.00026620587	-2.678684e-07	-3.3426764e-07	-3.2068015e-07	6.568049e-08	-0.00021576193	4.9623894e-05	0.0003808653	0.00038090389	0.00010131004
0.292	1.292	0	0	0	1	0	0	0	0.56990299	0.73631467	0.00038492306	-6.8996618e-06	-9.8371989e-07	-5.3493169e-06	0.0002684794	-2.513804e-07	-3.3037715e-07	-3.1056946e-07	6.5510101e-08	-0.00021782266	5.0389588e-05	0.00038477341	0.00038481217	0.00010071195
0.294	1.294	0	0	0	1	0	0	0	0.5653176	0.73152097	0.00038887753	-6.9264156e-06	-9.8459028e-07	-5.3613011e-06	0.00027077423	-2.3445777e-07	-3.2655397e-07	-3.0036003e-07	6.5324142e-08	-0.0002199057	5.1163143e-05	0.00038872722	0.00038876608	9.9962797e-05
0.296	1.296	0	0	0	1	0	0	0	0.56069879	0.72666563	0.00039287935	-6.9525583e-06	-9.8564126e-07	-5.3727566e-06	0.00027309127	-2.1708974e-07	-3.2280298e-07	-2.9005359e-07	6.5122495e-08	-0.00022201191	5.1944652e-05	0.00039272841	0.00039276732	9.9055438e-05
0.298	1.298	0	0	0	1	0	0	0	0.55604655	0.72174842	0.0003969303	-6.9780771e-06	-9.8688946e-07	-5.3836756e-06	0.00027543146	-1.992652e-07	-3.1912916e-07	-2.7965192e-07	6.4905047e-08	-0.00022414222	5.2734212e-05	0.00039677878	0.00039681766	9.7982404e-05
0.3	1.3	0	0	0	1	0	0	0	0.55136089	0.71676916	0.00040103224	-7.0029593e-06	-9.8835227e-07	-5.3940503e-06	0.00027779581	-1.8097275e-07	-3.1553752e-07	-2.6915697e-07	6.4671698e-08	-0.00022629757	5.3531923e-05	inf	inf	inf
