lambda	F11	F12	F13	F21	F22	F23	F31	F32	F33	J	P11	P12	P13	P21	P22	P23	P31	P32	P33	p	StrEn	t(1)	t(2)	d
0	1	0	0	0	1	0	0	0	1	1	0	0	0	0	0	0	0	0	0	-0	0	inf	inf	inf
0.002	1.002	0	0	0	0.99901247	0	0	0	0.99901185	1.0000213	5.2592901e-07	-1.0118001e-07	-6.9028749e-08	-1.007917e-07	8.0049727e-10	7.7476077e-08	-6.9225671e-08	7.7019083e-08	-7.2613951e-11	-1.755523e-07	5.2535849e-10	5.25569e-07	5.2596715e-07	0.00075698662
0.004	1.004	0	0	0	0.99802149	0	0	0	0.9980203	1.0000299	1.0536885e-06	-2.0273726e-07	-1.3824373e-07	-2.013536e-07	1.6015206e-09	1.5468888e-07	-1.3822224e-07	1.5377528e-07	-1.4399046e-10	-3.5171536e-07	2.1038686e-09	1.0529651e-06	1.0534621e-06	0.00047170592
0.006	1.006	0	0	0	0.99702706	0	0	0	0.99702535	1.0000256	1.583295e-06	-3.046666e-07	-2.0764034e-07	-3.0167981e-07	2.40304e-09	2.3163594e-07	-2.0698522e-07	2.3026614e-07	-2.141331e-10	-5.2849464e-07	4.7392068e-09	1.5822048e-06	1.5828035e-06	0.00037821381
0.008	1.008	0	0	0	0.99602917	0	0	0	0.99602699	1.0000085	2.114765e-06	-4.0696287e-07	-2.7721391e-07	-4.0176446e-07	3.2050252e-09	3.0831478e-07	-2.7551016e-07	3.0648921e-07	-2.8304561e-10	-7.0589566e-07	8.4350824e-09	2.1133046e-06	2.1140079e-06	0.00033268851
0.01	1.01	0	0	0	0.9950278	0	0	0	0.9950252	0.99997852	2.6481152e-06	-5.0962084e-07	-3.4695981e-07	-5.016017e-07	4.0074458e-09	3.8472294e-07	-3.4379263e-07	3.8244208e-07	-3.5073193e-10	-8.8392398e-07	1.3195238e-08	2.6462812e-06	2.6470922e-06	0.00030635231
0.012	1.012	0	0	0	0.99402295	0	0	0	0.99401998	0.99993561	3.1833626e-06	-6.1263529e-07	-4.1687335e-07	-6.0118572e-07	4.8102711e-09	4.60858e-07	-4.1182825e-07	4.5812232e-07	-4.1719615e-10	-1.0625852e-06	1.9023451e-08	3.1811517e-06	3.1820732e-06	0.00028961074
0.014	1.014	0	0	0	0.9930146	0	0	0	0.99301131	0.99987977	3.7205243e-06	-7.1600092e-07	-4.8694986e-07	-7.0051072e-07	5.61347e-09	5.3671751e-07	-4.7961264e-07	5.3352753e-07	-4.8244258e-10	-1.2418851e-06	2.5923531e-08	3.7179329e-06	3.7189681e-06	0.00027835138
0.016	1.016	0	0	0	0.99200274	0	0	0	0.99199918	0.99981096	4.2596176e-06	-8.1971244e-07	-5.5718464e-07	-7.9957092e-07	6.4170114e-09	6.1229906e-07	-5.471415e-07	6.0865532e-07	-5.4647567e-10	-1.4218294e-06	3.3899324e-08	4.2566424e-06	4.2577942e-06	0.00027051782
0.018	1.018	0	0	0	0.99098736	0	0	0	0.99098358	0.99972914	4.80066e-06	-9.2376452e-07	-6.2757297e-07	-8.9836057e-07	7.2208638e-09	6.8760025e-07	-6.1441052e-07	6.835033e-07	-6.0930006e-10	-1.6024238e-06	4.2954708e-08	4.7972975e-06	4.798569e-06	0.00026496748
0.02	1.02	0	0	0	0.98996844	0	0	0	0.98996451	0.99963429	5.343669e-06	-1.0281518e-06	-6.9811013e-07	-9.9687395e-07	8.0249954e-09	7.6261867e-07	-6.8141546e-07	7.580691e-07	-6.7092057e-10	-1.7836744e-06	5.30936e-08	5.339916e-06	5.3413102e-06	0.00026101478
0.022	1.022	0	0	0	0.98894598	0	0	0	0.98894194	0.99952638	5.8886628e-06	-1.1328688e-06	-7.6879138e-07	-1.0951054e-06	8.8293744e-09	8.3735193e-07	-7.4815207e-07	8.3235037e-07	-7.3134216e-10	-1.9655869e-06	6.4319949e-08	5.8845156e-06	5.8860356e-06	0.00025822337
0.024	1.024	0	0	0	0.98791997	0	0	0	0.98791587	0.99940538	6.4356592e-06	-1.2379103e-06	-8.3961198e-07	-1.1930492e-06	9.6339685e-09	9.1179768e-07	-8.1461618e-07	9.0634475e-07	-7.9057e-10	-2.1481675e-06	7.6637742e-08	6.4311146e-06	6.4327633e-06	0.00025630232
0.026	1.026	0	0	0	0.98689039	0	0	0	0.98688628	0.99927125	6.9846765e-06	-1.3432706e-06	-9.1056717e-07	-1.2906997e-06	1.0438745e-08	9.8595355e-07	-8.8080364e-07	9.8004992e-07	-8.4860939e-10	-2.3314222e-06	9.0051002e-08	6.979731e-06	6.9815116e-06	0.00025505016
0.028	1.028	0	0	0	0.98585723	0	0	0	0.98585317	0.99912396	7.5357332e-06	-1.4489444e-06	-9.8165218e-07	-1.3880513e-06	1.1243672e-08	1.0598172e-06	-9.4671033e-07	1.0534635e-06	-9.0546582e-10	-2.5153572e-06	1.0456379e-07	7.5303834e-06	7.5322991e-06	0.00025432297
0.03	1.03	0	0	0	0.98482048	0	0	0	0.98481651	0.99896349	8.0888481e-06	-1.5549262e-06	-1.0528622e-06	-1.4850985e-06	1.2048716e-08	1.1333862e-06	-1.0123322e-06	1.1265833e-06	-9.6114493e-10	-2.6999785e-06	1.201802e-07	8.0830905e-06	8.0851442e-06	0.00025401518
0.032	1.032	0	0	0	0.98378012	0	0	0	0.98377631	0.99878981	8.6440399e-06	-1.6612104e-06	-1.1241926e-06	-1.5818357e-06	1.2853844e-08	1.2066584e-06	-1.0776651e-06	1.1994069e-06	-1.0156525e-09	-2.8852927e-06	1.3690437e-07	8.6378711e-06	8.6400661e-06	0.00025404757
0.034	1.034	0	0	0	0.98273615	0	0	0	0.98273255	0.99860287	9.2013277e-06	-1.7677915e-06	-1.1956384e-06	-1.6782574e-06	1.3659022e-08	1.2796314e-06	-1.1427052e-06	1.2719321e-06	-1.0689946e-09	-3.0713059e-06	1.5474046e-07	9.1947444e-06	9.1970837e-06	0.00025435955
0.036	1.036	0	0	0	0.98168855	0	0	0	0.98168521	0.99840266	9.7607309e-06	-1.8746639e-06	-1.2671949e-06	-1.7743581e-06	1.4464217e-08	1.3523028e-06	-1.2074484e-06	1.3441565e-06	-1.1211772e-09	-3.2580247e-06	1.736927e-07	9.7537295e-06	9.7562164e-06	0.00025490396
0.038	1.038	0	0	0	0.98063731	0	0	0	0.98063428	0.99818913	1.0322269e-05	-1.981822e-06	-1.3388573e-06	-1.8701323e-06	1.5269395e-08	1.4246704e-06	-1.2718908e-06	1.416078e-06	-1.1722066e-09	-3.4454554e-06	1.9376533e-07	1.0314846e-05	1.0317484e-05	0.00025564356
0.04	1.04	0	0	0	0.97958242	0	0	0	0.97957976	0.99796227	1.0885962e-05	-2.0892603e-06	-1.4106207e-06	-1.9655747e-06	1.6074522e-08	1.4967319e-06	-1.3360286e-06	1.4876942e-06	-1.2220892e-09	-3.6336047e-06	2.1496264e-07	1.0878114e-05	1.0880905e-05	0.00025654851
0.042	1.042	0	0	0	0.97852386	0	0	0	0.97852162	0.99772203	1.1451829e-05	-2.1969731e-06	-1.4824805e-06	-2.0606798e-06	1.6879564e-08	1.5684851e-06	-1.3998578e-06	1.5590029e-06	-1.2708317e-09	-3.8224792e-06	2.3728895e-07	1.1443553e-05	1.1446501e-05	0.00025759466
0.044	1.044	0	0	0	0.97746162	0	0	0	0.97745986	0.9974684	1.2019891e-05	-2.3049547e-06	-1.5544316e-06	-2.1554423e-06	1.7684485e-08	1.6399276e-06	-1.4633747e-06	1.6300018e-06	-1.3184407e-09	-4.0120857e-06	2.6074864e-07	1.2011183e-05	1.2014292e-05	0.00025876222
0.046	1.046	0	0	0	0.97639569	0	0	0	0.97639447	0.99720133	1.2590168e-05	-2.4131995e-06	-1.6264695e-06	-2.249857e-06	1.8489251e-08	1.7110572e-06	-1.5265755e-06	1.7006888e-06	-1.3649231e-09	-4.2024308e-06	2.8534612e-07	1.2581025e-05	1.2584298e-05	0.00026003483
0.048	1.048	0	0	0	0.97532606	0	0	0	0.97532542	0.99692079	1.3162681e-05	-2.5217019e-06	-1.6985891e-06	-2.3439185e-06	1.9293828e-08	1.7818717e-06	-1.5894565e-06	1.7710617e-06	-1.4102859e-09	-4.3935216e-06	3.1108583e-07	1.31531e-05	1.3156539e-05	0.00026139882
0.05	1.05	0	0	0	0.97425271	0	0	0	0.97425272	0.99662677	1.3737451e-05	-2.630456e-06	-1.7707857e-06	-2.4376216e-06	2.0098179e-08	1.8523689e-06	-1.6520141e-06	1.8411182e-06	-1.4545361e-09	-4.5853649e-06	3.3797227e-07	1.3727428e-05	1.3731037e-05	0.00026284272
0.052	1.052	0	0	0	0.97317563	0	0	0	0.97317634	0.99631921	1.4314499e-05	-2.7394563e-06	-1.8430545e-06	-2.5309611e-06	2.0902269e-08	1.9225465e-06	-1.7142445e-06	1.9108561e-06	-1.4976812e-09	-4.7779678e-06	3.6600998e-07	1.430403e-05	1.4307812e-05	0.00026435677
0.054	1.054	0	0	0	0.97209481	0	0	0	0.97209627	0.99599811	1.4893846e-05	-2.8486969e-06	-1.9153907e-06	-2.6239319e-06	2.1706062e-08	1.9924023e-06	-1.7761441e-06	1.9802732e-06	-1.5397285e-09	-4.9713373e-06	3.9520352e-07	1.4882928e-05	1.4886887e-05	0.00026593268
0.056	1.056	0	0	0	0.97101023	0	0	0	0.9710125	0.99566341	1.5475513e-05	-2.9581722e-06	-1.9877894e-06	-2.7165288e-06	2.2509523e-08	2.0619341e-06	-1.8377095e-06	2.0493674e-06	-1.5806855e-09	-5.1654808e-06	4.2555753e-07	1.5464144e-05	1.5468282e-05	0.0002675633
0.058	1.058	0	0	0	0.96992188	0	0	0	0.96992502	0.99531509	1.6059524e-05	-3.0678764e-06	-2.0602459e-06	-2.8087468e-06	2.3312616e-08	2.1311397e-06	-1.898937e-06	2.1181366e-06	-1.6205599e-09	-5.3604053e-06	4.5707665e-07	1.6047699e-05	1.605202e-05	0.00026924247
0.06	1.06	0	0	0	0.96882975	0	0	0	0.96883382	0.99495313	1.6645899e-05	-3.1778037e-06	-2.1327552e-06	-2.9005809e-06	2.4115302e-08	2.200017e-06	-1.9598233e-06	2.1865785e-06	-1.6593594e-09	-5.5561184e-06	4.8976561e-07	1.6633615e-05	1.6638123e-05	0.00027096482
0.062	1.062	0	0	0	0.96773383	0	0	0	0.96773887	0.99457749	1.7234662e-05	-3.2879484e-06	-2.2053127e-06	-2.992026e-06	2.4917547e-08	2.2685638e-06	-2.0203649e-06	2.254691e-06	-1.6970921e-09	-5.7526275e-06	5.2362915e-07	1.7221915e-05	1.7226613e-05	0.00027272566
0.064	1.064	0	0	0	0.96663409	0	0	0	0.96664017	0.99418813	1.7825835e-05	-3.3983047e-06	-2.2779134e-06	-3.0830772e-06	2.5719313e-08	2.3367779e-06	-2.0805584e-06	2.322472e-06	-1.7337659e-09	-5.94994e-06	5.5867206e-07	1.7812622e-05	1.7817513e-05	0.00027452089
0.066	1.066	0	0	0	0.96553053	0	0	0	0.96553771	0.99378504	1.841944e-05	-3.5088667e-06	-2.3505526e-06	-3.1737296e-06	2.6520563e-08	2.4046572e-06	-2.1404005e-06	2.3899194e-06	-1.7693889e-09	-6.1480637e-06	5.948992e-07	1.8405758e-05	1.8410846e-05	0.00027634688
0.068	1.068	0	0	0	0.96442313	0	0	0	0.96443146	0.99336817	1.9015501e-05	-3.6196288e-06	-2.4232255e-06	-3.2639784e-06	2.732126e-08	2.4721995e-06	-2.1998878e-06	2.4570311e-06	-1.8039695e-09	-6.3470062e-06	6.3231544e-07	1.9001347e-05	1.9006634e-05	0.00027820041
0.07	1.07	0	0	0	0.96331188	0	0	0	0.96332142	0.9929375	1.9614042e-05	-3.7305851e-06	-2.4959273e-06	-3.3538186e-06	2.8121365e-08	2.5394027e-06	-2.2590172e-06	2.5238049e-06	-1.8375159e-09	-6.5467754e-06	6.7092574e-07	1.9599412e-05	1.9604903e-05	0.00028007864
0.072	1.072	0	0	0	0.96219677	0	0	0	0.96220757	0.99249299	2.0215086e-05	-3.8417298e-06	-2.5686532e-06	-3.4432456e-06	2.8920842e-08	2.6062648e-06	-2.3177855e-06	2.5902387e-06	-1.8700368e-09	-6.747379e-06	7.1073505e-07	2.0199976e-05	2.0205674e-05	0.00028197899
0.074	1.074	0	0	0	0.96107777	0	0	0	0.9610899	0.99203462	2.0818658e-05	-3.953057e-06	-2.6413984e-06	-3.5322547e-06	2.9719651e-08	2.6727834e-06	-2.3761894e-06	2.6563306e-06	-1.9015406e-09	-6.9488252e-06	7.5174843e-07	2.0803065e-05	2.0808973e-05	0.00028389919
0.076	1.076	0	0	0	0.95995489	0	0	0	0.9599684	0.99156235	2.142478e-05	-4.064561e-06	-2.7141582e-06	-3.6208411e-06	3.0517756e-08	2.7389567e-06	-2.4342258e-06	2.7220783e-06	-1.932036e-09	-7.1511221e-06	7.9397095e-07	2.1408702e-05	2.1414823e-05	0.00028583717
0.078	1.078	0	0	0	0.95882809	0	0	0	0.95884304	0.99107616	2.203348e-05	-4.176236e-06	-2.7869277e-06	-3.7090002e-06	3.1315117e-08	2.8047824e-06	-2.4918918e-06	2.7874799e-06	-1.9615319e-09	-7.3542777e-06	8.3740772e-07	2.2016912e-05	2.202325e-05	0.00028779107
0.08	1.08	0	0	0	0.95769737	0	0	0	0.95771382	0.99057601	2.264478e-05	-4.2880761e-06	-2.8597022e-06	-3.7967274e-06	3.2111695e-08	2.8702585e-06	-2.5491842e-06	2.8525332e-06	-1.9900371e-09	-7.5583004e-06	8.8206394e-07	2.2627719e-05	2.2634277e-05	0.0002897592
0.082	1.082	0	0	0	0.95656271	0	0	0	0.95658072	0.99006186	2.3258706e-05	-4.4000755e-06	-2.932477e-06	-3.8840182e-06	3.2907452e-08	2.9353829e-06	-2.6061001e-06	2.9172363e-06	-2.0175606e-09	-7.7631986e-06	9.2794483e-07	2.3241149e-05	2.3247931e-05	0.00029174004
0.084	1.084	0	0	0	0.9554241	0	0	0	0.95544373	0.9895337	2.3875284e-05	-4.5122284e-06	-3.0052474e-06	-3.9708681e-06	3.3702348e-08	3.0001536e-06	-2.6626365e-06	2.981587e-06	-2.0441114e-09	-7.9689808e-06	9.7505567e-07	2.3857228e-05	2.3864238e-05	0.00029373219
0.086	1.086	0	0	0	0.95428153	0	0	0	0.95430283	0.98899149	2.449454e-05	-4.624529e-06	-3.0780085e-06	-4.0572727e-06	3.4496344e-08	3.0645684e-06	-2.7187907e-06	3.0455834e-06	-2.0696987e-09	-8.1756555e-06	1.0234018e-06	2.4475981e-05	2.4483221e-05	0.00029573436
0.088	1.088	0	0	0	0.95313497	0	0	0	0.95315801	0.98843519	2.5116499e-05	-4.7369714e-06	-3.1507557e-06	-4.1432275e-06	3.52894e-08	3.1286254e-06	-2.7745597e-06	3.1092235e-06	-2.0943318e-09	-8.3832314e-06	1.0729886e-06	2.5097434e-05	2.5104909e-05	0.00029774538
0.09	1.09	0	0	0	0.95198442	0	0	0	0.95200925	0.98786478	2.5741189e-05	-4.8495499e-06	-3.2234843e-06	-4.2287282e-06	3.6081477e-08	3.1923225e-06	-2.8299407e-06	3.1725051e-06	-2.1180199e-09	-8.5917174e-06	1.1238214e-06	2.5721614e-05	2.5729327e-05	0.00029976418
0.092	1.092	0	0	0	0.95082985	0	0	0	0.95085653	0.98728023	2.6368635e-05	-4.9622585e-06	-3.2961896e-06	-4.3137706e-06	3.6872534e-08	3.2556577e-06	-2.884931e-06	3.2354264e-06	-2.1407725e-09	-8.8011224e-06	1.1759059e-06	2.6348548e-05	2.6356502e-05	0.00030178976
0.094	1.094	0	0	0	0.94967126	0	0	0	0.94969985	0.9866815	2.6998866e-05	-5.0750916e-06	-3.3688668e-06	-4.3983503e-06	3.7662531e-08	3.3186289e-06	-2.9395279e-06	3.2979853e-06	-2.162599e-09	-9.0114553e-06	1.2292474e-06	2.6978263e-05	2.6986462e-05	0.00030382119
0.096	1.096	0	0	0	0.94850862	0	0	0	0.94853919	0.98606857	2.7631908e-05	-5.1880434e-06	-3.4415114e-06	-4.4824632e-06	3.8451428e-08	3.3812341e-06	-2.9937288e-06	3.3601798e-06	-2.1835089e-09	-9.2227253e-06	1.2838517e-06	2.7610786e-05	2.7619233e-05	0.00030585764
0.098	1.098	0	0	0	0.94734193	0	0	0	0.94737453	0.9854414	2.8267789e-05	-5.3011079e-06	-3.5141186e-06	-4.5661052e-06	3.9239184e-08	3.4434714e-06	-3.047531e-06	3.422008e-06	-2.2035119e-09	-9.4349417e-06	1.3397244e-06	2.8246145e-05	2.8254844e-05	0.00030789829
0.1	1.1	0	0	0	0.94617116	0	0	0	0.94620586	0.98479996	2.8906538e-05	-5.4142794e-06	-3.5866839e-06	-4.6492721e-06	4.0025757e-08	3.5053387e-06	-3.1009321e-06	3.4834679e-06	-2.2226177e-09	-9.6481138e-06	1.3968711e-06	2.8884368e-05	2.8893323e-05	0.00030994241
0.102	1.102	0	0	0	0.9449963	0	0	0	0.94503316	0.98414423	2.9548183e-05	-5.5275523e-06	-3.6592026e-06	-4.73196e-06	4.0811107e-08	3.5668339e-06	-3.1539294e-06	3.5445574e-06	-2.2408359e-09	-9.8622511e-06	1.4552977e-06	2.9525484e-05	2.9534698e-05	0.00031198932
0.104	1.104	0	0	0	0.94381734	0	0	0	0.94385641	0.98347416	3.0192752e-05	-5.6409206e-06	-3.7316701e-06	-4.8141647e-06	4.1595191e-08	3.6279552e-06	-3.2065205e-06	3.6052748e-06	-2.2581763e-09	-1.0077363e-05	1.5150099e-06	3.0169521e-05	3.0178998e-05	0.00031403835
0.106	1.106	0	0	0	0.94263426	0	0	0	0.9426756	0.98278974	3.0840276e-05	-5.7543786e-06	-3.8040817e-06	-4.8958825e-06	4.237797e-08	3.6887006e-06	-3.258703e-06	3.6656179e-06	-2.2746489e-09	-1.029346e-05	1.5760136e-06	3.0816509e-05	3.0826253e-05	0.00031608891
0.108	1.108	0	0	0	0.94144704	0	0	0	0.94149072	0.98209092	3.1490783e-05	-5.8679206e-06	-3.876433e-06	-4.9771094e-06	4.31594e-08	3.7490681e-06	-3.3104746e-06	3.7255849e-06	-2.2902634e-09	-1.0510551e-05	1.6383149e-06	3.1466477e-05	3.1476491e-05	0.00031814042
0.11	1.11	0	0	0	0.94025566	0	0	0	0.94030174	0.98137768	3.2144303e-05	-5.9815408e-06	-3.9487193e-06	-5.0578416e-06	4.3939439e-08	3.8090557e-06	-3.3618329e-06	3.7851738e-06	-2.3050299e-09	-1.0728646e-05	1.7019196e-06	3.2119456e-05	3.2129744e-05	0.00032019235
0.112	1.112	0	0	0	0.93906012	0	0	0	0.93910866	0.98064999	3.2800867e-05	-6.0952335e-06	-4.020936e-06	-5.1380753e-06	4.4718045e-08	3.8686614e-06	-3.4127756e-06	3.8443827e-06	-2.3189583e-09	-1.0947755e-05	1.7668339e-06	3.2775475e-05	3.278604e-05	0.00032224418
0.114	1.114	0	0	0	0.93786039	0	0	0	0.93791145	0.97990781	3.3460506e-05	-6.208993e-06	-4.0930788e-06	-5.2178068e-06	4.5495176e-08	3.9278834e-06	-3.4633005e-06	3.9032097e-06	-2.3320587e-09	-1.116789e-05	1.8330638e-06	3.3434566e-05	3.3445412e-05	0.00032429543
0.116	1.116	0	0	0	0.93665646	0	0	0	0.9367101	0.97915112	3.412325e-05	-6.3228136e-06	-4.165143e-06	-5.2970325e-06	4.6270789e-08	3.9867197e-06	-3.5134055e-06	3.9616529e-06	-2.3443412e-09	-1.1389059e-05	1.9006155e-06	3.4096759e-05	3.410789e-05	0.00032634564
0.118	1.118	0	0	0	0.9354483	0	0	0	0.93550459	0.97837989	3.4789132e-05	-6.4366896e-06	-4.2371241e-06	-5.3757487e-06	4.7044841e-08	4.0451683e-06	-3.5630884e-06	4.0197103e-06	-2.3558158e-09	-1.1611274e-05	1.9694953e-06	3.4762085e-05	3.4773505e-05	0.00032839438
0.12	1.12	0	0	0	0.93423592	0	0	0	0.9342949	0.97759407	3.5458182e-05	-6.5506153e-06	-4.3090178e-06	-5.4539518e-06	4.7817288e-08	4.1032273e-06	-3.6123471e-06	4.0773801e-06	-2.3664926e-09	-1.1834544e-05	2.0397095e-06	3.5430578e-05	3.544229e-05	0.00033044122
0.122	1.122	0	0	0	0.93301927	0	0	0	0.93308103	0.97679365	3.6130434e-05	-6.6645851e-06	-4.3808194e-06	-5.5316385e-06	4.8588087e-08	4.1608948e-06	-3.6611796e-06	4.1346603e-06	-2.376382e-09	-1.2058882e-05	2.1112645e-06	3.6102269e-05	3.6114277e-05	0.00033248579
0.124	1.124	0	0	0	0.93179836	0	0	0	0.93186294	0.9759786	3.6805919e-05	-6.7785934e-06	-4.4525246e-06	-5.6088051e-06	4.9357194e-08	4.2181689e-06	-3.7095838e-06	4.1915491e-06	-2.385494e-09	-1.2284297e-05	2.1841666e-06	3.6777191e-05	3.6789498e-05	0.00033452769
0.126	1.126	0	0	0	0.93057316	0	0	0	0.93064063	0.97514887	3.7484672e-05	-6.8926345e-06	-4.524129e-06	-5.6854484e-06	5.0124566e-08	4.2750477e-06	-3.7575579e-06	4.2480447e-06	-2.3938388e-09	-1.2510801e-05	2.2584225e-06	3.7455378e-05	3.7467988e-05	0.00033656656
0.128	1.128	0	0	0	0.92934365	0	0	0	0.92941408	0.97430444	3.8166726e-05	-7.0067028e-06	-4.5956281e-06	-5.761565e-06	5.0890158e-08	4.3315293e-06	-3.8051e-06	4.3041451e-06	-2.4014268e-09	-1.2738405e-05	2.3340386e-06	3.8136862e-05	3.8149779e-05	0.00033860205
0.13	1.13	0	0	0	0.92810982	0	0	0	0.92818327	0.97344529	3.8852115e-05	-7.1207928e-06	-4.6670176e-06	-5.8371516e-06	5.1653927e-08	4.3876117e-06	-3.8522081e-06	4.3598484e-06	-2.4082681e-09	-1.296712e-05	2.4110216e-06	3.8821677e-05	3.8834906e-05	0.00034063383
0.132	1.132	0	0	0	0.92687165	0	0	0	0.92694817	0.97257137	3.9540873e-05	-7.2348989e-06	-4.7382932e-06	-5.9122051e-06	5.2415826e-08	4.4432932e-06	-3.8988805e-06	4.4151528e-06	-2.414373e-09	-1.3196958e-05	2.4893782e-06	3.9509859e-05	3.9523403e-05	0.00034266157
0.134	1.134	0	0	0	0.92562912	0	0	0	0.92570879	0.97168266	4.0233035e-05	-7.3490155e-06	-4.8094504e-06	-5.9867222e-06	5.3175812e-08	4.4985717e-06	-3.9451154e-06	4.4700565e-06	-2.4197518e-09	-1.342793e-05	2.5691152e-06	4.0201443e-05	4.0215305e-05	0.00034468496
0.136	1.136	0	0	0	0.92438222	0	0	0	0.92446509	0.97077912	4.0928637e-05	-7.4631372e-06	-4.880485e-06	-6.0606998e-06	5.3933839e-08	4.5534455e-06	-3.9909112e-06	4.5245576e-06	-2.4244148e-09	-1.3660049e-05	2.6502394e-06	4.0896463e-05	4.0910647e-05	0.0003467037
0.138	1.138	0	0	0	0.92313092	0	0	0	0.92321705	0.96986074	4.1627715e-05	-7.5772584e-06	-4.9513926e-06	-6.1341348e-06	5.4689863e-08	4.6079126e-06	-4.0362661e-06	4.5786543e-06	-2.4283721e-09	-1.3893325e-05	2.7327578e-06	4.1594956e-05	4.1609466e-05	0.00034871749
0.14	1.14	0	0	0	0.92187521	0	0	0	0.92196467	0.96892747	4.2330304e-05	-7.6913737e-06	-5.022169e-06	-6.2070244e-06	5.5443837e-08	4.6619713e-06	-4.0811785e-06	4.6323447e-06	-2.4316342e-09	-1.4127772e-05	2.8166773e-06	4.2296958e-05	4.2311797e-05	0.00035072606
0.142	1.142	0	0	0	0.92061507	0	0	0	0.92070792	0.96797928	4.3036443e-05	-7.8054777e-06	-5.09281e-06	-6.2793655e-06	5.6195716e-08	4.7156196e-06	-4.1256468e-06	4.685627e-06	-2.4342113e-09	-1.4363401e-05	2.902005e-06	4.3002505e-05	4.3017679e-05	0.00035272912
0.144	1.144	0	0	0	0.91935047	0	0	0	0.91944679	0.96701615	4.3746167e-05	-7.9195648e-06	-5.1633113e-06	-6.3511552e-06	5.6945453e-08	4.7688556e-06	-4.1696696e-06	4.7384994e-06	-2.4361136e-09	-1.4600225e-05	2.988748e-06	4.3711636e-05	4.3727147e-05	0.00035472641
0.146	1.146	0	0	0	0.91808141	0	0	0	0.91818125	0.96603804	4.4459515e-05	-8.0336298e-06	-5.2336686e-06	-6.4223908e-06	5.7693003e-08	4.8216777e-06	-4.2132453e-06	4.79096e-06	-2.4373514e-09	-1.4838257e-05	3.0769136e-06	4.4424388e-05	4.444024e-05	0.00035671767
0.148	1.148	0	0	0	0.91680787	0	0	0	0.91691128	0.96504493	4.5176526e-05	-8.1476672e-06	-5.3038779e-06	-6.4930694e-06	5.843832e-08	4.8740838e-06	-4.2563724e-06	4.8430071e-06	-2.4379349e-09	-1.5077509e-05	3.166509e-06	4.5140799e-05	4.5156997e-05	0.00035870264
0.15	1.15	0	0	0	0.91552981	0	0	0	0.91563687	0.96403678	4.5897238e-05	-8.2616718e-06	-5.373935e-06	-6.5631883e-06	5.9181355e-08	4.9260722e-06	-4.2990497e-06	4.8946388e-06	-2.4378744e-09	-1.5317994e-05	3.2575416e-06	4.5860909e-05	4.5877456e-05	0.00036068107
0.152	1.152	0	0	0	0.91424723	0	0	0	0.914358	0.96301356	4.662169e-05	-8.3756381e-06	-5.4438357e-06	-6.632745e-06	5.9922063e-08	4.9776411e-06	-4.3412757e-06	4.9458534e-06	-2.43718e-09	-1.5559725e-05	3.3500188e-06	4.6584756e-05	4.6601656e-05	0.00036265272
0.154	1.154	0	0	0	0.91296011	0	0	0	0.91307465	0.96197525	4.7349923e-05	-8.4895609e-06	-5.5135758e-06	-6.7017367e-06	6.0660396e-08	5.0287886e-06	-4.3830491e-06	4.996649e-06	-2.4358619e-09	-1.5802716e-05	3.4439482e-06	4.7312381e-05	4.7329638e-05	0.00036461734
0.156	1.156	0	0	0	0.91166842	0	0	0	0.9117868	0.96092181	4.8081976e-05	-8.603435e-06	-5.5831514e-06	-6.7701609e-06	6.1396307e-08	5.0795129e-06	-4.4243687e-06	5.0470239e-06	-2.4339303e-09	-1.604698e-05	3.5393374e-06	4.8043824e-05	4.8061442e-05	0.00036657471
0.158	1.158	0	0	0	0.91037215	0	0	0	0.91049443	0.9598532	4.8817892e-05	-8.7172551e-06	-5.6525583e-06	-6.8380152e-06	6.2129748e-08	5.1298122e-06	-4.4652333e-06	5.0969763e-06	-2.4313952e-09	-1.629253e-05	3.636194e-06	4.8779126e-05	4.8797109e-05	0.0003685246
0.16	1.16	0	0	0	0.90907128	0	0	0	0.90919752	0.95876941	4.9557711e-05	-8.831016e-06	-5.7217926e-06	-6.9052972e-06	6.2860671e-08	5.1796847e-06	-4.5056416e-06	5.1465043e-06	-2.4282668e-09	-1.6539381e-05	3.7345258e-06	4.9518329e-05	4.9536681e-05	0.00037046677
0.162	1.162	0	0	0	0.90776578	0	0	0	0.90789606	0.9576704	5.0301476e-05	-8.9447125e-06	-5.79085e-06	-6.9720043e-06	6.3589027e-08	5.2291285e-06	-4.5455926e-06	5.1956063e-06	-2.4245551e-09	-1.6787547e-05	3.8343407e-06	5.0261475e-05	5.0280199e-05	0.000372401
0.164	1.164	0	0	0	0.90645564	0	0	0	0.90659001	0.95655614	5.1049229e-05	-9.0583396e-06	-5.8597268e-06	-7.0381344e-06	6.431477e-08	5.278142e-06	-4.5850851e-06	5.2442805e-06	-2.4202701e-09	-1.7037041e-05	3.9356466e-06	5.1008607e-05	5.1027708e-05	0.00037432709
0.166	1.166	0	0	0	0.90514083	0	0	0	0.90527936	0.9554266	5.1801015e-05	-9.1718921e-06	-5.9284189e-06	-7.1036851e-06	6.5037849e-08	5.3267232e-06	-4.6241181e-06	5.292525e-06	-2.4154217e-09	-1.7287879e-05	4.0384515e-06	5.1759768e-05	5.177925e-05	0.0003762448
0.168	1.168	0	0	0	0.90382135	0	0	0	0.90396409	0.95428175	5.2556875e-05	-9.2853649e-06	-5.9969223e-06	-7.1686543e-06	6.5758215e-08	5.3748705e-06	-4.6626906e-06	5.3403382e-06	-2.4100198e-09	-1.7540075e-05	4.1427636e-06	5.2515002e-05	5.2534869e-05	0.00037815392
0.17	1.17	0	0	0	0.90249715	0	0	0	0.90264419	0.95312156	5.3316857e-05	-9.398753e-06	-6.0652331e-06	-7.2330399e-06	6.6475821e-08	5.422582e-06	-4.7008017e-06	5.3877183e-06	-2.4040744e-09	-1.7793643e-05	4.248591e-06	5.3274354e-05	5.3294609e-05	0.00038005425
0.172	1.172	0	0	0	0.90116824	0	0	0	0.90131962	0.95194599	5.4081004e-05	-9.5120514e-06	-6.1333475e-06	-7.2968396e-06	6.7190615e-08	5.4698559e-06	-4.7384503e-06	5.4346636e-06	-2.3975951e-09	-1.8048599e-05	4.355942e-06	5.4037869e-05	5.4058517e-05	0.00038194558
0.174	1.174	0	0	0	0.89983457	0	0	0	0.89999037	0.95075503	5.4849362e-05	-9.6252552e-06	-6.2012616e-06	-7.3600515e-06	6.7902549e-08	5.5166906e-06	-4.7756358e-06	5.4811722e-06	-2.3905918e-09	-1.8304958e-05	4.4648251e-06	5.4805593e-05	5.4826637e-05	0.00038382769
0.176	1.176	0	0	0	0.89849614	0	0	0	0.89865641	0.94954864	5.5621978e-05	-9.7383593e-06	-6.2689714e-06	-7.4226736e-06	6.8611572e-08	5.5630841e-06	-4.8123571e-06	5.5272425e-06	-2.3830741e-09	-1.8562736e-05	4.5752486e-06	5.5577572e-05	5.5599017e-05	0.00038570038
0.178	1.178	0	0	0	0.89715292	0	0	0	0.89731773	0.94832678	5.63989e-05	-9.8513588e-06	-6.3364732e-06	-7.484704e-06	6.9317635e-08	5.6090349e-06	-4.8486135e-06	5.5728728e-06	-2.3750517e-09	-1.8821947e-05	4.6872211e-06	5.6353854e-05	5.6375704e-05	0.00038756345
0.18	1.18	0	0	0	0.89580489	0	0	0	0.89597431	0.94708944	5.7180174e-05	-9.964249e-06	-6.4037632e-06	-7.5461408e-06	7.0020686e-08	5.654541e-06	-4.8844042e-06	5.6180612e-06	-2.3665341e-09	-1.9082609e-05	4.8007514e-06	5.7134487e-05	5.7156744e-05	0.00038941669
0.182	1.182	0	0	0	0.89445203	0	0	0	0.89462612	0.94583657	5.7965849e-05	-1.0077025e-05	-6.4708375e-06	-7.6069822e-06	7.0720675e-08	5.6996008e-06	-4.9197286e-06	5.6628062e-06	-2.3575308e-09	-1.9344738e-05	4.9158481e-06	5.7919518e-05	5.7942188e-05	0.00039125992
0.184	1.184	0	0	0	0.89309431	0	0	0	0.89327314	0.94456815	5.8755976e-05	-1.0189682e-05	-6.5376925e-06	-7.6672264e-06	7.141755e-08	5.7442126e-06	-4.9545859e-06	5.7071059e-06	-2.3480512e-09	-1.9608348e-05	5.0325201e-06	5.8708997e-05	5.8732085e-05	0.00039309291
0.186	1.186	0	0	0	0.89173172	0	0	0	0.89191535	0.94328416	5.9550602e-05	-1.0302215e-05	-6.6043244e-06	-7.7268717e-06	7.2111261e-08	5.7883745e-06	-4.9889756e-06	5.7509587e-06	-2.3381046e-09	-1.9873458e-05	5.1507764e-06	5.9502975e-05	5.9526483e-05	0.00039491548
0.188	1.188	0	0	0	0.89036423	0	0	0	0.89055272	0.94198455	6.034978e-05	-1.041462e-05	-6.6707296e-06	-7.7859166e-06	7.2801756e-08	5.8320848e-06	-5.0228969e-06	5.7943629e-06	-2.3277004e-09	-2.0140085e-05	5.2706261e-06	6.0301502e-05	6.0325434e-05	0.00039672744
0.19	1.19	0	0	0	0.88899182	0	0	0	0.88918524	0.94066931	6.1153561e-05	-1.0526891e-05	-6.7369042e-06	-7.8443593e-06	7.3488983e-08	5.8753419e-06	-5.0563494e-06	5.8373167e-06	-2.3168476e-09	-2.0408244e-05	5.3920782e-06	6.1104628e-05	6.112899e-05	0.00039852857
0.192	1.192	0	0	0	0.88761447	0	0	0	0.88781288	0.9393384	6.1961996e-05	-1.0639025e-05	-6.8028447e-06	-7.9021983e-06	7.4172889e-08	5.9181439e-06	-5.0893326e-06	5.8798185e-06	-2.3055553e-09	-2.0677954e-05	5.515142e-06	6.1912407e-05	6.1937202e-05	0.00040031869
0.194	1.194	0	0	0	0.88623216	0	0	0	0.88643563	0.93799178	6.2775138e-05	-1.0751016e-05	-6.8685475e-06	-7.9594322e-06	7.4853422e-08	5.9604892e-06	-5.1218458e-06	5.9218666e-06	-2.2938326e-09	-2.0949233e-05	5.639827e-06	6.2724892e-05	6.2750124e-05	0.00040209759
0.196	1.196	0	0	0	0.88484485	0	0	0	0.88505344	0.93662944	6.3593042e-05	-1.0862861e-05	-6.9340089e-06	-8.0160595e-06	7.5530531e-08	6.0023761e-06	-5.1538888e-06	5.9634592e-06	-2.2816884e-09	-2.1222097e-05	5.7661425e-06	6.3542135e-05	6.3567808e-05	0.00040386509
0.198	1.198	0	0	0	0.88345254	0	0	0	0.88366632	0.93525135	6.4415762e-05	-1.0974553e-05	-6.9992253e-06	-8.0720789e-06	7.620416e-08	6.0438028e-06	-5.1854611e-06	6.0045948e-06	-2.2691315e-09	-2.1496566e-05	5.8940982e-06	6.4364193e-05	6.4390311e-05	0.00040562099
0.2	1.2	0	0	0	0.88205519	0	0	0	0.88227422	0.93385746	6.5243352e-05	-1.108609e-05	-7.0641932e-06	-8.127489e-06	7.6874257e-08	6.0847676e-06	-5.2165623e-06	6.0452715e-06	-2.2561706e-09	-2.1772657e-05	6.0237038e-06	6.5191118e-05	6.5217686e-05	0.00040736509
0.202	1.202	0	0	0	0.88065278	0	0	0	0.88087712	0.93244777	6.607587e-05	-1.1197466e-05	-7.1289091e-06	-8.1822885e-06	7.7540769e-08	6.1252689e-06	-5.2471921e-06	6.0854879e-06	-2.2428142e-09	-2.2050389e-05	6.154969e-06	6.6022969e-05	6.604999e-05	0.0004090972
0.204	1.204	0	0	0	0.8792453	0	0	0	0.87947502	0.93102222	6.6913372e-05	-1.1308678e-05	-7.1933694e-06	-8.2364762e-06	7.8203641e-08	6.165305e-06	-5.2773502e-06	6.1252421e-06	-2.2290711e-09	-2.2329782e-05	6.2879037e-06	6.6859802e-05	6.688728e-05	0.00041081712
0.206	1.206	0	0	0	0.8778327	0	0	0	0.87806786	0.9295808	6.7755915e-05	-1.141972e-05	-7.2575706e-06	-8.290051e-06	7.886282e-08	6.204874e-06	-5.3070363e-06	6.1645326e-06	-2.2149494e-09	-2.2610854e-05	6.4225181e-06	6.7701674e-05	6.7729615e-05	0.00041252465
0.208	1.208	0	0	0	0.87641498	0	0	0	0.87665565	0.92812349	6.8603559e-05	-1.1530589e-05	-7.3215093e-06	-8.3430117e-06	7.9518249e-08	6.2439745e-06	-5.3362501e-06	6.2033577e-06	-2.2004576e-09	-2.2893625e-05	6.5588222e-06	6.8548645e-05	6.8577051e-05	0.00041421961
0.21	1.21	0	0	0	0.8749921	0	0	0	0.87523834	0.92665023	6.9456362e-05	-1.1641279e-05	-7.3851821e-06	-8.3953573e-06	8.0169876e-08	6.2826046e-06	-5.3649916e-06	6.2417157e-06	-2.1856038e-09	-2.3178116e-05	6.6968263e-06	6.9400774e-05	6.942965e-05	0.00041590179
0.212	1.212	0	0	0	0.87356405	0	0	0	0.87381592	0.92516102	7.0314386e-05	-1.1751788e-05	-7.4485855e-06	-8.4470868e-06	8.0817644e-08	6.3207628e-06	-5.3932605e-06	6.2796049e-06	-2.1703962e-09	-2.3464345e-05	6.8365408e-06	7.0258122e-05	7.0287472e-05	0.00041757099
0.214	1.214	0	0	0	0.87213079	0	0	0	0.87238837	0.92365582	7.1177692e-05	-1.186211e-05	-7.5117161e-06	-8.4981991e-06	8.1461498e-08	6.3584473e-06	-5.4210567e-06	6.3170238e-06	-2.1548426e-09	-2.3752333e-05	6.9779762e-06	7.1120749e-05	7.1150577e-05	0.00041922703
0.216	1.216	0	0	0	0.87069231	0	0	0	0.87095565	0.92213461	7.2046342e-05	-1.1972242e-05	-7.5745706e-06	-8.5486934e-06	8.2101382e-08	6.3956565e-06	-5.4483801e-06	6.3539708e-06	-2.1389509e-09	-2.4042101e-05	7.1211431e-06	7.1988718e-05	7.2019029e-05	0.0004208697
0.218	1.218	0	0	0	0.86924857	0	0	0	0.86951774	0.92059734	7.2920398e-05	-1.208218e-05	-7.6371456e-06	-8.5985688e-06	8.2737239e-08	6.4323887e-06	-5.4752307e-06	6.3904441e-06	-2.1227288e-09	-2.4333671e-05	7.2660523e-06	7.2862093e-05	7.289289e-05	0.00042249881
0.22	1.22	0	0	0	0.86779955	0	0	0	0.86807461	0.91904401	7.3799927e-05	-1.2191918e-05	-7.6994378e-06	-8.6478245e-06	8.3369014e-08	6.4686422e-06	-5.5016084e-06	6.4264421e-06	-2.1061839e-09	-2.4627063e-05	7.4127147e-06	7.3740937e-05	7.3772225e-05	0.00042411416
0.222	1.222	0	0	0	0.86634523	0	0	0	0.86662625	0.91747457	7.4684991e-05	-1.2301454e-05	-7.7614438e-06	-8.6964597e-06	8.399665e-08	6.5044155e-06	-5.5275132e-06	6.4619633e-06	-2.0893237e-09	-2.49223e-05	7.5611412e-06	7.4625316e-05	7.4657099e-05	0.00042571554
0.224	1.224	0	0	0	0.86488558	0	0	0	0.86517262	0.915889	7.5575659e-05	-1.2410784e-05	-7.8231605e-06	-8.7444738e-06	8.4620088e-08	6.5397069e-06	-5.5529452e-06	6.4970059e-06	-2.0721554e-09	-2.5219402e-05	7.711343e-06	7.5515297e-05	7.5547578e-05	0.00042730275
0.226	1.226	0	0	0	0.86342058	0	0	0	0.86371369	0.91428727	7.6471997e-05	-1.2519903e-05	-7.8845844e-06	-8.791866e-06	8.5239272e-08	6.5745147e-06	-5.5779044e-06	6.5315685e-06	-2.0546864e-09	-2.5518394e-05	7.8633315e-06	7.6410946e-05	7.644373e-05	0.00042887561
0.228	1.228	0	0	0	0.86195019	0	0	0	0.86224946	0.91266935	7.7374073e-05	-1.2628807e-05	-7.9457124e-06	-8.8386357e-06	8.5854144e-08	6.6088372e-06	-5.602391e-06	6.5656494e-06	-2.0369236e-09	-2.5819297e-05	8.017118e-06	7.7312331e-05	7.7345623e-05	0.00043043389
0.23	1.23	0	0	0	0.8604744	0	0	0	0.86077987	0.91103522	7.8281956e-05	-1.2737493e-05	-8.0065413e-06	-8.8847824e-06	8.6464645e-08	6.642673e-06	-5.626405e-06	6.599247e-06	-2.0188739e-09	-2.6122134e-05	8.172714e-06	7.8219523e-05	7.8253326e-05	0.0004319774
0.232	1.232	0	0	0	0.85899317	0	0	0	0.85930492	0.90938485	7.9195718e-05	-1.2845957e-05	-8.0670679e-06	-8.9303055e-06	8.7070717e-08	6.6760203e-06	-5.6499466e-06	6.6323597e-06	-2.0005442e-09	-2.6426929e-05	8.3301313e-06	7.9132591e-05	7.916691e-05	0.00043350594
0.234	1.234	0	0	0	0.85750648	0	0	0	0.85782456	0.90771821	8.0115429e-05	-1.2954194e-05	-8.1272889e-06	-8.9752046e-06	8.7672301e-08	6.7088775e-06	-5.673016e-06	6.6649859e-06	-1.9819411e-09	-2.6733706e-05	8.4893816e-06	8.0051608e-05	8.0086447e-05	0.0004350193
0.236	1.236	0	0	0	0.85601431	0	0	0	0.85633879	0.90603528	8.1041162e-05	-1.3062202e-05	-8.1872013e-06	-9.0194792e-06	8.8269337e-08	6.741243e-06	-5.6956134e-06	6.697124e-06	-1.9630711e-09	-2.704249e-05	8.6504771e-06	8.0976645e-05	8.1012008e-05	0.00043651726
0.238	1.238	0	0	0	0.85451661	0	0	0	0.85484755	0.90433602	8.1972992e-05	-1.3169977e-05	-8.2468018e-06	-9.0631289e-06	8.8861766e-08	6.7731153e-06	-5.7177391e-06	6.7287725e-06	-1.9439404e-09	-2.7353303e-05	8.8134297e-06	8.1907777e-05	8.1943669e-05	0.00043799963
0.24	1.24	0	0	0	0.85301338	0	0	0	0.85335084	0.90262041	8.2910993e-05	-1.3277515e-05	-8.3060874e-06	-9.1061534e-06	8.9449527e-08	6.8044926e-06	-5.7393933e-06	6.7599298e-06	-1.9245554e-09	-2.7666173e-05	8.9782517e-06	8.2845079e-05	8.2881503e-05	0.0004394662
0.242	1.242	0	0	0	0.85150457	0	0	0	0.85184862	0.90088842	8.3855241e-05	-1.3384812e-05	-8.365055e-06	-9.1485524e-06	9.003256e-08	6.8353735e-06	-5.7605763e-06	6.7905943e-06	-1.904922e-09	-2.7981123e-05	9.1449557e-06	8.3788628e-05	8.3825588e-05	0.00044091674
0.244	1.244	0	0	0	0.84999016	0	0	0	0.85034087	0.89914003	8.4805814e-05	-1.3491865e-05	-8.4237014e-06	-9.1903257e-06	9.0610804e-08	6.8657563e-06	-5.7812885e-06	6.8207645e-06	-1.885046e-09	-2.829818e-05	9.3135541e-06	8.4738499e-05	8.4776e-05	0.00044235106
0.246	1.246	0	0	0	0.84847013	0	0	0	0.84882755	0.89737521	8.576279e-05	-1.359867e-05	-8.4820236e-06	-9.2314729e-06	9.1184197e-08	6.8956394e-06	-5.8015302e-06	6.8504387e-06	-1.8649334e-09	-2.861737e-05	9.4840597e-06	8.5694773e-05	8.5732819e-05	0.00044376893
0.248	1.248	0	0	0	0.84694444	0	0	0	0.84730863	0.89559393	8.672625e-05	-1.3705224e-05	-8.5400186e-06	-9.2719941e-06	9.1752679e-08	6.9250213e-06	-5.8213019e-06	6.8796156e-06	-1.8445895e-09	-2.8938719e-05	9.6564854e-06	8.665753e-05	8.6696125e-05	0.00044517014
0.25	1.25	0	0	0	0.84541307	0	0	0	0.8457841	0.89379616	8.7696274e-05	-1.3811524e-05	-8.5976833e-06	-9.311889e-06	9.2316186e-08	6.9539003e-06	-5.8406038e-06	6.9082934e-06	-1.8240197e-09	-2.9262255e-05	9.8308442e-06	8.762685e-05	8.7665998e-05	0.00044655447
0.252	1.252	0	0	0	0.84387598	0	0	0	0.84425391	0.89198189	8.8672946e-05	-1.3917565e-05	-8.6550147e-06	-9.3511575e-06	9.2874656e-08	6.982275e-06	-5.8594364e-06	6.9364707e-06	-1.8032294e-09	-2.9588006e-05	1.0007149e-05	8.8602817e-05	8.8642521e-05	0.00044792171
0.254	1.254	0	0	0	0.84233316	0	0	0	0.84271804	0.89015108	8.9656349e-05	-1.4023346e-05	-8.7120099e-06	-9.3897997e-06	9.3428026e-08	7.0101438e-06	-5.8778002e-06	6.9641459e-06	-1.7822235e-09	-2.9915998e-05	1.0185414e-05	8.9585513e-05	8.962578e-05	0.00044927162
0.256	1.256	0	0	0	0.84078455	0	0	0	0.84117646	0.88830371	9.0646568e-05	-1.4128862e-05	-8.7686658e-06	-9.4278155e-06	9.3976233e-08	7.037505e-06	-5.8956957e-06	6.9913176e-06	-1.761007e-09	-3.0246261e-05	1.0365652e-05	9.0575026e-05	9.0615857e-05	0.000450604
0.258	1.258	0	0	0	0.83923015	0	0	0	0.83962914	0.88643975	9.164369e-05	-1.423411e-05	-8.8249795e-06	-9.4652049e-06	9.4519212e-08	7.0643572e-06	-5.9131234e-06	7.0179841e-06	-1.7395846e-09	-3.0578823e-05	1.0547878e-05	9.157144e-05	9.1612842e-05	0.00045191861
0.26	1.26	0	0	0	0.83766992	0	0	0	0.83807605	0.88455919	9.2647804e-05	-1.4339087e-05	-8.880948e-06	-9.5019681e-06	9.50569e-08	7.0906988e-06	-5.9300838e-06	7.044144e-06	-1.7179607e-09	-3.0913714e-05	1.0732104e-05	9.2574846e-05	9.2616821e-05	0.00045321524
0.262	1.262	0	0	0	0.83610382	0	0	0	0.83651716	0.88266198	9.3658999e-05	-1.444379e-05	-8.9365683e-06	-9.5381052e-06	9.5589232e-08	7.1165283e-06	-5.9465774e-06	7.0697959e-06	-1.6961398e-09	-3.1250964e-05	1.0918345e-05	9.3585331e-05	9.3627885e-05	0.00045449364
0.264	1.264	0	0	0	0.83453184	0	0	0	0.83495244	0.88074811	9.4677365e-05	-1.4548215e-05	-8.9918377e-06	-9.5736163e-06	9.6116141e-08	7.1418442e-06	-5.9626049e-06	7.0949381e-06	-1.6741261e-09	-3.1590602e-05	1.1106615e-05	9.4602989e-05	9.4646124e-05	0.00045575359
0.266	1.266	0	0	0	0.83295393	0	0	0	0.83338186	0.87881756	9.5702997e-05	-1.4652361e-05	-9.0467531e-06	-9.6085017e-06	9.6637564e-08	7.1666448e-06	-5.9781667e-06	7.1195691e-06	-1.6519235e-09	-3.1932661e-05	1.1296929e-05	9.562791e-05	9.5671631e-05	0.00045699486
0.268	1.268	0	0	0	0.83137006	0	0	0	0.83180538	0.8768703	9.6735987e-05	-1.4756223e-05	-9.1013116e-06	-9.6427615e-06	9.7153433e-08	7.1909288e-06	-5.9932637e-06	7.1436876e-06	-1.6295359e-09	-3.227717e-05	1.1489302e-05	9.666019e-05	9.6704501e-05	0.00045821721
0.27	1.27	0	0	0	0.82978021	0	0	0	0.83022297	0.8749063	9.7776432e-05	-1.4859798e-05	-9.1555105e-06	-9.676396e-06	9.7663682e-08	7.2146945e-06	-6.0078962e-06	7.167292e-06	-1.6069668e-09	-3.2624163e-05	1.1683747e-05	9.7699924e-05	9.774483e-05	0.00045942041
0.272	1.272	0	0	0	0.82818435	0	0	0	0.82863461	0.87292554	9.8824429e-05	-1.4963085e-05	-9.2093468e-06	-9.7094056e-06	9.8168243e-08	7.2379406e-06	-6.0220652e-06	7.1903808e-06	-1.5842198e-09	-3.2973671e-05	1.1880281e-05	9.874721e-05	9.8792714e-05	0.00046060422
0.274	1.274	0	0	0	0.82658243	0	0	0	0.82704026	0.870928	9.9880078e-05	-1.5066079e-05	-9.2628176e-06	-9.7417906e-06	9.866705e-08	7.2606655e-06	-6.0357711e-06	7.2129526e-06	-1.5612981e-09	-3.3325728e-05	1.2078918e-05	9.9802147e-05	9.9848253e-05	0.00046176839
0.276	1.276	0	0	0	0.82497444	0	0	0	0.82543989	0.86891365	0.00010094348	-1.5168778e-05	-9.3159201e-06	-9.7735514e-06	9.9160033e-08	7.2828676e-06	-6.0490148e-06	7.2350059e-06	-1.5382047e-09	-3.3680367e-05	1.2279674e-05	0.00010086484	0.00010091155	0.00046291269
0.278	1.278	0	0	0	0.82336033	0	0	0	0.82383347	0.86688248	0.00010201473	-1.5271179e-05	-9.3686515e-06	-9.8046884e-06	9.9647124e-08	7.3045456e-06	-6.0617969e-06	7.2565393e-06	-1.5149425e-09	-3.4037622e-05	1.2482565e-05	0.00010193538	0.0001019827	0.00046403686
0.28	1.28	0	0	0	0.82174008	0	0	0	0.82222096	0.86483445	0.00010309395	-1.537328e-05	-9.421009e-06	-9.8352021e-06	1.0012825e-07	7.325698e-06	-6.0741182e-06	7.2775514e-06	-1.4915142e-09	-3.4397528e-05	1.2687605e-05	0.00010301388	0.00010306182	0.00046514067
0.282	1.282	0	0	0	0.82011365	0	0	0	0.82060233	0.86276955	0.00010418122	-1.5475077e-05	-9.4729896e-06	-9.8650928e-06	1.0060335e-07	7.3463232e-06	-6.0859794e-06	7.2980406e-06	-1.4679223e-09	-3.476012e-05	1.2894812e-05	0.00010410045	0.000104149	0.00046622385
0.284	1.284	0	0	0	0.81848101	0	0	0	0.81897754	0.86068775	0.00010527668	-1.5576569e-05	-9.5245907e-06	-9.8943613e-06	1.0107235e-07	7.3664199e-06	-6.0973813e-06	7.3180055e-06	-1.4441689e-09	-3.5125434e-05	1.3104201e-05	0.00010519519	0.00010524436	0.00046728615
0.286	1.286	0	0	0	0.81684212	0	0	0	0.81734657	0.85858903	0.00010638041	-1.5677752e-05	-9.5758095e-06	-9.9230079e-06	1.0153518e-07	7.3859865e-06	-6.1083247e-06	7.3374448e-06	-1.4202562e-09	-3.5493508e-05	1.3315789e-05	0.00010629821	0.00010634801	0.00046832732
0.288	1.288	0	0	0	0.81519696	0	0	0	0.81570938	0.85647338	0.00010749254	-1.5778623e-05	-9.626643e-06	-9.9510334e-06	1.0199176e-07	7.4050217e-06	-6.1188105e-06	7.356357e-06	-1.396186e-09	-3.5864377e-05	1.3529593e-05	0.00010740962	0.00010746006	0.0004693471
0.29	1.29	0	0	0	0.81354548	0	0	0	0.81406593	0.85434076	0.00010861317	-1.5879181e-05	-9.6770886e-06	-9.9784382e-06	1.0244203e-07	7.4235239e-06	-6.1288393e-06	7.3747407e-06	-1.37196e-09	-3.623808e-05	1.3745629e-05	0.00010852955	0.00010858062	0.00047034524
0.292	1.292	0	0	0	0.81188765	0	0	0	0.81241619	0.85219115	0.00010974243	-1.5979422e-05	-9.7271434e-06	-1.0005223e-05	1.0288591e-07	7.4414919e-06	-6.1384122e-06	7.3925945e-06	-1.3475796e-09	-3.6614656e-05	1.3963916e-05	0.0001096581	0.0001097098	0.00047132145
0.294	1.294	0	0	0	0.81022345	0	0	0	0.81076013	0.85002455	0.00011088043	-1.6079345e-05	-9.7768047e-06	-1.0031389e-05	1.0332333e-07	7.458924e-06	-6.1475299e-06	7.409917e-06	-1.323046e-09	-3.6994143e-05	1.4184469e-05	0.00011079539	0.00011084774	0.00047227549
0.296	1.296	0	0	0	0.80855283	0	0	0	0.80909771	0.84784092	0.00011202729	-1.6178946e-05	-9.8260697e-06	-1.0056936e-05	1.0375422e-07	7.475819e-06	-6.1561933e-06	7.4267069e-06	-1.2983603e-09	-3.7376582e-05	1.4407307e-05	0.00011194154	0.00011199453	0.00047320707
0.298	1.298	0	0	0	0.80687576	0	0	0	0.80742889	0.84564024	0.00011318314	-1.6278224e-05	-9.8749357e-06	-1.0081865e-05	1.041785e-07	7.4921755e-06	-6.1644033e-06	7.4429628e-06	-1.2735232e-09	-3.7762013e-05	1.4632447e-05	0.00011309667	0.00011315032	0.00047411593
0.3	1.3	0	0	0	0.8051922	0	0	0	0.80575364	0.8434225	0.00011434809	-1.6377176e-05	-9.9233998e-06	-1.0106177e-05	1.0459609e-07	7.5079919e-06	-6.1721608e-06	7.4586832e-06	-1.2485354e-09	-3.8150478e-05	1.4859908e-05	inf	inf	inf
