lambda	F11	F12	F13	F21	F22	F23	F31	F32	F33	J	P11	P12	P13	P21	P22	P23	P31	P32	P33	p	StrEn	t(1)	t(2)	d
0	1	0	0	0	1	0	0	0	1	1	0	0	0	0	0	0	0	0	0	-0	0	inf	inf	inf
0.002	1.002	0	0	0	1.001	0	0	0	0.99706855	1.0000617	8.6944675e-07	-9.277866e-08	-7.6607147e-08	-9.304146e-08	6.930147e-07	-1.1031422e-08	-7.7002071e-08	-1.1534125e-08	-2.4021083e-10	-5.2074041e-07	1.2136126e-09	1.2163071e-06	1.2177698e-06	0.0012011377
0.004	1.004	0	0	0	1.002	0	0	0	0.99412209	1.0000948	1.7476506e-06	-1.8601519e-07	-1.5336699e-07	-1.8634839e-07	1.3935743e-06	-2.2308883e-08	-1.5338996e-07	-2.3223357e-08	-4.7506972e-10	-1.0469166e-06	4.8710792e-09	2.4451394e-06	2.4460226e-06	0.00036105072
0.006	1.006	0	0	0	1.003	0	0	0	0.99116049	1.0000988	2.6347806e-06	-2.7970431e-07	-2.302649e-07	-2.7991521e-07	2.1018247e-06	-3.3832263e-08	-2.2914798e-07	-3.5064371e-08	-7.0454859e-10	-1.5786336e-06	1.0997703e-08	3.686739e-06	3.6870496e-06	8.4253739e-05
0.008	1.008	0	0	0	1.004	0	0	0	0.98818361	1.0000734	3.5310105e-06	-3.7384066e-07	-3.0728607e-07	-3.7373624e-07	2.8179154e-06	-4.560136e-08	-3.0426047e-07	-4.7053745e-08	-9.2861935e-10	-2.1159991e-06	1.9619278e-08	4.9413539e-06	4.9410994e-06	-5.1512903e-05
0.01	1.01	0	0	0	1.005	0	0	0	0.98519132	1.0000185	4.436518e-06	-4.6841872e-07	-3.8441547e-07	-4.6780571e-07	3.5419998e-06	-5.7615888e-08	-3.7871183e-07	-5.918796e-08	-1.1472539e-09	-2.6591235e-06	3.07621e-08	6.2092389e-06	6.2084267e-06	-0.00013081557
0.012	1.012	0	0	0	1.006	0	0	0	0.98218349	0.99993351	5.351486e-06	-5.6343289e-07	-4.6163785e-07	-5.6211776e-07	4.2742355e-06	-6.9875473e-08	-4.5248648e-07	-7.1463399e-08	-1.3604242e-09	-3.2081204e-06	4.4452985e-08	7.4906551e-06	7.4892931e-06	-0.00018185897
0.014	1.014	0	0	0	1.007	0	0	0	0.97915998	0.99981829	6.2761018e-06	-6.5887744e-07	-5.3893778e-07	-6.5666643e-07	5.014784e-06	-8.2379656e-08	-5.2556892e-07	-8.3876353e-08	-1.568102e-09	-3.7631059e-06	6.0719273e-08	8.7858706e-06	8.7839668e-06	-0.00021673475
0.016	1.016	0	0	0	1.008	0	0	0	0.97612064	0.99967247	7.2105577e-06	-7.5474653e-07	-6.1629962e-07	-7.5144566e-07	5.7638111e-06	-9.5127894e-08	-5.979437e-07	-9.6423015e-08	-1.7702592e-09	-4.3241995e-06	7.9588852e-08	1.0095161e-05	1.0092723e-05	-0.00024149002
0.018	1.018	0	0	0	1.009	0	0	0	0.97306533	0.99949573	8.1550513e-06	-8.5103417e-07	-6.9370754e-07	-8.4644932e-07	6.5214873e-06	-1.0811956e-07	-6.6959544e-07	-1.0909949e-07	-1.9668675e-09	-4.8915239e-06	1.0109017e-07	1.1418808e-05	1.1415845e-05	-0.0002594848
0.02	1.02	0	0	0	1.01	0	0	0	0.96999391	0.99928773	9.1097853e-06	-9.4773428e-07	-7.7114551e-07	-9.4167115e-07	7.2879873e-06	-1.2135392e-07	-7.4050884e-07	-1.2190178e-07	-2.1578985e-09	-5.4652049e-06	1.2525223e-07	1.2757102e-05	1.2753623e-05	-0.00027273533
0.022	1.022	0	0	0	1.011	0	0	0	0.96690624	0.99904814	1.0074968e-05	-1.0448406e-06	-8.4859731e-07	-1.0371048e-06	8.0634906e-06	-1.3483019e-07	-8.1066868e-07	-1.3482582e-07	-2.3433239e-09	-6.0453717e-06	1.5210466e-07	1.4110341e-05	1.4106355e-05	-0.00028252481
0.024	1.024	0	0	0	1.012	0	0	0	0.96380216	0.99877661	1.1050813e-05	-1.1423469e-06	-9.2604654e-07	-1.1327438e-06	8.8481818e-06	-1.4854746e-07	-8.8005984e-07	-1.4786742e-07	-2.5231149e-09	-6.6321572e-06	1.8167765e-07	1.547883e-05	1.5474347e-05	-0.00028970877
0.026	1.026	0	0	0	1.013	0	0	0	0.96068152	0.99847281	1.203754e-05	-1.2402467e-06	-1.0034766e-06	-1.2285817e-06	9.6422503e-06	-1.6250476e-07	-9.4866727e-07	-1.6102234e-07	-2.697243e-09	-7.2256977e-06	2.1400205e-07	1.6862885e-05	1.6857914e-05	-0.00029487956
0.028	1.028	0	0	0	1.014	0	0	0	0.95754417	0.99813638	1.3035375e-05	-1.3385332e-06	-1.0808708e-06	-1.3246117e-06	1.0445891e-05	-1.7670103e-07	-1.016476e-06	-1.7428622e-07	-2.8656792e-09	-7.8261334e-06	2.4910931e-07	1.8262828e-05	1.8257379e-05	-0.00029846029
0.03	1.03	0	0	0	1.015	0	0	0	0.95438995	0.99776697	1.404455e-05	-1.4371999e-06	-1.1582121e-06	-1.4208272e-06	1.1259303e-05	-1.9113511e-07	-1.0834714e-06	-1.8765463e-07	-3.0283945e-09	-8.4336082e-06	2.8703156e-07	1.967899e-05	1.9673073e-05	-0.0003007613
0.032	1.032	0	0	0	1.016	0	0	0	0.95121871	0.99736423	1.5065302e-05	-1.5362399e-06	-1.2354834e-06	-1.5172212e-06	1.2082694e-05	-2.0580576e-07	-1.1496385e-06	-2.0112307e-07	-3.1853597e-09	-9.0482702e-06	3.278016e-07	2.1111714e-05	2.1105339e-05	-0.00030201534
0.034	1.034	0	0	0	1.017	0	0	0	0.94803028	0.99692779	1.6097878e-05	-1.6356462e-06	-1.3126675e-06	-1.6137869e-06	1.2916273e-05	-2.2071166e-07	-1.2149629e-06	-2.1468694e-07	-3.3365452e-09	-9.6702716e-06	3.7145292e-07	2.2561348e-05	2.2554528e-05	-0.00030240043
0.036	1.036	0	0	0	1.018	0	0	0	0.94482451	0.99645728	1.7142529e-05	-1.7354116e-06	-1.3897469e-06	-1.710517e-06	1.3760259e-05	-2.358514e-07	-1.2794301e-06	-2.2834156e-07	-3.4819214e-09	-1.0299769e-05	4.1801971e-07	2.4028255e-05	2.4020999e-05	-0.00030205505
0.038	1.038	0	0	0	1.019	0	0	0	0.94160122	0.99595232	1.8199514e-05	-1.8355289e-06	-1.466704e-06	-1.8074045e-06	1.4614876e-05	-2.5122348e-07	-1.3430257e-06	-2.4208218e-07	-3.6214582e-09	-1.0936923e-05	4.6753692e-07	2.5512804e-05	2.5505125e-05	-0.00030108853
0.04	1.04	0	0	0	1.02	0	0	0	0.93836025	0.99541256	1.9269099e-05	-1.9359907e-06	-1.5435211e-06	-1.904442e-06	1.5480352e-05	-2.6682634e-07	-1.4057357e-06	-2.5590397e-07	-3.7551255e-09	-1.1581899e-05	5.2004021e-07	2.7015377e-05	2.7007286e-05	-0.00029958837
0.042	1.042	0	0	0	1.021	0	0	0	0.93510144	0.99483759	2.035156e-05	-2.0367894e-06	-1.6201801e-06	-2.0016222e-06	1.6356925e-05	-2.8265829e-07	-1.467546e-06	-2.6980204e-07	-3.8828925e-09	-1.2234867e-05	5.7556606e-07	2.8536367e-05	2.8527876e-05	-0.00029762541
0.044	1.044	0	0	0	1.022	0	0	0	0.9318246	0.99422703	2.1447177e-05	-2.1379173e-06	-1.6966632e-06	-2.0989374e-06	1.7244838e-05	-2.9871762e-07	-1.5284428e-06	-2.837714e-07	-4.0047284e-09	-1.2896003e-05	6.3415172e-07	3.0076176e-05	3.0067298e-05	-0.00029525763
0.046	1.046	0	0	0	1.023	0	0	0	0.92852956	0.99358049	2.2556241e-05	-2.2393667e-06	-1.772952e-06	-2.1963801e-06	1.8144342e-05	-3.1500248e-07	-1.5884123e-06	-2.9780702e-07	-4.1206018e-09	-1.3565488e-05	6.9583525e-07	3.163522e-05	3.1625968e-05	-0.00029253295
0.048	1.048	0	0	0	1.024	0	0	0	0.92521615	0.99289756	2.3679051e-05	-2.3411295e-06	-1.8490281e-06	-2.2939424e-06	1.9055695e-05	-3.3151097e-07	-1.6474411e-06	-3.1190379e-07	-4.2304812e-09	-1.4243505e-05	7.6065559e-07	3.3213927e-05	3.3204315e-05	-0.00028949132
0.05	1.05	0	0	0	1.025	0	0	0	0.92188418	0.99217785	2.4815915e-05	-2.4431976e-06	-1.9248732e-06	-2.3916166e-06	1.9979162e-05	-3.4824112e-07	-1.7055157e-06	-3.2605655e-07	-4.3343343e-09	-1.4930247e-05	8.2865251e-07	3.4812737e-05	3.4802778e-05	-0.00028616633
0.052	1.052	0	0	0	1.026	0	0	0	0.91853348	0.99142095	2.5967149e-05	-2.5455627e-06	-2.0004686e-06	-2.4893946e-06	2.0915016e-05	-3.6519087e-07	-1.7626231e-06	-3.4026004e-07	-4.4321286e-09	-1.5625911e-05	8.998667e-07	3.6432104e-05	3.6421811e-05	-0.0002825864
0.054	1.054	0	0	0	1.027	0	0	0	0.91516385	0.99062644	2.713308e-05	-2.6482164e-06	-2.0757955e-06	-2.5872682e-06	2.186354e-05	-3.8235807e-07	-1.8187502e-06	-3.5450899e-07	-4.523831e-09	-1.6330699e-05	9.7433976e-07	3.8072494e-05	3.8061883e-05	-0.0002787758
0.056	1.056	0	0	0	1.028	0	0	0	0.91177512	0.98979389	2.8314044e-05	-2.75115e-06	-2.1508351e-06	-2.6852292e-06	2.2825023e-05	-3.9974052e-07	-1.8738843e-06	-3.6879804e-07	-4.609408e-09	-1.7044819e-05	1.0521142e-06	3.9734388e-05	3.9723474e-05	-0.00027475533
0.058	1.058	0	0	0	1.029	0	0	0	0.90836708	0.98892288	2.9510387e-05	-2.8543549e-06	-2.2255683e-06	-2.7832693e-06	2.3799765e-05	-4.1733594e-07	-1.9280128e-06	-3.8312179e-07	-4.6888256e-09	-1.7768488e-05	1.1332337e-06	4.1418282e-05	4.1407079e-05	-0.00027054294
0.06	1.06	0	0	0	1.03	0	0	0	0.90493954	0.98801299	3.0722465e-05	-2.957822e-06	-2.2999761e-06	-2.8813799e-06	2.4788074e-05	-4.3514198e-07	-1.9811234e-06	-3.974748e-07	-4.7620491e-09	-1.8501926e-05	1.2177426e-06	4.3124687e-05	4.3113212e-05	-0.00026615425
0.062	1.062	0	0	0	1.031	0	0	0	0.90149231	0.98706376	3.1950648e-05	-3.0615424e-06	-2.3740391e-06	-2.9795523e-06	2.5790267e-05	-4.5315622e-07	-2.0332038e-06	-4.1185155e-07	-4.8290431e-09	-1.9245362e-05	1.3056865e-06	4.4854128e-05	4.4842398e-05	-0.00026160285
0.064	1.064	0	0	0	1.032	0	0	0	0.89802519	0.98607476	3.3195313e-05	-3.1655066e-06	-2.4477382e-06	-3.0777778e-06	2.6806672e-05	-4.7137617e-07	-2.0842422e-06	-4.2624651e-07	-4.889772e-09	-1.9999032e-05	1.3971121e-06	4.660715e-05	4.659518e-05	-0.0002569007
0.066	1.066	0	0	0	1.033	0	0	0	0.89453797	0.98504553	3.4456853e-05	-3.2697054e-06	-2.5210537e-06	-3.1760475e-06	2.7837627e-05	-4.8979928e-07	-2.1342269e-06	-4.4065408e-07	-4.9441991e-09	-2.0763178e-05	1.4920672e-06	4.8384312e-05	4.837212e-05	-0.00025205831
0.068	1.068	0	0	0	1.034	0	0	0	0.89103046	0.98397562	3.573567e-05	-3.3741291e-06	-2.5939661e-06	-3.2743522e-06	2.888348e-05	-5.0842296e-07	-2.1831464e-06	-4.5506866e-07	-4.9922871e-09	-2.1538053e-05	1.5906006e-06	5.0186191e-05	5.0173794e-05	-0.000247085
0.07	1.07	0	0	0	1.035	0	0	0	0.88750243	0.98286457	3.7032182e-05	-3.4787679e-06	-2.6664558e-06	-3.3726828e-06	2.994459e-05	-5.2724452e-07	-2.2309894e-06	-4.6948457e-07	-5.0339982e-09	-2.2323912e-05	1.6927624e-06	5.2013383e-05	5.2000799e-05	-0.00024198907
0.072	1.072	0	0	0	1.036	0	0	0	0.88395369	0.9817119	3.8346816e-05	-3.5836118e-06	-2.738503e-06	-3.4710299e-06	3.1021329e-05	-5.4626124e-07	-2.277745e-06	-4.8389612e-07	-5.0692936e-09	-2.3121025e-05	1.7986038e-06	5.3866502e-05	5.385375e-05	-0.00023677793
0.074	1.074	0	0	0	1.037	0	0	0	0.88038402	0.98051713	3.9680017e-05	-3.6886508e-06	-2.8100879e-06	-3.569384e-06	3.2114078e-05	-5.6547035e-07	-2.3234024e-06	-4.982976e-07	-5.0981338e-09	-2.3929666e-05	1.9081774e-06	5.5746183e-05	5.5733283e-05	-0.0002314582
0.076	1.076	0	0	0	1.038	0	0	0	0.87679319	0.9792798	4.1032243e-05	-3.7938744e-06	-2.8811905e-06	-3.6677354e-06	3.3223235e-05	-5.8486901e-07	-2.3679512e-06	-5.1268326e-07	-5.1204784e-09	-2.4750119e-05	2.0215369e-06	5.7653081e-05	5.7640052e-05	-0.00022603589
0.078	1.078	0	0	0	1.039	0	0	0	0.873181	0.97799939	4.2403964e-05	-3.8992721e-06	-2.9517908e-06	-3.7660744e-06	3.4349206e-05	-6.0445436e-07	-2.4113811e-06	-5.2704733e-07	-5.1362863e-09	-2.5582678e-05	2.1387376e-06	5.9587871e-05	5.9574734e-05	-0.0002205164
0.08	1.08	0	0	0	1.04	0	0	0	0.86954722	0.97667543	4.379567e-05	-4.0048332e-06	-3.0218686e-06	-3.8643909e-06	3.5492412e-05	-6.2422347e-07	-2.4536821e-06	-5.4138403e-07	-5.1455153e-09	-2.6427646e-05	2.2598359e-06	6.1551253e-05	6.1538029e-05	-0.00021490466
0.082	1.082	0	0	0	1.041	0	0	0	0.86589161	0.97530741	4.5207865e-05	-4.1105468e-06	-3.0914037e-06	-3.9626749e-06	3.6653291e-05	-6.4417339e-07	-2.4948446e-06	-5.5568756e-07	-5.1481223e-09	-2.7285336e-05	2.3848897e-06	6.3543948e-05	6.3530657e-05	-0.00020920515
0.084	1.084	0	0	0	1.042	0	0	0	0.86221396	0.97389481	4.6641069e-05	-4.2164017e-06	-3.160376e-06	-4.060916e-06	3.783229e-05	-6.6430111e-07	-2.5348592e-06	-5.6995211e-07	-5.1440634e-09	-2.8156072e-05	2.5139585e-06	6.5566701e-05	6.5553366e-05	-0.00020342198
0.086	1.086	0	0	0	1.043	0	0	0	0.85851404	0.97243713	4.809582e-05	-4.3223866e-06	-3.2287649e-06	-4.1591037e-06	3.9029876e-05	-6.8460361e-07	-2.5737166e-06	-5.8417185e-07	-5.1332935e-09	-2.9040187e-05	2.6471032e-06	6.7620283e-05	6.7606927e-05	-0.00019755894
0.088	1.088	0	0	0	1.044	0	0	0	0.85479159	0.97093384	4.9572675e-05	-4.4284899e-06	-3.29655e-06	-4.2572274e-06	4.0246528e-05	-7.0507783e-07	-2.6114081e-06	-5.9834098e-07	-5.1157664e-09	-2.9938029e-05	2.7843862e-06	6.970549e-05	6.9692135e-05	-0.00019161952
0.09	1.09	0	0	0	1.045	0	0	0	0.8510464	0.9693844	5.1072209e-05	-4.5346998e-06	-3.3637109e-06	-4.3552763e-06	4.1482744e-05	-7.2572068e-07	-2.647925e-06	-6.1245365e-07	-5.0914351e-09	-3.0849954e-05	2.9258717e-06	7.1823145e-05	7.1809816e-05	-0.00018560697
0.092	1.092	0	0	0	1.046	0	0	0	0.84727822	0.96778829	5.2595017e-05	-4.6410043e-06	-3.4302269e-06	-4.4532393e-06	4.2739037e-05	-7.4652905e-07	-2.6832592e-06	-6.2650406e-07	-5.0602513e-09	-3.1776331e-05	3.0716255e-06	7.3974099e-05	7.3960822e-05	-0.0001795243
0.094	1.094	0	0	0	1.047	0	0	0	0.8434868	0.96614496	5.4141715e-05	-4.7473913e-06	-3.4960773e-06	-4.5511053e-06	4.401594e-05	-7.6749983e-07	-2.7174026e-06	-6.4048639e-07	-5.0221655e-09	-3.2717544e-05	3.221715e-06	7.6159235e-05	7.6146033e-05	-0.00017337436
0.096	1.096	0	0	0	1.048	0	0	0	0.8396719	0.96445386	5.5712938e-05	-4.8538481e-06	-3.5612415e-06	-4.6488628e-06	4.5314002e-05	-7.8862987e-07	-2.7503476e-06	-6.5439483e-07	-4.977127e-09	-3.3673988e-05	3.3762096e-06	7.8379462e-05	7.8366362e-05	-0.00016715981
0.098	1.098	0	0	0	1.049	0	0	0	0.83583327	0.96271443	5.7309346e-05	-4.9603622e-06	-3.6256985e-06	-4.7465004e-06	4.6633793e-05	-8.0991602e-07	-2.7820867e-06	-6.6822361e-07	-4.9250841e-09	-3.4646071e-05	3.5351805e-06	8.0635725e-05	8.0622754e-05	-0.00016088318
0.1	1.1	0	0	0	1.05	0	0	0	0.83197065	0.9609261	5.8931621e-05	-5.0669205e-06	-3.6894276e-06	-4.8440061e-06	4.7975901e-05	-8.3135514e-07	-2.812613e-06	-6.8196695e-07	-4.8659836e-09	-3.5634219e-05	3.6987006e-06	8.2928999e-05	8.2916184e-05	-0.00015454687
0.102	1.102	0	0	0	1.051	0	0	0	0.8280838	0.95908831	6.0580469e-05	-5.1735098e-06	-3.7524077e-06	-4.9413681e-06	4.9340937e-05	-8.5294407e-07	-2.8419196e-06	-6.9561909e-07	-4.799771e-09	-3.6638869e-05	3.8668452e-06	8.5260295e-05	8.5247665e-05	-0.00014815319
0.104	1.104	0	0	0	1.052	0	0	0	0.82417245	0.95720047	6.2256621e-05	-5.2801167e-06	-3.8146178e-06	-5.038574e-06	5.0729533e-05	-8.7467967e-07	-2.8700003e-06	-7.0917433e-07	-4.7263907e-09	-3.7660476e-05	4.0396913e-06	8.763066e-05	8.7618244e-05	-0.00014170432
0.106	1.106	0	0	0	1.053	0	0	0	0.82023634	0.95526201	6.3960835e-05	-5.3867274e-06	-3.8760369e-06	-5.1356115e-06	5.2142343e-05	-8.965588e-07	-2.8968488e-06	-7.2262697e-07	-4.6457855e-09	-3.8699511e-05	4.2173182e-06	9.0041179e-05	9.0029007e-05	-0.00013520242
0.108	1.108	0	0	0	1.054	0	0	0	0.81627522	0.95327232	6.5693897e-05	-5.4933279e-06	-3.9366437e-06	-5.2324679e-06	5.3580045e-05	-9.1857834e-07	-2.9224594e-06	-7.3597134e-07	-4.557897e-09	-3.9756461e-05	4.3998073e-06	9.2492975e-05	9.2481077e-05	-0.00012864956
0.11	1.11	0	0	0	1.055	0	0	0	0.81228881	0.95123081	6.7456618e-05	-5.5999039e-06	-3.9964171e-06	-5.3291304e-06	5.5043342e-05	-9.4073519e-07	-2.9468266e-06	-7.4920183e-07	-4.4626652e-09	-4.0831832e-05	4.5872425e-06	9.4987212e-05	9.4975621e-05	-0.00012204777
0.112	1.112	0	0	0	1.056	0	0	0	0.80827685	0.94913688	6.9249843e-05	-5.7064408e-06	-4.0553357e-06	-5.4255858e-06	5.6532962e-05	-9.6302628e-07	-2.9699454e-06	-7.6231284e-07	-4.3600287e-09	-4.1926148e-05	4.7797098e-06	9.7525098e-05	9.7513845e-05	-0.00011539904
0.114	1.114	0	0	0	1.057	0	0	0	0.80423908	0.9469899	7.1074445e-05	-5.8129237e-06	-4.1133781e-06	-5.5218207e-06	5.8049661e-05	-9.8544855e-07	-2.991811e-06	-7.7529886e-07	-4.2499248e-09	-4.3039952e-05	4.9772979e-06	0.00010010788	0.000100097	-0.00010870534
0.116	1.116	0	0	0	1.058	0	0	0	0.80017521	0.94478927	7.2931332e-05	-5.9193374e-06	-4.1705229e-06	-5.6178215e-06	5.9594222e-05	-1.007999e-06	-3.0124189e-06	-7.8815438e-07	-4.132289e-09	-4.4173807e-05	5.1800978e-06	0.00010273687	0.00010272639	-0.00010196863
0.118	1.118	0	0	0	1.059	0	0	0	0.79608498	0.94253436	7.4821444e-05	-6.0256665e-06	-4.2267485e-06	-5.7135744e-06	6.1167457e-05	-1.0306747e-06	-3.0317652e-06	-8.0087396e-07	-4.0070556e-09	-4.5328298e-05	5.3882034e-06	0.00010541339	0.00010540336	-9.5190863e-05
0.12	1.12	0	0	0	1.06	0	0	0	0.7919681	0.94022453	7.6745757e-05	-6.1318951e-06	-4.2820333e-06	-5.8090652e-06	6.2770209e-05	-1.0534727e-06	-3.0498459e-06	-8.1345223e-07	-3.8741571e-09	-4.6504031e-05	5.6017113e-06	0.00010813886	0.00010812931	-8.8374012e-05
0.122	1.122	0	0	0	1.061	0	0	0	0.78782432	0.93785916	7.8705283e-05	-6.2380069e-06	-4.3363556e-06	-5.9042795e-06	6.4403354e-05	-1.0763901e-06	-3.0666579e-06	-8.2588385e-07	-3.7335246e-09	-4.7701634e-05	5.8207207e-06	0.00011091472	0.00011090568	-8.1520055e-05
0.124	1.124	0	0	0	1.062	0	0	0	0.78365334	0.93543759	8.0701074e-05	-6.3439856e-06	-4.3896936e-06	-5.9992025e-06	6.6067798e-05	-1.0994242e-06	-3.0821981e-06	-8.3816358e-07	-3.5850876e-09	-4.8921762e-05	6.045334e-06	0.00011374247	0.00011373399	-7.4631002e-05
0.126	1.126	0	0	0	1.063	0	0	0	0.77945489	0.93295918	8.273422e-05	-6.4498142e-06	-4.4420254e-06	-6.0938193e-06	6.7764485e-05	-1.1225722e-06	-3.0964638e-06	-8.502862e-07	-3.428774e-09	-5.0165092e-05	6.2756566e-06	0.00011662368	0.00011661579	-6.7708899e-05
0.128	1.128	0	0	0	1.064	0	0	0	0.7752287	0.93042328	8.4805857e-05	-6.5554756e-06	-4.493329e-06	-6.1881146e-06	6.9494394e-05	-1.1458314e-06	-3.1094527e-06	-8.622466e-07	-3.2645102e-09	-5.1432329e-05	6.5117971e-06	0.00011955998	0.00011955271	-6.075584e-05
0.13	1.13	0	0	0	1.065	0	0	0	0.77097447	0.92782923	8.691716e-05	-6.660952e-06	-4.5435823e-06	-6.2820727e-06	7.1258541e-05	-1.1691993e-06	-3.121163e-06	-8.7403973e-07	-3.092221e-09	-5.2724203e-05	6.7538674e-06	0.00012255303	0.00012254644	-5.3773973e-05
0.132	1.132	0	0	0	1.066	0	0	0	0.76669195	0.92517637	8.9069354e-05	-6.7662256e-06	-4.5927632e-06	-6.3756778e-06	7.3057984e-05	-1.1926733e-06	-3.1315932e-06	-8.856606e-07	-2.9118295e-09	-5.4041475e-05	7.0019829e-06	0.0001256046	0.00012559873	-4.676551e-05
0.134	1.134	0	0	0	1.067	0	0	0	0.76238084	0.92246404	9.126371e-05	-6.8712779e-06	-4.6408493e-06	-6.4689135e-06	7.4893819e-05	-1.2162511e-06	-3.1407421e-06	-8.9710432e-07	-2.7232575e-09	-5.5384935e-05	7.2562624e-06	0.00012871651	0.00012871139	-3.9732742e-05
0.136	1.136	0	0	0	1.068	0	0	0	0.75804087	0.91969157	9.3501548e-05	-6.9760901e-06	-4.6878183e-06	-6.5617633e-06	7.6767187e-05	-1.2399303e-06	-3.1486089e-06	-9.0836608e-07	-2.5264252e-09	-5.6755403e-05	7.5168285e-06	0.00013189064	0.00013188633	-3.2678041e-05
0.138	1.138	0	0	0	1.069	0	0	0	0.75367176	0.91685828	9.5784242e-05	-7.0806429e-06	-4.7336475e-06	-6.6542101e-06	7.8679275e-05	-1.2637088e-06	-3.1551933e-06	-9.1944115e-07	-2.3212513e-09	-5.8153732e-05	7.7838077e-06	0.00013512897	0.00013512551	-2.5603875e-05
0.14	1.14	0	0	0	1.07	0	0	0	0.74927325	0.91396351	9.8113222e-05	-7.1849168e-06	-4.7783144e-06	-6.7462368e-06	8.0631315e-05	-1.2875844e-06	-3.1604954e-06	-9.3032488e-07	-2.1076529e-09	-5.958081e-05	8.0573305e-06	0.00013843353	0.00013843097	-1.8512817e-05
0.142	1.142	0	0	0	1.071	0	0	0	0.74484506	0.91100659	0.00010048997	-7.2888915e-06	-4.8217961e-06	-6.8378254e-06	8.262459e-05	-1.3115551e-06	-3.1645155e-06	-9.4101275e-07	-1.885546e-09	-6.1037559e-05	8.3375316e-06	0.00014180646	0.00014180484	-1.1407557e-05
0.144	1.144	0	0	0	1.072	0	0	0	0.74038692	0.90798683	0.00010291604	-7.3925465e-06	-4.8640696e-06	-6.928958e-06	8.4660434e-05	-1.3356191e-06	-3.1672547e-06	-9.5150028e-07	-1.6548449e-09	-6.2524938e-05	8.6245499e-06	0.00014524995	0.00014524933	-4.2909119e-06
0.146	1.146	0	0	0	1.073	0	0	0	0.73589858	0.90490357	0.00010539302	-7.4958607e-06	-4.905112e-06	-7.0196161e-06	8.6740234e-05	-1.3597746e-06	-3.1687141e-06	-9.6178314e-07	-1.4154631e-09	-6.4043947e-05	8.9185289e-06	0.00014876633	0.00014876675	2.8341646e-06
0.148	1.148	0	0	0	1.074	0	0	0	0.73137976	0.90175614	0.00010792261	-7.5988125e-06	-4.9449e-06	-7.1097807e-06	8.8865433e-05	-1.3840202e-06	-3.1688955e-06	-9.7185708e-07	-1.1673125e-09	-6.5595624e-05	9.2196169e-06	0.00015235797	0.00015235949	9.9645666e-06
0.15	1.15	0	0	0	1.075	0	0	0	0.72683023	0.89854387	0.00011050653	-7.7013798e-06	-4.9834101e-06	-7.1994326e-06	9.1037534e-05	-1.4083542e-06	-3.167801e-06	-9.8171794e-07	-9.1030419e-10	-6.7181051e-05	9.5279668e-06	0.00015602737	0.00015603004	1.7097026e-05
0.152	1.152	0	0	0	1.076	0	0	0	0.72224973	0.8952661	0.0001131466	-7.80354e-06	-5.0206187e-06	-7.2885519e-06	9.3258101e-05	-1.4327754e-06	-3.1654333e-06	-9.9136169e-07	-6.4434813e-10	-6.8801351e-05	9.843737e-06	0.00015977713	0.000159781	2.4228097e-05
0.154	1.154	0	0	0	1.077	0	0	0	0.71763802	0.89192216	0.0001158447	-7.90527e-06	-5.0565021e-06	-7.3771184e-06	9.552876e-05	-1.4572827e-06	-3.1617954e-06	-1.0007844e-06	-3.6935354e-10	-7.0457698e-05	1.0167091e-05	0.00016360994	0.00016361507	3.1354148e-05
0.156	1.156	0	0	0	1.078	0	0	0	0.71299488	0.88851141	0.00011860281	-8.006546e-06	-5.0910364e-06	-7.4651115e-06	9.7851206e-05	-1.4818751e-06	-3.1568908e-06	-1.0099823e-06	-8.5228957e-11	-7.2151309e-05	1.0498197e-05	0.00016752861	0.00016753505	3.8471339e-05
0.158	1.158	0	0	0	1.079	0	0	0	0.70832009	0.8850332	0.00012142296	-8.1073437e-06	-5.1241974e-06	-7.5525099e-06	0.0001002272	-1.5065516e-06	-3.1507235e-06	-1.0189515e-06	2.0811756e-10	-7.3883456e-05	1.0837231e-05	0.00017153607	0.00017154389	4.5575614e-05
0.16	1.16	0	0	0	1.08	0	0	0	0.70361343	0.8814869	0.00012430728	-8.2076382e-06	-5.1559606e-06	-7.6392921e-06	0.00010265859	-1.5313118e-06	-3.143298e-06	-1.0276887e-06	5.107783e-10	-7.565546e-05	1.1184373e-05	0.00017563537	0.00017564462	5.2662685e-05
0.162	1.162	0	0	0	1.081	0	0	0	0.6988747	0.87787189	0.000127258	-8.307404e-06	-5.1863015e-06	-7.7254358e-06	0.00010514727	-1.556155e-06	-3.1346192e-06	-1.0361902e-06	8.228456e-10	-7.7468697e-05	1.153981e-05	0.00017982968	0.00017984042	5.972801e-05
0.164	1.164	0	0	0	1.082	0	0	0	0.69410374	0.87418756	0.00013027742	-8.406615e-06	-5.2151954e-06	-7.8109183e-06	0.00010769524	-1.5810809e-06	-3.1246927e-06	-1.0444528e-06	1.1444116e-09	-7.9324603e-05	1.1903735e-05	0.0001841223	0.0001841346	6.6766784e-05
0.166	1.166	0	0	0	1.083	0	0	0	0.68930036	0.87043333	0.00013336795	-8.5052443e-06	-5.242617e-06	-7.8957164e-06	0.00011030458	-1.6060895e-06	-3.1135244e-06	-1.0524731e-06	1.4755681e-09	-8.122467e-05	1.2276348e-05	0.00018851669	0.0001885306	7.3773916e-05
0.168	1.168	0	0	0	1.084	0	0	0	0.68446442	0.86660862	0.0001365321	-8.6032646e-06	-5.2685411e-06	-7.9798065e-06	0.00011297744	-1.6311807e-06	-3.1011209e-06	-1.0602482e-06	1.816406e-09	-8.3170454e-05	1.2657857e-05	0.00019301641	0.000193032	8.0744016e-05
0.17	1.17	0	0	0	1.085	0	0	0	0.67959579	0.86271288	0.00013977247	-8.7006478e-06	-5.2929421e-06	-8.0631641e-06	0.00011571608	-1.6563549e-06	-3.0874893e-06	-1.0677751e-06	2.1670152e-09	-8.5163574e-05	1.3048476e-05	0.00019762522	0.00019764255	8.7671372e-05
0.172	1.172	0	0	0	1.086	0	0	0	0.67469436	0.85874558	0.0001430918	-8.7973649e-06	-5.3157941e-06	-8.1457643e-06	0.00011852283	-1.6816123e-06	-3.0726372e-06	-1.0750508e-06	2.527484e-09	-8.7205717e-05	1.3448427e-05	0.00020234699	0.00020236613	9.4549933e-05
0.174	1.174	0	0	0	1.087	0	0	0	0.66976004	0.85470624	0.00014649289	-8.8933866e-06	-5.3370711e-06	-8.2275818e-06	0.00012140013	-1.7069537e-06	-3.0565729e-06	-1.0820727e-06	2.897899e-09	-8.9298641e-05	1.385794e-05	0.00020718579	0.00020720679	0.00010137329
0.176	1.176	0	0	0	1.088	0	0	0	0.66479278	0.85059438	0.00014997872	-8.9886826e-06	-5.3567464e-06	-8.3085905e-06	0.00012435052	-1.7323797e-06	-3.0393052e-06	-1.0888382e-06	3.2783442e-09	-9.1444174e-05	1.4277254e-05	0.00021214581	0.00021216876	0.00010813466
0.178	1.178	0	0	0	1.089	0	0	0	0.65979253	0.84640957	0.00015355235	-9.0832219e-06	-5.3747933e-06	-8.3887637e-06	0.00012737665	-1.7578914e-06	-3.0208435e-06	-1.0953448e-06	3.6689008e-09	-9.3644221e-05	1.4706615e-05	0.00021723147	0.00021725641	0.00011482686
0.18	1.18	0	0	0	1.09	0	0	0	0.65475931	0.84215142	0.00015721697	-9.1769729e-06	-5.3911848e-06	-8.4680743e-06	0.00013048126	-1.7834899e-06	-3.001198e-06	-1.1015903e-06	4.0696467e-09	-9.5900764e-05	1.514628e-05	0.00022244732	0.00022247434	0.00012144229
0.182	1.182	0	0	0	1.091	0	0	0	0.64969314	0.83781958	0.00016097591	-9.2699032e-06	-5.4058934e-06	-8.5464944e-06	0.00013366721	-1.8091764e-06	-2.9803793e-06	-1.1075724e-06	4.4806555e-09	-9.8215868e-05	1.5596513e-05	0.00022779813	0.00022782729	0.00012797291
0.184	1.184	0	0	0	1.092	0	0	0	0.64459409	0.83341375	0.00016483264	-9.3619795e-06	-5.4188912e-06	-8.6239955e-06	0.00013693749	-1.8349525e-06	-2.9583989e-06	-1.1132891e-06	4.9019962e-09	-0.00010059168	1.6057589e-05	0.00023328885	0.00023332021	0.00013441023
0.186	1.186	0	0	0	1.093	0	0	0	0.63946228	0.82893367	0.00016879076	-9.453168e-06	-5.4301502e-06	-8.7005487e-06	0.00014029518	-1.8608198e-06	-2.9352689e-06	-1.1187384e-06	5.3337324e-09	-0.00010303043	1.6529794e-05	0.00023892462	0.00023895826	0.00014074528
0.188	1.188	0	0	0	1.094	0	0	0	0.63429785	0.82437916	0.00017285402	-9.5434341e-06	-5.4396418e-06	-8.7761244e-06	0.00014374351	-1.88678e-06	-2.9110021e-06	-1.1239186e-06	5.7759212e-09	-0.00010553444	1.7013422e-05	0.00024471082	0.00024474679	0.0001469686
0.19	1.19	0	0	0	1.095	0	0	0	0.62910102	0.81975008	0.00017702631	-9.6327422e-06	-5.4473369e-06	-8.8506923e-06	0.00014728583	-1.9128351e-06	-2.8856119e-06	-1.1288281e-06	6.2286129e-09	-0.00010810612	1.7508781e-05	0.00025065299	0.00025069136	0.00015307023
0.192	1.192	0	0	0	1.096	0	0	0	0.62387202	0.81504638	0.00018131168	-9.7210563e-06	-5.4532062e-06	-8.9242217e-06	0.0001509256	-1.9389869e-06	-2.8591128e-06	-1.1334653e-06	6.6918496e-09	-0.00011074799	1.8016188e-05	0.00025675693	0.00025679777	0.00015903967
0.194	1.194	0	0	0	1.097	0	0	0	0.61861118	0.81026806	0.00018571433	-9.8083397e-06	-5.45722e-06	-8.9966814e-06	0.00015466643	-1.9652376e-06	-2.8315198e-06	-1.1378288e-06	7.1656642e-09	-0.00011346264	1.8535972e-05	0.00026302864	0.00026307201	0.00016486591
0.196	1.196	0	0	0	1.098	0	0	0	0.61331885	0.80541523	0.00019023864	-9.8945546e-06	-5.4593478e-06	-9.0680394e-06	0.00015851206	-1.9915894e-06	-2.8028487e-06	-1.1419173e-06	7.6500798e-09	-0.00011625278	1.9068476e-05	0.00026947437	0.00026952033	0.00017053739
0.198	1.198	0	0	0	1.099	0	0	0	0.60799548	0.80048806	0.00019488912	-9.9796631e-06	-5.4595591e-06	-9.1382635e-06	0.00016246638	-2.0180443e-06	-2.7731162e-06	-1.1457299e-06	8.145108e-09	-0.00011912121	1.9614053e-05	0.00027610057	0.00027614918	0.00017604201
0.2	1.2	0	0	0	1.1	0	0	0	0.60264155	0.79548685	0.00019967046	-1.0063626e-05	-5.4578224e-06	-9.2073209e-06	0.00016653341	-2.0446047e-06	-2.7423398e-06	-1.1492655e-06	8.6507481e-09	-0.00012207084	2.0173072e-05	0.00028291394	0.00028296526	0.00018136711
0.202	1.202	0	0	0	1.101	0	0	0	0.59725765	0.79041197	0.00020458754	-1.0146405e-05	-5.454106e-06	-9.2751785e-06	0.00017071729	-2.0712725e-06	-2.7105378e-06	-1.1525231e-06	9.1669854e-09	-0.00012510467	2.0745914e-05	0.00028992144	0.00028997552	0.00018649951
0.204	1.204	0	0	0	1.102	0	0	0	0.59184443	0.78526393	0.00020964537	-1.0227959e-05	-5.4483776e-06	-9.3418027e-06	0.00017502234	-2.0980499e-06	-2.6777294e-06	-1.1555023e-06	9.6937901e-09	-0.0001282258	2.1332974e-05	0.00029713023	0.00029718712	0.00019142551
0.206	1.206	0	0	0	1.103	0	0	0	0.58640263	0.78004333	0.00021484916	-1.0308248e-05	-5.4406042e-06	-9.4071597e-06	0.000179453	-2.1249388e-06	-2.6439348e-06	-1.1582022e-06	1.0231116e-08	-0.00013143746	2.1934663e-05	0.00030454775	0.00030460749	0.00019613089
0.208	1.208	0	0	0	1.104	0	0	0	0.58093307	0.77475093	0.00022020427	-1.0387232e-05	-5.4307523e-06	-9.4712155e-06	0.00018401386	-2.151941e-06	-2.6091748e-06	-1.1606225e-06	1.0778898e-08	-0.00013474297	2.2551404e-05	0.00031218165	0.00031224429	0.00020060097
0.21	1.21	0	0	0	1.105	0	0	0	0.57543667	0.7693876	0.00022571625	-1.046487e-05	-5.4187878e-06	-9.533936e-06	0.00018870963	-2.1790581e-06	-2.5734714e-06	-1.1627628e-06	1.1337053e-08	-0.00013814574	2.318364e-05	0.00032003984	0.0003201054	0.00020482065
0.212	1.212	0	0	0	1.106	0	0	0	0.56991445	0.76395436	0.00023139079	-1.0541119e-05	-5.4046757e-06	-9.595287e-06	0.00019354519	-2.2062913e-06	-2.5368472e-06	-1.1646229e-06	1.1905474e-08	-0.0001416493	2.3831826e-05	0.00032813044	0.00032819896	0.00020877442
0.214	1.214	0	0	0	1.107	0	0	0	0.56436754	0.75845241	0.00023723376	-1.061594e-05	-5.3883804e-06	-9.6552344e-06	0.00019852554	-2.2336415e-06	-2.4993259e-06	-1.1662028e-06	1.2484033e-08	-0.00014525726	2.4496436e-05	0.00033646183	0.00033653333	0.00021244648
0.216	1.216	0	0	0	1.108	0	0	0	0.55879718	0.75288309	0.00024325118	-1.0689292e-05	-5.3698655e-06	-9.7137443e-06	0.00020365578	-2.2611092e-06	-2.4609321e-06	-1.1675023e-06	1.3072576e-08	-0.00014897334	2.5177959e-05	0.00034504259	0.00034511707	0.0002158208
0.218	1.218	0	0	0	1.109	0	0	0	0.55320472	0.74724791	0.00024944922	-1.0761132e-05	-5.349094e-06	-9.7707831e-06	0.00020894118	-2.2886943e-06	-2.4216912e-06	-1.1685218e-06	1.3670925e-08	-0.00015280136	2.5876904e-05	0.00035388151	0.00035395899	0.00021888119
0.22	1.22	0	0	0	1.11	0	0	0	0.54759161	0.74154856	0.0002558342	-1.0831421e-05	-5.3260276e-06	-9.8263179e-06	0.0002143871	-2.3163963e-06	-2.3816294e-06	-1.1692614e-06	1.4278869e-08	-0.00015674519	2.6593795e-05	0.0003629876	0.00036306806	0.00022161145
0.222	1.222	0	0	0	1.111	0	0	0	0.54195947	0.73578694	0.00026241255	-1.0900119e-05	-5.3006275e-06	-9.8803161e-06	0.00021999899	-2.3442138e-06	-2.340774e-06	-1.1697216e-06	1.4896173e-08	-0.00016080881	2.7329176e-05	0.00037237003	0.00037245345	0.00022399547
0.224	1.224	0	0	0	1.112	0	0	0	0.53631001	0.72996512	0.00026919083	-1.0967186e-05	-5.2728537e-06	-9.9327463e-06	0.00022578242	-2.3721447e-06	-2.2991529e-06	-1.1699029e-06	1.5522565e-08	-0.00016499626	2.8083609e-05	0.00038203813	0.0003821245	0.00022601739
0.226	1.226	0	0	0	1.113	0	0	0	0.53064508	0.72408538	0.00027617572	-1.1032585e-05	-5.2426653e-06	-9.9835777e-06	0.00023174302	-2.4001862e-06	-2.2567948e-06	-1.1698058e-06	1.6157742e-08	-0.00016931163	2.8857674e-05	0.00039200141	0.00039209068	0.00022766178
0.228	1.228	0	0	0	1.114	0	0	0	0.52496667	0.71815021	0.00028337396	-1.1096278e-05	-5.2100203e-06	-1.0032781e-05	0.0002378865	-2.4283342e-06	-2.2137295e-06	-1.1694311e-06	1.6801369e-08	-0.00017375909	2.9651972e-05	0.00040226946	0.00040236156	0.00022891378
0.23	1.23	0	0	0	1.115	0	0	0	0.51927691	0.71216232	0.00029079237	-1.1158229e-05	-5.1748755e-06	-1.0080329e-05	0.00024421859	-2.4565839e-06	-2.169987e-06	-1.1687798e-06	1.7453069e-08	-0.0001783428	3.0467121e-05	0.00041285197	0.00041294685	0.00022975934
0.232	1.232	0	0	0	1.116	0	0	0	0.51357805	0.70612462	0.0002984378	-1.1218405e-05	-5.1371867e-06	-1.0126194e-05	0.00025074508	-2.4849291e-06	-2.1255985e-06	-1.1678528e-06	1.8112435e-08	-0.000183067	3.1303759e-05	0.0004237587	0.00042385626	0.00023018544
0.234	1.234	0	0	0	1.117	0	0	0	0.50787248	0.70004025	0.00030631714	-1.1276775e-05	-5.0969087e-06	-1.0170353e-05	0.00025747174	-2.5133623e-06	-2.0805953e-06	-1.1666512e-06	1.8779015e-08	-0.00018793588	3.2162546e-05	0.00043499942	0.00043509957	0.00023018028
0.236	1.236	0	0	0	1.118	0	0	0	0.50216274	0.69391257	0.00031443726	-1.1333307e-05	-5.0539947e-06	-1.0212783e-05	0.00026440432	-2.5418748e-06	-2.0350098e-06	-1.1651763e-06	1.9452323e-08	-0.00019295368	3.3044157e-05	0.00044658388	0.00044668649	0.00022973356
0.238	1.238	0	0	0	1.119	0	0	0	0.49645148	0.68774515	0.00032280499	-1.1387975e-05	-5.008397e-06	-1.0253465e-05	0.00027154853	-2.5704563e-06	-1.9888746e-06	-1.1634296e-06	2.0131833e-08	-0.00019812455	3.3949292e-05	0.00045852177	0.00045862673	0.0002288367
0.24	1.24	0	0	0	1.12	0	0	0	0.49074148	0.68154177	0.00033142711	-1.1440755e-05	-4.9600669e-06	-1.0292381e-05	0.00027891002	-2.5990951e-06	-1.9422227e-06	-1.1614125e-06	2.0816977e-08	-0.00020345265	3.4878664e-05	0.0004708227	0.00047092983	0.00022748311
0.242	1.242	0	0	0	1.121	0	0	0	0.48503567	0.67530643	0.00034031027	-1.1491624e-05	-4.9089544e-06	-1.0329517e-05	0.0002864943	-2.6277777e-06	-1.8950877e-06	-1.159127e-06	2.1507152e-08	-0.00020894203	3.5833011e-05	0.0004834961	0.00048360523	0.0002256684
0.244	1.244	0	0	0	1.122	0	0	0	0.47933705	0.66904332	0.000349461	-1.1540566e-05	-4.8550086e-06	-1.0364862e-05	0.00029430679	-2.6564891e-06	-1.8475034e-06	-1.1565748e-06	2.2201715e-08	-0.00021459666	3.6813085e-05	0.00049655119	0.00049666214	0.00022339065
0.246	1.246	0	0	0	1.123	0	0	0	0.47364876	0.66275682	0.00035888565	-1.1587566e-05	-4.7981778e-06	-1.0398407e-05	0.0003023527	-2.6852124e-06	-1.7995039e-06	-1.1537581e-06	2.2899986e-08	-0.00022042042	3.7819659e-05	0.00050999695	0.0005101095	0.0002206506
0.248	1.248	0	0	0	1.124	0	0	0	0.46797401	0.65645148	0.00036859035	-1.1632613e-05	-4.7384097e-06	-1.0430149e-05	0.00031063707	-2.713929e-06	-1.7511234e-06	-1.1506791e-06	2.3601251e-08	-0.00022641701	3.8853523e-05	0.00052384202	0.00052395596	0.00021745185
0.25	1.25	0	0	0	1.125	0	0	0	0.4623161	0.65013202	0.000378581	-1.16757e-05	-4.6756514e-06	-1.0460087e-05	0.00031916468	-2.7426187e-06	-1.7023965e-06	-1.1473406e-06	2.4304762e-08	-0.00023259	3.9915483e-05	0.00053809471	0.00053820978	0.00021380099
0.252	1.252	0	0	0	1.126	0	0	0	0.4566784	0.64380329	0.00038886318	-1.1716826e-05	-4.60985e-06	-1.0488223e-05	0.00032794006	-2.7712593e-06	-1.6533576e-06	-1.1437451e-06	2.5009741e-08	-0.00023894275	4.1006362e-05	0.00055276286	0.0005528788	0.00020970772
0.254	1.254	0	0	0	1.127	0	0	0	0.45106432	0.63747026	0.00039944214	-1.1755992e-05	-4.5409529e-06	-1.0514566e-05	0.00033696743	-2.7998271e-06	-1.6040414e-06	-1.1398958e-06	2.5715384e-08	-0.00024547843	4.2126998e-05	0.00056785384	0.00056797038	0.00020518494
0.256	1.256	0	0	0	1.128	0	0	0	0.44547732	0.63113801	0.00041032279	-1.1793206e-05	-4.4689078e-06	-1.0539126e-05	0.00034625066	-2.8282965e-06	-1.5544824e-06	-1.135796e-06	2.6420862e-08	-0.00025219996	4.3278244e-05	0.00058337451	0.00058349136	0.00020024871
0.258	1.258	0	0	0	1.129	0	0	0	0.43992086	0.62481168	0.0004215096	-1.1828479e-05	-4.3936637e-06	-1.0561918e-05	0.00035579329	-2.8566405e-06	-1.5047152e-06	-1.1314493e-06	2.7125328e-08	-0.00025911	4.4460964e-05	0.00059933111	0.00059944796	0.00019491825
0.26	1.26	0	0	0	1.13	0	0	0	0.43439841	0.61849645	0.00043300663	-1.1861826e-05	-4.315171e-06	-1.0582963e-05	0.00036559843	-2.8848306e-06	-1.4547744e-06	-1.1268596e-06	2.782792e-08	-0.00026621096	4.5676036e-05	0.00061572926	0.00061584579	0.00018921577
0.262	1.262	0	0	0	1.131	0	0	0	0.42891339	0.61219752	0.00044481745	-1.1893268e-05	-4.2333824e-06	-1.0602284e-05	0.00037566878	-2.9128371e-06	-1.4046945e-06	-1.1220313e-06	2.8527765e-08	-0.00027350492	4.6924347e-05	0.0006325739	0.00063268978	0.00018316634
0.264	1.264	0	0	0	1.132	0	0	0	0.42346921	0.60592007	0.00045694516	-1.1922831e-05	-4.1482532e-06	-1.0619908e-05	0.00038600661	-2.940629e-06	-1.3545098e-06	-1.1169687e-06	2.9223986e-08	-0.00028099366	4.8206795e-05	0.00064986923	0.00064998415	0.00017679764
0.266	1.266	0	0	0	1.133	0	0	0	0.41806919	0.59966925	0.0004693923	-1.1950544e-05	-4.0597421e-06	-1.0635867e-05	0.00039661371	-2.9681743e-06	-1.3042546e-06	-1.1116771e-06	2.9915706e-08	-0.00028867864	4.9524284e-05	0.00066761874	0.00066773235	0.00017013964
0.268	1.268	0	0	0	1.134	0	0	0	0.41271658	0.59345012	0.00048216092	-1.1976441e-05	-3.9678121e-06	-1.0650197e-05	0.0004074914	-2.9954403e-06	-1.2539633e-06	-1.1061615e-06	3.0602056e-08	-0.00029656098	5.0877724e-05	0.00068582511	0.00068593707	0.00016322431
0.27	1.27	0	0	0	1.135	0	0	0	0.40741451	0.58726765	0.00049525249	-1.2000561e-05	-3.8724305e-06	-1.0662936e-05	0.00041864052	-3.0223939e-06	-1.2036699e-06	-1.1004279e-06	3.1282175e-08	-0.00030464143	5.2268032e-05	0.00070449024	0.00070460022	0.00015608516
0.272	1.272	0	0	0	1.136	0	0	0	0.402166	0.58112666	0.00050866792	-1.2022946e-05	-3.7735704e-06	-1.0674126e-05	0.00043006141	-3.0490015e-06	-1.1534083e-06	-1.0944821e-06	3.195522e-08	-0.00031292043	5.3696125e-05	0.00072361521	0.00072372287	0.0001487569
0.274	1.274	0	0	0	1.137	0	0	0	0.39697393	0.57503182	0.00052240757	-1.2043641e-05	-3.6712109e-06	-1.0683814e-05	0.0004417539	-3.0752295e-06	-1.1032126e-06	-1.0883306e-06	3.2620372e-08	-0.00032139803	5.5162923e-05	0.00074320031	0.00074330532	0.00014127494
0.276	1.276	0	0	0	1.138	0	0	0	0.391841	0.56898762	0.00053647122	-1.2062695e-05	-3.5653377e-06	-1.0692046e-05	0.00045371735	-3.1010446e-06	-1.0531164e-06	-1.0819803e-06	3.3276836e-08	-0.00033007395	5.6669346e-05	0.00076324501	0.00076334705	0.00013367497
0.278	1.278	0	0	0	1.139	0	0	0	0.38676977	0.56299833	0.00055085813	-1.208016e-05	-3.455944e-06	-1.0698875e-05	0.00046595063	-3.1264139e-06	-1.0031533e-06	-1.0754382e-06	3.392385e-08	-0.00033894756	5.8216312e-05	0.00078374797	0.00078384673	0.00012599249
0.28	1.28	0	0	0	1.14	0	0	0	0.3817626	0.55706799	0.00056556699	-1.2096091e-05	-3.3430305e-06	-1.0704351e-05	0.00047845214	-3.151305e-06	-9.5335664e-07	-1.0687117e-06	3.4560687e-08	-0.0003480179	5.9804733e-05	0.00080470711	0.00080480228	0.00011826243
0.282	1.282	0	0	0	1.141	0	0	0	0.37682165	0.5512004	0.00058059597	-1.2110545e-05	-3.2266066e-06	-1.070853e-05	0.00049121982	-3.1756867e-06	-9.0375956e-07	-1.0618087e-06	3.5186659e-08	-0.00035728366	6.1435521e-05	0.00082611955	0.00082621086	0.00011051869
0.284	1.284	0	0	0	1.142	0	0	0	0.3719489	0.54539908	0.00059594275	-1.2123579e-05	-3.1066898e-06	-1.0711468e-05	0.00050425118	-3.1995288e-06	-8.5439486e-07	-1.0547373e-06	3.5801122e-08	-0.00036674324	6.3109577e-05	0.00084798174	0.00084806892	0.00010279382
0.286	1.286	0	0	0	1.143	0	0	0	0.36714609	0.53966731	0.00061160453	-1.2135255e-05	-2.9833067e-06	-1.0713221e-05	0.00051754332	-3.2228025e-06	-8.0529498e-07	-1.0475055e-06	3.6403476e-08	-0.00037639475	6.4827796e-05	0.00087028942	0.00087037221	9.511865e-05
0.288	1.288	0	0	0	1.144	0	0	0	0.36241478	0.53400804	0.00062757805	-1.2145632e-05	-2.856493e-06	-1.0713846e-05	0.00053109295	-3.2454805e-06	-7.5649194e-07	-1.0401221e-06	3.6993169e-08	-0.000386236	6.6591066e-05	0.00089303768	0.00089311585	8.7522073e-05
0.29	1.29	0	0	0	1.145	0	0	0	0.35775631	0.52842396	0.00064385965	-1.2154773e-05	-2.7262931e-06	-1.0713403e-05	0.00054489642	-3.2675372e-06	-7.080172e-07	-1.0325957e-06	3.7569697e-08	-0.00039626455	6.840026e-05	0.00091622105	0.00091629438	8.0030778e-05
0.292	1.292	0	0	0	1.146	0	0	0	0.3531718	0.52291746	0.00066044529	-1.2162739e-05	-2.5927605e-06	-1.0711948e-05	0.00055894977	-3.2889488e-06	-6.5990163e-07	-1.0249351e-06	3.8132609e-08	-0.00040647773	7.0256243e-05	0.00093983348	0.00093990178	7.2669103e-05
0.294	1.294	0	0	0	1.147	0	0	0	0.34866216	0.51749065	0.00067733056	-1.2169593e-05	-2.4559575e-06	-1.0709541e-05	0.00057324874	-3.3096935e-06	-6.121754e-07	-1.0171493e-06	3.8681499e-08	-0.00041687266	7.2159867e-05	0.00096386844	0.00096393154	6.5458921e-05
0.296	1.296	0	0	0	1.148	0	0	0	0.34422811	0.51214534	0.00069451075	-1.2175396e-05	-2.3159546e-06	-1.0706237e-05	0.0005877888	-3.3297516e-06	-5.6486786e-07	-1.0092473e-06	3.9216016e-08	-0.00042744626	7.4111969e-05	0.00098831896	0.0009883767	5.8419577e-05
0.298	1.298	0	0	0	1.149	0	0	0	0.33987017	0.50688305	0.00071198088	-1.2180209e-05	-2.1728307e-06	-1.0702093e-05	0.0006025652	-3.3491054e-06	-5.1800746e-07	-1.0012381e-06	3.9735855e-08	-0.00043819527	7.6113374e-05	0.0010131777	0.0010132299	5.1567876e-05
0.3	1.3	0	0	0	1.15	0	0	0	0.33558866	0.50170505	0.00072973573	-1.2184092e-05	-2.026672e-06	-1.0697165e-05	0.00061757299	-3.3677393e-06	-4.7162168e-07	-9.9313081e-07	4.0240762e-08	-0.00044911632	7.8164889e-05	inf	inf	inf
