lambda	F11	F12	F13	F21	F22	F23	F31	F32	F33	J	P11	P12	P13	P21	P22	P23	P31	P32	P33	p	StrEn	t(1)	t(2)	d
0	1	0	0	0	1	0	0	0	1	1	0	0	0	0	0	0	0	0	0	-0	0	inf	inf	inf
-0.002	0.998	0	0	0	1.0006252	0	0	0	1.0006134	0.99923649	-1.0660142e-05	1.107978e-07	2.0694468e-07	8.7391855e-08	-1.4264867e-08	-2.557278e-07	1.902795e-07	-2.4654583e-07	-7.4659424e-09	3.5606242e-06	1.0718754e-08	-1.0653455e-05	-1.0543121e-05	-0.010465002
-0.004	0.996	0	0	0	1.0012562	0	0	0	1.0011825	0.99843046	-2.0652386e-05	2.703539e-07	4.789403e-07	1.7403952e-07	-3.0420913e-08	-5.0427224e-07	4.2409598e-07	-4.8818451e-07	-1.4237239e-08	6.8990146e-06	4.2172484e-08	-2.0639293e-05	-2.040108e-05	-0.011676475
-0.006	0.994	0	0	0	1.0018679	0	0	0	1.0016365	0.9974864	-2.8966867e-05	-1.4690558e-09	1.8758768e-06	-2.2670608e-07	-2.8935159e-08	-1.0934475e-06	1.7189736e-06	-7.4712854e-07	-1.5129471e-08	9.6703104e-06	9.2323076e-08	-2.8955957e-05	-2.8538193e-05	-0.014638782
-0.008	0.992	0	0	0	1.0024799	0	0	0	1.0017264	0.99617694	-3.4329463e-05	-9.1473235e-07	3.2638616e-06	-1.5460385e-06	-3.0046712e-08	-1.431388e-06	3.0067339e-06	-8.9187809e-07	-4.7024672e-09	1.1454737e-05	1.5632526e-07	-3.4318817e-05	-3.3867562e-05	-0.01332413
-0.01	0.99	0	0	0	1.0033617	0	0	0	1.001147	0.9944675	-3.6848697e-05	-1.5797769e-06	2.89201e-06	-2.7297525e-06	-4.0243394e-08	-1.4796034e-06	2.5639812e-06	-8.9674542e-07	7.771226e-09	1.2293723e-05	2.2779332e-07	-3.6829321e-05	-3.6899083e-05	0.0018906298
-0.012	0.988	0	0	0	1.0041831	0	0	0	1.0005732	0.99270158	-3.901452e-05	-2.8993656e-06	2.7384508e-06	-4.4261048e-06	-5.0586892e-08	-1.5209426e-06	2.2875518e-06	-8.8312669e-07	1.4651377e-08	1.3016818e-05	3.0392159e-07	-3.8990005e-05	-3.9085689e-05	0.0024480338
-0.014	0.986	0	0	0	1.0049681	0	0	0	1.0000006	0.99089911	-4.0967516e-05	-4.2995199e-06	2.6869697e-06	-6.1515914e-06	-5.9773284e-08	-1.5643613e-06	2.1375245e-06	-8.6019917e-07	2.044555e-08	1.3668948e-05	3.8413608e-07	-4.0938406e-05	-4.104509e-05	0.002599199
-0.016	0.984	0	0	0	1.0057369	0	0	0	0.9994207	0.98907185	-4.2790892e-05	-5.7020476e-06	2.6665778e-06	-7.8514865e-06	-6.8862207e-08	-1.6025684e-06	2.0348688e-06	-8.3166291e-07	2.562375e-08	1.4278044e-05	4.6810195e-07	-4.2757137e-05	-4.2864444e-05	0.0025034026
-0.018	0.982	0	0	0	1.0064944	0	0	0	0.99883297	0.987224	-4.4516954e-05	-7.082461e-06	2.6594874e-06	-9.5114164e-06	-7.8136508e-08	-1.6347955e-06	1.9565624e-06	-7.9870464e-07	3.0436053e-08	1.4854885e-05	5.5559385e-07	-4.447857e-05	-4.4581556e-05	0.0023100595
-0.02	0.98	0	0	0	1.0072411	0	0	0	0.99823756	0.98535658	-4.615744e-05	-8.4261406e-06	2.6593654e-06	-1.1122263e-05	-8.7677624e-08	-1.6610524e-06	1.8932438e-06	-7.6153459e-07	3.5075615e-08	1.5403347e-05	6.4642817e-07	-4.6114464e-05	-4.6209686e-05	0.0020606451
-0.022	0.978	0	0	0	1.0079758	0	0	0	0.99763508	0.98346896	-4.7713307e-05	-9.7196197e-06	2.6637435e-06	-1.2673688e-05	-9.7472895e-08	-1.6813644e-06	1.8404775e-06	-7.1997864e-07	3.9718154e-08	1.5923687e-05	7.4043259e-07	-4.7665901e-05	-4.7749491e-05	0.001750602
-0.024	0.976	0	0	0	1.0086938	0	0	0	0.9970283	0.98155953	-4.9176776e-05	-1.0946242e-05	2.6721639e-06	-1.4150513e-05	-1.0741482e-07	-1.6957021e-06	1.7962421e-06	-6.7371225e-07	4.4534518e-08	1.6413219e-05	8.3742614e-07	-4.9125523e-05	-4.9191214e-05	0.0013354184
-0.026	0.974	0	0	0	1.0093833	0	0	0	0.99642655	0.97962618	-5.0528333e-05	-1.2080449e-05	2.6859954e-06	-1.5526952e-05	-1.1723491e-07	-1.7041261e-06	1.760195e-06	-6.2244368e-07	4.9681461e-08	1.6865296e-05	9.3719745e-07	-5.0474975e-05	-5.0511168e-05	0.0007165376
-0.028	0.972	0	0	0	1.010017	0	0	0	0.99585481	0.97766707	-5.1727715e-05	-1.3077457e-05	2.709131e-06	-1.6755468e-05	-1.2635036e-07	-1.7071557e-06	1.7337135e-06	-5.6620555e-07	5.526961e-08	1.7266265e-05	1.0394708e-06	-5.1676332e-05	-5.1665475e-05	-0.00021014424
-0.03	0.97	0	0	0	1.0105444	0	0	0	0.99536224	0.97568205	-5.2707939e-05	-1.3866861e-05	2.7481007e-06	-1.7759656e-05	-1.3373665e-07	-1.7062383e-06	1.7197305e-06	-5.0583578e-07	6.1300313e-08	1.7593458e-05	1.1438593e-06	-5.2664642e-05	-5.2598304e-05	-0.0012612171
-0.032	0.968	0	0	0	1.0109193	0	0	0	0.99499788	0.97367491	-5.3418396e-05	-1.4396075e-05	2.8068857e-06	-1.8481343e-05	-1.3846933e-07	-1.7033715e-06	1.7196971e-06	-4.431935e-07	6.7590368e-08	1.7829758e-05	1.249864e-06	-5.3387148e-05	-5.3284005e-05	-0.0019357282
-0.034	0.966	0	0	0	1.0111524	0	0	0	0.99475834	0.97165326	-5.3895696e-05	-1.4700724e-05	2.8803044e-06	-1.8957859e-05	-1.4074798e-07	-1.6994685e-06	1.7298872e-06	-3.8005987e-07	7.3867918e-08	1.7987525e-05	1.3569954e-06	-5.3875297e-05	-5.3758416e-05	-0.0021741781
-0.036	0.964	0	0	0	1.0112917	0	0	0	0.99460293	0.96962369	-5.4223406e-05	-1.4863151e-05	2.9596162e-06	-1.9277935e-05	-1.4147784e-07	-1.6942035e-06	1.7447366e-06	-3.1712143e-07	7.9978689e-08	1.8094968e-05	1.4648977e-06	-5.421026e-05	-5.4089217e-05	-0.0022378316
-0.038	0.962	0	0	0	1.0113763	0	0	0	0.994497	0.96758988	-5.4464498e-05	-1.4944933e-05	3.0392263e-06	-1.9508306e-05	-1.4137592e-07	-1.6871166e-06	1.7607044e-06	-2.5439583e-07	8.5890537e-08	1.8173328e-05	1.5733522e-06	-5.4455743e-05	-5.4332643e-05	-0.0022656843
-0.04	0.96	0	0	0	1.0114285	0	0	0	0.99442029	0.9655536	-5.4654275e-05	-1.498021e-05	3.1166429e-06	-1.9686122e-05	-1.4083869e-07	-1.6779963e-06	1.7761766e-06	-1.9175203e-07	9.1617014e-08	1.8234499e-05	1.6822283e-06	-5.4648213e-05	-5.4523105e-05	-0.0022945776
-0.042	0.958	0	0	0	1.0114605	0	0	0	0.99436169	0.96351573	-5.4811783e-05	-1.4987161e-05	3.1909638e-06	-1.9831248e-05	-1.4007074e-07	-1.6668141e-06	1.7905305e-06	-1.2907217e-07	9.7180472e-08	1.8284891e-05	1.7914447e-06	-5.4807448e-05	-5.4680011e-05	-0.0023305897
-0.044	0.956	0	0	0	1.0114792	0	0	0	0.99431492	0.96147675	-5.4947746e-05	-1.4975874e-05	3.2619841e-06	-1.995477e-05	-1.3917976e-07	-1.6536323e-06	1.8035845e-06	-6.62737e-08	1.0260175e-07	1.8328108e-05	1.9009483e-06	-5.4944573e-05	-5.4814496e-05	-0.0023730345
-0.046	0.954	0	0	0	1.0114886	0	0	0	0.99427623	0.95943695	-5.5068567e-05	-1.4952277e-05	3.3297904e-06	-2.0063244e-05	-1.3822464e-07	-1.6385515e-06	1.815345e-06	-3.3028878e-09	1.0789827e-07	1.8366298e-05	2.0107026e-06	-5.5066208e-05	-5.4933258e-05	-0.0024202075
-0.048	0.952	0	0	0	1.0114915	0	0	0	0.99424327	0.95739653	-5.5178291e-05	-1.4920044e-05	3.3945833e-06	-2.016077e-05	-1.3723871e-07	-1.6216844e-06	1.8258954e-06	5.9873906e-08	1.1308427e-07	1.8400815e-05	2.1206813e-06	-5.517652e-05	-5.5040537e-05	-0.002470586
-0.05	0.95	0	0	0	1.0114894	0	0	0	0.9942145	0.95535559	-5.5279597e-05	-1.4881562e-05	3.4565988e-06	-2.0250042e-05	-1.3624131e-07	-1.6031442e-06	1.8353459e-06	1.2327677e-07	1.1817137e-07	1.8432556e-05	2.2308648e-06	-5.5278261e-05	-5.5139145e-05	-0.0025229986
-0.052	0.948	0	0	0	1.0114836	0	0	0	0.99418889	0.95331423	-5.5374336e-05	-1.4838447e-05	3.5160744e-06	-2.0332903e-05	-1.3524385e-07	-1.5830388e-06	1.8438113e-06	1.8691669e-07	1.2316916e-07	1.8462137e-05	2.3412379e-06	-5.537333e-05	-5.5231023e-05	-0.0025765793
-0.054	0.946	0	0	0	1.0114747	0	0	0	0.9941657	0.95127253	-5.5463831e-05	-1.4791824e-05	3.5732344e-06	-2.0410659e-05	-1.3425306e-07	-1.5614692e-06	1.8514013e-06	2.5079851e-07	1.2808561e-07	1.849e-05	2.4517889e-06	-5.5463078e-05	-5.5317555e-05	-0.002630694
-0.056	0.944	0	0	0	1.0114635	0	0	0	0.99414439	0.94923052	-5.5549058e-05	-1.4742502e-05	3.6282839e-06	-2.0484267e-05	-1.3327282e-07	-1.5385283e-06	1.8582164e-06	3.1492292e-07	1.3292747e-07	1.8516468e-05	2.5625081e-06	-5.5548501e-05	-5.539976e-05	-0.0026848778
-0.058	0.942	0	0	0	1.0114504	0	0	0	0.99412457	0.94718826	-5.5630751e-05	-1.4691078e-05	3.6814082e-06	-2.055444e-05	-1.3230528e-07	-1.5143015e-06	1.8643469e-06	3.7928776e-07	1.3770047e-07	1.8541785e-05	2.6733879e-06	-5.5630349e-05	-5.5478405e-05	-0.0027387888
-0.06	0.94	0	0	0	1.0114357	0	0	0	0.99410594	0.94514577	-5.5709482e-05	-1.4637996e-05	3.7327733e-06	-2.0621727e-05	-1.3135149e-07	-1.4888668e-06	1.869873e-06	4.4388896e-07	1.4240956e-07	1.8566141e-05	2.7844218e-06	-5.57092e-05	-5.5554084e-05	-0.0027921742
-0.062	0.938	0	0	0	1.0114196	0	0	0	0.99408827	0.94310309	-5.5785695e-05	-1.4583596e-05	3.7825273e-06	-2.0686556e-05	-1.304118e-07	-1.4622959e-06	1.8748658e-06	5.0872113e-07	1.4705903e-07	1.8589683e-05	2.8956043e-06	-5.5785509e-05	-5.5627258e-05	-0.0028448471
-0.064	0.936	0	0	0	1.0114024	0	0	0	0.99407139	0.94106024	-5.5859751e-05	-1.4528141e-05	3.8308027e-06	-2.0749268e-05	-1.2948614e-07	-1.4346541e-06	1.8793878e-06	5.7377802e-07	1.5165264e-07	1.8612528e-05	3.0069308e-06	-5.5859639e-05	-5.56983e-05	-0.0028966692
-0.066	0.934	0	0	0	1.0113843	0	0	0	0.99405516	0.93901723	-5.5931938e-05	-1.4471838e-05	3.8777172e-06	-2.0810135e-05	-1.2857416e-07	-1.4060017e-06	1.8834939e-06	6.3905284e-07	1.5619371e-07	1.8634773e-05	3.1183974e-06	-5.5931885e-05	-5.5767508e-05	-0.0029475382
-0.068	0.932	0	0	0	1.0113653	0	0	0	0.99403946	0.9369741	-5.6002496e-05	-1.441485e-05	3.9233765e-06	-2.0869382e-05	-1.2767533e-07	-1.3763937e-06	1.8872326e-06	7.0453845e-07	1.6068519e-07	1.8656495e-05	3.2300008e-06	-5.6002488e-05	-5.5835129e-05	-0.0029973796
-0.07	0.93	0	0	0	1.0113456	0	0	0	0.9940242	0.93493084	-5.6071625e-05	-1.4357306e-05	3.967875e-06	-2.0927195e-05	-1.2678905e-07	-1.3458812e-06	1.8906467e-06	7.7022752e-07	1.6512971e-07	1.8677761e-05	3.341738e-06	-5.607165e-05	-5.5901366e-05	-0.0030461398
-0.072	0.928	0	0	0	1.0113252	0	0	0	0.9940093	0.93288748	-5.613949e-05	-1.4299313e-05	4.0112974e-06	-2.0983728e-05	-1.2591463e-07	-1.3145111e-06	1.8937739e-06	8.3611265e-07	1.6952963e-07	1.8698625e-05	3.4536063e-06	-5.613954e-05	-5.5966392e-05	-0.0030937809
-0.074	0.926	0	0	0	1.0113043	0	0	0	0.99399471	0.93084402	-5.6206234e-05	-1.4240955e-05	4.0537201e-06	-2.1039111e-05	-1.2505139e-07	-1.2823269e-06	1.8966477e-06	9.0218646e-07	1.7388709e-07	1.8719133e-05	3.5656035e-06	-5.62063e-05	-5.603035e-05	-0.0031402775
-0.076	0.924	0	0	0	1.0112829	0	0	0	0.99398037	0.92880049	-5.6271979e-05	-1.4182303e-05	4.0952119e-06	-2.1093456e-05	-1.2419863e-07	-1.2493691e-06	1.8992975e-06	9.684416e-07	1.7820402e-07	1.8739325e-05	3.6777277e-06	-5.6272055e-05	-5.6093363e-05	-0.003185614
-0.078	0.922	0	0	0	1.011261	0	0	0	0.99396624	0.92675688	-5.6336829e-05	-1.4123413e-05	4.1358347e-06	-2.1146857e-05	-1.2335567e-07	-1.2156751e-06	1.9017497e-06	1.0348708e-06	1.8248218e-07	1.8759234e-05	3.789977e-06	-5.633691e-05	-5.615554e-05	-0.0032297819
-0.08	0.92	0	0	0	1.0112387	0	0	0	0.99395229	0.92471321	-5.6400876e-05	-1.4064332e-05	4.1756451e-06	-2.1199399e-05	-1.2252184e-07	-1.1812799e-06	1.9040276e-06	1.101467e-06	1.8672319e-07	1.8778892e-05	3.9023498e-06	-5.6400956e-05	-5.621697e-05	-0.0032727788
-0.082	0.918	0	0	0	1.0112161	0	0	0	0.99393848	0.92266948	-5.6464199e-05	-1.40051e-05	4.2146941e-06	-2.1251151e-05	-1.216965e-07	-1.1462163e-06	1.9061519e-06	1.1682232e-06	1.9092853e-07	1.8798322e-05	4.0148449e-06	-5.6464274e-05	-5.6277736e-05	-0.0033146068
-0.084	0.916	0	0	0	1.0111931	0	0	0	0.99392479	0.92062571	-5.6526868e-05	-1.3945749e-05	4.2530282e-06	-2.1302177e-05	-1.2087903e-07	-1.1105147e-06	1.9081414e-06	1.2351326e-06	1.9509954e-07	1.8817549e-05	4.1274608e-06	-5.6526935e-05	-5.6337906e-05	-0.0033552715
-0.086	0.914	0	0	0	1.0111698	0	0	0	0.9939112	0.91858189	-5.6588946e-05	-1.3886306e-05	4.29069e-06	-2.1352532e-05	-1.2006883e-07	-1.074204e-06	1.9100125e-06	1.3021883e-06	1.9923748e-07	1.8836592e-05	4.2401965e-06	-5.6589002e-05	-5.6397545e-05	-0.0033947814
-0.088	0.912	0	0	0	1.0111463	0	0	0	0.99389768	0.91653804	-5.6650488e-05	-1.3826794e-05	4.3277182e-06	-2.1402265e-05	-1.1926535e-07	-1.0373111e-06	1.9117803e-06	1.369384e-06	2.0334351e-07	1.885547e-05	4.353051e-06	-5.665053e-05	-5.6456705e-05	-0.0034331473
-0.09	0.91	0	0	0	1.0111224	0	0	0	0.99388423	0.91449416	-5.6711543e-05	-1.3767231e-05	4.3641485e-06	-2.1451419e-05	-1.1846804e-07	-9.9986128e-07	1.913458e-06	1.4367132e-06	2.0741871e-07	1.8874197e-05	4.4660233e-06	-5.6711568e-05	-5.6515438e-05	-0.0034703814
-0.092	0.908	0	0	0	1.0110984	0	0	0	0.99387082	0.91245026	-5.6772156e-05	-1.3707632e-05	4.4000134e-06	-2.1500034e-05	-1.176764e-07	-9.6187864e-07	1.9150577e-06	1.5041697e-06	2.1146406e-07	1.889279e-05	4.5791127e-06	-5.6772163e-05	-5.6573787e-05	-0.0035064975
-0.094	0.906	0	0	0	1.0110741	0	0	0	0.99385745	0.91040634	-5.6832368e-05	-1.3648012e-05	4.435343e-06	-2.1548144e-05	-1.1688993e-07	-9.2338579e-07	1.9165902e-06	1.5717475e-06	2.1548049e-07	1.8911259e-05	4.6923185e-06	-5.6832354e-05	-5.6631792e-05	-0.0035415102
-0.096	0.904	0	0	0	1.0110496	0	0	0	0.9938441	0.90836241	-5.6892215e-05	-1.358838e-05	4.470165e-06	-2.1595781e-05	-1.1610819e-07	-8.8440417e-07	1.9180654e-06	1.6394404e-06	2.1946887e-07	1.8929618e-05	4.8056399e-06	-5.6892178e-05	-5.6689489e-05	-0.0035754349
-0.098	0.902	0	0	0	1.0110249	0	0	0	0.99383077	0.90631847	-5.6951729e-05	-1.3528746e-05	4.5045049e-06	-2.1642973e-05	-1.1533073e-07	-8.4495413e-07	1.919492e-06	1.7072428e-06	2.2343001e-07	1.8947877e-05	4.9190764e-06	-5.6951669e-05	-5.674691e-05	-0.0036082876
-0.1	0.9	0	0	0	1.011	0	0	0	0.99381744	0.90427452	-5.7010942e-05	-1.3469117e-05	4.5383862e-06	-2.1689747e-05	-1.1455714e-07	-8.0505496e-07	1.920878e-06	1.7751489e-06	2.2736466e-07	1.8966045e-05	5.0326275e-06	-5.7010856e-05	-5.6804085e-05	-0.0036400847
-0.102	0.898	0	0	0	1.010975	0	0	0	0.99380411	0.90223057	-5.7069881e-05	-1.34095e-05	4.5718309e-06	-2.1736125e-05	-1.1378702e-07	-7.6472505e-07	1.9222306e-06	1.8431533e-06	2.3127352e-07	1.8984131e-05	5.1462928e-06	-5.7069769e-05	-5.6861041e-05	-0.0036708425
-0.104	0.896	0	0	0	1.0109498	0	0	0	0.99379078	0.90018663	-5.7128572e-05	-1.3349899e-05	4.6048592e-06	-2.178213e-05	-1.1302e-07	-7.2398192e-07	1.9235565e-06	1.9112504e-06	2.3515726e-07	1.9002145e-05	5.2600717e-06	-5.7128432e-05	-5.6917803e-05	-0.0037005778
-0.106	0.894	0	0	0	1.0109244	0	0	0	0.99377743	0.89814269	-5.7187038e-05	-1.3290318e-05	4.63749e-06	-2.182778e-05	-1.1225572e-07	-6.8284225e-07	1.9248616e-06	1.979435e-06	2.390165e-07	1.9020092e-05	5.373964e-06	-5.718687e-05	-5.6974395e-05	-0.0037293073
-0.108	0.892	0	0	0	1.0108989	0	0	0	0.99376407	0.89609876	-5.7245302e-05	-1.3230761e-05	4.6697407e-06	-2.1873095e-05	-1.1149384e-07	-6.4132201e-07	1.9261514e-06	2.0477018e-06	2.4285182e-07	1.9037981e-05	5.4879693e-06	-5.7245104e-05	-5.7030837e-05	-0.0037570476
-0.11	0.89	0	0	0	1.0108733	0	0	0	0.99375069	0.89405485	-5.7303384e-05	-1.3171231e-05	4.7016277e-06	-2.1918091e-05	-1.1073405e-07	-5.9943647e-07	1.9274307e-06	2.1160457e-06	2.4666378e-07	1.9055818e-05	5.6020873e-06	-5.7303156e-05	-5.7087149e-05	-0.0037838153
-0.112	0.888	0	0	0	1.0108475	0	0	0	0.99373728	0.89201095	-5.7361303e-05	-1.3111728e-05	4.7331662e-06	-2.1962784e-05	-1.0997603e-07	-5.5720025e-07	1.9287041e-06	2.1844618e-06	2.5045288e-07	1.9073609e-05	5.7163179e-06	-5.7361044e-05	-5.7143349e-05	-0.0038096266
-0.114	0.886	0	0	0	1.0108216	0	0	0	0.99372384	0.88996707	-5.7419077e-05	-1.3052256e-05	4.7643704e-06	-2.2007187e-05	-1.092195e-07	-5.1462738e-07	1.9299757e-06	2.2529451e-06	2.5421961e-07	1.9091359e-05	5.8306607e-06	-5.7418785e-05	-5.7199454e-05	-0.0038344979
-0.116	0.884	0	0	0	1.0107955	0	0	0	0.99371037	0.88792321	-5.7476722e-05	-1.2992814e-05	4.7952536e-06	-2.2051315e-05	-1.0846418e-07	-4.7173133e-07	1.9312493e-06	2.3214908e-06	2.5796443e-07	1.9109074e-05	5.9451157e-06	-5.7476398e-05	-5.7255481e-05	-0.003858445
-0.118	0.882	0	0	0	1.0107694	0	0	0	0.99369687	0.88587938	-5.7534254e-05	-1.2933403e-05	4.8258282e-06	-2.209518e-05	-1.077098e-07	-4.2852503e-07	1.9325283e-06	2.3900942e-06	2.6168777e-07	1.9126759e-05	6.0596826e-06	-5.7533896e-05	-5.7311443e-05	-0.0038814836
-0.12	0.88	0	0	0	1.0107431	0	0	0	0.99368333	0.88383557	-5.7591688e-05	-1.2874024e-05	4.8561059e-06	-2.2138793e-05	-1.0695613e-07	-3.8502095e-07	1.9338159e-06	2.4587507e-06	2.6539005e-07	1.9144418e-05	6.1743615e-06	-5.7591297e-05	-5.7367356e-05	-0.0039036293
-0.122	0.878	0	0	0	1.0107168	0	0	0	0.99366975	0.88179179	-5.7649038e-05	-1.2814677e-05	4.8860976e-06	-2.2182165e-05	-1.0620291e-07	-3.4123108e-07	1.935115e-06	2.5274556e-06	2.6907163e-07	1.9162056e-05	6.2891521e-06	-5.7648612e-05	-5.7423232e-05	-0.0039248971
-0.124	0.876	0	0	0	1.0106903	0	0	0	0.99365613	0.87974805	-5.7706317e-05	-1.2755362e-05	4.9158135e-06	-2.2225307e-05	-1.0544993e-07	-2.9716701e-07	1.9364281e-06	2.5962045e-06	2.7273288e-07	1.9179678e-05	6.4040544e-06	-5.7705855e-05	-5.7479083e-05	-0.0039453019
-0.126	0.874	0	0	0	1.0106637	0	0	0	0.99364247	0.87770434	-5.7763537e-05	-1.2696077e-05	4.9452633e-06	-2.2268229e-05	-1.0469696e-07	-2.5283989e-07	1.9377578e-06	2.6649929e-06	2.7637415e-07	1.9197287e-05	6.5190684e-06	-5.776304e-05	-5.7534922e-05	-0.0039648583
-0.128	0.872	0	0	0	1.010637	0	0	0	0.99362876	0.87566066	-5.782071e-05	-1.2636824e-05	4.9744561e-06	-2.2310938e-05	-1.0394382e-07	-2.0826053e-07	1.9391064e-06	2.7338166e-06	2.7999576e-07	1.9214886e-05	6.6341941e-06	-5.7820177e-05	-5.759076e-05	-0.0039835804
-0.13	0.87	0	0	0	1.0106102	0	0	0	0.99361501	0.87361703	-5.7877848e-05	-1.2577601e-05	5.0034004e-06	-2.2353444e-05	-1.0319029e-07	-1.6343935e-07	1.9404757e-06	2.8026711e-06	2.83598e-07	1.923248e-05	6.7494314e-06	-5.7877279e-05	-5.7646607e-05	-0.0040014823
-0.132	0.868	0	0	0	1.0105834	0	0	0	0.99360121	0.87157343	-5.7934962e-05	-1.2518407e-05	5.0321042e-06	-2.2395755e-05	-1.0243621e-07	-1.1838646e-07	1.9418678e-06	2.8715524e-06	2.8718116e-07	1.9250072e-05	6.8647805e-06	-5.7934355e-05	-5.7702474e-05	-0.0040185775
-0.134	0.866	0	0	0	1.0105564	0	0	0	0.99358736	0.86952987	-5.7992061e-05	-1.2459242e-05	5.0605752e-06	-2.2437879e-05	-1.0168139e-07	-7.3111641e-08	1.9432844e-06	2.9404562e-06	2.9074552e-07	1.9267666e-05	6.9802413e-06	-5.7991417e-05	-5.7758369e-05	-0.0040348793
-0.136	0.864	0	0	0	1.0105293	0	0	0	0.99357346	0.86748636	-5.8049156e-05	-1.2400104e-05	5.0888204e-06	-2.2479822e-05	-1.0092566e-07	-2.762438e-08	1.9447271e-06	3.0093784e-06	2.9429133e-07	1.9285263e-05	7.095814e-06	-5.8048475e-05	-5.7814304e-05	-0.0040504007
-0.138	0.862	0	0	0	1.0105022	0	0	0	0.99355952	0.8654429	-5.8106256e-05	-1.2340993e-05	5.1168467e-06	-2.2521592e-05	-1.0016888e-07	1.8066121e-08	1.9461974e-06	3.0783151e-06	2.9781883e-07	1.9302869e-05	7.2114985e-06	-5.8105537e-05	-5.7870285e-05	-0.0040651542
-0.14	0.86	0	0	0	1.010475	0	0	0	0.99354552	0.86339948	-5.8163371e-05	-1.2281907e-05	5.1446604e-06	-2.2563194e-05	-9.9410901e-08	6.3950928e-08	1.9476966e-06	3.1472621e-06	3.0132823e-07	1.9320484e-05	7.3272951e-06	-5.8162613e-05	-5.7926323e-05	-0.0040791524
-0.142	0.858	0	0	0	1.0104477	0	0	0	0.99353147	0.86135611	-5.8220508e-05	-1.2222846e-05	5.1722677e-06	-2.2604636e-05	-9.8651574e-08	1.1002136e-07	1.949226e-06	3.2162155e-06	3.0481976e-07	1.9338113e-05	7.4432038e-06	-5.8219712e-05	-5.7982424e-05	-0.0040924072
-0.144	0.856	0	0	0	1.0104203	0	0	0	0.99351736	0.8593128	-5.8277678e-05	-1.2163807e-05	5.1996741e-06	-2.2645923e-05	-9.789077e-08	1.5626897e-07	1.9507868e-06	3.2851715e-06	3.0829361e-07	1.9355758e-05	7.5592248e-06	-5.8276842e-05	-5.8038598e-05	-0.0041049304
-0.146	0.854	0	0	0	1.0103928	0	0	0	0.9935032	0.85726953	-5.8334887e-05	-1.2104791e-05	5.2268851e-06	-2.2687062e-05	-9.7128368e-08	2.0268556e-07	1.95238e-06	3.3541262e-06	3.1174997e-07	1.9373422e-05	7.6753582e-06	-5.8334012e-05	-5.8094851e-05	-0.0041167334
-0.148	0.852	0	0	0	1.0103653	0	0	0	0.99348899	0.85522632	-5.8392144e-05	-1.2045796e-05	5.2539058e-06	-2.2728056e-05	-9.6364249e-08	2.4926313e-07	1.9540066e-06	3.4230757e-06	3.1518902e-07	1.9391106e-05	7.7916042e-06	-5.8391229e-05	-5.8151191e-05	-0.0041278274
-0.15	0.85	0	0	0	1.0103376	0	0	0	0.99347472	0.85318317	-5.8449457e-05	-1.198682e-05	5.2807411e-06	-2.2768912e-05	-9.5598306e-08	2.9599388e-07	1.9556676e-06	3.4920164e-06	3.1861091e-07	1.9408815e-05	7.907963e-06	-5.8448502e-05	-5.8207626e-05	-0.0041382232
-0.152	0.848	0	0	0	1.0103099	0	0	0	0.9934604	0.85114007	-5.8506833e-05	-1.1927862e-05	5.3073955e-06	-2.2809634e-05	-9.4830436e-08	3.4287024e-07	1.9573637e-06	3.5609445e-06	3.220158e-07	1.9426549e-05	8.0244347e-06	-5.8505837e-05	-5.8264161e-05	-0.0041479316
-0.154	0.846	0	0	0	1.0102822	0	0	0	0.99344602	0.84909703	-5.8564279e-05	-1.1868922e-05	5.3338735e-06	-2.2850228e-05	-9.4060545e-08	3.8988481e-07	1.9590957e-06	3.6298563e-06	3.2540383e-07	1.9444312e-05	8.1410196e-06	-5.8563243e-05	-5.8320805e-05	-0.0041569626
-0.156	0.844	0	0	0	1.0102543	0	0	0	0.99343158	0.84705405	-5.8621803e-05	-1.1809997e-05	5.3601792e-06	-2.2890698e-05	-9.3288544e-08	4.3703035e-07	1.9608644e-06	3.6987482e-06	3.2877514e-07	1.9462105e-05	8.2577179e-06	-5.8620725e-05	-5.8377563e-05	-0.0041653266
-0.158	0.842	0	0	0	1.0102264	0	0	0	0.99341709	0.84501113	-5.8679411e-05	-1.1751087e-05	5.3863165e-06	-2.2931048e-05	-9.2514353e-08	4.8429982e-07	1.9626704e-06	3.7676166e-06	3.3212984e-07	1.9479932e-05	8.3745299e-06	-5.8678292e-05	-5.8434443e-05	-0.0041730332
-0.16	0.84	0	0	0	1.0101984	0	0	0	0.99340253	0.84296827	-5.873711e-05	-1.1692191e-05	5.4122891e-06	-2.2971282e-05	-9.1737896e-08	5.3168635e-07	1.9645142e-06	3.8364579e-06	3.3546806e-07	1.9497793e-05	8.4914557e-06	-5.8735949e-05	-5.849145e-05	-0.0041800921
-0.162	0.838	0	0	0	1.0101704	0	0	0	0.99338792	0.84092548	-5.8794907e-05	-1.1633307e-05	5.4381005e-06	-2.3011406e-05	-9.0959106e-08	5.791832e-07	1.9663965e-06	3.9052686e-06	3.3878989e-07	1.9515692e-05	8.6084957e-06	-5.8793704e-05	-5.854859e-05	-0.0041865125
-0.164	0.836	0	0	0	1.0101422	0	0	0	0.99337325	0.83888276	-5.8852808e-05	-1.1574435e-05	5.4637542e-06	-2.3051422e-05	-9.017792e-08	6.267838e-07	1.9683178e-06	3.9740452e-06	3.4209543e-07	1.953363e-05	8.7256501e-06	-5.8851563e-05	-5.8605869e-05	-0.0041923036
-0.166	0.834	0	0	0	1.010114	0	0	0	0.99335852	0.83684009	-5.891082e-05	-1.1515572e-05	5.4892532e-06	-2.3091335e-05	-8.9394282e-08	6.7448173e-07	1.9702784e-06	4.0427842e-06	3.4538478e-07	1.955161e-05	8.8429192e-06	-5.8909532e-05	-5.8663294e-05	-0.0041974742
-0.168	0.832	0	0	0	1.0100858	0	0	0	0.99334372	0.8347975	-5.8968948e-05	-1.1456718e-05	5.5146007e-06	-2.3131148e-05	-8.8608143e-08	7.222707e-07	1.9722788e-06	4.1114822e-06	3.48658e-07	1.9569633e-05	8.9603032e-06	-5.8967617e-05	-5.872087e-05	-0.0042020329
-0.17	0.83	0	0	0	1.0100575	0	0	0	0.99332887	0.83275498	-5.9027199e-05	-1.1397872e-05	5.5397996e-06	-2.3170866e-05	-8.7819459e-08	7.7014457e-07	1.9743194e-06	4.1801358e-06	3.5191518e-07	1.9587701e-05	9.0778026e-06	-5.9025824e-05	-5.8778602e-05	-0.0042059882
-0.172	0.828	0	0	0	1.0100291	0	0	0	0.99331395	0.83071252	-5.9085578e-05	-1.1339032e-05	5.5648525e-06	-2.3210491e-05	-8.7028192e-08	8.180973e-07	1.9764004e-06	4.2487417e-06	3.5515638e-07	1.9605817e-05	9.1954177e-06	-5.908416e-05	-5.8836497e-05	-0.0042093483
-0.174	0.826	0	0	0	1.0100007	0	0	0	0.99329898	0.82867014	-5.9144093e-05	-1.1280198e-05	5.589762e-06	-2.3250027e-05	-8.6234311e-08	8.6612302e-07	1.9785223e-06	4.3172965e-06	3.5838165e-07	1.9623982e-05	9.3131486e-06	-5.9142631e-05	-5.889456e-05	-0.0042121212
-0.176	0.824	0	0	0	1.0099721	0	0	0	0.99328393	0.82662782	-5.9202747e-05	-1.1221369e-05	5.6145307e-06	-2.3289477e-05	-8.543779e-08	9.1421595e-07	1.9806852e-06	4.3857969e-06	3.6159105e-07	1.9642198e-05	9.4309959e-06	-5.9201241e-05	-5.8952795e-05	-0.0042143148
-0.178	0.822	0	0	0	1.0099436	0	0	0	0.99326883	0.82458559	-5.9261548e-05	-1.1162543e-05	5.6391609e-06	-2.3328846e-05	-8.4638609e-08	9.6237043e-07	1.9828894e-06	4.4542397e-06	3.6478462e-07	1.9660467e-05	9.5489598e-06	-5.9259997e-05	-5.9011209e-05	-0.0042159366
-0.18	0.82	0	0	0	1.009915	0	0	0	0.99325366	0.82254342	-5.9320499e-05	-1.110372e-05	5.6636548e-06	-2.3368135e-05	-8.3836753e-08	1.010581e-06	1.9851351e-06	4.5226215e-06	3.6796239e-07	1.9678791e-05	9.6670407e-06	-5.9318904e-05	-5.9069807e-05	-0.0042169942
-0.182	0.818	0	0	0	1.0098863	0	0	0	0.99323843	0.82050133	-5.9379608e-05	-1.1044898e-05	5.6880145e-06	-2.3407348e-05	-8.3032214e-08	1.0588421e-06	1.9874224e-06	4.5909393e-06	3.711244e-07	1.9697172e-05	9.785239e-06	-5.9377967e-05	-5.9128593e-05	-0.0042174949
-0.184	0.816	0	0	0	1.0098575	0	0	0	0.99322313	0.81845932	-5.943888e-05	-1.0986076e-05	5.7122421e-06	-2.3446488e-05	-8.222499e-08	1.1071485e-06	1.9897515e-06	4.6591898e-06	3.7427067e-07	1.9715611e-05	9.9035551e-06	-5.9437193e-05	-5.9187573e-05	-0.0042174457
-0.186	0.814	0	0	0	1.0098288	0	0	0	0.99320776	0.81641738	-5.9498319e-05	-1.0927255e-05	5.7363394e-06	-2.3485559e-05	-8.1415082e-08	1.155495e-06	1.9921225e-06	4.7273698e-06	3.7740122e-07	1.9734111e-05	1.0021989e-05	-5.9496587e-05	-5.9246752e-05	-0.0042168537
-0.188	0.812	0	0	0	1.0097999	0	0	0	0.99319233	0.81437552	-5.9557931e-05	-1.0868432e-05	5.7603083e-06	-2.3524562e-05	-8.06025e-08	1.2038765e-06	1.9945354e-06	4.7954763e-06	3.8051606e-07	1.9752673e-05	1.0140542e-05	-5.9556153e-05	-5.9306134e-05	-0.0042157256
-0.19	0.81	0	0	0	1.009771	0	0	0	0.99317683	0.81233374	-5.9617722e-05	-1.0809607e-05	5.7841505e-06	-2.3563501e-05	-7.9787257e-08	1.252288e-06	1.9969903e-06	4.8635062e-06	3.8361519e-07	1.9771298e-05	1.0259214e-05	-5.9615896e-05	-5.9365725e-05	-0.0042140682
-0.192	0.808	0	0	0	1.0097421	0	0	0	0.99316126	0.81029204	-5.9677696e-05	-1.075078e-05	5.8078677e-06	-2.3602379e-05	-7.8969373e-08	1.3007245e-06	1.9994873e-06	4.9314564e-06	3.8669862e-07	1.9789989e-05	1.0378005e-05	-5.9675823e-05	-5.942553e-05	-0.0042118879
-0.194	0.806	0	0	0	1.009713	0	0	0	0.99314562	0.80825042	-5.9737858e-05	-1.0691948e-05	5.8314614e-06	-2.3641198e-05	-7.8148873e-08	1.3491814e-06	2.0020263e-06	4.9993238e-06	3.8976635e-07	1.9808747e-05	1.0496916e-05	-5.9735939e-05	-5.9485552e-05	-0.0042091911
-0.196	0.804	0	0	0	1.009684	0	0	0	0.99312991	0.80620889	-5.9798214e-05	-1.0633113e-05	5.854933e-06	-2.3679962e-05	-7.7325789e-08	1.3976539e-06	2.0046074e-06	5.0671056e-06	3.9281835e-07	1.9827574e-05	1.0615947e-05	-5.9796247e-05	-5.9545798e-05	-0.0042059842
-0.198	0.802	0	0	0	1.0096549	0	0	0	0.99311414	0.80416743	-5.9858769e-05	-1.0574272e-05	5.878284e-06	-2.3718672e-05	-7.6500156e-08	1.4461373e-06	2.0072303e-06	5.1347987e-06	3.9585463e-07	1.9846471e-05	1.0735099e-05	-5.9856753e-05	-5.9606271e-05	-0.0042022732
-0.2	0.8	0	0	0	1.0096257	0	0	0	0.99309829	0.80212606	-5.9919527e-05	-1.0515425e-05	5.9015158e-06	-2.3757332e-05	-7.5672017e-08	1.4946272e-06	2.0098952e-06	5.2024001e-06	3.9887514e-07	1.9865441e-05	1.0854372e-05	-5.9917462e-05	-5.9666977e-05	-0.0041980641
-0.202	0.798	0	0	0	1.0095965	0	0	0	0.99308237	0.80008478	-5.9980493e-05	-1.0456571e-05	5.9246295e-06	-2.3795943e-05	-7.4841419e-08	1.5431191e-06	2.0126019e-06	5.2699071e-06	4.0187988e-07	1.9884485e-05	1.0973767e-05	-5.997838e-05	-5.9727919e-05	-0.0041933629
-0.204	0.796	0	0	0	1.0095673	0	0	0	0.99306637	0.79804358	-6.0041671e-05	-1.039771e-05	5.9476264e-06	-2.383451e-05	-7.4008415e-08	1.5916088e-06	2.0153502e-06	5.3373167e-06	4.048688e-07	1.9903604e-05	1.1093284e-05	-6.0039509e-05	-5.9789102e-05	-0.0041881754
-0.206	0.794	0	0	0	1.009538	0	0	0	0.9930503	0.79600247	-6.0103068e-05	-1.0338842e-05	5.9705076e-06	-2.3873034e-05	-7.3173065e-08	1.640092e-06	2.01814e-06	5.404626e-06	4.0784188e-07	1.99228e-05	1.1212923e-05	-6.0100857e-05	-5.9850531e-05	-0.0041825073
-0.208	0.792	0	0	0	1.0095086	0	0	0	0.99303416	0.79396144	-6.0164687e-05	-1.0279964e-05	5.9932742e-06	-2.3911517e-05	-7.2335432e-08	1.6885645e-06	2.0209711e-06	5.4718324e-06	4.1079907e-07	1.9942075e-05	1.1332686e-05	-6.0162426e-05	-5.9912211e-05	-0.0041763641
-0.21	0.79	0	0	0	1.0094793	0	0	0	0.99301794	0.7919205	-6.0226533e-05	-1.0221078e-05	6.0159272e-06	-2.3949963e-05	-7.1495586e-08	1.7370223e-06	2.0238435e-06	5.538933e-06	4.1374033e-07	1.996143e-05	1.1452572e-05	-6.0224222e-05	-5.9974144e-05	-0.0041697514
-0.212	0.788	0	0	0	1.0094498	0	0	0	0.99300165	0.78987965	-6.0288611e-05	-1.0162182e-05	6.0384675e-06	-2.3988374e-05	-7.0653603e-08	1.7854614e-06	2.0267567e-06	5.6059251e-06	4.1666561e-07	1.9980866e-05	1.1572583e-05	-6.0286249e-05	-6.0036337e-05	-0.0041626747
-0.214	0.786	0	0	0	1.0094204	0	0	0	0.99298528	0.7878389	-6.0350925e-05	-1.0103276e-05	6.0608961e-06	-2.4026751e-05	-6.9809564e-08	1.8338779e-06	2.0297106e-06	5.672806e-06	4.1957486e-07	2.0000387e-05	1.1692718e-05	-6.0348511e-05	-6.0098792e-05	-0.0041551393
-0.216	0.784	0	0	0	1.0093909	0	0	0	0.99296883	0.78579823	-6.0413479e-05	-1.004436e-05	6.0832138e-06	-2.4065099e-05	-6.8963556e-08	1.8822681e-06	2.032705e-06	5.7395731e-06	4.2246801e-07	2.0019992e-05	1.1812978e-05	-6.0411014e-05	-6.0161515e-05	-0.0041471504
-0.218	0.782	0	0	0	1.0093613	0	0	0	0.9929523	0.78375765	-6.0476279e-05	-9.985432e-06	6.1054214e-06	-2.4103418e-05	-6.811567e-08	1.9306283e-06	2.0357394e-06	5.8062237e-06	4.2534501e-07	2.0039683e-05	1.1933364e-05	-6.0473762e-05	-6.022451e-05	-0.0041387132
-0.22	0.78	0	0	0	1.0093317	0	0	0	0.99293569	0.78171717	-6.0539328e-05	-9.9264928e-06	6.1275198e-06	-2.4141712e-05	-6.7266006e-08	1.9789548e-06	2.0388137e-06	5.8727553e-06	4.282058e-07	2.0059463e-05	1.2053876e-05	-6.0536759e-05	-6.028778e-05	-0.004129833
-0.222	0.778	0	0	0	1.0093021	0	0	0	0.992919	0.77967678	-6.060263e-05	-9.8675416e-06	6.1495096e-06	-2.4179982e-05	-6.6414666e-08	2.0272441e-06	2.0419275e-06	5.9391653e-06	4.310503e-07	2.0079332e-05	1.2174515e-05	-6.0600008e-05	-6.035133e-05	-0.0041205148
-0.224	0.776	0	0	0	1.0092724	0	0	0	0.99290223	0.77763648	-6.0666191e-05	-9.8085782e-06	6.1713916e-06	-2.4218232e-05	-6.5561759e-08	2.0754929e-06	2.0450805e-06	6.0054513e-06	4.3387844e-07	2.0099291e-05	1.2295281e-05	-6.0663516e-05	-6.0415163e-05	-0.0041107636
-0.226	0.774	0	0	0	1.0092428	0	0	0	0.99288537	0.77559628	-6.0730013e-05	-9.7496021e-06	6.1931663e-06	-2.4256463e-05	-6.4707401e-08	2.1236977e-06	2.0482721e-06	6.0716107e-06	4.3669014e-07	2.0119343e-05	1.2416176e-05	-6.0727285e-05	-6.0479284e-05	-0.0041005844
-0.228	0.772	0	0	0	1.009213	0	0	0	0.99286843	0.77355617	-6.0794102e-05	-9.690613e-06	6.2148344e-06	-2.4294679e-05	-6.3851711e-08	2.1718554e-06	2.0515022e-06	6.1376413e-06	4.3948533e-07	2.0139489e-05	1.2537198e-05	-6.079132e-05	-6.0543697e-05	-0.0040899822
-0.23	0.77	0	0	0	1.0091833	0	0	0	0.99285141	0.77151616	-6.0858461e-05	-9.6316105e-06	6.2363964e-06	-2.433288e-05	-6.2994815e-08	2.2199627e-06	2.0547701e-06	6.2035406e-06	4.4226393e-07	2.0159731e-05	1.265835e-05	-6.0855625e-05	-6.0608405e-05	-0.0040789617
-0.232	0.768	0	0	0	1.0091535	0	0	0	0.9928343	0.76947625	-6.0923095e-05	-9.5725945e-06	6.257853e-06	-2.437107e-05	-6.2136846e-08	2.2680166e-06	2.0580756e-06	6.2693062e-06	4.4502584e-07	2.0180069e-05	1.2779632e-05	-6.0920204e-05	-6.0673413e-05	-0.004067528
-0.234	0.766	0	0	0	1.0091237	0	0	0	0.9928171	0.76743643	-6.0988007e-05	-9.5135646e-06	6.2792046e-06	-2.4409251e-05	-6.127794e-08	2.3160141e-06	2.061418e-06	6.3349361e-06	4.4777097e-07	2.0200505e-05	1.2901044e-05	-6.098506e-05	-6.0738723e-05	-0.0040556858
-0.236	0.764	0	0	0	1.0090938	0	0	0	0.99279981	0.76539672	-6.1053201e-05	-9.4545207e-06	6.3004517e-06	-2.4447425e-05	-6.0418239e-08	2.3639524e-06	2.0647969e-06	6.4004278e-06	4.5049925e-07	2.022104e-05	1.3022587e-05	-6.1050199e-05	-6.080434e-05	-0.0040434399
-0.238	0.762	0	0	0	1.009064	0	0	0	0.99278243	0.7633571	-6.1118681e-05	-9.3954624e-06	6.3215948e-06	-2.4485594e-05	-5.9557893e-08	2.4118286e-06	2.0682119e-06	6.4657794e-06	4.5321056e-07	2.0241676e-05	1.3144261e-05	-6.1115623e-05	-6.0870267e-05	-0.0040307951
-0.24	0.76	0	0	0	1.0090341	0	0	0	0.99276497	0.76131758	-6.118445e-05	-9.3363897e-06	6.3426343e-06	-2.4523762e-05	-5.8697054e-08	2.4596401e-06	2.0716622e-06	6.5309886e-06	4.5590482e-07	2.0262414e-05	1.3266068e-05	-6.1181336e-05	-6.0936508e-05	-0.0040177561
-0.242	0.758	0	0	0	1.0090041	0	0	0	0.99274741	0.75927817	-6.1250514e-05	-9.2773023e-06	6.3635707e-06	-2.4561929e-05	-5.7835882e-08	2.5073843e-06	2.0751475e-06	6.5960534e-06	4.5858192e-07	2.0283256e-05	1.3388007e-05	-6.1247342e-05	-6.1003066e-05	-0.0040043278
-0.244	0.756	0	0	0	1.0089742	0	0	0	0.99272975	0.75723886	-6.1316874e-05	-9.2182001e-06	6.3844042e-06	-2.4600099e-05	-5.6974542e-08	2.5550586e-06	2.078667e-06	6.6609718e-06	4.6124177e-07	2.0304202e-05	1.351008e-05	-6.1313645e-05	-6.1069945e-05	-0.0039905147
-0.246	0.754	0	0	0	1.0089442	0	0	0	0.99271201	0.75519965	-6.1383535e-05	-9.159083e-06	6.4051354e-06	-2.4638274e-05	-5.6113203e-08	2.6026606e-06	2.0822203e-06	6.7257418e-06	4.6388426e-07	2.0325255e-05	1.3632287e-05	-6.1380248e-05	-6.1137147e-05	-0.0039763218
-0.248	0.752	0	0	0	1.0089142	0	0	0	0.99269416	0.75316054	-6.1450499e-05	-9.0999509e-06	6.4257645e-06	-2.4676455e-05	-5.5252042e-08	2.6501881e-06	2.0858066e-06	6.7903616e-06	4.6650928e-07	2.0346414e-05	1.3754629e-05	-6.1447155e-05	-6.1204677e-05	-0.0039617537
-0.25	0.75	0	0	0	1.0088842	0	0	0	0.99267622	0.75112154	-6.1517771e-05	-9.0408037e-06	6.4462918e-06	-2.4714647e-05	-5.4391239e-08	2.6976388e-06	2.0894252e-06	6.8548293e-06	4.6911672e-07	2.0367682e-05	1.3877106e-05	-6.1514368e-05	-6.1272537e-05	-0.0039468151
-0.252	0.748	0	0	0	1.0088542	0	0	0	0.99265819	0.74908264	-6.1585354e-05	-8.9816412e-06	6.4667178e-06	-2.4752849e-05	-5.3530979e-08	2.7450106e-06	2.0930756e-06	6.9191431e-06	4.7170648e-07	2.038906e-05	1.3999719e-05	-6.1581892e-05	-6.134073e-05	-0.0039315107
-0.254	0.746	0	0	0	1.0088242	0	0	0	0.99264005	0.74704385	-6.1653251e-05	-8.9224636e-06	6.4870426e-06	-2.4791066e-05	-5.2671456e-08	2.7923015e-06	2.096757e-06	6.9833014e-06	4.7427845e-07	2.0410548e-05	1.4122469e-05	-6.1649729e-05	-6.140926e-05	-0.0039158455
-0.256	0.744	0	0	0	1.0087941	0	0	0	0.99262181	0.74500517	-6.1721464e-05	-8.8632707e-06	6.5072667e-06	-2.4829299e-05	-5.1812863e-08	2.8395096e-06	2.1004687e-06	7.0473025e-06	4.7683251e-07	2.0432148e-05	1.4245356e-05	-6.1717883e-05	-6.1478129e-05	-0.003899824
-0.258	0.742	0	0	0	1.008764	0	0	0	0.99260347	0.74296659	-6.1789998e-05	-8.8040626e-06	6.5273902e-06	-2.486755e-05	-5.0955405e-08	2.886633e-06	2.1042099e-06	7.1111447e-06	4.7936854e-07	2.0453862e-05	1.4368381e-05	-6.1786356e-05	-6.154734e-05	-0.0038834511
-0.26	0.74	0	0	0	1.008734	0	0	0	0.99258503	0.74092813	-6.1858854e-05	-8.7448392e-06	6.5474135e-06	-2.4905823e-05	-5.0099286e-08	2.9336701e-06	2.1079799e-06	7.1748267e-06	4.8188645e-07	2.0475689e-05	1.4491545e-05	-6.1855152e-05	-6.1616896e-05	-0.0038667316
-0.262	0.738	0	0	0	1.0087039	0	0	0	0.99256648	0.73888977	-6.1928037e-05	-8.6856006e-06	6.5673368e-06	-2.4944118e-05	-4.9244718e-08	2.9806191e-06	2.1117778e-06	7.2383469e-06	4.843861e-07	2.0497632e-05	1.4614849e-05	-6.1924273e-05	-6.1686799e-05	-0.0038496703
-0.264	0.736	0	0	0	1.0086738	0	0	0	0.99254783	0.73685152	-6.1997547e-05	-8.6263467e-06	6.5871603e-06	-2.4982439e-05	-4.8391918e-08	3.0274787e-06	2.1156029e-06	7.301704e-06	4.8686738e-07	2.0519691e-05	1.4738293e-05	-6.1993722e-05	-6.1757053e-05	-0.0038322722
-0.266	0.734	0	0	0	1.0086437	0	0	0	0.99252907	0.73481338	-6.2067389e-05	-8.5670778e-06	6.6068844e-06	-2.5020788e-05	-4.7541106e-08	3.0742474e-06	2.1194544e-06	7.3648967e-06	4.8933019e-07	2.0541867e-05	1.4861877e-05	-6.2063502e-05	-6.1827658e-05	-0.003814542
-0.268	0.732	0	0	0	1.0086135	0	0	0	0.99251021	0.73277536	-6.2137565e-05	-8.5077937e-06	6.6265092e-06	-2.5059167e-05	-4.6692509e-08	3.1209238e-06	2.1233313e-06	7.4279236e-06	4.9177439e-07	2.0564161e-05	1.4985603e-05	-6.2133615e-05	-6.1898618e-05	-0.0037964848
-0.27	0.73	0	0	0	1.0085834	0	0	0	0.99249123	0.73073744	-6.2208076e-05	-8.4484946e-06	6.6460351e-06	-2.5097579e-05	-4.5846356e-08	3.1675069e-06	2.1272328e-06	7.4907837e-06	4.9419988e-07	2.0586574e-05	1.5109472e-05	-6.2204064e-05	-6.1969935e-05	-0.0037781054
-0.272	0.728	0	0	0	1.0085533	0	0	0	0.99247215	0.72869965	-6.2278926e-05	-8.3891806e-06	6.6654622e-06	-2.5136025e-05	-4.5002881e-08	3.2139954e-06	2.131158e-06	7.5534758e-06	4.9660653e-07	2.0609107e-05	1.5233483e-05	-6.2274851e-05	-6.2041611e-05	-0.0037594089
-0.274	0.726	0	0	0	1.0085232	0	0	0	0.99245295	0.72666196	-6.2350117e-05	-8.3298518e-06	6.6847907e-06	-2.5174508e-05	-4.4162325e-08	3.2603885e-06	2.1351059e-06	7.615999e-06	4.9899423e-07	2.0631762e-05	1.5357638e-05	-6.2345978e-05	-6.2113648e-05	-0.0037404004
-0.276	0.724	0	0	0	1.008493	0	0	0	0.99243364	0.72462439	-6.242165e-05	-8.2705083e-06	6.704021e-06	-2.521303e-05	-4.3324928e-08	3.3066851e-06	2.1390757e-06	7.6783522e-06	5.0136287e-07	2.0654537e-05	1.5481937e-05	-6.2417447e-05	-6.2186048e-05	-0.003721085
-0.278	0.722	0	0	0	1.0084629	0	0	0	0.99241422	0.72258694	-6.2493527e-05	-8.2111502e-06	6.7231533e-06	-2.5251594e-05	-4.249094e-08	3.3528846e-06	2.1430664e-06	7.7405346e-06	5.0371233e-07	2.0677435e-05	1.5606382e-05	-6.2489261e-05	-6.2258812e-05	-0.0037014677
-0.28	0.72	0	0	0	1.0084328	0	0	0	0.99239468	0.7205496	-6.2565752e-05	-8.1517776e-06	6.7421878e-06	-2.5290202e-05	-4.1660609e-08	3.3989862e-06	2.147077e-06	7.8025455e-06	5.060425e-07	2.0700457e-05	1.5730973e-05	-6.256142e-05	-6.2331942e-05	-0.0036815539
-0.282	0.718	0	0	0	1.0084027	0	0	0	0.99237502	0.71851238	-6.2638324e-05	-8.0923907e-06	6.7611248e-06	-2.5328857e-05	-4.0834191e-08	3.4449893e-06	2.1511065e-06	7.864384e-06	5.0835325e-07	2.0723602e-05	1.585571e-05	-6.2633928e-05	-6.240544e-05	-0.0036613487
-0.284	0.716	0	0	0	1.0083726	0	0	0	0.99235525	0.71647528	-6.2711246e-05	-8.0329895e-06	6.7799645e-06	-2.5367559e-05	-4.0011943e-08	3.4908936e-06	2.1551539e-06	7.9260496e-06	5.1064449e-07	2.0746871e-05	1.5980594e-05	-6.2706785e-05	-6.2479306e-05	-0.0036408574
-0.286	0.714	0	0	0	1.0083425	0	0	0	0.99233535	0.7144383	-6.278452e-05	-7.9735744e-06	6.7987071e-06	-2.5406313e-05	-3.9194127e-08	3.5366986e-06	2.1592182e-06	7.9875417e-06	5.1291609e-07	2.0770266e-05	1.6105627e-05	-6.2779993e-05	-6.2553543e-05	-0.0036200855
-0.288	0.712	0	0	0	1.0083124	0	0	0	0.99231534	0.71240144	-6.2858146e-05	-7.9141453e-06	6.817353e-06	-2.544512e-05	-3.8381008e-08	3.582404e-06	2.1632983e-06	8.0488599e-06	5.1516795e-07	2.0793786e-05	1.6230809e-05	-6.2853553e-05	-6.2628152e-05	-0.0035990382
-0.29	0.71	0	0	0	1.0082823	0	0	0	0.99229521	0.7103647	-6.2932126e-05	-7.8547025e-06	6.8359024e-06	-2.5483982e-05	-3.7572852e-08	3.6280098e-06	2.1673932e-06	8.1100036e-06	5.1739997e-07	2.0817433e-05	1.635614e-05	-6.2927466e-05	-6.2703132e-05	-0.0035777212
-0.292	0.708	0	0	0	1.0082522	0	0	0	0.99227495	0.70832808	-6.3006461e-05	-7.7952461e-06	6.8543556e-06	-2.5522903e-05	-3.676993e-08	3.6735158e-06	2.1715018e-06	8.1709727e-06	5.1961203e-07	2.0841206e-05	1.6481621e-05	-6.3001735e-05	-6.2778485e-05	-0.0035561399
-0.294	0.706	0	0	0	1.0082221	0	0	0	0.99225457	0.70629159	-6.3081151e-05	-7.7357763e-06	6.8727129e-06	-2.5561883e-05	-3.5972516e-08	3.7189222e-06	2.175623e-06	8.2317668e-06	5.2180403e-07	2.0865107e-05	1.6607254e-05	-6.3076358e-05	-6.2854213e-05	-0.0035343
-0.296	0.704	0	0	0	1.0081921	0	0	0	0.99223406	0.70425521	-6.3156199e-05	-7.6762933e-06	6.8909746e-06	-2.5600925e-05	-3.5180884e-08	3.7642289e-06	2.1797556e-06	8.2923859e-06	5.2397588e-07	2.0889135e-05	1.6733038e-05	-6.3151338e-05	-6.2930314e-05	-0.003512207
-0.298	0.702	0	0	0	1.008162	0	0	0	0.99221343	0.70221897	-6.3231603e-05	-7.6167971e-06	6.9091409e-06	-2.5640033e-05	-3.4395312e-08	3.8094364e-06	2.1838987e-06	8.3528298e-06	5.2612748e-07	2.091329e-05	1.6858975e-05	-6.3226676e-05	-6.300679e-05	-0.0034898667
-0.3	0.7	0	0	0	1.008132	0	0	0	0.99219267	0.70018285	-6.3307366e-05	-7.557288e-06	6.9272122e-06	-2.5679207e-05	-3.361608e-08	3.854545e-06	2.1880511e-06	8.4130985e-06	5.2825872e-07	2.0937574e-05	1.6985065e-05	inf	inf	inf
