lambda	F11	F12	F13	F21	F22	F23	F31	F32	F33	J	P11	P12	P13	P21	P22	P23	P31	P32	P33	p	StrEn	t(1)	t(2)	d
0	1	0	0	0	1	0	0	0	1	1	0	0	0	0	0	0	0	0	0	-0	0	inf	inf	inf
0.002	1.002	0	0	0	1.002	0	0	0	1.002	1.006012	6.4376707e-06	1.1284512e-07	-8.8100156e-08	1.1751452e-07	6.946152e-06	1.2107264e-07	-8.9143007e-08	1.1977313e-07	7.2060166e-06	-6.8632797e-06	1.9950687e-08	2.0589839e-05	2.0930293e-05	0.016266086
0.004	1.004	0	0	0	1.004	0	0	0	1.004	1.0120481	1.3875187e-05	1.5940836e-07	-1.3824712e-07	1.6796887e-07	1.4707165e-05	2.2749009e-07	-1.3632797e-07	2.275801e-07	1.5148292e-05	-1.4576881e-05	8.3721173e-08	4.3730644e-05	4.3825725e-05	0.0021695112
0.006	1.006	0	0	0	1.006	0	0	0	1.006	1.0181082	2.19199e-05	1.8234886e-07	-1.7172451e-07	1.9404209e-07	2.2939134e-05	3.248176e-07	-1.6535047e-07	3.2736568e-07	2.3498157e-05	-2.278573e-05	1.9525359e-07	6.8357191e-05	6.8300989e-05	-0.00082285038
0.008	1.008	0	0	0	1.008	0	0	0	1.008	1.0241925	3.0341641e-05	1.9686363e-07	-1.9625954e-07	2.1114757e-07	3.1464477e-05	4.115676e-07	-1.8509054e-07	4.1682888e-07	3.2098411e-05	-3.1301509e-05	3.5692513e-07	9.3904528e-05	9.3748839e-05	-0.0016607079
0.01	1.01	0	0	0	1.01	0	0	0	1.01	1.030301	3.9004779e-05	2.0833874e-07	-2.1509625e-07	2.248277e-07	4.0182907e-05	4.8730641e-07	-1.9931039e-07	4.9517748e-07	4.0864241e-05	-4.0017309e-05	5.7024894e-07	0.00012005193	0.00011982727	-0.0018747986
0.012	1.012	0	0	0	1.012	0	0	0	1.012	1.0364337	4.7828382e-05	2.1867577e-07	-2.2997501e-07	2.3709224e-07	4.9034255e-05	5.5287165e-07	-2.0996213e-07	5.6310313e-07	4.9745596e-05	-4.8869411e-05	8.3623423e-07	0.00014660823	0.00014633343	-0.0018779359
0.014	1.014	0	0	0	1.014	0	0	0	1.014	1.0425907	5.6762765e-05	2.2851801e-07	-2.4197275e-07	2.4865848e-07	5.7980597e-05	6.0959558e-07	-2.1818802e-07	6.2189214e-07	5.87109e-05	-5.7818087e-05	1.1555827e-06	0.00017345426	0.00017314143	-0.0018067986
0.016	1.016	0	0	0	1.016	0	0	0	1.016	1.0487721	6.5776326e-05	2.3806097e-07	-2.5180905e-07	2.5977186e-07	6.6997007e-05	6.5885022e-07	-2.2470536e-07	6.7291724e-07	6.7739185e-05	-6.6837506e-05	1.5287999e-06	0.00020051252	0.00020016983	-0.0017119777
0.018	1.018	0	0	0	1.018	0	0	0	1.018	1.0549778	7.4848236e-05	2.4734761e-07	-2.599871e-07	2.7050888e-07	7.6066496e-05	7.0186539e-07	-2.2998604e-07	7.1742945e-07	7.6815962e-05	-7.5910232e-05	1.956262e-06	0.00022773069	0.00022736389	-0.0016132899
0.02	1.02	0	0	0	1.02	0	0	0	1.02	1.061208	8.3964299e-05	2.5637474e-07	-2.6686972e-07	2.8088901e-07	8.5177122e-05	7.3968122e-07	-2.3435124e-07	7.5649766e-07	8.5930884e-05	-8.5024102e-05	2.4382555e-06	0.0002550723	0.00025468556	-0.0015185252
0.022	1.022	0	0	0	1.022	0	0	0	1.022	1.0674626	9.3114544e-05	2.651303e-07	-2.7272468e-07	2.9091566e-07	9.4320257e-05	7.7315522e-07	-2.3802559e-07	7.9100953e-07	9.5076363e-05	-9.4170388e-05	2.9750042e-06	0.00028251116	0.00028210761	-0.0014304988
0.024	1.024	0	0	0	1.024	0	0	0	1.024	1.0737418	0.00010229178	2.7360502e-07	-2.7775329e-07	3.0059034e-07	0.00010348952	8.0298731e-07	-2.4116967e-07	8.2169358e-07	0.0001042467	-0.00010334267	3.5666859e-06	0.000310028	0.00030961006	-0.0013499102
0.026	1.026	0	0	0	1.026	0	0	0	1.026	1.0800456	0.0001114907	2.8179509e-07	-2.8210936e-07	3.0991697e-07	0.0001126801	8.2974758e-07	-2.4390054e-07	8.491458e-07	0.00011343755	-0.00011253612	4.2134444e-06	0.00033760835	0.00033717792	-0.0012765667
0.028	1.028	0	0	0	1.028	0	0	0	1.028	1.086374	0.00012070729	2.8970185e-07	-2.8591203e-07	3.1890256e-07	0.0001218883	8.5390133e-07	-2.4630493e-07	8.7385432e-07	0.0001226455	-0.00012174703	4.9153976e-06	0.00036524109	0.00036479971	-0.0012099252
0.03	1.03	0	0	0	1.03	0	0	0	1.03	1.092727	0.0001299385	2.9733056e-07	-2.8925472e-07	3.2755669e-07	0.00013111122	8.7582998e-07	-2.4844802e-07	8.9622045e-07	0.00013186788	-0.00013097253	5.6726433e-06	0.0003929176	0.00039246652	-0.0011493353
0.032	1.032	0	0	0	1.032	0	0	0	1.032	1.0991048	0.00013918191	3.0468925e-07	-2.9221153e-07	3.3589081e-07	0.00014034658	8.9584789e-07	-2.5037946e-07	9.1657571e-07	0.00014110255	-0.00014021034	6.4852637e-06	0.00042063103	0.0004201713	-0.0010941474
0.034	1.034	0	0	0	1.034	0	0	0	1.034	1.1055073	0.00014843564	3.117877e-07	-2.9484184e-07	3.4391751e-07	0.00014959253	9.1421576e-07	-2.5213745e-07	9.3519554e-07	0.00015034776	-0.00014945864	7.3533285e-06	0.00044837592	0.00044790841	-0.0010437578
0.036	1.036	0	0	0	1.036	0	0	0	1.036	1.1119347	0.00015769816	3.1863674e-07	-2.9719364e-07	3.5165001e-07	0.00015884758	9.3115108e-07	-2.5375172e-07	9.523101e-07	0.00015960208	-0.00015871594	8.2768974e-06	0.00047614783	0.00047567328	-0.00099762448
0.038	1.038	0	0	0	1.038	0	0	0	1.038	1.1183869	0.00016696824	3.2524768e-07	-2.9930611e-07	3.5910171e-07	0.00016811052	9.4683642e-07	-2.552456e-07	9.6811281e-07	0.00016886436	-0.00016798104	9.2560216e-06	0.00050394312	0.00050346217	-0.00095526917
0.04	1.04	0	0	0	1.04	0	0	0	1.04	1.124864	0.00017624487	3.3163194e-07	-3.0121142e-07	3.662859e-07	0.00017738032	9.6142598e-07	-2.5663752e-07	9.8276719e-07	0.00017813359	-0.00017725293	1.0290746e-05	0.00053175878	0.00053127199	-0.0009162734
0.042	1.042	0	0	0	1.042	0	0	0	1.042	1.1313661	0.00018552721	3.3780077e-07	-3.0293626e-07	3.7321561e-07	0.00018665615	9.7505074e-07	-2.5794218e-07	9.9641223e-07	0.00018740896	-0.00018653077	1.138111e-05	0.00055959231	0.00055910015	-0.0008802725
0.044	1.044	0	0	0	1.044	0	0	0	1.044	1.1378932	0.00019481456	3.4376513e-07	-3.0450287e-07	3.7990341e-07	0.00019593728	9.8782255e-07	-2.5917137e-07	1.0091667e-06	0.00019668977	-0.00019581387	1.2527147e-05	0.00058744161	0.00058694449	-0.00084694905
0.046	1.046	0	0	0	1.046	0	0	0	1.046	1.1444453	0.00020410633	3.4953552e-07	-3.0592992e-07	3.8636138e-07	0.00020522311	9.9983747e-07	-2.6033458e-07	1.0211325e-06	0.00020597542	-0.00020510162	1.3728888e-05	0.00061530487	0.00061480317	-0.00081602648
0.048	1.048	0	0	0	1.048	0	0	0	1.048	1.1510226	0.00021340204	3.5512197e-07	-3.0723321e-07	3.9260105e-07	0.00021451314	1.0111784e-06	-2.6143951e-07	1.0323978e-06	0.0002152654	-0.00021439353	1.4986359e-05	0.00064318058	0.00064267463	-0.00078726347
0.05	1.05	0	0	0	1.05	0	0	0	1.05	1.157625	0.00022270124	3.6053399e-07	-3.0842613e-07	3.9863338e-07	0.00022380691	1.0219171e-06	-2.6249243e-07	1.0430388e-06	0.00022455928	-0.00022368914	1.6299586e-05	0.00067106743	0.00067055751	-0.0007604489
0.052	1.052	0	0	0	1.052	0	0	0	1.052	1.1642526	0.00023200359	3.6578054e-07	-3.0952014e-07	4.0446874e-07	0.00023310404	1.0321162e-06	-2.6349845e-07	1.0531219e-06	0.00023385666	-0.0002329881	1.7668589e-05	0.00069896429	0.00069845065	-0.00073539758
0.054	1.054	0	0	0	1.054	0	0	0	1.054	1.1709055	0.00024130875	3.7087007e-07	-3.105251e-07	4.1011695e-07	0.00024240421	1.0418304e-06	-2.6446179e-07	1.0627051e-06	0.00024315722	-0.00024229006	1.9093389e-05	0.00072687019	0.00072635306	-0.00071194655
0.056	1.056	0	0	0	1.056	0	0	0	1.056	1.1775836	0.00025061646	3.7581051e-07	-3.1144951e-07	4.1558728e-07	0.00025170712	1.0511078e-06	-2.6538591e-07	1.0718396e-06	0.00025246067	-0.00025159475	2.0574002e-05	0.00075478426	0.00075426385	-0.00068995202
0.058	1.058	0	0	0	1.058	0	0	0	1.058	1.1842871	0.00025992649	3.806093e-07	-3.1230074e-07	4.2088848e-07	0.00026101252	1.0599907e-06	-2.6627366e-07	1.08057e-06	0.00026176674	-0.00026090192	2.2110444e-05	0.00078270575	0.00078218225	-0.00066928665
0.06	1.06	0	0	0	1.06	0	0	0	1.06	1.191016	0.00026923861	3.8527339e-07	-3.1308523e-07	4.2602879e-07	0.00027032019	1.0685164e-06	-2.6712743e-07	1.088936e-06	0.00027107522	-0.00027021134	2.3702731e-05	0.00081063402	0.00081010758	-0.00064983737
0.062	1.062	0	0	0	1.062	0	0	0	1.062	1.1977703	0.00027855265	3.8980929e-07	-3.1380861e-07	4.3101598e-07	0.00027962993	1.0767184e-06	-2.6794919e-07	1.0969728e-06	0.0002803859	-0.00027952283	2.5350874e-05	0.00083856848	0.00083803925	-0.00063150345
0.064	1.064	0	0	0	1.064	0	0	0	1.064	1.2045501	0.00028786845	3.9422312e-07	-3.1447584e-07	4.3585737e-07	0.00028894156	1.084626e-06	-2.6874058e-07	1.1047117e-06	0.0002896986	-0.0002888362	2.7054888e-05	0.0008665086	0.00086597672	-0.0006141949
0.066	1.066	0	0	0	1.066	0	0	0	1.066	1.2113555	0.00029718585	3.9852057e-07	-3.1509129e-07	4.4055984e-07	0.00029825492	1.0922657e-06	-2.69503e-07	1.1121806e-06	0.00029901317	-0.00029815131	2.8814781e-05	0.00089445394	0.00089391953	-0.00059783105
0.068	1.068	0	0	0	1.068	0	0	0	1.068	1.2181864	0.00030650473	4.0270697e-07	-3.1565885e-07	4.4512991e-07	0.00030756989	1.0996613e-06	-2.7023761e-07	1.1194042e-06	0.00030832945	-0.00030746803	3.0630566e-05	0.00092240408	0.00092186724	-0.00058233946
0.07	1.07	0	0	0	1.07	0	0	0	1.07	1.225043	0.00031582498	4.0678732e-07	-3.1618198e-07	4.4957368e-07	0.00031688633	1.1068338e-06	-2.7094539e-07	1.1264052e-06	0.00031764734	-0.00031678622	3.250225e-05	0.00095035865	0.00094981948	-0.00056765481
0.072	1.072	0	0	0	1.072	0	0	0	1.072	1.2319252	0.00032514649	4.1076629e-07	-3.1666377e-07	4.5389693e-07	0.00032620413	1.1138025e-06	-2.7162719e-07	1.1332034e-06	0.0003269667	-0.00032610577	3.4429844e-05	0.00097831732	0.00097777591	-0.00055371813
0.074	1.074	0	0	0	1.074	0	0	0	1.074	1.2388332	0.00033446917	4.1464824e-07	-3.17107e-07	4.581051e-07	0.00033552319	1.1205845e-06	-2.7228373e-07	1.139817e-06	0.00033628743	-0.0003354266	3.6413354e-05	0.0010062798	0.0010057362	-0.000540476
0.076	1.076	0	0	0	1.076	0	0	0	1.076	1.245767	0.00034379294	4.1843727e-07	-3.1751416e-07	4.6220332e-07	0.00034484343	1.1271954e-06	-2.7291563e-07	1.1462623e-06	0.00034560944	-0.0003447486	3.8452789e-05	0.0010342458	0.0010337001	-0.00052787991
0.078	1.078	0	0	0	1.078	0	0	0	1.078	1.2527266	0.00035311771	4.2213723e-07	-3.1788752e-07	4.6619643e-07	0.00035416475	1.1336495e-06	-2.7352344e-07	1.1525542e-06	0.00035493265	-0.0003540717	4.0548154e-05	0.0010622151	0.0010616674	-0.00051588575
0.08	1.08	0	0	0	1.08	0	0	0	1.08	1.259712	0.00036244343	4.2575169e-07	-3.1822912e-07	4.70089e-07	0.00036348708	1.1399595e-06	-2.7410763e-07	1.158706e-06	0.00036425697	-0.00036339582	4.2699458e-05	0.0010901875	0.0010896378	-0.00050445327
0.082	1.082	0	0	0	1.082	0	0	0	1.082	1.2667234	0.00037177002	4.2928404e-07	-3.1854084e-07	4.7388534e-07	0.00037281035	1.1461372e-06	-2.7466864e-07	1.1647299e-06	0.00037358233	-0.0003727209	4.4906706e-05	0.0011181627	0.0011176111	-0.00049354569
0.084	1.084	0	0	0	1.084	0	0	0	1.084	1.2737607	0.00038109743	4.3273743e-07	-3.1882438e-07	4.7758953e-07	0.0003821345	1.1521931e-06	-2.7520684e-07	1.1706369e-06	0.00038290868	-0.00038204687	4.7169903e-05	0.0011461406	0.0011455871	-0.00048312934
0.086	1.086	0	0	0	1.086	0	0	0	1.086	1.2808241	0.00039042561	4.3611485e-07	-3.190813e-07	4.8120541e-07	0.00039145948	1.1581371e-06	-2.757226e-07	1.1764372e-06	0.00039223594	-0.00039137368	4.9489054e-05	0.001174121	0.0011735657	-0.00047317332
0.088	1.088	0	0	0	1.088	0	0	0	1.088	1.2879135	0.00039975452	4.3941907e-07	-3.1931303e-07	4.8473664e-07	0.00040078522	1.163978e-06	-2.7621623e-07	1.1821399e-06	0.00040156406	-0.00040070127	5.1864165e-05	0.0012021038	0.0012015467	-0.00046364922
0.09	1.09	0	0	0	1.09	0	0	0	1.09	1.295029	0.0004090841	4.4265273e-07	-3.195209e-07	4.8818664e-07	0.00041011169	1.169724e-06	-2.7668805e-07	1.1877535e-06	0.000410893	-0.0004100296	5.4295241e-05	0.0012300888	0.0012295299	-0.00045453088
0.092	1.092	0	0	0	1.092	0	0	0	1.092	1.3021707	0.00041841431	4.458183e-07	-3.1970613e-07	4.9155868e-07	0.00041943883	1.1753826e-06	-2.7713835e-07	1.1932856e-06	0.00042022271	-0.00041935862	5.6782285e-05	0.0012580759	0.0012575153	-0.00044579415
0.094	1.094	0	0	0	1.094	0	0	0	1.094	1.3093386	0.00042774513	4.4891809e-07	-3.1986986e-07	4.9485583e-07	0.00042876661	1.1809606e-06	-2.7756742e-07	1.1987433e-06	0.00042955314	-0.00042868829	5.9325302e-05	0.0012860649	0.0012855026	-0.00043741675
0.096	1.096	0	0	0	1.096	0	0	0	1.096	1.3165327	0.00043707651	4.5195431e-07	-3.2001314e-07	4.9808101e-07	0.00043809499	1.1864646e-06	-2.7797553e-07	1.204133e-06	0.00043888425	-0.00043801858	6.1924296e-05	0.0013140558	0.0013134918	-0.00042937803
0.098	1.098	0	0	0	1.098	0	0	0	1.098	1.3237532	0.00044640842	4.5492901e-07	-3.2013694e-07	5.0123697e-07	0.00044742394	1.1919002e-06	-2.7836294e-07	1.2094608e-06	0.00044821601	-0.00044734945	6.4579269e-05	0.0013420484	0.0013414827	-0.00042165884
0.1	1.1	0	0	0	1.1	0	0	0	1.1	1.331	0.00045574084	4.5784413e-07	-3.202422e-07	5.0432633e-07	0.00045675341	1.1972729e-06	-2.7872994e-07	1.214732e-06	0.00045754838	-0.00045668088	6.7290226e-05	0.0013700426	0.0013694753	-0.00041424142
0.102	1.102	0	0	0	1.102	0	0	0	1.102	1.3382732	0.00046507373	4.6070153e-07	-3.2032977e-07	5.0735157e-07	0.00046608338	1.2025876e-06	-2.7907679e-07	1.2199518e-06	0.00046688133	-0.00046601281	7.005717e-05	0.0013980384	0.0013974695	-0.00040710926
0.104	1.104	0	0	0	1.104	0	0	0	1.104	1.3455729	0.00047440708	4.6350293e-07	-3.2040045e-07	5.1031503e-07	0.00047541383	1.2078491e-06	-2.7940376e-07	1.2251247e-06	0.00047621482	-0.00047534524	7.2880104e-05	0.0014260357	0.0014254652	-0.00040024697
0.106	1.106	0	0	0	1.106	0	0	0	1.106	1.352899	0.00048374085	4.6624997e-07	-3.2045502e-07	5.1321894e-07	0.00048474473	1.2130615e-06	-2.7971112e-07	1.230255e-06	0.00048554885	-0.00048467814	7.5759031e-05	0.0014540344	0.0014534623	-0.00039364022
0.108	1.108	0	0	0	1.108	0	0	0	1.108	1.3602517	0.00049307502	4.689442e-07	-3.2049418e-07	5.1606539e-07	0.00049407604	1.2182289e-06	-2.7999916e-07	1.2353466e-06	0.00049488336	-0.00049401148	7.8693954e-05	0.0014820344	0.0014814607	-0.00038727561
0.11	1.11	0	0	0	1.11	0	0	0	1.11	1.367631	0.00050240958	4.715871e-07	-3.2051861e-07	5.1885638e-07	0.00050340775	1.2233549e-06	-2.8026815e-07	1.2404033e-06	0.00050421835	-0.00050334523	8.1684874e-05	0.0015100357	0.0015094604	-0.00038114066
0.112	1.112	0	0	0	1.112	0	0	0	1.112	1.3750369	0.00051174451	4.7418005e-07	-3.2052896e-07	5.2159382e-07	0.00051273985	1.228443e-06	-2.8051838e-07	1.2454284e-06	0.00051355379	-0.00051267938	8.4731795e-05	0.0015380381	0.0015374613	-0.00037522364
0.114	1.114	0	0	0	1.114	0	0	0	1.114	1.3824695	0.00052107978	4.7672437e-07	-3.2052584e-07	5.2427948e-07	0.0005220723	1.2334963e-06	-2.8075015e-07	1.250425e-06	0.00052288966	-0.00052201391	8.7834719e-05	0.0015660417	0.0015654633	-0.0003695136
0.116	1.116	0	0	0	1.116	0	0	0	1.116	1.3899289	0.00053041538	4.792213e-07	-3.2050982e-07	5.2691508e-07	0.00053140508	1.2385178e-06	-2.8096374e-07	1.2553959e-06	0.00053222593	-0.0005313488	9.0993648e-05	0.0015940464	0.0015934664	-0.00036400026
0.118	1.118	0	0	0	1.118	0	0	0	1.118	1.397415	0.0005397513	4.8167204e-07	-3.2048145e-07	5.2950222e-07	0.00054073819	1.2435104e-06	-2.8115947e-07	1.2603439e-06	0.00054156259	-0.00054068403	9.4208585e-05	0.0016220521	0.0016214705	-0.00035867394
0.12	1.12	0	0	0	1.12	0	0	0	1.12	1.404928	0.00054908751	4.8407771e-07	-3.2044127e-07	5.3204244e-07	0.00055007161	1.2484764e-06	-2.8133764e-07	1.2652715e-06	0.00055089962	-0.00055001958	9.747953e-05	0.0016500587	0.0016494756	-0.0003535256
0.122	1.122	0	0	0	1.122	0	0	0	1.122	1.4124678	0.000558424	4.8643938e-07	-3.2038977e-07	5.3453719e-07	0.00055940531	1.2534185e-06	-2.8149856e-07	1.2701809e-06	0.000560237	-0.00055935544	0.00010080649	0.0016780663	0.0016774816	-0.00034854667
0.124	1.124	0	0	0	1.124	0	0	0	1.124	1.4200346	0.00056776077	4.8875805e-07	-3.2032743e-07	5.3698784e-07	0.00056873928	1.2583388e-06	-2.8164257e-07	1.2750743e-06	0.00056957472	-0.00056869159	0.00010418946	0.0017060748	0.0017054886	-0.00034372913
0.126	1.126	0	0	0	1.126	0	0	0	1.126	1.4276284	0.0005770978	4.9103471e-07	-3.2025473e-07	5.3939569e-07	0.00057807352	1.2632394e-06	-2.8176998e-07	1.2799536e-06	0.00057891277	-0.00057802803	0.00010762844	0.0017340841	0.0017334963	-0.00033906539
0.128	1.128	0	0	0	1.128	0	0	0	1.128	1.4352492	0.00058643507	4.9327027e-07	-3.2017209e-07	5.4176199e-07	0.000587408	1.2681223e-06	-2.8188112e-07	1.2848208e-06	0.00058825112	-0.00058736473	0.00011112344	0.0017620942	0.0017615049	-0.00033454831
0.13	1.13	0	0	0	1.13	0	0	0	1.13	1.442897	0.00059577257	4.9546561e-07	-3.2007994e-07	5.440879e-07	0.00059674271	1.2729893e-06	-2.8197634e-07	1.2896775e-06	0.00059758976	-0.00059670168	0.00011467446	0.001790105	0.0017895142	-0.00033017112
0.132	1.132	0	0	0	1.132	0	0	0	1.132	1.450572	0.0006051103	4.9762155e-07	-3.199787e-07	5.4637454e-07	0.00060607765	1.2778422e-06	-2.8205598e-07	1.2945253e-06	0.00060692868	-0.00060603888	0.0001182815	0.0018181166	0.0018175243	-0.00032592745
0.134	1.134	0	0	0	1.134	0	0	0	1.134	1.4582741	0.00061444825	4.997389e-07	-3.1986875e-07	5.4862296e-07	0.0006154128	1.2826827e-06	-2.8212038e-07	1.2993657e-06	0.00061626788	-0.00061537631	0.00012194456	0.0018461289	0.001845535	-0.00032181124
0.136	1.136	0	0	0	1.136	0	0	0	1.136	1.4660035	0.00062378639	5.0181841e-07	-3.1975048e-07	5.5083415e-07	0.00062474814	1.2875122e-06	-2.8216991e-07	1.3042e-06	0.00062560733	-0.00062471395	0.00012566364	0.0018741419	0.0018735464	-0.0003178168
0.138	1.138	0	0	0	1.138	0	0	0	1.138	1.4737601	0.00063312473	5.0386082e-07	-3.1962425e-07	5.5300906e-07	0.00063408368	1.2923321e-06	-2.8220491e-07	1.3090297e-06	0.00063494702	-0.00063405181	0.00012943874	0.0019021554	0.0019015585	-0.00031393868
0.14	1.14	0	0	0	1.14	0	0	0	1.14	1.481544	0.00064246326	5.0586681e-07	-3.1949042e-07	5.5514858e-07	0.00064341939	1.2971439e-06	-2.8222574e-07	1.3138557e-06	0.00064428695	-0.00064338987	0.00013326987	0.0019301696	0.0019295711	-0.00031017177
0.142	1.142	0	0	0	1.142	0	0	0	1.142	1.4893553	0.00065180196	5.0783704e-07	-3.1934932e-07	5.5725356e-07	0.00065275527	1.3019487e-06	-2.8223278e-07	1.3186794e-06	0.00065362711	-0.00065272811	0.00013715703	0.0019581843	0.0019575843	-0.00030651116
0.144	1.144	0	0	0	1.144	0	0	0	1.144	1.497194	0.00066114084	5.0977215e-07	-3.1920129e-07	5.593248e-07	0.00066209132	1.3067478e-06	-2.8222639e-07	1.3235017e-06	0.00066296748	-0.00066206654	0.00014110021	0.0019861996	0.0019855981	-0.00030295224
0.146	1.146	0	0	0	1.146	0	0	0	1.146	1.5050601	0.00067047987	5.1167274e-07	-3.1904666e-07	5.6136305e-07	0.00067142751	1.3115424e-06	-2.8220695e-07	1.3283235e-06	0.00067230805	-0.00067140515	0.00014509942	0.0020142154	0.0020136124	-0.0002994906
0.148	1.148	0	0	0	1.148	0	0	0	1.148	1.5129538	0.00067981906	5.1353939e-07	-3.1888572e-07	5.6336903e-07	0.00068076385	1.3163333e-06	-2.8217482e-07	1.3331459e-06	0.00068164883	-0.00068074391	0.00014915466	0.0020422317	0.0020416272	-0.00029612204
0.15	1.15	0	0	0	1.15	0	0	0	1.15	1.520875	0.00068915839	5.1537266e-07	-3.187188e-07	5.6534341e-07	0.00069010033	1.3211218e-06	-2.821304e-07	1.3379696e-06	0.00069098979	-0.00069008284	0.00015326593	0.0020702485	0.0020696424	-0.00029284257
0.152	1.152	0	0	0	1.152	0	0	0	1.152	1.5288238	0.00069849787	5.1717307e-07	-3.1854616e-07	5.6728683e-07	0.00069943693	1.3259087e-06	-2.8207406e-07	1.3427954e-06	0.00070033092	-0.00069942191	0.00015743323	0.0020982657	0.0020976581	-0.0002896484
0.154	1.154	0	0	0	1.154	0	0	0	1.154	1.5368003	0.00070783748	5.1894114e-07	-3.1836811e-07	5.691999e-07	0.00070877366	1.3306949e-06	-2.8200619e-07	1.3476241e-06	0.00070967223	-0.00070876112	0.00016165656	0.0021262834	0.0021256743	-0.00028653589
0.156	1.156	0	0	0	1.156	0	0	0	1.156	1.5448044	0.00071717721	5.2067736e-07	-3.1818492e-07	5.7108317e-07	0.0007181105	1.3354812e-06	-2.8192717e-07	1.3524563e-06	0.00071901371	-0.00071810047	0.00016593593	0.0021543014	0.0021536908	-0.0002835016
0.158	1.158	0	0	0	1.158	0	0	0	1.158	1.5528363	0.00072651707	5.2238219e-07	-3.1799686e-07	5.7293718e-07	0.00072744744	1.3402685e-06	-2.818374e-07	1.3572928e-06	0.00072835534	-0.00072743995	0.00017027132	0.0021823199	0.0021817078	-0.00028054222
0.16	1.16	0	0	0	1.16	0	0	0	1.16	1.560896	0.00073585704	5.2405608e-07	-3.1780419e-07	5.7476243e-07	0.00073678449	1.3450575e-06	-2.8173726e-07	1.362134e-06	0.00073769712	-0.00073677955	0.00017466276	0.0022103387	0.0022097251	-0.00027765459
0.162	1.162	0	0	0	1.162	0	0	0	1.162	1.5689835	0.00074519713	5.2569947e-07	-3.1760718e-07	5.7655939e-07	0.00074612163	1.349849e-06	-2.8162714e-07	1.3669807e-06	0.00074703904	-0.00074611926	0.00017911023	0.0022383578	0.0022377428	-0.0002748357
0.164	1.164	0	0	0	1.164	0	0	0	1.164	1.5770989	0.00075453731	5.2731277e-07	-3.1740606e-07	5.783285e-07	0.00075545886	1.3546436e-06	-2.8150745e-07	1.3718333e-06	0.0007563811	-0.00075545909	0.00018361373	0.0022663773	0.0022657608	-0.00027208267
0.166	1.166	0	0	0	1.166	0	0	0	1.166	1.5852423	0.0007638776	5.2889638e-07	-3.1720108e-07	5.8007019e-07	0.00076479617	1.3594421e-06	-2.8137857e-07	1.3766923e-06	0.00076572328	-0.00076479901	0.00018817327	0.002294397	0.0022937791	-0.00026939272
0.168	1.168	0	0	0	1.168	0	0	0	1.168	1.5934136	0.00077321798	5.3045068e-07	-3.1699248e-07	5.8178482e-07	0.00077413355	1.3642449e-06	-2.812409e-07	1.3815582e-06	0.00077506559	-0.00077413904	0.00019278885	0.0023224171	0.0023217977	-0.00026676322
0.17	1.17	0	0	0	1.17	0	0	0	1.17	1.601613	0.00078255845	5.3197604e-07	-3.1678049e-07	5.8347278e-07	0.000783471	1.3690527e-06	-2.8109483e-07	1.3864315e-06	0.00078440801	-0.00078347915	0.00019746046	0.0023504375	0.0023498167	-0.00026419162
0.172	1.172	0	0	0	1.172	0	0	0	1.172	1.6098404	0.000791899	5.3347282e-07	-3.1656535e-07	5.8513438e-07	0.00079280852	1.3738661e-06	-2.8094078e-07	1.3913126e-06	0.00079375055	-0.00079281936	0.00020218811	0.0023784581	0.0023778358	-0.0002616755
0.174	1.174	0	0	0	1.174	0	0	0	1.174	1.618096	0.00080123963	5.3494136e-07	-3.1634726e-07	5.8676996e-07	0.0008021461	1.3786856e-06	-2.8077913e-07	1.3962018e-06	0.00080309318	-0.00080215964	0.0002069718	0.0024064789	0.0024058553	-0.0002592125
0.176	1.176	0	0	0	1.176	0	0	0	1.176	1.6263798	0.00081058034	5.3638198e-07	-3.1612646e-07	5.883798e-07	0.00081148373	1.3835118e-06	-2.8061028e-07	1.4010995e-06	0.00081243592	-0.0008115	0.00021181153	0.0024345	0.002433875	-0.00025680038
0.178	1.178	0	0	0	1.178	0	0	0	1.178	1.6346918	0.00081992111	5.37795e-07	-3.1590314e-07	5.8996417e-07	0.00082082141	1.3883451e-06	-2.8043464e-07	1.4060062e-06	0.00082177875	-0.00082084043	0.0002167073	0.0024625213	0.0024618949	-0.00025443699
0.18	1.18	0	0	0	1.18	0	0	0	1.18	1.643032	0.00082926196	5.3918073e-07	-3.1567753e-07	5.9152333e-07	0.00083015914	1.393186e-06	-2.802526e-07	1.4109221e-06	0.00083112167	-0.00083018092	0.00022165911	0.0024905428	0.002489915	-0.00025212023
0.182	1.182	0	0	0	1.182	0	0	0	1.182	1.6514006	0.00083860286	5.4053946e-07	-3.1544982e-07	5.930575e-07	0.0008394969	1.398035e-06	-2.8006456e-07	1.4158476e-06	0.00084046467	-0.00083952148	0.00022666696	0.0025185644	0.0025179353	-0.00024984812
0.184	1.184	0	0	0	1.184	0	0	0	1.184	1.6597975	0.00084794382	5.4187146e-07	-3.1522021e-07	5.945669e-07	0.0008488347	1.4028926e-06	-2.7987092e-07	1.420783e-06	0.00084980775	-0.00084886209	0.00023173085	0.0025465863	0.0025459558	-0.00024761871
0.186	1.186	0	0	0	1.186	0	0	0	1.186	1.6682229	0.00085728484	5.4317701e-07	-3.1498891e-07	5.9605172e-07	0.00085817252	1.4077591e-06	-2.7967208e-07	1.4257286e-06	0.00085915089	-0.00085820275	0.00023685079	0.0025746083	0.0025739765	-0.00024543015
0.188	1.188	0	0	0	1.188	0	0	0	1.188	1.6766767	0.0008666259	5.4445638e-07	-3.147561e-07	5.9751215e-07	0.00086751037	1.412635e-06	-2.7946844e-07	1.4306847e-06	0.00086849411	-0.00086754346	0.00024202676	0.0026026304	0.0026019974	-0.00024328063
0.19	1.19	0	0	0	1.19	0	0	0	1.19	1.685159	0.00087596701	5.457098e-07	-3.1452197e-07	5.9894834e-07	0.00087684824	1.4175207e-06	-2.792604e-07	1.4356515e-06	0.00087783739	-0.00087688421	0.00024725878	0.0026306526	0.0026300184	-0.00024116843
0.192	1.192	0	0	0	1.192	0	0	0	1.192	1.6936699	0.00088530816	5.4693753e-07	-3.1428671e-07	6.0036043e-07	0.00088618612	1.4224165e-06	-2.7904836e-07	1.4406294e-06	0.00088718072	-0.000886225	0.00025254683	0.002658675	0.0026580395	-0.00023909185
0.194	1.194	0	0	0	1.194	0	0	0	1.194	1.7022094	0.00089464935	5.481398e-07	-3.1405051e-07	6.0174857e-07	0.00089552401	1.427323e-06	-2.7883272e-07	1.4456185e-06	0.00089652411	-0.00089556582	0.00025789093	0.0026866975	0.0026860607	-0.00023704928
0.196	1.196	0	0	0	1.196	0	0	0	1.196	1.7107775	0.00090399058	5.4931683e-07	-3.1381354e-07	6.0311287e-07	0.00090486191	1.4322404e-06	-2.7861387e-07	1.4506192e-06	0.00090586754	-0.00090490667	0.00026329108	0.00271472	0.0027140821	-0.00023503913
0.198	1.198	0	0	0	1.198	0	0	0	1.198	1.7193744	0.00091333183	5.5046884e-07	-3.1357598e-07	6.0445343e-07	0.00091419981	1.4371692e-06	-2.7839222e-07	1.4556317e-06	0.00091521101	-0.00091424755	0.00026874726	0.0027427427	0.0027421036	-0.00023305989
0.2	1.2	0	0	0	1.2	0	0	0	1.2	1.728	0.00092267311	5.5159603e-07	-3.1333801e-07	6.0577035e-07	0.0009235377	1.4421097e-06	-2.7816815e-07	1.4606562e-06	0.00092455453	-0.00092358845	0.00027425949	0.0027707653	0.0027701251	-0.00023111005
0.202	1.202	0	0	0	1.202	0	0	0	1.202	1.7366544	0.00093201441	5.526986e-07	-3.1309979e-07	6.070637e-07	0.00093287559	1.4470623e-06	-2.7794206e-07	1.4656931e-06	0.00093389807	-0.00093292936	0.00027982776	0.0027987881	0.0027981468	-0.00022918819
0.204	1.204	0	0	0	1.204	0	0	0	1.204	1.7453377	0.00094135573	5.5377675e-07	-3.1286151e-07	6.0833356e-07	0.00094221346	1.4520273e-06	-2.7771436e-07	1.4707425e-06	0.00094324165	-0.00094227028	0.00028545208	0.0028268108	0.0028261685	-0.0002272929
0.206	1.206	0	0	0	1.206	0	0	0	1.206	1.7540498	0.00095069707	5.5483066e-07	-3.1262332e-07	6.0957998e-07	0.00095155132	1.4570051e-06	-2.7748543e-07	1.4758046e-06	0.00095258525	-0.00095161121	0.00029113244	0.0028548336	0.0028541902	-0.00022542281
0.208	1.208	0	0	0	1.208	0	0	0	1.208	1.7627909	0.00096003842	5.5586049e-07	-3.123854e-07	6.10803e-07	0.00096088915	1.4619961e-06	-2.7725568e-07	1.4808798e-06	0.00096192886	-0.00096095215	0.00029686884	0.0028828564	0.002882212	-0.00022357659
0.21	1.21	0	0	0	1.21	0	0	0	1.21	1.771561	0.00096937977	5.5686643e-07	-3.1214791e-07	6.1200267e-07	0.00097022696	1.4670007e-06	-2.7702548e-07	1.4859683e-06	0.00097127249	-0.00097029308	0.00030266128	0.0029108792	0.0029102339	-0.00022175294
0.212	1.212	0	0	0	1.212	0	0	0	1.212	1.7803601	0.00097872113	5.5784864e-07	-3.1191101e-07	6.1317901e-07	0.00097956474	1.4720191e-06	-2.7679525e-07	1.4910702e-06	0.00098061614	-0.000979634	0.00030850977	0.002938902	0.0029382557	-0.00021995058
0.214	1.214	0	0	0	1.214	0	0	0	1.214	1.7891883	0.00098806249	5.5880726e-07	-3.1167486e-07	6.1433205e-07	0.00098890249	1.4770518e-06	-2.7656537e-07	1.496186e-06	0.00098995978	-0.00098897492	0.00031441431	0.0029669248	0.0029662776	-0.00021816828
0.216	1.216	0	0	0	1.216	0	0	0	1.216	1.7980457	0.00099740385	5.5974245e-07	-3.1143963e-07	6.1546179e-07	0.00099824019	1.4820992e-06	-2.7633623e-07	1.5013157e-06	0.00099930343	-0.00099831583	0.00032037488	0.0029949475	0.0029942995	-0.00021640481
0.218	1.218	0	0	0	1.218	0	0	0	1.218	1.8069322	0.0010067452	5.6065434e-07	-3.1120547e-07	6.1656824e-07	0.0010075779	1.4871615e-06	-2.7610822e-07	1.5064598e-06	0.0010086471	-0.0010076567	0.00032639151	0.0030229701	0.0030223214	-0.00021465897
0.22	1.22	0	0	0	1.22	0	0	0	1.22	1.815848	0.0010160865	5.6154307e-07	-3.1097255e-07	6.176514e-07	0.0010169155	1.4922393e-06	-2.7588174e-07	1.5116184e-06	0.0010179907	-0.0010169976	0.00033246417	0.0030509927	0.0030503432	-0.0002129296
0.222	1.222	0	0	0	1.222	0	0	0	1.222	1.824793	0.0010254279	5.6240877e-07	-3.1074101e-07	6.1871127e-07	0.001026253	1.4973329e-06	-2.7565717e-07	1.5167918e-06	0.0010273343	-0.0010263384	0.00033859288	0.0030790152	0.003078365	-0.00021121551
0.224	1.224	0	0	0	1.224	0	0	0	1.224	1.8337674	0.0010347692	5.6325155e-07	-3.1051103e-07	6.1974782e-07	0.0010355905	1.5024426e-06	-2.7543492e-07	1.5219803e-06	0.0010366779	-0.0010356792	0.00034477763	0.0031070376	0.0031063868	-0.00020951558
0.226	1.226	0	0	0	1.226	0	0	0	1.226	1.8427712	0.0010441105	5.6407153e-07	-3.1028275e-07	6.2076104e-07	0.001044928	1.507569e-06	-2.7521536e-07	1.5271842e-06	0.0010460215	-0.00104502	0.00035101843	0.0031350599	0.0031344085	-0.00020782868
0.228	1.228	0	0	0	1.228	0	0	0	1.228	1.8518044	0.0010534517	5.6486882e-07	-3.1005633e-07	6.217509e-07	0.0010542653	1.5127124e-06	-2.7499888e-07	1.5324038e-06	0.0010553651	-0.0010543607	0.00035731526	0.0031630821	0.0031624302	-0.00020615368
0.23	1.23	0	0	0	1.23	0	0	0	1.23	1.860867	0.001062793	5.6564352e-07	-3.0983193e-07	6.2271739e-07	0.0010636026	1.5178732e-06	-2.7478588e-07	1.5376394e-06	0.0010647086	-0.0010637014	0.00036366815	0.0031911042	0.0031904518	-0.00020448948
0.232	1.232	0	0	0	1.232	0	0	0	1.232	1.8699592	0.0010721341	5.6639572e-07	-3.096097e-07	6.2366046e-07	0.0010729399	1.523052e-06	-2.7457675e-07	1.5428913e-06	0.0010740521	-0.001073042	0.00037007707	0.0032191261	0.0032184733	-0.00020283497
0.234	1.234	0	0	0	1.234	0	0	0	1.234	1.8790809	0.0010814753	5.671255e-07	-3.0938981e-07	6.2458009e-07	0.001082277	1.5282492e-06	-2.7437187e-07	1.5481598e-06	0.0010833955	-0.0010823826	0.00037654204	0.0032471478	0.0032464946	-0.00020118907
0.236	1.236	0	0	0	1.236	0	0	0	1.236	1.8882323	0.0010908164	5.6783295e-07	-3.0917242e-07	6.2547623e-07	0.001091614	1.5334652e-06	-2.7417164e-07	1.5534454e-06	0.0010927389	-0.0010917231	0.00038306305	0.0032751694	0.0032745159	-0.00019955067
0.238	1.238	0	0	0	1.238	0	0	0	1.238	1.8974133	0.0011001575	5.6851815e-07	-3.0895767e-07	6.2634886e-07	0.001100951	1.5387006e-06	-2.7397643e-07	1.5587484e-06	0.0011020822	-0.0011010636	0.0003896401	0.0033031907	0.0033025371	-0.0001979187
0.24	1.24	0	0	0	1.24	0	0	0	1.24	1.906624	0.0011094985	5.6918115e-07	-3.0874574e-07	6.2719792e-07	0.0011102879	1.5439558e-06	-2.7378665e-07	1.5640691e-06	0.0011114255	-0.001110404	0.0003962732	0.0033312119	0.0033305581	-0.00019629205
0.242	1.242	0	0	0	1.242	0	0	0	1.242	1.9158645	0.0011188395	5.6982202e-07	-3.0853679e-07	6.2802339e-07	0.0011196246	1.5492315e-06	-2.7360268e-07	1.5694079e-06	0.0011207687	-0.0011197443	0.00040296234	0.0033592328	0.003358579	-0.00019466963
0.244	1.244	0	0	0	1.244	0	0	0	1.244	1.9251348	0.0011281804	5.7044082e-07	-3.0833097e-07	6.2882522e-07	0.0011289613	1.5545282e-06	-2.7342492e-07	1.5747654e-06	0.0011301119	-0.0011290845	0.00040970751	0.0033872535	0.0033865997	-0.00019305034
0.246	1.246	0	0	0	1.246	0	0	0	1.246	1.9344349	0.0011375212	5.7103759e-07	-3.0812847e-07	6.2960338e-07	0.0011382978	1.5598464e-06	-2.7325374e-07	1.5801418e-06	0.001139455	-0.0011384247	0.00041650873	0.003415274	0.0034146203	-0.00019143307
0.248	1.248	0	0	0	1.248	0	0	0	1.248	1.943765	0.001146862	5.7161236e-07	-3.0792944e-07	6.3035781e-07	0.0011476342	1.5651868e-06	-2.7308955e-07	1.5855377e-06	0.001148798	-0.0011477647	0.000423366	0.0034432941	0.0034426407	-0.0001898167
0.25	1.25	0	0	0	1.25	0	0	0	1.25	1.953125	0.0011562027	5.7216518e-07	-3.0773406e-07	6.310885e-07	0.0011569705	1.5705501e-06	-2.7293273e-07	1.5909536e-06	0.0011581409	-0.0011571047	0.0004302793	0.003471314	0.0034706608	-0.00018820008
0.252	1.252	0	0	0	1.252	0	0	0	1.252	1.962515	0.0011655433	5.7269607e-07	-3.075425e-07	6.3179539e-07	0.0011663066	1.5759369e-06	-2.7278369e-07	1.59639e-06	0.0011674837	-0.0011664445	0.00043724864	0.0034993336	0.0034986808	-0.00018658208
0.254	1.254	0	0	0	1.254	0	0	0	1.254	1.9719351	0.0011748838	5.7320504e-07	-3.0735495e-07	6.3247847e-07	0.0011756427	1.5813479e-06	-2.726428e-07	1.6018473e-06	0.0011768264	-0.0011757843	0.00044427402	0.0035273528	0.0035267005	-0.00018496152
0.256	1.256	0	0	0	1.256	0	0	0	1.256	1.9813852	0.0011842242	5.7369211e-07	-3.0717158e-07	6.331377e-07	0.0011849785	1.5867839e-06	-2.7251048e-07	1.6073262e-06	0.001186169	-0.0011851239	0.00045135544	0.0035553717	0.00355472	-0.0001833372
0.258	1.258	0	0	0	1.258	0	0	0	1.258	1.9908655	0.0011935646	5.7415727e-07	-3.0699259e-07	6.3377305e-07	0.0011943142	1.5922456e-06	-2.7238711e-07	1.6128273e-06	0.0011955115	-0.0011944634	0.0004584929	0.0035833903	0.0035827393	-0.0001817079
0.26	1.26	0	0	0	1.26	0	0	0	1.26	2.000376	0.0012029048	5.7460052e-07	-3.0681817e-07	6.3438451e-07	0.0012036498	1.5977338e-06	-2.7227309e-07	1.6183512e-06	0.0012048538	-0.0012038028	0.0004656864	0.0036114084	0.0036107582	-0.00018007238
0.262	1.262	0	0	0	1.262	0	0	0	1.262	2.0099167	0.0012122449	5.7502186e-07	-3.0664852e-07	6.3497206e-07	0.0012129852	1.6032495e-06	-2.7216884e-07	1.6238985e-06	0.0012141961	-0.0012131421	0.00047293593	0.0036394262	0.0036387769	-0.00017842934
0.264	1.264	0	0	0	1.264	0	0	0	1.264	2.0194877	0.0012215849	5.7542124e-07	-3.0648384e-07	6.3553569e-07	0.0012223204	1.6087935e-06	-2.7207474e-07	1.62947e-06	0.0012235382	-0.0012224812	0.00048024151	0.0036674435	0.0036667953	-0.00017677748
0.266	1.266	0	0	0	1.266	0	0	0	1.266	2.0290891	0.0012309248	5.7579865e-07	-3.0632434e-07	6.360754e-07	0.0012316554	1.6143668e-06	-2.719912e-07	1.6350664e-06	0.0012328802	-0.0012318201	0.00048760311	0.0036954604	0.0036948134	-0.00017511542
0.268	1.268	0	0	0	1.268	0	0	0	1.268	2.0387208	0.0012402646	5.7615404e-07	-3.0617024e-07	6.3659118e-07	0.0012409902	1.6199704e-06	-2.7191864e-07	1.6406884e-06	0.001242222	-0.0012411589	0.00049502076	0.0037234768	0.0037228311	-0.00017344175
0.27	1.27	0	0	0	1.27	0	0	0	1.27	2.048383	0.0012496042	5.7648737e-07	-3.0602178e-07	6.3708305e-07	0.0012503249	1.6256053e-06	-2.7185746e-07	1.6463369e-06	0.0012515636	-0.0012504976	0.00050249444	0.0037514927	0.0037508485	-0.00017175502
0.272	1.272	0	0	0	1.272	0	0	0	1.272	2.0580756	0.0012589437	5.7679856e-07	-3.0587919e-07	6.3755102e-07	0.0012596593	1.6312727e-06	-2.7180808e-07	1.6520128e-06	0.0012609051	-0.001259836	0.00051002415	0.0037795081	0.0037788655	-0.00017005371
0.274	1.274	0	0	0	1.274	0	0	0	1.274	2.0677988	0.001268283	5.7708756e-07	-3.0574271e-07	6.3799513e-07	0.0012689935	1.6369737e-06	-2.7177092e-07	1.657717e-06	0.0012702464	-0.0012691743	0.0005176099	0.0038075229	0.0038068821	-0.00016833624
0.276	1.276	0	0	0	1.276	0	0	0	1.276	2.0775526	0.0012776222	5.7735427e-07	-3.0561261e-07	6.3841539e-07	0.0012783275	1.6427096e-06	-2.717464e-07	1.6634504e-06	0.0012795875	-0.0012785124	0.00052525168	0.0038355371	0.0038348982	-0.00016660096
0.278	1.278	0	0	0	1.278	0	0	0	1.278	2.087337	0.0012869611	5.7759861e-07	-3.0548916e-07	6.3881186e-07	0.0012876612	1.6484817e-06	-2.7173495e-07	1.6692141e-06	0.0012889285	-0.0012878503	0.00053294949	0.0038635508	0.003862914	-0.00016484613
0.28	1.28	0	0	0	1.28	0	0	0	1.28	2.097152	0.0012963	5.7782047e-07	-3.0537263e-07	6.3918459e-07	0.0012969947	1.6542913e-06	-2.7173701e-07	1.6750092e-06	0.0012982692	-0.0012971879	0.00054070334	0.0038915638	0.0038909293	-0.00016306997
0.282	1.282	0	0	0	1.282	0	0	0	1.282	2.1069978	0.0013056386	5.7801973e-07	-3.0526334e-07	6.3953364e-07	0.0013063279	1.66014e-06	-2.7175301e-07	1.6808368e-06	0.0013076097	-0.0013065254	0.00054851321	0.0039195761	0.0039189441	-0.00016127056
0.284	1.284	0	0	0	1.284	0	0	0	1.284	2.1168743	0.001314977	5.7819627e-07	-3.0516159e-07	6.3985908e-07	0.0013156609	1.6660292e-06	-2.717834e-07	1.6866982e-06	0.0013169499	-0.0013158626	0.00055637911	0.0039475878	0.0039469584	-0.0001594459
0.286	1.286	0	0	0	1.286	0	0	0	1.286	2.1267817	0.0013243152	5.7834992e-07	-3.0506772e-07	6.4016098e-07	0.0013249935	1.6719606e-06	-2.7182864e-07	1.6925946e-06	0.0013262899	-0.0013251996	0.00056430104	0.0039755987	0.0039749722	-0.00015759388
0.288	1.288	0	0	0	1.288	0	0	0	1.288	2.1367199	0.0013336532	5.7848053e-07	-3.0498208e-07	6.4043945e-07	0.0013343259	1.6779359e-06	-2.7188918e-07	1.6985275e-06	0.0013356297	-0.0013345363	0.000572279	0.0040036088	0.0040029855	-0.00015571227
0.29	1.29	0	0	0	1.29	0	0	0	1.29	2.146689	0.0013429909	5.7858793e-07	-3.0490505e-07	6.4069459e-07	0.001343658	1.6839569e-06	-2.719655e-07	1.7044984e-06	0.0013449692	-0.0013438727	0.00058031299	0.0040316181	0.0040309981	-0.00015379871
0.292	1.292	0	0	0	1.292	0	0	0	1.292	2.1566891	0.0013523284	5.7867191e-07	-3.0483701e-07	6.4092649e-07	0.0013529897	1.6900256e-06	-2.7205808e-07	1.7105087e-06	0.0013543084	-0.0013532088	0.00058840299	0.0040596265	0.0040590102	-0.00015185068
0.294	1.294	0	0	0	1.294	0	0	0	1.294	2.1667202	0.0013616657	5.7873225e-07	-3.047784e-07	6.4113529e-07	0.0013623211	1.696144e-06	-2.7216742e-07	1.7165601e-06	0.0013636473	-0.0013625447	0.00059654903	0.0040876341	0.0040870216	-0.00014986551
0.296	1.296	0	0	0	1.296	0	0	0	1.296	2.1767823	0.0013710026	5.7876873e-07	-3.0472967e-07	6.4132112e-07	0.0013716521	1.7023142e-06	-2.7229401e-07	1.7226545e-06	0.0013729859	-0.0013718802	0.00060475108	0.0041156406	0.0041150323	-0.00014784036
0.298	1.298	0	0	0	1.298	0	0	0	1.298	2.1868756	0.0013803393	5.7878108e-07	-3.046913e-07	6.4148411e-07	0.0013809828	1.7085385e-06	-2.7243839e-07	1.7287936e-06	0.0013823241	-0.0013812154	0.00061300916	0.0041436462	0.0041430423	-0.00014577217
0.3	1.3	0	0	0	1.3	0	0	0	1.3	2.197	0.0013896757	5.7876902e-07	-3.0466381e-07	6.416244e-07	0.0013903131	1.7148194e-06	-2.7260109e-07	1.7349795e-06	0.001391662	-0.0013905503	0.00062132325	inf	inf	inf
