lambda	F11	F12	F13	F21	F22	F23	F31	F32	F33	J	P11	P12	P13	P21	P22	P23	P31	P32	P33	p	StrEn	t(1)	t(2)	d
0	1	0	0	0	1	0	0	0	1	1	0	0	0	0	0	0	0	0	0	-0	0	inf	inf	inf
0.002	1.002	0	0	0	1.002	0	0	0	0.99836147	1.0023589	2.1839658e-05	2.9475947e-07	-8.6431032e-08	2.8178918e-07	2.234953e-05	2.1055887e-08	-9.4181746e-08	3.5117581e-08	6.3635003e-09	-1.473185e-05	4.4086054e-08	4.4183918e-05	4.4228829e-05	0.0010154254
0.004	1.004	0	0	0	1.004	0	0	0	0.99668777	1.0046772	4.3869036e-05	5.934806e-07	-1.6604219e-07	5.6759486e-07	4.4836823e-05	3.4813627e-08	-1.8229675e-07	6.0729959e-08	1.1222134e-08	-2.957236e-05	1.7691532e-07	8.8696298e-05	8.8665949e-05	-0.0003422869
0.006	1.006	0	0	0	1.006	0	0	0	0.99495367	1.0069289	6.5881748e-05	8.8401134e-07	-2.3977479e-07	8.4569028e-07	6.7268238e-05	4.2539687e-08	-2.6565553e-07	7.7476155e-08	1.3916239e-08	-4.4387967e-05	3.9874985e-07	0.00013313761	0.00013304053	-0.00072965336
0.008	1.008	0	0	0	1.008	0	0	0	0.99312989	1.0090835	8.7701842e-05	1.1636157e-06	-3.1324716e-07	1.1136283e-06	8.9472364e-05	4.369172e-08	-3.498218e-07	8.4647848e-08	1.4284068e-08	-5.906283e-05	7.0907745e-07	0.00017716089	0.00017706173	-0.00056004071
0.01	1.01	0	0	0	1.01	0	0	0	0.99122451	1.0111481	0.00010932875	1.4333462e-06	-3.8951129e-07	1.3725317e-06	0.00011145501	4.0660704e-08	-4.3657896e-07	8.5828793e-08	1.3489504e-08	-7.3599082e-05	1.1069968e-06	0.00022077074	0.00022070497	-0.00029800715
0.012	1.012	0	0	0	1.012	0	0	0	0.98926919	1.0131541	0.00013087079	1.6943678e-06	-4.684154e-07	1.6234589e-06	0.00013333266	3.6243407e-08	-5.2473073e-07	8.496464e-08	1.2613442e-08	-8.8072021e-05	1.5918973e-06	0.00026419103	0.00026414079	-0.00019020307
0.014	1.014	0	0	0	1.014	0	0	0	0.98728439	1.0151219	0.00015239806	1.9474434e-06	-5.4914234e-07	1.8670604e-06	0.00015518054	3.1685236e-08	-6.1319555e-07	8.3693986e-08	1.198066e-08	-0.00010253019	2.1635599e-06	0.00030756665	0.00030751698	-0.00016151895
0.016	1.016	0	0	0	1.016	0	0	0	0.98527962	1.0170608	0.00017393998	2.193102e-06	-6.3112816e-07	2.1037851e-06	0.00017703078	2.7399405e-08	-7.0143792e-07	8.2502667e-08	1.1608527e-08	-0.00011699412	2.8219652e-06	0.00035095908	0.00035090381	-0.00015749645
0.018	1.018	0	0	0	1.018	0	0	0	0.98325936	1.0189753	0.00019550787	2.431763e-06	-7.1403149e-07	2.3339935e-06	0.00019889621	2.3517803e-08	-7.8920035e-07	8.1518369e-08	1.1448701e-08	-0.00013147184	3.5671751e-06	0.00039439248	0.00039432936	-0.0001600611
0.02	1.02	0	0	0	1.02	0	0	0	0.98122588	1.0208674	0.00021710574	2.6637922e-06	-7.9763617e-07	2.5580051e-06	0.00022078174	2.0080191e-08	-8.7634857e-07	8.076522e-08	1.1449563e-08	-0.00014596631	4.3992827e-06	0.0004378758	0.00043780408	-0.00016381651
0.022	1.022	0	0	0	1.022	0	0	0	0.97918042	1.0227383	0.00023873452	2.8895246e-06	-8.8179525e-07	2.7761167e-06	0.00024268894	1.7094615e-08	-9.628057e-07	8.0238356e-08	1.1568348e-08	-0.00016047834	5.3183915e-06	0.00048141159	0.0004813311	-0.00016721754
0.024	1.024	0	0	0	1.024	0	0	0	0.97712373	1.0245885	0.00026039383	3.1092746e-06	-9.6640212e-07	2.9886096e-06	0.00026461789	1.4557816e-08	-1.0485239e-06	7.9926212e-08	1.1771653e-08	-0.00017500783	6.3246071e-06	0.00052499959	0.00052491041	-0.00016990342
0.026	1.026	0	0	0	1.026	0	0	0	0.97505625	1.0264183	0.00028208275	3.3233386e-06	-1.051375e-06	3.1957519e-06	0.00028656803	1.2462587e-08	-1.1334709e-06	7.9817135e-08	1.2033704e-08	-0.00018955427	7.4180331e-06	0.00056863831	0.00056854059	-0.00017187641
0.028	1.028	0	0	0	1.028	0	0	0	0.97297827	1.0282279	0.0003038001	3.5319976e-06	-1.1366484e-06	3.3977991e-06	0.00030853849	1.0800555e-08	-1.2176238e-06	7.99011e-08	1.2334569e-08	-0.00020411697	8.5987694e-06	0.00061232574	0.00061221968	-0.00017323807
0.03	1.03	0	0	0	1.03	0	0	0	0.97088996	1.0300172	0.00032554468	3.7355172e-06	-1.2221679e-06	3.5949945e-06	0.00033052831	9.5632398e-09	-1.3009651e-06	8.016989e-08	1.2658718e-08	-0.00021869522	9.8669118e-06	0.00065605974	0.00065594554	-0.00017410369
0.032	1.032	0	0	0	1.032	0	0	0	0.96879144	1.0317861	0.00034731528	3.9341485e-06	-1.3078872e-06	3.7875691e-06	0.00035253655	8.7424519e-09	-1.3834808e-06	8.0616847e-08	1.2993947e-08	-0.00023328828	1.1222552e-05	0.00069983817	0.00069971601	-0.00017457629
0.034	1.034	0	0	0	1.034	0	0	0	0.96668277	1.0335347	0.00036911078	4.1281284e-06	-1.3937655e-06	3.9757417e-06	0.00037456226	8.3304191e-09	-1.4651595e-06	8.1236543e-08	1.3330582e-08	-0.00024789546	1.2665776e-05	0.00074365896	0.00074352903	-0.00017474083
0.036	1.036	0	0	0	1.036	0	0	0	0.96456398	1.0352627	0.0003909301	4.3176803e-06	-1.4797668e-06	4.1597196e-06	0.00039660459	8.3198055e-09	-1.5459913e-06	8.2024482e-08	1.3660898e-08	-0.00026251612	1.4196668e-05	0.00078752019	0.00078738266	-0.00017466515
0.038	1.038	0	0	0	1.038	0	0	0	0.9624351	1.0369699	0.00041277226	4.503015e-06	-1.5658586e-06	4.3396983e-06	0.00041866273	8.7036922e-09	-1.6259675e-06	8.2976864e-08	1.3978682e-08	-0.00027714966	1.5815307e-05	0.00083142008	0.0008312751	-0.00017440264
0.04	1.04	0	0	0	1.04	0	0	0	0.9602961	1.0386563	0.00043463634	4.6843308e-06	-1.6520112e-06	4.5158627e-06	0.00044073594	9.4755437e-09	-1.7050804e-06	8.4090399e-08	1.4278914e-08	-0.00029179552	1.7521768e-05	0.00087535697	0.00087520469	-0.00017399511
0.042	1.042	0	0	0	1.042	0	0	0	0.95814699	1.0403215	0.0004565215	4.8618143e-06	-1.738197e-06	4.6883871e-06	0.00046282354	1.0629173e-08	-1.7833228e-06	8.5362173e-08	1.4557512e-08	-0.0003064532	1.9316125e-05	0.00091932936	0.00091916991	-0.00017347526
0.044	1.044	0	0	0	1.044	0	0	0	0.95598773	1.0419654	0.00047842697	5.0356417e-06	-1.8243906e-06	4.8574359e-06	0.00048492491	1.2158711e-08	-1.8606882e-06	8.678954e-08	1.4811155e-08	-0.00032112223	2.1198448e-05	0.00096333585	0.00096316935	-0.00017286874
0.046	1.046	0	0	0	1.046	0	0	0	0.95381829	1.0435878	0.00050035202	5.2059785e-06	-1.910568e-06	5.0231645e-06	0.0005070395	1.4058574e-08	-1.9371705e-06	8.8370045e-08	1.5037129e-08	-0.00033580218	2.3168803e-05	0.0010073752	0.0010072017	-0.00017219566
0.048	1.048	0	0	0	1.048	0	0	0	0.95163862	1.0451885	0.000522296	5.3729811e-06	-1.9967066e-06	5.1857191e-06	0.00052916678	1.6323443e-08	-2.0127637e-06	9.010137e-08	1.5233218e-08	-0.00035049267	2.5227255e-05	0.0010514461	0.0010512659	-0.00017147189
0.05	1.05	0	0	0	1.05	0	0	0	0.94944869	1.0467672	0.00054425831	5.5367965e-06	-2.082785e-06	5.3452379e-06	0.00055130631	1.8948241e-08	-2.0874623e-06	9.1981286e-08	1.5397611e-08	-0.00036519334	2.7373866e-05	0.0010955477	0.0010953607	-0.00017070996
0.052	1.052	0	0	0	1.052	0	0	0	0.94724845	1.0483236	0.00056623838	5.6975638e-06	-2.1687829e-06	5.5018515e-06	0.00057345765	2.1928111e-08	-2.1612611e-06	9.4007625e-08	1.5528834e-08	-0.00037990385	2.9608698e-05	0.0011396789	0.0011394853	-0.0001699198
0.054	1.054	0	0	0	1.054	0	0	0	0.94503783	1.0498576	0.00058823571	5.855414e-06	-2.2546805e-06	5.6556832e-06	0.00059562042	2.5258403e-08	-2.2341549e-06	9.617825e-08	1.5625692e-08	-0.00039462392	3.1931807e-05	0.0011838388	0.0011836387	-0.00016910929
0.056	1.056	0	0	0	1.056	0	0	0	0.9428168	1.0513689	0.00061024982	6.010471e-06	-2.3404593e-06	5.8068494e-06	0.00061779427	2.8934657e-08	-2.3061389e-06	9.8491043e-08	1.568722e-08	-0.00040935326	3.4343252e-05	0.0012280266	0.00122782	-0.00016828472
0.058	1.058	0	0	0	1.058	0	0	0	0.94058528	1.0528573	0.00063228027	6.1628519e-06	-2.4261012e-06	5.9554605e-06	0.00063997889	3.2952589e-08	-2.3772082e-06	1.0094389e-07	1.5712648e-08	-0.00042409162	3.6843087e-05	0.0012722416	0.0012720286	-0.00016745109
0.06	1.06	0	0	0	1.06	0	0	0	0.93834321	1.0543224	0.00065432666	6.3126674e-06	-2.5115886e-06	6.1016208e-06	0.00066217399	3.730808e-08	-2.4473583e-06	1.0353465e-07	1.570137e-08	-0.00043883878	3.9431367e-05	0.001316483	0.0013162637	-0.0001666124
0.062	1.062	0	0	0	1.062	0	0	0	0.93609054	1.0557641	0.00067638861	6.4600224e-06	-2.5969048e-06	6.2454291e-06	0.00068437931	4.1997166e-08	-2.5165846e-06	1.062612e-07	1.5652918e-08	-0.00045359452	4.2108142e-05	0.0013607502	0.0013605247	-0.00016577182
0.064	1.064	0	0	0	1.064	0	0	0	0.93382721	1.057182	0.00069846577	6.6050161e-06	-2.6820332e-06	6.3869791e-06	0.00070659461	4.7016025e-08	-2.5848829e-06	1.0912136e-07	1.5566938e-08	-0.00046835865	4.4873465e-05	0.0014050427	0.001404811	-0.00016493192
0.066	1.066	0	0	0	1.066	0	0	0	0.93155313	1.058576	0.00072055784	6.7477427e-06	-2.7669579e-06	6.5263597e-06	0.00072881969	5.2360968e-08	-2.652249e-06	1.1211294e-07	1.5443178e-08	-0.00048313099	4.7727386e-05	0.0014493599	0.0014491221	-0.0001640947
0.068	1.068	0	0	0	1.068	0	0	0	0.92926825	1.0599457	0.00074266451	6.8882917e-06	-2.8516633e-06	6.6636553e-06	0.00075105435	5.802843e-08	-2.7186786e-06	1.152337e-07	1.5281467e-08	-0.00049791138	5.0669954e-05	0.0014937014	0.0014934575	-0.00016326178
0.07	1.07	0	0	0	1.07	0	0	0	0.92697249	1.0612908	0.00076478551	7.0267478e-06	-2.9361341e-06	6.7989461e-06	0.00077329843	6.4014965e-08	-2.7841679e-06	1.184814e-07	1.5081707e-08	-0.00051269967	5.3701216e-05	0.0015380666	0.0015378168	-0.00016243443
0.072	1.072	0	0	0	1.072	0	0	0	0.92466579	1.0626111	0.0007869206	7.1631917e-06	-3.0203555e-06	6.9323082e-06	0.00079555176	7.031723e-08	-2.8487129e-06	1.2185372e-07	1.4843861e-08	-0.00052749574	5.6821221e-05	0.0015824552	0.0015821995	-0.00016161363
0.074	1.074	0	0	0	1.074	0	0	0	0.92234806	1.0639064	0.00080906954	7.2977001e-06	-3.1043129e-06	7.0638141e-06	0.00081781422	7.6931988e-08	-2.9123098e-06	1.2534834e-07	1.4567943e-08	-0.00054229944	6.0030014e-05	0.0016268668	0.0016266053	-0.00016080016
0.076	1.076	0	0	0	1.076	0	0	0	0.92001925	1.0651762	0.00083123213	7.430346e-06	-3.187992e-06	7.193533e-06	0.00084008568	8.3856092e-08	-2.974955e-06	1.2896287e-07	1.4254012e-08	-0.00055711069	6.3327642e-05	0.0016713012	0.0016710338	-0.00015999462
0.078	1.078	0	0	0	1.078	0	0	0	0.91767926	1.0664204	0.00085340816	7.5611989e-06	-3.2713787e-06	7.3215305e-06	0.00086236603	9.1086483e-08	-3.0366448e-06	1.326949e-07	1.3902163e-08	-0.00057192936	6.671415e-05	0.0017157579	0.0017154848	-0.00015919746
0.08	1.08	0	0	0	1.08	0	0	0	0.91532803	1.0676386	0.00087559745	7.6903251e-06	-3.3544591e-06	7.4478695e-06	0.00088465519	9.8620181e-08	-3.0973758e-06	1.3654198e-07	1.3512522e-08	-0.00058675539	7.0189581e-05	0.0017602367	0.0017599579	-0.00015840898
0.082	1.082	0	0	0	1.082	0	0	0	0.91296548	1.0688306	0.00089779986	7.8177877e-06	-3.4372197e-06	7.5726097e-06	0.00090695307	1.0645428e-07	-3.1571447e-06	1.4050161e-07	1.3085245e-08	-0.00060158867	7.3753981e-05	0.0018047374	0.001804453	-0.00015762944
0.084	1.084	0	0	0	1.084	0	0	0	0.91059152	1.069996	0.00092001522	7.9436472e-06	-3.5196471e-06	7.6958083e-06	0.00092925961	1.1458595e-07	-3.2159481e-06	1.4457124e-07	1.2620508e-08	-0.00061642915	7.7407393e-05	0.0018492598	0.0018489698	-0.00015685897
0.086	1.086	0	0	0	1.086	0	0	0	0.90820609	1.0711346	0.0009422434	8.067961e-06	-3.6017281e-06	7.81752e-06	0.00095157475	1.2301241e-07	-3.2737829e-06	1.4874831e-07	1.2118505e-08	-0.00063127676	8.114986e-05	0.0018938037	0.0018935081	-0.00015609766
0.088	1.088	0	0	0	1.088	0	0	0	0.90580908	1.0722461	0.00096448429	8.1907844e-06	-3.6834497e-06	7.9377968e-06	0.00097389844	1.3173095e-07	-3.3306461e-06	1.5303019e-07	1.1579449e-08	-0.00064613144	8.4981426e-05	0.0019383688	0.0019380677	-0.00015534554
0.09	1.09	0	0	0	1.09	0	0	0	0.90340044	1.0733301	0.00098673777	8.31217e-06	-3.7647989e-06	8.0566889e-06	0.00099623066	1.4073891e-07	-3.3865346e-06	1.5741422e-07	1.1003562e-08	-0.00066099314	8.8902131e-05	0.0019829551	0.0019826486	-0.0001546026
0.092	1.092	0	0	0	1.092	0	0	0	0.90098006	1.0743863	0.0010090037	8.4321681e-06	-3.845763e-06	8.1742439e-06	0.0010185714	1.5003367e-07	-3.4414456e-06	1.618977e-07	1.0391078e-08	-0.00067586183	9.291202e-05	0.0020275625	0.0020272506	-0.00015386879
0.094	1.094	0	0	0	1.094	0	0	0	0.89854787	1.0754144	0.0010312821	8.5508272e-06	-3.9263296e-06	8.2905078e-06	0.0010409206	1.5961266e-07	-3.4953764e-06	1.664779e-07	9.7422406e-09	-0.00069073747	9.7011134e-05	0.0020721908	0.0020718735	-0.00015314404
0.096	1.096	0	0	0	1.096	0	0	0	0.89610378	1.0764142	0.0010535728	8.6681934e-06	-4.0064862e-06	8.4055244e-06	0.0010632782	1.6947337e-07	-3.5483244e-06	1.7115204e-07	9.057297e-09	-0.00070562004	0.00010119951	0.00211684	0.0021165173	-0.00015242825
0.098	1.098	0	0	0	1.098	0	0	0	0.8936477	1.0773852	0.0010758758	8.7843111e-06	-4.0862206e-06	8.5193359e-06	0.0010856444	1.7961328e-07	-3.600287e-06	1.759173e-07	8.3365006e-09	-0.0007205095	0.0001054772	0.0021615099	0.002161182	-0.00015172129
0.1	1.1	0	0	0	1.1	0	0	0	0.89117954	1.0783272	0.001098191	8.8992229e-06	-4.1655206e-06	8.6319828e-06	0.001108019	1.9002995e-07	-3.6512619e-06	1.8077083e-07	7.5801075e-09	-0.00073540586	0.00010984424	0.0022062006	0.0022058675	-0.00015102304
0.102	1.102	0	0	0	1.102	0	0	0	0.88869922	1.0792399	0.0011205184	9.0129697e-06	-4.2443741e-06	8.7435039e-06	0.0011304021	2.0072094e-07	-3.7012468e-06	1.8570974e-07	6.7883757e-09	-0.00075030909	0.00011430067	0.0022509121	0.0022505737	-0.00015033336
0.104	1.104	0	0	0	1.104	0	0	0	0.88620664	1.0801228	0.0011428579	9.1255907e-06	-4.3227694e-06	8.8539364e-06	0.0011527938	2.1168384e-07	-3.7502396e-06	1.907311e-07	5.9615639e-09	-0.0007652192	0.00011884654	0.0022956442	0.0022953007	-0.0001496521
0.106	1.106	0	0	0	1.106	0	0	0	0.88370171	1.0809758	0.0011652095	9.2371236e-06	-4.4006946e-06	8.9633164e-06	0.001175194	2.2291627e-07	-3.7982381e-06	1.9583195e-07	5.0999306e-09	-0.00078013619	0.00012348188	0.0023403971	0.0023400485	-0.00014897908
0.108	1.108	0	0	0	1.108	0	0	0	0.88118435	1.0817983	0.0011875732	9.3476048e-06	-4.478138e-06	9.0716783e-06	0.0011976028	2.3441587e-07	-3.8452405e-06	2.010093e-07	4.2037329e-09	-0.00079506007	0.00012820673	0.0023851707	0.002384817	-0.00014831416
0.11	1.11	0	0	0	1.11	0	0	0	0.87865445	1.0825901	0.001209949	9.4570692e-06	-4.5550882e-06	9.1790554e-06	0.0012200203	2.4618029e-07	-3.891245e-06	2.0626012e-07	3.273226e-09	-0.00080999084	0.00013302114	0.0024299651	0.0024296064	-0.00014765716
0.112	1.112	0	0	0	1.112	0	0	0	0.87611192	1.0833509	0.0012323369	9.5655503e-06	-4.6315337e-06	9.2854797e-06	0.0012424464	2.5820719e-07	-3.9362499e-06	2.1158133e-07	2.3086625e-09	-0.00082492853	0.00013792516	0.0024747804	0.0024744166	-0.00014700792
0.114	1.114	0	0	0	1.114	0	0	0	0.87355666	1.0840803	0.0012547368	9.6730807e-06	-4.7074631e-06	9.3909821e-06	0.0012648814	2.7049425e-07	-3.9802537e-06	2.1696986e-07	1.3102914e-09	-0.00083987317	0.00014291881	0.0025196165	0.0025192478	-0.00014636625
0.116	1.116	0	0	0	1.116	0	0	0	0.87098859	1.084778	0.0012771489	9.7796914e-06	-4.7828653e-06	9.4955923e-06	0.0012873251	2.8303916e-07	-4.0232551e-06	2.2242256e-07	2.7835802e-10	-0.00085482477	0.00014800215	0.0025644737	0.0025641	-0.00014573198
0.118	1.118	0	0	0	1.118	0	0	0	0.86840759	1.0854435	0.0012995731	9.8854126e-06	-4.8577291e-06	9.599339e-06	0.0013097778	2.9583962e-07	-4.0652526e-06	2.2793629e-07	-7.8689673e-10	-0.00086978337	0.00015317521	0.0026093519	0.0026089733	-0.00014510495
0.12	1.12	0	0	0	1.12	0	0	0	0.86581357	1.0860765	0.0013220094	9.9902735e-06	-4.9320436e-06	9.70225e-06	0.0013322395	3.0889331e-07	-4.1062453e-06	2.3350785e-07	-1.8852368e-09	-0.00088474901	0.00015843804	0.0026542514	0.0026538679	-0.00014448497
0.122	1.122	0	0	0	1.122	0	0	0	0.86320643	1.0866768	0.001344458	1.0094302e-05	-5.0057977e-06	9.804352e-06	0.0013547103	3.2219795e-07	-4.1462321e-06	2.3913404e-07	-3.0164315e-09	-0.00089972173	0.00016379068	0.0026991722	0.0026987839	-0.00014387188
0.124	1.124	0	0	0	1.124	0	0	0	0.86058607	1.0872438	0.0013669188	1.0197525e-05	-5.0789807e-06	9.9056709e-06	0.0013771902	3.3575123e-07	-4.1852121e-06	2.448116e-07	-4.1802554e-09	-0.00091470159	0.00016923318	0.0027441144	0.0027437213	-0.00014326551
0.126	1.126	0	0	0	1.126	0	0	0	0.85795238	1.0877772	0.0013893918	1.0299969e-05	-5.1515819e-06	1.0006232e-05	0.0013996794	3.4955085e-07	-4.2231846e-06	2.5053727e-07	-5.3764891e-09	-0.00092968862	0.00017476557	0.0027890783	0.0027886805	-0.00014266567
0.128	1.128	0	0	0	1.128	0	0	0	0.85530526	1.0882767	0.0014118773	1.0401659e-05	-5.2235907e-06	1.0106059e-05	0.001422178	3.6359453e-07	-4.2601492e-06	2.5630774e-07	-6.6049195e-09	-0.00094468289	0.0001803879	0.002834064	0.0028336614	-0.0001420722
0.13	1.13	0	0	0	1.13	0	0	0	0.8526446	1.0887419	0.0014343752	1.050262e-05	-5.2949966e-06	1.0205175e-05	0.0014446861	3.7787995e-07	-4.2961052e-06	2.6211971e-07	-7.8653397e-09	-0.00095968446	0.00018610021	0.0028790717	0.0028786644	-0.00014148494
0.132	1.132	0	0	0	1.132	0	0	0	0.8499703	1.0891723	0.0014568856	1.0602875e-05	-5.3657892e-06	1.0303604e-05	0.0014672038	3.924048e-07	-4.3310526e-06	2.6796983e-07	-9.1575495e-09	-0.00097469339	0.00019190256	0.0029241016	0.0029236896	-0.00014090371
0.134	1.134	0	0	0	1.134	0	0	0	0.84728225	1.0895677	0.0014794085	1.0702448e-05	-5.4359582e-06	1.0401366e-05	0.0014897312	4.0716678e-07	-4.364991e-06	2.7385472e-07	-1.0481355e-08	-0.00098970975	0.00019779497	0.0029691539	0.0029687373	-0.00014032835
0.136	1.136	0	0	0	1.136	0	0	0	0.84458035	1.0899276	0.0015019442	1.080136e-05	-5.5054934e-06	1.0498484e-05	0.0015122685	4.2216356e-07	-4.3979206e-06	2.7977099e-07	-1.1836571e-08	-0.0010047336	0.00020377751	0.0030142287	0.0030138075	-0.0001397587
0.138	1.138	0	0	0	1.138	0	0	0	0.84186447	1.0902515	0.0015244926	1.0899633e-05	-5.5743847e-06	1.0594979e-05	0.0015348159	4.3739281e-07	-4.4298415e-06	2.8571524e-07	-1.3223017e-08	-0.0010197651	0.0002098502	0.0030593265	0.0030589007	-0.00013919459
0.14	1.14	0	0	0	1.14	0	0	0	0.83913452	1.0905392	0.0015470539	1.0997289e-05	-5.6426223e-06	1.0690869e-05	0.0015573734	4.5285219e-07	-4.4607541e-06	2.9168403e-07	-1.4640521e-08	-0.0010348042	0.00021601311	0.0031044473	0.003104017	-0.00013863586
0.142	1.142	0	0	0	1.142	0	0	0	0.83639038	1.0907902	0.0015696283	1.1094346e-05	-5.7101961e-06	1.0786175e-05	0.0015799412	4.6853935e-07	-4.4906588e-06	2.9767392e-07	-1.6088918e-08	-0.0010498511	0.00022226627	0.0031495916	0.0031491567	-0.00013808235
0.144	1.144	0	0	0	1.144	0	0	0	0.83363193	1.0910041	0.0015922157	1.1190826e-05	-5.7770965e-06	1.0880915e-05	0.0016025195	4.8445194e-07	-4.5195562e-06	3.0368142e-07	-1.7568052e-08	-0.0010649059	0.00022860973	0.0031947595	0.0031943201	-0.00013753391
0.146	1.146	0	0	0	1.146	0	0	0	0.83085906	1.0911805	0.0016148164	1.1286747e-05	-5.8433139e-06	1.0975109e-05	0.0016251084	5.0058757e-07	-4.5474473e-06	3.0970307e-07	-1.9077773e-08	-0.0010799686	0.00023504355	0.0032399513	0.0032395075	-0.00013699038
0.148	1.148	0	0	0	1.148	0	0	0	0.82807166	1.091319	0.0016374304	1.1382127e-05	-5.9088386e-06	1.1068773e-05	0.0016477082	5.1694386e-07	-4.5743329e-06	3.1573534e-07	-2.0617937e-08	-0.0010950393	0.00024156776	0.0032851674	0.0032847192	-0.00013645159
0.15	1.15	0	0	0	1.15	0	0	0	0.82526961	1.0914191	0.001660058	1.1476986e-05	-5.9736613e-06	1.1161925e-05	0.0016703189	5.3351842e-07	-4.6002141e-06	3.2177473e-07	-2.2188412e-08	-0.0011101182	0.00024818243	0.0033304081	0.0033299555	-0.0001359174
0.152	1.152	0	0	0	1.152	0	0	0	0.82245278	1.0914804	0.0016826993	1.1571339e-05	-6.0377727e-06	1.1254581e-05	0.0016929408	5.5030883e-07	-4.6250923e-06	3.2781769e-07	-2.3789071e-08	-0.0011252054	0.00025488759	0.0033756737	0.0033752167	-0.00013538766
0.154	1.154	0	0	0	1.154	0	0	0	0.81962108	1.0915025	0.0017053544	1.1665206e-05	-6.1011637e-06	1.134676e-05	0.0017155741	5.6731266e-07	-4.6489689e-06	3.3386069e-07	-2.5419793e-08	-0.001140301	0.00026168329	0.0034209646	0.0034205033	-0.0001348622
0.156	1.156	0	0	0	1.156	0	0	0	0.81677436	1.091485	0.0017280235	1.1758601e-05	-6.1638251e-06	1.1438475e-05	0.001738219	5.8452747e-07	-4.6718456e-06	3.3990017e-07	-2.7080469e-08	-0.0011554051	0.0002685696	0.0034662812	0.0034658156	-0.00013434087
0.158	1.158	0	0	0	1.158	0	0	0	0.81391252	1.0914274	0.0017507068	1.1851542e-05	-6.2257482e-06	1.1529744e-05	0.0017608757	6.019508e-07	-4.6937241e-06	3.4593254e-07	-2.8770996e-08	-0.0011705179	0.00027554656	0.0035116238	0.0035111539	-0.00013382354
0.16	1.16	0	0	0	1.16	0	0	0	0.81103543	1.0913293	0.0017734045	1.1944044e-05	-6.286924e-06	1.1620581e-05	0.0017835444	6.1958017e-07	-4.7146065e-06	3.5195423e-07	-3.0491277e-08	-0.0011856394	0.00028261422	0.0035569928	0.0035565187	-0.00013331003
0.162	1.162	0	0	0	1.162	0	0	0	0.80814297	1.0911902	0.0017961167	1.2036122e-05	-6.3473439e-06	1.1711001e-05	0.0018062253	6.3741308e-07	-4.7344948e-06	3.5796165e-07	-3.2241225e-08	-0.0012007699	0.00028977263	0.0036023887	0.0036019104	-0.0001328002
0.164	1.164	0	0	0	1.164	0	0	0	0.80523501	1.0910097	0.0018188436	1.2127793e-05	-6.4069995e-06	1.1801019e-05	0.0018289187	6.5544704e-07	-4.7533915e-06	3.6395119e-07	-3.4020762e-08	-0.0012159094	0.00029702186	0.0036478119	0.0036473294	-0.00013229391
0.166	1.166	0	0	0	1.166	0	0	0	0.80231143	1.0907873	0.0018415856	1.2219069e-05	-6.4658823e-06	1.1890648e-05	0.0018516248	6.7367951e-07	-4.7712989e-06	3.6991924e-07	-3.5829814e-08	-0.0012310582	0.00030436195	0.0036932628	0.0036927762	-0.00013179098
0.168	1.168	0	0	0	1.168	0	0	0	0.79937211	1.0905226	0.0018643427	1.2309966e-05	-6.5239842e-06	1.1979903e-05	0.0018743438	6.9210793e-07	-4.7882199e-06	3.7586218e-07	-3.7668318e-08	-0.0012462163	0.00031179296	0.003738742	0.0037382512	-0.00013129129
0.17	1.17	0	0	0	1.17	0	0	0	0.79641691	1.0902151	0.0018871152	1.2400498e-05	-6.5812969e-06	1.2068798e-05	0.0018970761	7.1072975e-07	-4.8041572e-06	3.8177639e-07	-3.9536218e-08	-0.0012613839	0.00031931495	0.0037842498	0.003783755	-0.00013079467
0.172	1.172	0	0	0	1.172	0	0	0	0.79344571	1.0898643	0.0019099034	1.2490679e-05	-6.6378127e-06	1.2157344e-05	0.0019198218	7.2954238e-07	-4.819114e-06	3.8765823e-07	-4.1433466e-08	-0.0012765613	0.00032692798	0.0038297869	0.003829288	-0.00013030096
0.174	1.174	0	0	0	1.174	0	0	0	0.79045839	1.0894698	0.0019327074	1.2580521e-05	-6.6935237e-06	1.2245556e-05	0.0019425813	7.485432e-07	-4.8330935e-06	3.9350407e-07	-4.3360021e-08	-0.0012917485	0.00033463211	0.0038753537	0.0038748507	-0.00012981002
0.176	1.176	0	0	0	1.176	0	0	0	0.78745481	1.0890311	0.0019555277	1.2670038e-05	-6.7484224e-06	1.2333446e-05	0.0019653549	7.677296e-07	-4.8460991e-06	3.9931026e-07	-4.531585e-08	-0.0013069457	0.00034242738	0.0039209508	0.0039204438	-0.00012932169
0.178	1.178	0	0	0	1.178	0	0	0	0.78443484	1.0885477	0.0019783643	1.2759243e-05	-6.8025012e-06	1.2421027e-05	0.0019881428	7.8709891e-07	-4.8581345e-06	4.0507315e-07	-4.7300928e-08	-0.0013221533	0.00035031388	0.0039665787	0.0039660678	-0.00012883581
0.18	1.18	0	0	0	1.18	0	0	0	0.78139836	1.0880191	0.0020012176	1.2848148e-05	-6.8557529e-06	1.250831e-05	0.0020109454	8.0664847e-07	-4.8692034e-06	4.107891e-07	-4.9315239e-08	-0.0013373712	0.00035829166	0.0040122381	0.0040117232	-0.00012835222
0.182	1.182	0	0	0	1.182	0	0	0	0.77834523	1.0874448	0.0020240879	1.2936766e-05	-6.9081705e-06	1.2595307e-05	0.0020337629	8.2637557e-07	-4.8793101e-06	4.1645444e-07	-5.1358771e-08	-0.0013525998	0.00036636077	0.0040579294	0.0040574106	-0.00012787077
0.184	1.184	0	0	0	1.184	0	0	0	0.77527532	1.0868244	0.0020469755	1.3025108e-05	-6.959747e-06	1.2682031e-05	0.0020565957	8.4627749e-07	-4.8884585e-06	4.2206552e-07	-5.3431523e-08	-0.0013678393	0.0003745213	0.0041036535	0.0041031308	-0.00012739129
0.186	1.186	0	0	0	1.186	0	0	0	0.77218851	1.0861573	0.0020698807	1.3113188e-05	-7.0104757e-06	1.2768493e-05	0.0020794442	8.6635148e-07	-4.8966533e-06	4.2761868e-07	-5.5533499e-08	-0.0013830898	0.0003827733	0.0041494108	0.0041488843	-0.00012691362
0.188	1.188	0	0	0	1.188	0	0	0	0.76908465	1.085443	0.0020928038	1.3201015e-05	-7.0603501e-06	1.2854703e-05	0.0021023086	8.8659477e-07	-4.9038991e-06	4.3311025e-07	-5.7664712e-08	-0.0013983516	0.00039111683	0.0041952021	0.0041946718	-0.00012643758
0.19	1.19	0	0	0	1.19	0	0	0	0.76596362	1.0846811	0.0021157451	1.3288602e-05	-7.1093639e-06	1.2940674e-05	0.0021251894	9.0700454e-07	-4.9102006e-06	4.3853656e-07	-5.9825182e-08	-0.0014136249	0.00039955198	0.0042410281	0.0042404939	-0.00012596302
0.192	1.192	0	0	0	1.192	0	0	0	0.76282528	1.083871	0.002138705	1.337596e-05	-7.157511e-06	1.3026415e-05	0.0021480869	9.2757795e-07	-4.9155631e-06	4.4389396e-07	-6.2014934e-08	-0.00142891	0.00040807881	0.0042868895	0.0042863516	-0.00012548975
0.194	1.194	0	0	0	1.194	0	0	0	0.7596695	1.0830122	0.0021616839	1.3463101e-05	-7.2047855e-06	1.3111938e-05	0.0021710014	9.4831214e-07	-4.9199917e-06	4.4917876e-07	-6.4234003e-08	-0.001444207	0.00041669739	0.0043327869	0.0043322453	-0.0001250176
0.196	1.196	0	0	0	1.196	0	0	0	0.75649615	1.0821042	0.002184682	1.3550034e-05	-7.2511818e-06	1.3197254e-05	0.0021939335	9.692042e-07	-4.923492e-06	4.543873e-07	-6.6482428e-08	-0.0014595164	0.00042540779	0.0043787213	0.004378176	-0.00012454638
0.198	1.198	0	0	0	1.198	0	0	0	0.7533051	1.0811465	0.0022076999	1.3636771e-05	-7.2966945e-06	1.3282372e-05	0.0022168835	9.9025118e-07	-4.9260697e-06	4.595159e-07	-6.8760257e-08	-0.0014748382	0.00043421009	0.0044246934	0.0044241445	-0.00012407592
0.2	1.2	0	0	0	1.2	0	0	0	0.75009621	1.0801385	0.0022307378	1.3723322e-05	-7.3413184e-06	1.3367303e-05	0.0022398519	1.0114501e-06	-4.9277308e-06	4.6456089e-07	-7.1067544e-08	-0.0014901729	0.00044310437	0.004470704	0.0044701514	-0.00012360602
0.202	1.202	0	0	0	1.202	0	0	0	0.74686935	1.0790798	0.0022537962	1.3809697e-05	-7.3850486e-06	1.3452058e-05	0.002262839	1.0327979e-06	-4.9284815e-06	4.6951858e-07	-7.3404348e-08	-0.0015055206	0.0004520907	0.0045167539	0.0045161978	-0.0001231365
0.204	1.204	0	0	0	1.204	0	0	0	0.7436244	1.0779698	0.0022768756	1.3895908e-05	-7.4278806e-06	1.3536645e-05	0.0022858453	1.0542915e-06	-4.9283282e-06	4.7438529e-07	-7.5770734e-08	-0.0015208817	0.00046116916	0.0045628441	0.0045622845	-0.00012266714
0.206	1.206	0	0	0	1.206	0	0	0	0.74036121	1.076808	0.0022999763	1.3981963e-05	-7.46981e-06	1.3621075e-05	0.0023088713	1.0759279e-06	-4.9272776e-06	4.7915734e-07	-7.8166776e-08	-0.0015362565	0.00047033984	0.0046089755	0.0046084123	-0.00012219774
0.208	1.208	0	0	0	1.208	0	0	0	0.73707967	1.0755938	0.0023230988	1.4067873e-05	-7.5108326e-06	1.3705357e-05	0.0023319175	1.0977037e-06	-4.9253367e-06	4.8383102e-07	-8.0592549e-08	-0.0015516452	0.00047960281	0.0046551489	0.0046545823	-0.0001217281
0.21	1.21	0	0	0	1.21	0	0	0	0.73377963	1.0743268	0.0023462436	1.4153648e-05	-7.5509449e-06	1.3789502e-05	0.0023549843	1.1196158e-06	-4.9225125e-06	4.8840264e-07	-8.3048137e-08	-0.0015670483	0.00048895817	0.0047013653	0.0047007953	-0.00012125799
0.212	1.212	0	0	0	1.212	0	0	0	0.73046098	1.0730063	0.0023694112	1.4239298e-05	-7.5901433e-06	1.3873518e-05	0.0023780724	1.1416609e-06	-4.9188126e-06	4.928685e-07	-8.5533627e-08	-0.001582466	0.00049840599	0.0047476259	0.0047470525	-0.0001207872
0.214	1.214	0	0	0	1.214	0	0	0	0.72712359	1.0716318	0.0023926021	1.4324832e-05	-7.6284247e-06	1.3957415e-05	0.0024011821	1.1638355e-06	-4.9142446e-06	4.9722487e-07	-8.8049111e-08	-0.0015978987	0.00050794638	0.0047939315	0.0047933548	-0.00012031547
0.216	1.216	0	0	0	1.216	0	0	0	0.72376733	1.0702029	0.0024158167	1.441026e-05	-7.6657865e-06	1.4041202e-05	0.0024243141	1.1861361e-06	-4.9088164e-06	5.0146803e-07	-9.0594687e-08	-0.0016133468	0.00051757941	0.0048402833	0.0048397033	-0.00011984259
0.218	1.218	0	0	0	1.218	0	0	0	0.72039207	1.0687189	0.0024390557	1.4495592e-05	-7.7022262e-06	1.4124889e-05	0.002447469	1.2085593e-06	-4.9025363e-06	5.0559424e-07	-9.3170453e-08	-0.0016288105	0.00052730519	0.0048866824	0.0048860991	-0.00011936828
0.22	1.22	0	0	0	1.22	0	0	0	0.71699771	1.0671794	0.0024623196	1.4580836e-05	-7.7377419e-06	1.4208484e-05	0.0024706473	1.2311013e-06	-4.8954129e-06	5.0959975e-07	-9.5776515e-08	-0.0016442904	0.00053712381	0.0049331299	0.0049325434	-0.00011889231
0.222	1.222	0	0	0	1.222	0	0	0	0.71358412	1.0655837	0.0024856089	1.4666002e-05	-7.7723318e-06	1.4291997e-05	0.0024938496	1.2537585e-06	-4.8874548e-06	5.1348077e-07	-9.8412978e-08	-0.0016597867	0.00054703536	0.004979627	0.0049790374	-0.00011841439
0.224	1.224	0	0	0	1.224	0	0	0	0.71015118	1.0639315	0.0025089244	1.4751099e-05	-7.8059949e-06	1.4375436e-05	0.0025170765	1.2765268e-06	-4.8786712e-06	5.1723353e-07	-1.0107995e-07	-0.0016752999	0.00055703996	0.0050261749	0.0050255822	-0.00011793425
0.226	1.226	0	0	0	1.226	0	0	0	0.70669879	1.062222	0.0025322664	1.4836137e-05	-7.8387303e-06	1.4458811e-05	0.0025403288	1.2994023e-06	-4.8690714e-06	5.2085419e-07	-1.0377755e-07	-0.0016908305	0.00056713769	0.0050727749	0.0050721791	-0.00011745159
0.228	1.228	0	0	0	1.228	0	0	0	0.70322682	1.0604548	0.0025556359	1.4921125e-05	-7.8705378e-06	1.454213e-05	0.002563607	1.3223808e-06	-4.8586651e-06	5.2433892e-07	-1.0650588e-07	-0.0017063788	0.00057732867	0.0051194283	0.0051188295	-0.00011696612
0.23	1.23	0	0	0	1.23	0	0	0	0.69973518	1.0586294	0.0025790332	1.5006071e-05	-7.9014175e-06	1.4625401e-05	0.0025869119	1.3454579e-06	-4.8474622e-06	5.2768383e-07	-1.0926506e-07	-0.0017219453	0.00058761301	0.0051661364	0.0051655347	-0.00011647751
0.232	1.232	0	0	0	1.232	0	0	0	0.69622376	1.0567451	0.0026024593	1.5090985e-05	-7.93137e-06	1.4708635e-05	0.0026102441	1.3686292e-06	-4.8354731e-06	5.3088501e-07	-1.1205519e-07	-0.0017375304	0.00059799081	0.0052129007	0.0052122961	-0.00011598544
0.234	1.234	0	0	0	1.234	0	0	0	0.69269247	1.0548016	0.0026259147	1.5175876e-05	-7.9603964e-06	1.4791839e-05	0.0026336045	1.39189e-06	-4.8227082e-06	5.339385e-07	-1.1487639e-07	-0.0017531347	0.00060846219	0.0052597225	0.0052591152	-0.00011548957
0.236	1.236	0	0	0	1.236	0	0	0	0.68914121	1.0527983	0.0026494002	1.5260752e-05	-7.9884986e-06	1.4875022e-05	0.0026569936	1.4152352e-06	-4.8091787e-06	5.3684031e-07	-1.1772878e-07	-0.0017687587	0.00061902727	0.0053066034	0.0053059933	-0.00011498953
0.238	1.238	0	0	0	1.238	0	0	0	0.68556989	1.0507346	0.0026729165	1.5345624e-05	-8.0156787e-06	1.4958192e-05	0.0026804125	1.4386598e-06	-4.7948956e-06	5.3958635e-07	-1.2061244e-07	-0.0017844028	0.00062968617	0.0053535449	0.0053529321	-0.00011448494
0.24	1.24	0	0	0	1.24	0	0	0	0.68197843	1.04861	0.0026964644	1.5430498e-05	-8.0419396e-06	1.5041359e-05	0.0027038618	1.4621583e-06	-4.7798706e-06	5.4217252e-07	-1.235275e-07	-0.0018000676	0.000640439	0.0054005486	0.0053999332	-0.00011397542
0.242	1.242	0	0	0	1.242	0	0	0	0.67836676	1.0464241	0.0027200447	1.5515386e-05	-8.0672847e-06	1.512453e-05	0.0027273424	1.4857249e-06	-4.7641156e-06	5.4459461e-07	-1.2647403e-07	-0.0018157535	0.0006512859	0.0054476161	0.0054469981	-0.00011346055
0.244	1.244	0	0	0	1.244	0	0	0	0.6747348	1.0441764	0.0027436583	1.5600295e-05	-8.0917181e-06	1.5207715e-05	0.0027508551	1.5093535e-06	-4.7476429e-06	5.4684836e-07	-1.2945213e-07	-0.0018314613	0.00066222699	0.0054947492	0.0054941287	-0.0001129399
0.246	1.246	0	0	0	1.246	0	0	0	0.67108248	1.0418663	0.002767306	1.5685235e-05	-8.1152445e-06	1.5290921e-05	0.0027744009	1.5330377e-06	-4.730465e-06	5.4892939e-07	-1.3246189e-07	-0.0018471915	0.00067326242	0.0055419495	0.0055413266	-0.00011241302
0.248	1.248	0	0	0	1.248	0	0	0	0.66740976	1.0394934	0.0027909887	1.5770214e-05	-8.1378692e-06	1.5374158e-05	0.0027979807	1.5567705e-06	-4.7125951e-06	5.5083324e-07	-1.3550336e-07	-0.0018629446	0.0006843923	0.0055892188	0.0055885936	-0.00011187943
0.25	1.25	0	0	0	1.25	0	0	0	0.66371659	1.0370572	0.0028147072	1.5855241e-05	-8.1595986e-06	1.5457433e-05	0.0028215954	1.5805447e-06	-4.6940464e-06	5.5255534e-07	-1.3857662e-07	-0.0018787213	0.00069561679	0.0056365592	0.0056359317	-0.00011133864
0.252	1.252	0	0	0	1.252	0	0	0	0.66000292	1.0345572	0.0028384626	1.5940326e-05	-8.1804393e-06	1.5540756e-05	0.0028452459	1.6043524e-06	-4.6748325e-06	5.5409097e-07	-1.4168171e-07	-0.0018945223	0.00070693603	0.0056839723	0.0056833427	-0.00011079012
0.254	1.254	0	0	0	1.254	0	0	0	0.65626874	1.0319931	0.0028622558	1.6025478e-05	-8.200399e-06	1.5624134e-05	0.0028689334	1.6281852e-06	-4.6549677e-06	5.5543528e-07	-1.4481865e-07	-0.0019103481	0.00071835016	0.0057314603	0.0057308286	-0.00011023332
0.256	1.256	0	0	0	1.256	0	0	0	0.65251401	1.0293643	0.0028860878	1.6110706e-05	-8.2194861e-06	1.5707577e-05	0.0028926589	1.652034e-06	-4.6344663e-06	5.5658326e-07	-1.4798746e-07	-0.0019261996	0.00072985934	0.0057790253	0.0057783915	-0.00010966766
0.258	1.258	0	0	0	1.258	0	0	0	0.64873873	1.0266706	0.0029099597	1.6196018e-05	-8.2377098e-06	1.5791092e-05	0.0029164234	1.6758891e-06	-4.6133432e-06	5.5752973e-07	-1.5118813e-07	-0.0019420773	0.00074146373	0.0058266692	0.0058260336	-0.00010909255
0.26	1.26	0	0	0	1.26	0	0	0	0.64494291	1.0239114	0.0029338724	1.6281425e-05	-8.2550802e-06	1.5874689e-05	0.002940228	1.6997399e-06	-4.5916135e-06	5.582693e-07	-1.5442063e-07	-0.001957982	0.00075316348	0.0058743943	0.0058737569	-0.00010850734
0.262	1.262	0	0	0	1.262	0	0	0	0.64112656	1.0210864	0.0029578272	1.6366936e-05	-8.2716081e-06	1.5958376e-05	0.0029640739	1.7235752e-06	-4.5692929e-06	5.5879635e-07	-1.576849e-07	-0.0019739145	0.00076495875	0.0059222028	0.0059215638	-0.00010791137
0.264	1.264	0	0	0	1.264	0	0	0	0.6372897	1.0181952	0.0029818252	1.6452559e-05	-8.2873054e-06	1.6042161e-05	0.0029879623	1.7473825e-06	-4.5463971e-06	5.5910504e-07	-1.6098085e-07	-0.0019898755	0.00077684973	0.0059700971	0.0059694566	-0.00010730392
0.266	1.266	0	0	0	1.266	0	0	0	0.6334324	1.0152376	0.0030058674	1.6538305e-05	-8.3021847e-06	1.6126054e-05	0.0030118944	1.7711485e-06	-4.5229426e-06	5.5918923e-07	-1.6430836e-07	-0.0020058659	0.00078883658	0.0060180796	0.0060174376	-0.00010668427
0.268	1.268	0	0	0	1.268	0	0	0	0.62955469	1.0122131	0.0030299552	1.6624184e-05	-8.3162596e-06	1.6210062e-05	0.0030358715	1.7948586e-06	-4.4989459e-06	5.5904247e-07	-1.6766727e-07	-0.0020218864	0.00080091948	0.0060661527	0.0060655094	-0.00010605163
0.27	1.27	0	0	0	1.27	0	0	0	0.62565666	1.0091216	0.0030540898	1.6710205e-05	-8.3295446e-06	1.6294195e-05	0.0030598948	1.8184968e-06	-4.4744242e-06	5.5865801e-07	-1.7105738e-07	-0.0020379379	0.00081309862	0.0061143189	0.0061136745	-0.00010540519
0.272	1.272	0	0	0	1.272	0	0	0	0.6217384	1.0059628	0.0030782724	1.6796379e-05	-8.3420552e-06	1.6378461e-05	0.0030839657	1.8420458e-06	-4.4493946e-06	5.5802868e-07	-1.7447845e-07	-0.0020540212	0.00082537418	0.0061625809	0.0061619354	-0.00010474409
0.274	1.274	0	0	0	1.274	0	0	0	0.61780001	1.0027364	0.0031025044	1.6882714e-05	-8.3538078e-06	1.6462869e-05	0.0031080856	1.8654867e-06	-4.423875e-06	5.5714691e-07	-1.7793017e-07	-0.0020701374	0.00083774636	0.0062109413	0.006210295	-0.00010406742
0.276	1.276	0	0	0	1.276	0	0	0	0.61384163	0.99944221	0.0031267872	1.6969223e-05	-8.3648197e-06	1.6547428e-05	0.0031322558	1.8887986e-06	-4.3978832e-06	5.5600467e-07	-1.8141218e-07	-0.0020862872	0.00085021536	0.0062594029	0.0062587559	-0.00010337424
0.278	1.278	0	0	0	1.278	0	0	0	0.6098634	0.99608014	0.003151122	1.7055916e-05	-8.3751091e-06	1.6632148e-05	0.0031564778	1.9119588e-06	-4.3714376e-06	5.5459342e-07	-1.8492407e-07	-0.0021024716	0.00086278138	0.0063079686	0.006307321	-0.00010266355
0.28	1.28	0	0	0	1.28	0	0	0	0.6058655	0.99265003	0.0031755104	1.7142803e-05	-8.3846952e-06	1.6717036e-05	0.0031807531	1.9349423e-06	-4.3445566e-06	5.5290402e-07	-1.8846534e-07	-0.0021186917	0.00087544464	0.0063566412	0.0063559933	-0.0001019343
0.282	1.282	0	0	0	1.282	0	0	0	0.60184811	0.98915181	0.0031999538	1.7229895e-05	-8.393598e-06	1.6802103e-05	0.0032050833	1.9577217e-06	-4.317259e-06	5.5092675e-07	-1.9203541e-07	-0.0021349484	0.00088820536	0.0064054238	0.0064047758	-0.00010118539
0.284	1.284	0	0	0	1.284	0	0	0	0.59781145	0.98558544	0.0032244538	1.7317205e-05	-8.4018383e-06	1.6887357e-05	0.0032294699	1.9802666e-06	-4.2895637e-06	5.4865116e-07	-1.9563362e-07	-0.0021512427	0.00090106375	0.0064543195	0.0064536714	-0.00010041568
0.286	1.286	0	0	0	1.286	0	0	0	0.59375576	0.9819509	0.0032490118	1.7404744e-05	-8.4094378e-06	1.6972808e-05	0.0032539145	2.002544e-06	-4.26149e-06	5.4606604e-07	-1.9925921e-07	-0.0021675757	0.00091402004	0.0065033313	0.0065026835	-9.9623946e-05
0.288	1.288	0	0	0	1.288	0	0	0	0.5896813	0.97824826	0.0032736295	1.7492524e-05	-8.4164187e-06	1.7058465e-05	0.0032784188	2.0245171e-06	-4.2330569e-06	5.4315934e-07	-2.0291132e-07	-0.0021839485	0.00092707448	0.0065524626	0.0065518153	-9.8808933e-05
0.29	1.29	0	0	0	1.29	0	0	0	0.58558837	0.97447761	0.0032983085	1.7580557e-05	-8.422804e-06	1.7144337e-05	0.0033029845	2.0461455e-06	-4.2042838e-06	5.3991805e-07	-2.0658895e-07	-0.0022003621	0.0009402273	0.0066017167	0.00660107	-9.7969314e-05
0.292	1.292	0	0	0	1.292	0	0	0	0.58147729	0.9706391	0.0033230504	1.7668857e-05	-8.4286172e-06	1.7230435e-05	0.0033276133	2.0673848e-06	-4.1751899e-06	5.3632816e-07	-2.1029099e-07	-0.0022168178	0.00095347876	0.0066510969	0.0066504511	-9.7103702e-05
0.294	1.294	0	0	0	1.294	0	0	0	0.57734839	0.96673293	0.003347857	1.7757438e-05	-8.4338822e-06	1.7316769e-05	0.0033523069	2.0881857e-06	-4.1457945e-06	5.323745e-07	-2.1401615e-07	-0.0022333166	0.00096682911	0.0067006067	0.006699962	-9.6210651e-05
0.296	1.296	0	0	0	1.296	0	0	0	0.57320207	0.96275936	0.0033727299	1.7846313e-05	-8.4386229e-06	1.7403347e-05	0.0033770673	2.108494e-06	-4.1161165e-06	5.2804067e-07	-2.1776301e-07	-0.0022498598	0.00098027861	0.0067502496	0.0067496064	-9.5288649e-05
0.298	1.298	0	0	0	1.298	0	0	0	0.56903872	0.95871871	0.003397671	1.7935497e-05	-8.4428635e-06	1.7490181e-05	0.0034018961	2.1282499e-06	-4.0861747e-06	5.2330889e-07	-2.2152995e-07	-0.0022664485	0.00099382753	0.0068000292	0.0067993878	-9.4336123e-05
0.3	1.3	0	0	0	1.3	0	0	0	0.56485879	0.95461136	0.0034226821	1.8025006e-05	-8.4466279e-06	1.757728e-05	0.0034267954	2.147387e-06	-4.0559875e-06	5.181599e-07	-2.2531517e-07	-0.0022830841	0.0010074762	inf	inf	inf
