lambda	F11	F12	F13	F21	F22	F23	F31	F32	F33	J	P11	P12	P13	P21	P22	P23	P31	P32	P33	p	StrEn	t(1)	t(2)	d
0	1	0	0	0	1	0	0	0	1	1	0	0	0	0	0	0	0	0	0	-0	0	inf	inf	inf
0.002	1	0.002	0	0	1	0	0	0	1	1	1.332618e-07	7.8995457e-06	1.7811783e-08	7.8954962e-06	1.5461488e-07	-2.4397302e-08	1.5230747e-08	-2.2027335e-08	1.0008441e-08	-9.9295039e-08	7.8921156e-09	7.8995457e-06	7.8891354e-06	-0.0013195738
0.004	1	0.004	0	0	1	0	0	0	1	1	3.5019165e-07	1.5787091e-05	3.8384299e-08	1.5777612e-05	3.8470687e-07	-5.2705204e-08	3.3045077e-08	-4.766184e-08	7.5324305e-08	-2.7007428e-07	3.1556541e-08	1.5787091e-05	1.5765428e-05	-0.0013740683
0.006	1	0.006	0	0	1	0	0	0	1	1	6.5916782e-07	2.3647192e-05	6.2153292e-08	2.3630211e-05	7.0026507e-07	-8.4648686e-08	5.3802122e-08	-7.6513412e-08	2.0449812e-07	-5.2131034e-07	7.095383e-08	2.3647192e-05	2.3612862e-05	-0.0014538603
0.008	1	0.008	0	0	1	0	0	0	1	1	1.0764477e-06	3.1458356e-05	8.8952168e-08	3.1430868e-05	1.1199227e-06	-1.1914618e-07	7.7198719e-08	-1.0733351e-07	4.1371307e-07	-8.7002784e-07	1.2600799e-07	3.1458356e-05	3.1409093e-05	-0.001568426
0.01	1	0.01	0	0	1	0	0	0	1	1	1.630922e-06	3.9188425e-05	1.1729183e-07	3.9146084e-05	1.6758947e-06	-1.532361e-07	1.0151097e-07	-1.3692154e-07	7.3131906e-07	-1.3460452e-06	1.965902e-07	3.9188425e-05	3.912119e-05	-0.0017186409
0.012	1	0.012	0	0	1	0	0	0	1	1	2.3698932e-06	4.6789497e-05	1.4345094e-07	4.6726012e-05	2.4195482e-06	-1.8079062e-07	1.2264912e-07	-1.588418e-07	1.2028352e-06	-1.9974255e-06	2.8249275e-07	4.6789497e-05	4.6702094e-05	-0.0018714938
0.014	1	0.014	0	0	1	0	0	0	1	1	3.357632e-06	5.4199984e-05	1.6189934e-07	5.4106526e-05	3.418645e-06	-1.9320533e-07	1.3463434e-07	-1.6420998e-07	1.8874253e-06	-2.8879008e-06	3.8339858e-07	5.4199984e-05	5.4095153e-05	-0.0019378995
0.016	1	0.016	0	0	1	0	0	0	1	1	4.6517008e-06	6.1366308e-05	1.6938659e-07	6.1231537e-05	4.7315306e-06	-1.8545905e-07	1.3392859e-07	-1.4797673e-07	2.8303485e-06	-4.0711933e-06	4.9887336e-07	6.1366308e-05	6.1252536e-05	-0.0018574214
0.018	1	0.018	0	0	1	0	0	0	1	1	6.2736969e-06	6.8267061e-05	1.69152e-07	6.8077894e-05	6.3781573e-06	-1.6243555e-07	1.2383815e-07	-1.1534421e-07	4.0288146e-06	-5.5602229e-06	6.2840872e-07	6.8267061e-05	6.8150247e-05	-0.0017140789
0.02	1	0.02	0	0	1	0	0	0	1	1	8.2268767e-06	7.4893656e-05	1.6812735e-07	7.4635547e-05	8.3609712e-06	-1.3494587e-07	1.1152247e-07	-7.7555139e-08	5.4426688e-06	-7.3435056e-06	7.7147435e-07	7.4893656e-05	7.4772445e-05	-0.0016210665
0.022	1	0.022	0	0	1	0	0	0	1	1	1.0543146e-05	8.1206804e-05	1.7161382e-07	8.0862875e-05	1.0712614e-05	-1.122106e-07	1.0248279e-07	-4.4227104e-08	7.0308023e-06	-9.4288539e-06	9.274985e-07	8.1206804e-05	8.1079203e-05	-0.0015737756
0.024	1	0.024	0	0	1	0	0	0	1	1	1.3287668e-05	8.7135076e-05	1.8106923e-07	8.6685194e-05	1.3496889e-05	-9.9383551e-08	9.8576295e-08	-2.1025647e-08	8.7598407e-06	-1.1848133e-05	1.0957912e-06	8.7135076e-05	8.7008952e-05	-0.0014495466
0.026	1	0.026	0	0	1	0	0	0	1	1	1.648897e-05	9.2646433e-05	1.940326e-07	9.2068133e-05	1.6735881e-05	-9.7060907e-08	9.8187496e-08	-9.1974068e-09	1.0589812e-05	-1.4604888e-05	1.2755343e-06	9.2646433e-05	9.2535928e-05	-0.0011941855
0.028	1	0.028	0	0	1	0	0	0	1	1	2.0079441e-05	9.7808046e-05	2.0658805e-07	9.7079027e-05	2.0354381e-05	-1.0219134e-07	9.8291215e-08	-6.1086937e-09	1.2475507e-05	-1.7636443e-05	1.4659349e-06	9.7808046e-05	9.771553e-05	-0.0009467963
0.03	1	0.03	0	0	1	0	0	0	1	1	2.3944975e-05	0.00010273484	2.1635149e-07	0.00010183433	2.4234859e-05	-1.1115851e-07	9.6910763e-08	-8.1380875e-09	1.4384594e-05	-2.085481e-05	1.6663964e-06	0.00010273484	0.00010265218	-0.00080518403
0.032	1	0.032	0	0	1	0	0	0	1	1	2.7991737e-05	0.00010752098	2.2275642e-07	0.00010642953	2.82838e-05	-1.2161361e-07	9.3467534e-08	-1.2721389e-08	1.6301714e-05	-2.4192417e-05	1.8765436e-06	0.00010752098	0.00010744035	-0.0007504394
0.034	1	0.034	0	0	1	0	0	0	1	1	3.215986e-05	0.00011222592	2.2607701e-07	0.00011092482	3.2442994e-05	-1.3236857e-07	8.8068267e-08	-1.8441654e-08	1.8221401e-05	-2.7608085e-05	2.0961578e-06	0.00011222592	0.00011214281	-0.00074113725
0.036	1	0.036	0	0	1	0	0	0	1	1	3.6413549e-05	0.00011688464	2.2679421e-07	0.00011535553	3.6678381e-05	-1.4288279e-07	8.1011484e-08	-2.4576582e-08	2.0142315e-05	-3.1078082e-05	2.3251148e-06	0.00011688464	0.0001167969	-0.00075117571
0.038	1	0.038	0	0	1	0	0	0	1	1	4.0731134e-05	0.00012151785	2.2536545e-07	0.00011974251	4.0969756e-05	-1.5293149e-07	7.259864e-08	-3.0767442e-08	2.206458e-05	-3.458849e-05	2.5633454e-06	0.00012151785	0.00012142462	-0.00076780433
0.04	1	0.04	0	0	1	0	0	0	1	1	4.5098991e-05	0.00012613826	2.221687e-07	0.00012409849	4.5304656e-05	-1.6244073e-07	6.3083162e-08	-3.684247e-08	2.3988756e-05	-3.8130801e-05	2.8108133e-06	0.00012613826	0.00012603928	-0.00078532973
0.042	1	0.042	0	0	1	0	0	0	1	1	4.9508175e-05	0.00013075398	2.1750256e-07	0.00012843154	4.9675054e-05	-1.7140943e-07	5.2665801e-08	-4.2728172e-08	2.5915472e-05	-4.1699567e-05	3.0675026e-06	0.00013075398	0.00013064928	-0.00080137078
0.044	1	0.044	0	0	1	0	0	0	1	1	5.395257e-05	0.00013537036	2.1160002e-07	0.00013274699	5.4075561e-05	-1.7987189e-07	4.1502502e-08	-4.840415e-08	2.7845308e-05	-4.5291146e-05	3.3334104e-06	0.00013537036	0.00013526012	-0.00081505316
0.046	1	0.046	0	0	1	0	0	0	1	1	5.8427838e-05	0.00013999113	2.0464291e-07	0.00013704845	5.8502427e-05	-1.8787914e-07	2.9713978e-08	-5.3879253e-08	2.9778764e-05	-4.890301e-05	3.6085431e-06	0.00013999113	0.00013987557	-0.00082617827
0.048	1	0.048	0	0	1	0	0	0	1	1	6.2930803e-05	0.0001446189	1.9677404e-07	0.00014133847	6.2952959e-05	-1.9548934e-07	1.7394012e-08	-5.9178475e-08	3.1716259e-05	-5.253334e-05	3.8929127e-06	0.0001446189	0.00014449826	-0.00083484137
0.05	1	0.05	0	0	1	0	0	0	1	1	6.7459071e-05	0.00014925559	1.8810647e-07	0.00014561889	6.7425168e-05	-2.0276276e-07	4.6159868e-09	-6.4335498e-08	3.3658147e-05	-5.6180795e-05	4.1865361e-06	0.00014925559	0.00014913013	-0.00084125481
0.052	1	0.052	0	0	1	0	0	0	1	1	7.2010797e-05	0.00015390265	1.787306e-07	0.00014989105	7.1917554e-05	-2.0975902e-07	-8.5621529e-09	-6.9388328e-08	3.5604723e-05	-5.9844358e-05	4.4894332e-06	0.00015390265	0.00015377261	-0.00084566622
0.054	1	0.054	0	0	1	0	0	0	1	1	7.6584528e-05	0.00015856118	1.6871939e-07	0.00015415599	7.642896e-05	-2.1653572e-07	-2.2094195e-08	-7.4376683e-08	3.7556236e-05	-6.3523241e-05	4.8016265e-06	0.00015856118	0.00015842679	-0.00084832137
0.056	1	0.056	0	0	1	0	0	0	1	1	8.1179096e-05	0.00016323206	1.5813229e-07	0.00015841447	8.095848e-05	-2.2314764e-07	-3.5942884e-08	-7.9340418e-08	3.95129e-05	-6.7216825e-05	5.1231404e-06	0.00016323206	0.00016309353	-0.00084944837
0.058	1	0.058	0	0	1	0	0	0	1	1	8.579355e-05	0.00016791599	1.4701818e-07	0.00016266711	8.5505394e-05	-2.2964645e-07	-5.0077847e-08	-8.4318577e-08	4.1474899e-05	-7.0924614e-05	5.4540006e-06	0.00016791599	0.0001677735	-0.00084925204
0.06	1	0.06	0	0	1	0	0	0	1	1	9.0427103e-05	0.00017261351	1.3541766e-07	0.00016691438	9.0069124e-05	-2.3608061e-07	-6.447403e-08	-8.9348825e-08	4.3442393e-05	-7.4646207e-05	5.7942344e-06	0.00017261351	0.00017246728	-0.00084791316
0.062	1	0.062	0	0	1	0	0	0	1	1	9.5079095e-05	0.00017732512	1.2336471e-07	0.00017115667	9.4649199e-05	-2.4249539e-07	-7.9110516e-08	-9.446713e-08	4.5415523e-05	-7.8381272e-05	6.1438697e-06	0.00017732512	0.0001771753	-0.00084558975
0.064	1	0.064	0	0	1	0	0	0	1	1	9.9748966e-05	0.00018205119	1.1088802e-07	0.00017539427	9.9245232e-05	-2.4893295e-07	-9.3969627e-08	-9.9707598e-08	4.7394417e-05	-8.2129538e-05	6.5029356e-06	0.00018205119	0.00018189796	-0.00084241934
0.066	1	0.066	0	0	1	0	0	0	1	1	0.00010443624	0.00018679208	9.8012001e-08	0.00017962745	0.00010385691	-2.5543253e-07	-1.0903624e-07	-1.051024e-07	4.9379188e-05	-8.5890777e-05	6.8714616e-06	0.00018679208	0.00018663558	-0.00083852133
0.068	1	0.068	0	0	1	0	0	0	1	1	0.00010914049	0.00019154806	8.4757616e-08	0.0001838564	0.00010848395	-2.620306e-07	-1.2429724e-07	-1.1068179e-07	5.136994e-05	-8.9664795e-05	7.2494779e-06	0.00019154806	0.00019138845	-0.00083399936
0.07	1	0.07	0	0	1	0	0	0	1	1	0.00011386137	0.0001963194	7.1142963e-08	0.00018808129	0.00011312615	-2.6876098e-07	-1.3974113e-07	-1.1647409e-07	5.336677e-05	-9.3451431e-05	7.6370154e-06	0.0001963194	0.0001961568	-0.00082894341
0.072	1	0.072	0	0	1	0	0	0	1	1	0.00011859856	0.00020110632	5.7183797e-08	0.00019230226	0.00011778331	-2.7565507e-07	-1.5535772e-07	-1.225058e-07	5.5369768e-05	-9.7250546e-05	8.0341051e-06	0.00020110632	0.00020094086	-0.00082343171
0.074	1	0.074	0	0	1	0	0	0	1	1	0.00012335177	0.00020590902	4.289392e-08	0.00019651944	0.00012245528	-2.8274197e-07	-1.7113783e-07	-1.2880165e-07	5.7379017e-05	-0.00010106202	8.4407788e-06	0.00020590902	0.00020574082	-0.00081753236
0.076	1	0.076	0	0	1	0	0	0	1	1	0.00012812076	0.00021072769	2.82855e-08	0.0002007329	0.00012714192	-2.9004863e-07	-1.8707315e-07	-1.3538466e-07	5.9394596e-05	-0.00010488576	8.8570684e-06	0.00021072769	0.00021055687	-0.00081130473
0.078	1	0.078	0	0	1	0	0	0	1	1	0.00013290529	0.00021556249	1.3369333e-08	0.00020494274	0.00013184312	-2.9760002e-07	-2.0315606e-07	-1.4227626e-07	6.1416581e-05	-0.00010872166	9.2830063e-06	0.00021556249	0.00021538915	-0.00080480066
0.08	1	0.08	0	0	1	0	0	0	1	1	0.00013770518	0.00022041358	-1.8449537e-09	0.00020914902	0.00013655878	-3.0541923e-07	-2.1937948e-07	-1.4949633e-07	6.3445045e-05	-0.00011256967	9.718625e-06	0.00022041358	0.00022023782	-0.00079806551
0.082	1	0.082	0	0	1	0	0	0	1	1	0.00014252022	0.0002252811	-1.7348725e-08	0.0002133518	0.00014128882	-3.1352759e-07	-2.3573684e-07	-1.5706333e-07	6.5480057e-05	-0.0001164297	1.0163958e-05	0.0002252811	0.00022510301	-0.00079113899
0.084	1	0.084	0	0	1	0	0	0	1	1	0.00014735027	0.00023016518	-3.3134197e-08	0.00021755112	0.00014603317	-3.2194482e-07	-2.5222194e-07	-1.6499432e-07	6.7521684e-05	-0.00012030171	1.0619037e-05	0.00023016518	0.00022998486	-0.00078405595
0.086	1	0.086	0	0	1	0	0	0	1	1	0.00015219516	0.00023506594	-4.9194323e-08	0.00022174703	0.00015079176	-3.3068909e-07	-2.6882892e-07	-1.7330506e-07	6.9569992e-05	-0.00012418564	1.1083897e-05	0.00023506594	0.00023488347	-0.00077684696
0.088	1	0.088	0	0	1	0	0	0	1	1	0.00015705475	0.00023998351	-6.5522692e-08	0.00022593956	0.00015556455	-3.3977715e-07	-2.8555221e-07	-1.8201009e-07	7.1625044e-05	-0.00012808145	1.1558571e-05	0.00023998351	0.00023979898	-0.00076953893
0.09	1	0.09	0	0	1	0	0	0	1	1	0.00016192891	0.000244918	-8.2113451e-08	0.00023012874	0.00016035149	-3.4922437e-07	-3.0238647e-07	-1.9112277e-07	7.3686901e-05	-0.0001319891	1.2043093e-05	0.000244918	0.00024473148	-0.00076215549
0.092	1	0.092	0	0	1	0	0	0	1	1	0.00016681753	0.00024986952	-9.896123e-08	0.00023431459	0.00016515254	-3.5904488e-07	-3.1932657e-07	-2.0065537e-07	7.5755625e-05	-0.00013590857	1.2537497e-05	0.00024986952	0.00024968108	-0.00075471747
0.094	1	0.094	0	0	1	0	0	0	1	1	0.00017172049	0.00025483816	-1.1606109e-07	0.00023849712	0.00016996767	-3.6925159e-07	-3.3636758e-07	-2.106191e-07	7.7831274e-05	-0.00013983981	1.3041817e-05	0.00025483816	0.00025464788	-0.0007472432
0.096	1	0.096	0	0	1	0	0	0	1	1	0.00017663769	0.00025982404	-1.3340847e-07	0.00024267636	0.00017479685	-3.7985628e-07	-3.5350473e-07	-2.2102416e-07	7.9913906e-05	-0.00014378281	1.3556088e-05	0.00025982404	0.00025963198	-0.00073974881
0.098	1	0.098	0	0	1	0	0	0	1	1	0.00018156902	0.00026482724	-1.5099915e-07	0.00024685231	0.00017964005	-3.9086969e-07	-3.7073338e-07	-2.3187981e-07	8.2003577e-05	-0.00014773755	1.4080345e-05	0.00026482724	0.00026463346	-0.0007322485
0.1	1	0.1	0	0	1	0	0	0	1	1	0.00018651441	0.00026984786	-1.688292e-07	0.00025102498	0.00018449725	-4.0230152e-07	-3.8804904e-07	-2.4319443e-07	8.4100345e-05	-0.000151704	1.4614622e-05	0.00026984786	0.00026965243	-0.00072475478
0.102	1	0.102	0	0	1	0	0	0	1	1	0.00019147376	0.00027488599	-1.8689495e-07	0.00025519438	0.00018936843	-4.1416053e-07	-4.0544734e-07	-2.549755e-07	8.6204262e-05	-0.00015568215	1.5158955e-05	0.00027488599	0.00027468896	-0.00071727864
0.104	1	0.104	0	0	1	0	0	0	1	1	0.00019644699	0.00027994172	-2.05193e-07	0.00025936051	0.00019425357	-4.2645457e-07	-4.2292401e-07	-2.6722973e-07	8.8315383e-05	-0.00015967198	1.5713378e-05	0.00027994172	0.00027974315	-0.00070982972
0.106	1	0.106	0	0	1	0	0	0	1	1	0.00020143402	0.00028501513	-2.2372014e-07	0.00026352338	0.00019915266	-4.3919064e-07	-4.4047489e-07	-2.79963e-07	9.0433761e-05	-0.00016367348	1.6277927e-05	0.00028501513	0.00028481507	-0.0007024165
0.108	1	0.108	0	0	1	0	0	0	1	1	0.00020643478	0.00029010632	-2.4247336e-07	0.00026768299	0.00020406568	-4.5237491e-07	-4.5809593e-07	-2.931805e-07	9.2559447e-05	-0.00016768664	1.6852638e-05	0.00029010632	0.00028990482	-0.00069504638
0.11	1	0.11	0	0	1	0	0	0	1	1	0.0002114492	0.00029521536	-2.6144981e-07	0.00027183934	0.00020899262	-4.6601279e-07	-4.7578317e-07	-3.0688667e-07	9.4692492e-05	-0.00017171144	1.7437547e-05	0.00029521536	0.00029501247	-0.00068772583
0.112	1	0.112	0	0	1	0	0	0	1	1	0.00021647722	0.00030034234	-2.8064683e-07	0.00027599241	0.00021393347	-4.8010894e-07	-4.9353271e-07	-3.210853e-07	9.6832946e-05	-0.00017574788	1.8032688e-05	0.00030034234	0.00030013811	-0.0006804605
0.114	1	0.114	0	0	1	0	0	0	1	1	0.00022151877	0.00030548734	-3.0006187e-07	0.00028014223	0.00021888822	-4.9466734e-07	-5.1134077e-07	-3.3577951e-07	9.8980858e-05	-0.00017979595	1.8638099e-05	0.00030548734	0.00030528181	-0.00067325526
0.116	1	0.116	0	0	1	0	0	0	1	1	0.00022657378	0.00031065044	-3.1969254e-07	0.00028428876	0.00022385685	-5.0969128e-07	-5.2920363e-07	-3.5097183e-07	0.00010113628	-0.00018385564	1.9253815e-05	0.00031065044	0.00031044365	-0.00066611436
0.118	1	0.118	0	0	1	0	0	0	1	1	0.00023164221	0.00031583172	-3.3953653e-07	0.00028843203	0.00022883936	-5.2518343e-07	-5.4711766e-07	-3.6666418e-07	0.00010329925	-0.00018792694	1.9879874e-05	0.00031583172	0.00031562371	-0.00065904142
0.12	1	0.12	0	0	1	0	0	0	1	1	0.00023672399	0.00032103126	-3.5959167e-07	0.00029257201	0.00023383573	-5.4114585e-07	-5.6507929e-07	-3.8285793e-07	0.00010546982	-0.00019200984	2.051631e-05	0.00032103126	0.00032082207	-0.00065203955
0.122	1	0.122	0	0	1	0	0	0	1	1	0.00024181907	0.00032624913	-3.7985586e-07	0.0002967087	0.00023884595	-5.5758003e-07	-5.8308505e-07	-3.9955391e-07	0.00010764803	-0.00019610435	2.1163162e-05	0.00032624913	0.0003260388	-0.00064511138
0.124	1	0.124	0	0	1	0	0	0	1	1	0.00024692739	0.00033148541	-4.0032711e-07	0.00030084211	0.00024387001	-5.7448691e-07	-6.0113152e-07	-4.1675243e-07	0.00010983393	-0.00020021045	2.1820466e-05	0.00033148541	0.00033127397	-0.00063825913
0.126	1	0.126	0	0	1	0	0	0	1	1	0.00025204892	0.00033674018	-4.2100347e-07	0.00030497221	0.0002489079	-5.9186689e-07	-6.1921534e-07	-4.3445331e-07	0.00011202757	-0.00020432813	2.2488258e-05	0.00033674018	0.00033652767	-0.00063148462
0.128	1	0.128	0	0	1	0	0	0	1	1	0.00025718359	0.00034201352	-4.4188311e-07	0.000309099	0.00025395962	-6.0971991e-07	-6.3733325e-07	-4.5265591e-07	0.00011422897	-0.00020845739	2.3166576e-05	0.00034201352	0.00034179996	-0.00062478935
0.13	1	0.13	0	0	1	0	0	0	1	1	0.00026233135	0.00034730549	-4.6296423e-07	0.00031322248	0.00025902514	-6.2804541e-07	-6.5548204e-07	-4.7135914e-07	0.0001164382	-0.00021259823	2.3855458e-05	0.00034730549	0.00034709092	-0.00061817453
0.132	1	0.132	0	0	1	0	0	0	1	1	0.00026749217	0.00035261617	-4.8424509e-07	0.00031734263	0.00026410445	-6.4684238e-07	-6.7365856e-07	-4.9056149e-07	0.00011865527	-0.00021675063	2.455494e-05	0.00035261617	0.00035240063	-0.00061164108
0.134	1	0.134	0	0	1	0	0	0	1	1	0.000272666	0.00035794564	-5.05724e-07	0.00032145945	0.00026919755	-6.6610939e-07	-6.9185974e-07	-5.1026103e-07	0.00012088024	-0.0002209146	2.526506e-05	0.00035794564	0.00035772915	-0.00060518968
0.136	1	0.136	0	0	1	0	0	0	1	1	0.00027785279	0.00036329397	-5.2739932e-07	0.00032557294	0.00027430442	-6.8584461e-07	-7.1008254e-07	-5.3045546e-07	0.00012311315	-0.00022509012	2.5985857e-05	0.00036329397	0.00036307655	-0.00059882082
0.138	1	0.138	0	0	1	0	0	0	1	1	0.00028305249	0.00036866123	-5.4926946e-07	0.00032968307	0.00027942504	-7.0604581e-07	-7.2832403e-07	-5.511421e-07	0.00012535402	-0.00022927719	2.6717366e-05	0.00036866123	0.00036844292	-0.00059253479
0.14	1	0.14	0	0	1	0	0	0	1	1	0.00028826508	0.0003740475	-5.7133284e-07	0.00033378985	0.00028455941	-7.267104e-07	-7.465813e-07	-5.7231793e-07	0.0001276029	-0.0002334758	2.7459628e-05	0.0003740475	0.00037382832	-0.00058633169
0.142	1	0.142	0	0	1	0	0	0	1	1	0.00029349049	0.00037945285	-5.9358792e-07	0.00033789326	0.0002897075	-7.4783545e-07	-7.6485151e-07	-5.9397958e-07	0.00012985982	-0.00023768594	2.821268e-05	0.00037945285	0.00037923282	-0.00058021149
0.144	1	0.144	0	0	1	0	0	0	1	1	0.00029872871	0.00038487735	-6.160332e-07	0.00034199329	0.00029486929	-7.6941767e-07	-7.831319e-07	-6.161234e-07	0.00013212482	-0.00024190761	2.8976559e-05	0.00038487735	0.00038465649	-0.00057417403
0.146	1	0.146	0	0	1	0	0	0	1	1	0.00030397967	0.00039032107	-6.3866719e-07	0.00034608994	0.00030004478	-7.9145351e-07	-8.0141972e-07	-6.3874542e-07	0.00013439793	-0.00024614079	2.9751306e-05	0.00039032107	0.00039009941	-0.00056821903
0.148	1	0.148	0	0	1	0	0	0	1	1	0.00030924336	0.00039578408	-6.6148842e-07	0.0003501832	0.00030523395	-8.1393907e-07	-8.1971233e-07	-6.6184137e-07	0.00013667917	-0.00025038549	3.0536957e-05	0.00039578408	0.00039556164	-0.00056234608
0.15	1	0.15	0	0	1	0	0	0	1	1	0.00031451972	0.00040126645	-6.8449543e-07	0.00035427305	0.00031043677	-8.3687023e-07	-8.3800711e-07	-6.8540676e-07	0.00013896859	-0.00025464169	3.1333552e-05	0.00040126645	0.00040104325	-0.00055655472
0.152	1	0.152	0	0	1	0	0	0	1	1	0.00031980872	0.00040676826	-7.0768678e-07	0.00035835949	0.00031565323	-8.6024256e-07	-8.563015e-07	-7.0943681e-07	0.00014126621	-0.00025890938	3.214113e-05	0.00040676826	0.00040654432	-0.00055084438
0.154	1	0.154	0	0	1	0	0	0	1	1	0.00032511032	0.00041228958	-7.3106105e-07	0.00036244251	0.0003208833	-8.8405142e-07	-8.7459299e-07	-7.3392653e-07	0.00014357206	-0.00026318856	3.295973e-05	0.00041228958	0.00041206491	-0.00054521441
0.156	1	0.156	0	0	1	0	0	0	1	1	0.00033042449	0.00041783046	-7.5461681e-07	0.00036652209	0.00032612697	-9.0829192e-07	-8.9287914e-07	-7.5887068e-07	0.00014588616	-0.00026747921	3.378939e-05	0.00041783046	0.0004176051	-0.00053966414
0.158	1	0.158	0	0	1	0	0	0	1	1	0.00033575118	0.00042339099	-7.7835265e-07	0.00037059824	0.00033138422	-9.3295895e-07	-9.1115754e-07	-7.8426386e-07	0.00014820856	-0.00027178132	3.463015e-05	0.00042339099	0.00042316494	-0.0005341928
0.16	1	0.16	0	0	1	0	0	0	1	1	0.00034109037	0.00042897124	-8.0226715e-07	0.00037467093	0.00033665502	-9.5804723e-07	-9.2942583e-07	-8.1010042e-07	0.00015053926	-0.00027609488	3.548205e-05	0.00042897124	0.00042874452	-0.0005287996
0.162	1	0.162	0	0	1	0	0	0	1	1	0.00034644202	0.00043457127	-8.263589e-07	0.00037874017	0.00034193935	-9.8355126e-07	-9.4768172e-07	-8.3637458e-07	0.0001528783	-0.00028041989	3.6345128e-05	0.00043457127	0.00043434389	-0.00052348371
0.164	1	0.164	0	0	1	0	0	0	1	1	0.00035180609	0.00044019114	-8.5062648e-07	0.00038280594	0.00034723718	-1.0094654e-06	-9.6592295e-07	-8.6308036e-07	0.0001552257	-0.00028475632	3.7219425e-05	0.00044019114	0.00043996313	-0.00051824424
0.166	1	0.166	0	0	1	0	0	0	1	1	0.00035718255	0.00044583094	-8.7506849e-07	0.00038686823	0.0003525485	-1.0357838e-06	-9.8414731e-07	-8.9021165e-07	0.00015758148	-0.00028910417	3.8104981e-05	0.00044583094	0.00044560231	-0.00051308029
0.168	1	0.168	0	0	1	0	0	0	1	1	0.00036257136	0.00045149072	-8.9968351e-07	0.00039092704	0.00035787327	-1.0625005e-06	-1.0023526e-06	-9.1776218e-07	0.00015994567	-0.00029346343	3.9001834e-05	0.00045149072	0.00045126148	-0.00050799095
0.17	1	0.17	0	0	1	0	0	0	1	1	0.00036797249	0.00045717056	-9.2447011e-07	0.00039498234	0.00036321147	-1.0896094e-06	-1.0205368e-06	-9.4572555e-07	0.00016231828	-0.00029783408	3.9910026e-05	0.00045717056	0.00045694073	-0.00050297526
0.172	1	0.172	0	0	1	0	0	0	1	1	0.00037338591	0.00046287052	-9.4942687e-07	0.00039903415	0.00036856307	-1.1171043e-06	-1.0386977e-06	-9.7409526e-07	0.00016469933	-0.00030221611	4.0829597e-05	0.00046287052	0.00046264011	-0.00049803226
0.174	1	0.174	0	0	1	0	0	0	1	1	0.00037881159	0.00046859067	-9.7455236e-07	0.00040308244	0.00037392804	-1.1449788e-06	-1.0568334e-06	-1.0028647e-06	0.00016708886	-0.00030660949	4.1760587e-05	0.00046859067	0.00046835969	-0.00049316098
0.176	1	0.176	0	0	1	0	0	0	1	1	0.00038424948	0.00047433107	-9.9984514e-07	0.0004071272	0.00037930636	-1.1732266e-06	-1.0749418e-06	-1.0320271e-06	0.00016948686	-0.00031101423	4.2703036e-05	0.00047433107	0.00047409954	-0.00048836042
0.178	1	0.178	0	0	1	0	0	0	1	1	0.00038969957	0.0004800918	-1.0253038e-06	0.00041116844	0.00038469799	-1.201841e-06	-1.093021e-06	-1.0615757e-06	0.00017189336	-0.00031543031	4.3656985e-05	0.0004800918	0.00047985973	-0.0004836296
0.18	1	0.18	0	0	1	0	0	0	1	1	0.00039516181	0.00048587292	-1.0509268e-06	0.00041520613	0.00039010291	-1.2308155e-06	-1.1110691e-06	-1.0915037e-06	0.00017430837	-0.0003198577	4.4622475e-05	0.00048587292	0.00048564031	-0.00047896752
0.182	1	0.182	0	0	1	0	0	0	1	1	0.00040063617	0.00049167449	-1.0767127e-06	0.00041924027	0.00039552109	-1.2601433e-06	-1.1290843e-06	-1.121804e-06	0.00017673192	-0.00032429639	4.5599546e-05	0.00049167449	0.00049144136	-0.00047437317
0.184	1	0.184	0	0	1	0	0	0	1	1	0.00040612262	0.00049749658	-1.1026601e-06	0.00042327086	0.00040095249	-1.2898178e-06	-1.1470646e-06	-1.1524697e-06	0.000179164	-0.00032874637	4.658824e-05	0.00049749658	0.00049726295	-0.00046984556
0.186	1	0.186	0	0	1	0	0	0	1	1	0.00041162113	0.00050333926	-1.1287675e-06	0.00042729787	0.00040639708	-1.3198322e-06	-1.1650084e-06	-1.1834937e-06	0.00018160465	-0.00033320762	4.7588598e-05	0.00050333926	0.00050310512	-0.00046538369
0.188	1	0.188	0	0	1	0	0	0	1	1	0.00041713168	0.00050920259	-1.1550333e-06	0.00043132132	0.00041185482	-1.3501796e-06	-1.1829138e-06	-1.214869e-06	0.00018405386	-0.00033768012	4.8600661e-05	0.00050920259	0.00050896796	-0.00046098656
0.19	1	0.19	0	0	1	0	0	0	1	1	0.00042265421	0.00051508663	-1.1814562e-06	0.00043534117	0.00041732569	-1.3808531e-06	-1.2007791e-06	-1.2465883e-06	0.00018651165	-0.00034216385	4.962447e-05	0.00051508663	0.00051485152	-0.00045665317
0.192	1	0.192	0	0	1	0	0	0	1	1	0.00042818872	0.00052099145	-1.2080345e-06	0.00043935744	0.00042280965	-1.4118459e-06	-1.2186028e-06	-1.2786447e-06	0.00018897803	-0.0003466588	5.0660067e-05	0.00052099145	0.00052075587	-0.00045238254
0.194	1	0.194	0	0	1	0	0	0	1	1	0.00043373515	0.00052691711	-1.2347668e-06	0.0004433701	0.00042830667	-1.4431511e-06	-1.236383e-06	-1.3110308e-06	0.00019145301	-0.00035116494	5.1707493e-05	0.00052691711	0.00052668107	-0.00044817368
0.196	1	0.196	0	0	1	0	0	0	1	1	0.00043929349	0.00053286368	-1.2616516e-06	0.00044737916	0.0004338167	-1.4747616e-06	-1.2541183e-06	-1.3437396e-06	0.0001939366	-0.00035568226	5.2766791e-05	0.00053286368	0.00053262718	-0.00044402564
0.198	1	0.198	0	0	1	0	0	0	1	1	0.0004448637	0.00053883122	-1.2886872e-06	0.0004513846	0.00043933972	-1.5066707e-06	-1.271807e-06	-1.3767639e-06	0.00019642881	-0.00036021074	5.3838002e-05	0.00053883122	0.00053859427	-0.00043993742
0.2	1	0.2	0	0	1	0	0	0	1	1	0.00045044576	0.00054481979	-1.3158722e-06	0.00045538641	0.00044487568	-1.5388713e-06	-1.2894476e-06	-1.4100965e-06	0.00019892963	-0.00036475036	5.4921168e-05	0.00054481979	0.00054458241	-0.00043590809
0.202	1	0.202	0	0	1	0	0	0	1	1	0.00045603962	0.00055082946	-1.3432051e-06	0.00045938459	0.00045042454	-1.5713566e-06	-1.3070386e-06	-1.4437303e-06	0.00020143909	-0.00036930109	5.6016332e-05	0.00055082946	0.00055059164	-0.0004319367
0.204	1	0.204	0	0	1	0	0	0	1	1	0.00046164527	0.00055686028	-1.3706841e-06	0.00046337912	0.00045598628	-1.6041197e-06	-1.3245785e-06	-1.4776581e-06	0.00020395718	-0.00037386291	5.7123535e-05	0.00055686028	0.00055662204	-0.0004280223
0.206	1	0.206	0	0	1	0	0	0	1	1	0.00046726266	0.00056291233	-1.3983079e-06	0.00046737001	0.00046156085	-1.6371537e-06	-1.342066e-06	-1.5118729e-06	0.0002064839	-0.00037843581	5.824282e-05	0.00056291233	0.00056267366	-0.00042416398
0.208	1	0.208	0	0	1	0	0	0	1	1	0.00047289178	0.00056898565	-1.4260749e-06	0.00047135724	0.00046714821	-1.6704517e-06	-1.3594994e-06	-1.5463675e-06	0.00020901927	-0.00038301975	5.937423e-05	0.00056898565	0.00056874657	-0.00042036081
0.21	1	0.21	0	0	1	0	0	0	1	1	0.00047853259	0.00057508031	-1.4539833e-06	0.00047534081	0.00047274832	-1.7040069e-06	-1.3768776e-06	-1.581135e-06	0.00021156328	-0.00038761473	6.0517806e-05	0.00057508031	0.00057484083	-0.00041661189
0.212	1	0.212	0	0	1	0	0	0	1	1	0.00048418505	0.00058119638	-1.4820318e-06	0.0004793207	0.00047836114	-1.7378125e-06	-1.3941992e-06	-1.6161682e-06	0.00021411594	-0.00039222071	6.1673593e-05	0.00058119638	0.00058095649	-0.00041291634
0.214	1	0.214	0	0	1	0	0	0	1	1	0.00048984915	0.0005873339	-1.5102186e-06	0.00048329691	0.00048398664	-1.7718619e-06	-1.4114627e-06	-1.6514603e-06	0.00021667724	-0.00039683768	6.2841632e-05	0.0005873339	0.00058709362	-0.00040927327
0.216	1	0.216	0	0	1	0	0	0	1	1	0.00049552484	0.00059349295	-1.5385423e-06	0.00048726944	0.00048962476	-1.8061483e-06	-1.428667e-06	-1.6870043e-06	0.0002192472	-0.0004014656	6.4021967e-05	0.00059349295	0.00059325228	-0.00040568181
0.218	1	0.218	0	0	1	0	0	0	1	1	0.00050121211	0.00059967358	-1.5670011e-06	0.00049123826	0.00049527546	-1.8406651e-06	-1.4458108e-06	-1.7227935e-06	0.0002218258	-0.00040610446	6.5214641e-05	0.00059967358	0.00059943253	-0.0004021411
0.22	1	0.22	0	0	1	0	0	0	1	1	0.00050691092	0.00060587586	-1.5955935e-06	0.00049520339	0.00050093871	-1.8754057e-06	-1.4628929e-06	-1.7588209e-06	0.00022441304	-0.00041075422	6.6419697e-05	0.00060587586	0.00060563442	-0.00039865032
0.222	1	0.222	0	0	1	0	0	0	1	1	0.00051262123	0.00061209983	-1.624318e-06	0.00049916481	0.00050661446	-1.9103635e-06	-1.4799119e-06	-1.7950798e-06	0.00022700893	-0.00041541487	6.7637179e-05	0.00061209983	0.00061185801	-0.00039520861
0.224	1	0.224	0	0	1	0	0	0	1	1	0.00051834303	0.00061834555	-1.6531728e-06	0.0005031225	0.00051230266	-1.9455321e-06	-1.4968669e-06	-1.8315636e-06	0.00022961346	-0.00042008639	6.8867129e-05	0.00061834555	0.00061810337	-0.00039181517
0.226	1	0.226	0	0	1	0	0	0	1	1	0.00052407629	0.0006246131	-1.6821565e-06	0.00050707648	0.00051800328	-1.9809051e-06	-1.5137565e-06	-1.8682657e-06	0.00023222663	-0.00042476873	7.0109592e-05	0.0006246131	0.00062437055	-0.0003884692
0.228	1	0.228	0	0	1	0	0	0	1	1	0.00052982096	0.00063090252	-1.7112674e-06	0.00051102672	0.00052371626	-2.0164762e-06	-1.5305798e-06	-1.9051795e-06	0.00023484844	-0.00042946189	7.1364612e-05	0.00063090252	0.0006306596	-0.00038516989
0.23	1	0.23	0	0	1	0	0	0	1	1	0.00053557703	0.00063721386	-1.7405038e-06	0.00051497323	0.00052944157	-2.0522391e-06	-1.5473356e-06	-1.9422985e-06	0.00023747887	-0.00043416582	7.2632231e-05	0.00063721386	0.00063697059	-0.00038191646
0.232	1	0.232	0	0	1	0	0	0	1	1	0.00054134446	0.0006435472	-1.7698643e-06	0.00051891599	0.00053517915	-2.0881876e-06	-1.5640228e-06	-1.9796164e-06	0.00024011793	-0.00043888052	7.3912494e-05	0.0006435472	0.00064330357	-0.00037870815
0.234	1	0.234	0	0	1	0	0	0	1	1	0.00054712323	0.00064990258	-1.7993471e-06	0.00052285499	0.00054092897	-2.1243155e-06	-1.5806403e-06	-2.0171268e-06	0.00024276561	-0.00044360594	7.5205445e-05	0.00064990258	0.0006496586	-0.00037554421
0.236	1	0.236	0	0	1	0	0	0	1	1	0.0005529133	0.00065628005	-1.8289507e-06	0.00052679024	0.00054669097	-2.160617e-06	-1.5971873e-06	-2.0548235e-06	0.0002454219	-0.00044834206	7.6511128e-05	0.00065628005	0.00065603573	-0.00037242389
0.238	1	0.238	0	0	1	0	0	0	1	1	0.00055871465	0.00066267969	-1.8586736e-06	0.00053072172	0.0005524651	-2.1970859e-06	-1.6136626e-06	-2.0927003e-06	0.0002480868	-0.00045308885	7.7829588e-05	0.00066267969	0.00066243502	-0.00036934646
0.24	1	0.24	0	0	1	0	0	0	1	1	0.00056452725	0.00066910153	-1.888514e-06	0.00053464943	0.00055825133	-2.2337163e-06	-1.6300653e-06	-2.1307511e-06	0.00025076029	-0.00045784629	7.9160869e-05	0.00066910153	0.00066885652	-0.00036631119
0.242	1	0.242	0	0	1	0	0	0	1	1	0.00057035107	0.00067554564	-1.9184705e-06	0.00053857337	0.00056404959	-2.2705026e-06	-1.6463945e-06	-2.16897e-06	0.00025344238	-0.00046261435	8.0505014e-05	0.00067554564	0.00067530029	-0.0003633174
0.244	1	0.244	0	0	1	0	0	0	1	1	0.00057618608	0.00068201207	-1.9485414e-06	0.00054249351	0.00056985986	-2.307439e-06	-1.6626492e-06	-2.2073511e-06	0.00025613304	-0.00046739299	8.186207e-05	0.00068201207	0.00068176638	-0.00036036437
0.246	1	0.246	0	0	1	0	0	0	1	1	0.00058203225	0.00068850087	-1.9787252e-06	0.00054640987	0.00057568206	-2.3445198e-06	-1.6788286e-06	-2.2458885e-06	0.00025883228	-0.0004721822	8.323208e-05	0.00068850087	0.00068825485	-0.00035745142
0.248	1	0.248	0	0	1	0	0	0	1	1	0.00058788955	0.0006950121	-2.0090203e-06	0.00055032242	0.00058151617	-2.3817395e-06	-1.6949317e-06	-2.2845764e-06	0.00026154008	-0.00047698193	8.4615089e-05	0.0006950121	0.00069476575	-0.0003545779
0.25	1	0.25	0	0	1	0	0	0	1	1	0.00059375795	0.0007015458	-2.0394251e-06	0.00055423117	0.00058736212	-2.4190927e-06	-1.7109577e-06	-2.3234093e-06	0.00026425642	-0.00048179216	8.6011143e-05	0.0007015458	0.00070129913	-0.00035174313
0.252	1	0.252	0	0	1	0	0	0	1	1	0.00059963743	0.00070810204	-2.069938e-06	0.00055813611	0.00059321987	-2.4565739e-06	-1.7269058e-06	-2.3623815e-06	0.00026698131	-0.00048661287	8.7420286e-05	0.00070810204	0.00070785504	-0.00034894647
0.254	1	0.254	0	0	1	0	0	0	1	1	0.00060552795	0.00071468087	-2.1005576e-06	0.00056203724	0.00059908936	-2.4941778e-06	-1.7427751e-06	-2.4014876e-06	0.00026971473	-0.00049144401	8.8842563e-05	0.00071468087	0.00071443354	-0.00034618728
0.256	1	0.256	0	0	1	0	0	0	1	1	0.00061142949	0.00072128233	-2.1312822e-06	0.00056593454	0.00060497056	-2.5318993e-06	-1.758565e-06	-2.4407223e-06	0.00027245666	-0.00049628557	9.027802e-05	0.00072128233	0.00072103468	-0.00034346494
0.258	1	0.258	0	0	1	0	0	0	1	1	0.00061734202	0.00072790648	-2.1621104e-06	0.00056982801	0.0006108634	-2.5697333e-06	-1.7742746e-06	-2.4800802e-06	0.00027520709	-0.0005011375	9.1726702e-05	0.00072790648	0.00072765851	-0.00034077883
0.26	1	0.26	0	0	1	0	0	0	1	1	0.00062326551	0.00073455337	-2.1930405e-06	0.00057371765	0.00061676783	-2.6076747e-06	-1.7899031e-06	-2.519556e-06	0.00027796602	-0.00050599979	9.3188654e-05	0.00073455337	0.00073430508	-0.00033812835
0.262	1	0.262	0	0	1	0	0	0	1	1	0.00062919994	0.00074122304	-2.2240712e-06	0.00057760344	0.00062268381	-2.6457186e-06	-1.8054499e-06	-2.5591448e-06	0.00028073342	-0.00051087239	9.4663922e-05	0.00074122304	0.00074097444	-0.00033551291
0.264	1	0.264	0	0	1	0	0	0	1	1	0.00063514526	0.00074791556	-2.2552008e-06	0.00058148539	0.00062861128	-2.6838601e-06	-1.8209142e-06	-2.5988414e-06	0.00028350928	-0.00051575527	9.6152552e-05	0.00074791556	0.00074766664	-0.00033293192
0.266	1	0.266	0	0	1	0	0	0	1	1	0.00064110146	0.00075463096	-2.286428e-06	0.00058536349	0.0006345502	-2.7220944e-06	-1.8362954e-06	-2.638641e-06	0.00028629359	-0.00052064842	9.7654588e-05	0.00075463096	0.00075438173	-0.00033038481
0.268	1	0.268	0	0	1	0	0	0	1	1	0.00064706851	0.00076136931	-2.3177511e-06	0.00058923773	0.0006405005	-2.760417e-06	-1.8515928e-06	-2.6785387e-06	0.00028908633	-0.00052555178	9.9170078e-05	0.00076136931	0.00076111976	-0.00032787103
0.27	1	0.27	0	0	1	0	0	0	1	1	0.00065304637	0.00076813064	-2.3491687e-06	0.0005931081	0.00064646213	-2.7988231e-06	-1.8668058e-06	-2.7185297e-06	0.00029188749	-0.00053046533	0.00010069907	0.00076813064	0.00076788078	-0.00032539001
0.272	1	0.272	0	0	1	0	0	0	1	1	0.00065903503	0.000774915	-2.3806794e-06	0.00059697461	0.00065243505	-2.8373084e-06	-1.8819337e-06	-2.7586094e-06	0.00029469705	-0.00053538904	0.0001022416	0.000774915	0.00077466483	-0.00032294122
0.274	1	0.274	0	0	1	0	0	0	1	1	0.00066503444	0.00078172245	-2.4122817e-06	0.00060083724	0.0006584192	-2.8758684e-06	-1.8969759e-06	-2.7987732e-06	0.00029751499	-0.00054032288	0.00010379773	0.00078172245	0.00078147197	-0.00032052412
0.276	1	0.276	0	0	1	0	0	0	1	1	0.00067104459	0.00078855303	-2.4439742e-06	0.00060469599	0.00066441452	-2.9144987e-06	-1.9119319e-06	-2.8390165e-06	0.00030034131	-0.00054526681	0.00010536749	0.00078855303	0.00078830224	-0.0003181382
0.278	1	0.278	0	0	1	0	0	0	1	1	0.00067706544	0.00079540678	-2.4757554e-06	0.00060855085	0.00067042096	-2.9531951e-06	-1.9268011e-06	-2.879335e-06	0.00030317597	-0.00055022079	0.00010695094	0.00079540678	0.00079515568	-0.00031578294
0.28	1	0.28	0	0	1	0	0	0	1	1	0.00068309697	0.00080228376	-2.507624e-06	0.00061240182	0.00067643848	-2.9919535e-06	-1.9415829e-06	-2.9197244e-06	0.00030601897	-0.00055518481	0.00010854811	0.00080228376	0.00080203236	-0.00031345783
0.282	1	0.282	0	0	1	0	0	0	1	1	0.00068913915	0.00080918401	-2.5395784e-06	0.0006162489	0.000682467	-3.0307697e-06	-1.9562768e-06	-2.9601805e-06	0.00030887028	-0.00056015881	0.00011015907	0.00080918401	0.0008089323	-0.00031116239
0.284	1	0.284	0	0	1	0	0	0	1	1	0.00069519195	0.00081610757	-2.5716174e-06	0.00062009208	0.00068850649	-3.0696399e-06	-1.9708823e-06	-3.000699e-06	0.00031172988	-0.00056514277	0.00011178384	0.00081610757	0.00081585555	-0.00030889612
0.286	1	0.286	0	0	1	0	0	0	1	1	0.00070125534	0.00082305449	-2.6037396e-06	0.00062393134	0.00069455688	-3.10856e-06	-1.9853989e-06	-3.0412759e-06	0.00031459777	-0.00057013666	0.00011342249	0.00082305449	0.00082280217	-0.00030665855
0.288	1	0.288	0	0	1	0	0	0	1	1	0.0007073293	0.00083002482	-2.6359436e-06	0.0006277667	0.00070061812	-3.1475263e-06	-1.9998261e-06	-3.0819073e-06	0.00031747392	-0.00057514044	0.00011507505	0.00083002482	0.0008297722	-0.00030444921
0.29	1	0.29	0	0	1	0	0	0	1	1	0.00071341379	0.0008370186	-2.668228e-06	0.00063159814	0.00070669015	-3.186535e-06	-2.0141635e-06	-3.1225892e-06	0.0003203583	-0.00058015408	0.00011674158	0.0008370186	0.00083676567	-0.00030226764
0.292	1	0.292	0	0	1	0	0	0	1	1	0.00071950879	0.00084403587	-2.7005916e-06	0.00063542565	0.00071277292	-3.2255824e-06	-2.0284107e-06	-3.1633178e-06	0.0003232509	-0.00058517754	0.00011842211	0.00084403587	0.00084378264	-0.00030011339
0.294	1	0.294	0	0	1	0	0	0	1	1	0.00072561427	0.00085107667	-2.7330329e-06	0.00063924924	0.00071886638	-3.2646649e-06	-2.0425671e-06	-3.2040894e-06	0.00032615171	-0.00059021078	0.00012011671	0.00085107667	0.00085082314	-0.00029798602
0.296	1	0.296	0	0	1	0	0	0	1	1	0.0007317302	0.00085814106	-2.7655508e-06	0.0006430689	0.00072497046	-3.3037791e-06	-2.0566324e-06	-3.2449002e-06	0.00032906069	-0.00059525378	0.00012182541	0.00085814106	0.00085788722	-0.00029588509
0.298	1	0.298	0	0	1	0	0	0	1	1	0.00073785656	0.00086522907	-2.7981438e-06	0.00064688462	0.00073108511	-3.3429214e-06	-2.0706063e-06	-3.2857468e-06	0.00033197783	-0.0006003065	0.00012354826	0.00086522907	0.00086497493	-0.00029381017
0.3	1	0.3	0	0	1	0	0	0	1	1	0.00074399331	0.00087234074	-2.8308108e-06	0.0006506964	0.00073721028	-3.3820886e-06	-2.0844882e-06	-3.3266257e-06	0.00033490311	-0.0006053689	0.00012528531	inf	inf	inf
