lambda	F11	F12	F13	F21	F22	F23	F31	F32	F33	J	P11	P12	P13	P21	P22	P23	P31	P32	P33	p	StrEn	t(1)	t(2)	d
0	1	0	0	0	1	0	0	0	1	1	0	0	0	0	0	0	0	0	0	-0	0	inf	inf	inf
-0.002	0.998	-0.0016	0	-0	1.0006009	-0	-0	-0	1.0007094	0.99930804	-1.1050947e-05	-5.6974645e-06	-9.829776e-08	-5.7178702e-06	-3.3064741e-10	3.1096476e-07	-3.7581756e-08	3.7906572e-07	9.1567583e-10	3.6834541e-06	1.594961e-08	-1.5609203e-05	-1.4524114e-05	-0.074709512
-0.004	0.996	-0.0032	0	-0	1.0007949	-0	-0	-0	1.0015288	0.99831554	-1.8999368e-05	-8.3181821e-06	-1.5160004e-08	-8.3827284e-06	-2.0469108e-09	8.1256266e-07	2.8708304e-07	1.2122677e-06	4.7818074e-09	6.3322109e-06	5.8096455e-08	-2.5655464e-05	-2.5112003e-05	-0.021641454
-0.006	0.994	-0.0048	0	-0	1.0009228	-0	-0	-0	1.0021442	0.99705059	-2.4214778e-05	-1.0010573e-05	1.8457285e-07	-1.007928e-05	-2.5800434e-09	1.2455834e-06	6.4576358e-07	1.991058e-06	8.5911566e-09	8.069589e-06	1.1639762e-07	-3.2225068e-05	-3.1894398e-05	-0.01036763
-0.008	0.992	-0.0064	0	-0	1.0011383	-0	-0	-0	1.0024845	0.99559659	-2.7480637e-05	-1.1711009e-05	-2.4071538e-08	-1.1785881e-05	-3.3689003e-09	1.5893236e-06	5.4817332e-07	2.6333083e-06	1.2216153e-08	9.1572633e-06	1.8567405e-07	-3.6850771e-05	-3.6670117e-05	-0.0049264461
-0.01	0.99	-0.008	0	-0	1.0013639	-0	-0	-0	1.0027001	0.99402697	-2.9833725e-05	-1.3244436e-05	-3.9209497e-07	-1.3348214e-05	-4.6742417e-09	1.823534e-06	2.67166e-07	3.1023904e-06	1.5421771e-08	9.9409926e-06	2.6307809e-07	-4.0429939e-05	-4.0219319e-05	-0.0052367733
-0.012	0.988	-0.0096	0	-0	1.0015512	-0	-0	-0	1.002782	0.99228551	-3.1401971e-05	-1.4233925e-05	-9.4921134e-07	-1.4373503e-05	-5.5738983e-09	1.9926224e-06	-2.2852368e-07	3.455444e-06	1.8051531e-08	1.0463164e-05	3.4655132e-07	-4.2788635e-05	-4.247291e-05	-0.0074335716
-0.014	0.986	-0.0112	0	-0	1.0016528	-0	-0	-0	1.0026839	0.9902803	-3.2068682e-05	-1.4178122e-05	-1.347002e-06	-1.4338627e-05	-6.390035e-09	2.3155751e-06	-5.8176555e-07	3.9306993e-06	1.9226924e-08	1.0685282e-05	4.3296973e-07	-4.3409819e-05	-4.3370218e-05	-0.00091309389
-0.016	0.984	-0.0128	0	-0	1.0017137	-0	-0	-0	1.0025528	0.98820249	-3.2545515e-05	-1.3805469e-05	-1.4957213e-06	-1.3979511e-05	-7.532649e-09	2.6768753e-06	-6.8288789e-07	4.4386954e-06	2.0175222e-08	1.0844291e-05	5.200322e-07	-4.3588396e-05	-4.3616227e-05	0.00063809369
-0.018	0.982	-0.0144	0	-0	1.0017614	-0	-0	-0	1.0024281	0.98611824	-3.3014083e-05	-1.3432525e-05	-1.5691532e-06	-1.3618994e-05	-8.8048183e-09	2.9937837e-06	-7.0824258e-07	4.8957212e-06	2.1281786e-08	1.1000535e-05	6.0743464e-07	-4.375862e-05	-4.3789346e-05	0.00070168145
-0.02	0.98	-0.016	0	-0	1.0017995	-0	-0	-0	1.0023094	0.98403083	-3.3473443e-05	-1.3085697e-05	-1.6136774e-06	-1.3284106e-05	-1.0139825e-08	3.2680799e-06	-7.0578907e-07	5.3032123e-06	2.2505043e-08	1.1153693e-05	6.9518958e-07	-4.3940521e-05	-4.3970409e-05	0.00067972403
-0.022	0.978	-0.0176	0	-0	1.0018288	-0	-0	-0	1.0021955	0.98193974	-3.3919308e-05	-1.276496e-05	-1.6432307e-06	-1.297489e-05	-1.1509537e-08	3.5079743e-06	-6.8978888e-07	5.6699773e-06	2.380661e-08	1.1302337e-05	7.8331628e-07	-4.41298e-05	-4.4159006e-05	0.00066137781
-0.024	0.976	-0.0192	0	-0	1.0018496	-0	-0	-0	1.0020856	0.97984453	-3.4350005e-05	-1.2467763e-05	-1.6635228e-06	-1.2688812e-05	-1.2898661e-08	3.7202858e-06	-6.659065e-07	6.0035255e-06	2.5161224e-08	1.1445914e-05	8.718256e-07	-4.4322748e-05	-4.4351573e-05	0.0006499106
-0.026	0.974	-0.0208	0	-0	1.001862	-0	-0	-0	1.0019793	0.97774505	-3.4765343e-05	-1.2191557e-05	-1.6774627e-06	-1.2423346e-05	-1.4298093e-08	3.9101685e-06	-6.3689422e-07	6.3096203e-06	2.6551048e-08	1.1584363e-05	9.6072257e-07	-4.4517137e-05	-4.4545776e-05	0.00064291219
-0.028	0.972	-0.0224	0	-0	1.0018666	-0	-0	-0	1.0018761	0.9756413	-3.5165876e-05	-1.1934053e-05	-1.6867766e-06	-1.2176228e-05	-1.5702286e-08	4.0815156e-06	-6.042962e-07	6.5926646e-06	2.7962639e-08	1.1717872e-05	1.0500087e-06	-4.471169e-05	-4.4740256e-05	0.00063847546
-0.03	0.97	-0.024	0	-0	1.0018635	-0	-0	-0	1.0017758	0.9735334	-3.5552523e-05	-1.1693205e-05	-1.6926029e-06	-1.1945437e-05	-1.7107923e-08	4.2373148e-06	-5.6907577e-07	6.8560705e-06	2.9385538e-08	1.1846748e-05	1.1396836e-06	-4.4905688e-05	-4.493424e-05	0.00063541405
-0.032	0.968	-0.0256	0	-0	1.0018534	-0	-0	-0	1.0016781	0.97142152	-3.5926354e-05	-1.1467177e-05	-1.6957482e-06	-1.1729159e-05	-1.8513136e-08	4.3799016e-06	-5.3188358e-07	7.1025314e-06	3.0811557e-08	1.1971352e-05	1.2297457e-06	-4.5098733e-05	-4.51273e-05	0.00063302186
-0.034	0.966	-0.0272	0	-0	1.0018365	-0	-0	-0	1.0015828	0.96930582	-3.6288472e-05	-1.1254329e-05	-1.6968129e-06	-1.1525774e-05	-1.9917007e-08	4.5111344e-06	-4.9318602e-07	7.3342114e-06	3.2234331e-08	1.2092052e-05	1.3201928e-06	-4.5290615e-05	-4.5319206e-05	0.00063088823
-0.036	0.964	-0.0288	0	-0	1.0018133	-0	-0	-0	1.0014895	0.96718651	-3.6639947e-05	-1.1053203e-05	-1.6962583e-06	-1.1333839e-05	-2.131924e-08	4.6325147e-06	-4.5333274e-07	7.5528776e-06	3.3648985e-08	1.2209206e-05	1.4110225e-06	-4.5481235e-05	-4.5509851e-05	0.00062878245
-0.038	0.962	-0.0304	0	-0	1.0017842	-0	-0	-0	1.0013981	0.96506376	-3.6981776e-05	-1.0862511e-05	-1.6944478e-06	-1.1152076e-05	-2.2719939e-08	4.745273e-06	-4.1259468e-07	7.759994e-06	3.5051856e-08	1.2323148e-05	1.5022322e-06	-4.567056e-05	-4.5699195e-05	0.00062658298
-0.04	0.96	-0.032	0	-0	1.0017494	-0	-0	-0	1.0013084	0.96293775	-3.7314865e-05	-1.0681122e-05	-1.6916718e-06	-1.0979368e-05	-2.4119449e-08	4.85043e-06	-3.7118704e-07	7.9567881e-06	3.6440256e-08	1.2434181e-05	1.5938193e-06	-4.5858593e-05	-4.5887237e-05	0.0006242336
-0.042	0.958	-0.0336	0	-0	1.0017094	-0	-0	-0	1.0012203	0.96080864	-3.7640027e-05	-1.0508051e-05	-1.6881657e-06	-1.0814733e-05	-2.5518259e-08	4.9488412e-06	-3.2928391e-07	8.1443008e-06	3.7812266e-08	1.2542578e-05	1.6857811e-06	-4.6045357e-05	-4.6074002e-05	0.00062171617
-0.044	0.956	-0.0352	0	-0	1.0016644	-0	-0	-0	1.0011335	0.95867658	-3.7957983e-05	-1.0342439e-05	-1.684122e-06	-1.065732e-05	-2.6916929e-08	5.0412305e-06	-2.8702796e-07	8.3234224e-06	3.9166566e-08	1.2648578e-05	1.7781153e-06	-4.6230885e-05	-4.6259521e-05	0.00061903381
-0.046	0.954	-0.0368	0	-0	1.0016146	-0	-0	-0	1.0010479	0.95654169	-3.8269369e-05	-1.018354e-05	-1.6796992e-06	-1.0506386e-05	-2.8316047e-08	5.1282159e-06	-2.445373e-07	8.4949211e-06	4.0502303e-08	1.2752394e-05	1.8708192e-06	-4.6415217e-05	-4.6443835e-05	0.00061620061
-0.048	0.952	-0.0384	0	-0	1.0015603	-0	-0	-0	1.0009635	0.9544041	-3.8574742e-05	-1.0030706e-05	-1.6750286e-06	-1.0361288e-05	-2.9716198e-08	5.2103284e-06	-2.0191032e-07	8.6594642e-06	4.1818973e-08	1.2854213e-05	1.9638906e-06	-4.6598391e-05	-4.6626985e-05	0.00061323551
-0.05	0.95	-0.04	0	-0	1.0015017	-0	-0	-0	1.00088	0.95226392	-3.8874593e-05	-9.8833735e-06	-1.6702195e-06	-1.0221465e-05	-3.1117949e-08	5.2880273e-06	-1.592294e-07	8.8176351e-06	4.3116337e-08	1.2954198e-05	2.0573272e-06	-4.6780447e-05	-4.6809008e-05	0.00061015876
-0.052	0.948	-0.0416	0	-0	1.0014389	-0	-0	-0	1.0007975	0.95012123	-3.9169349e-05	-9.741052e-06	-1.6653632e-06	-1.008643e-05	-3.2521836e-08	5.3617127e-06	-1.1656374e-07	8.9699469e-06	4.4394358e-08	1.3052492e-05	2.1511267e-06	-4.6961421e-05	-4.6989944e-05	0.00060698997
-0.054	0.946	-0.0432	0	-0	1.0013721	-0	-0	-0	1.0007158	0.94797613	-3.9459388e-05	-9.6033134e-06	-1.6605359e-06	-9.9557561e-06	-3.3928357e-08	5.4317345e-06	-7.3971506e-08	9.1168526e-06	4.565314e-08	1.3149221e-05	2.2452869e-06	-4.7141349e-05	-4.7169827e-05	0.00060374712
-0.056	0.944	-0.0448	0	-0	1.0013014	-0	-0	-0	1.0006349	0.94582871	-3.9745041e-05	-9.4697834e-06	-1.6558016e-06	-9.829072e-06	-3.5337975e-08	5.4984006e-06	-3.1501652e-08	9.2587549e-06	4.6892896e-08	1.3244495e-05	2.339806e-06	-4.7320261e-05	-4.7348691e-05	0.00060044612
-0.058	0.942	-0.0464	0	-0	1.001227	-0	-0	-0	1.0005547	0.94367902	-4.0026602e-05	-9.340133e-06	-1.6512139e-06	-9.7060508e-06	-3.6751112e-08	5.5619828e-06	1.080467e-08	9.3960123e-06	4.8113915e-08	1.3338413e-05	2.4346817e-06	-4.7498187e-05	-4.7526565e-05	0.00059710072
-0.06	0.94	-0.048	0	-0	1.0011489	-0	-0	-0	1.0004751	0.94152715	-4.0304328e-05	-9.2140727e-06	-1.6468179e-06	-9.586405e-06	-3.8168153e-08	5.6227223e-06	5.2912935e-08	9.528946e-06	4.9316535e-08	1.343106e-05	2.5299122e-06	-4.7675155e-05	-4.7703478e-05	0.00059372264
-0.062	0.938	-0.0496	0	-0	1.0010673	-0	-0	-0	1.0003962	0.93937315	-4.057845e-05	-9.0913465e-06	-1.642651e-06	-9.4698807e-06	-3.9589449e-08	5.6808337e-06	9.4794264e-08	9.6578445e-06	5.0501134e-08	1.3522513e-05	2.6254956e-06	-4.785119e-05	-4.7879455e-05	0.00059032165
-0.064	0.936	-0.0512	0	-0	1.0009822	-0	-0	-0	1.0003177	0.93721707	-4.0849173e-05	-8.9717273e-06	-1.6387448e-06	-9.3562528e-06	-4.1015314e-08	5.7365089e-06	1.3642461e-07	9.7829675e-06	5.1668109e-08	1.361284e-05	2.72143e-06	-4.8026315e-05	-4.8054519e-05	0.00058690586
-0.066	0.934	-0.0528	0	-0	1.0008938	-0	-0	-0	1.0002398	0.93505898	-4.111668e-05	-8.8550131e-06	-1.6351252e-06	-9.2453212e-06	-4.2446035e-08	5.78992e-06	1.7778407e-07	9.9045503e-06	5.2817871e-08	1.3702103e-05	2.8177137e-06	-4.8200551e-05	-4.8228692e-05	0.00058348188
-0.068	0.932	-0.0544	0	-0	1.000802	-0	-0	-0	1.0001624	0.93289892	-4.1381134e-05	-8.7410229e-06	-1.6318139e-06	-9.1369072e-06	-4.3881866e-08	5.8412214e-06	2.188563e-07	1.0022806e-05	5.3950836e-08	1.3790355e-05	2.9143448e-06	-4.8373919e-05	-4.8401994e-05	0.00058005505
-0.07	0.93	-0.056	0	-0	1.000707	-0	-0	-0	1.0000854	0.93073694	-4.1642683e-05	-8.6295949e-06	-1.6288287e-06	-9.0308509e-06	-4.5323038e-08	5.8905526e-06	2.5962802e-07	1.0137928e-05	5.5067418e-08	1.3877646e-05	3.0113217e-06	-4.8546435e-05	-4.8574444e-05	0.0005766296
-0.072	0.928	-0.0576	0	-0	1.0006087	-0	-0	-0	1.0000088	0.92857307	-4.1901462e-05	-8.520583e-06	-1.626184e-06	-8.9270083e-06	-4.6769756e-08	5.9380399e-06	3.0008859e-07	1.0250093e-05	5.6168032e-08	1.3964021e-05	3.1086426e-06	-4.8718118e-05	-4.8746059e-05	0.00057320883
-0.074	0.926	-0.0592	0	-0	1.0005073	-0	-0	-0	0.99993264	0.92640737	-4.2157591e-05	-8.4138555e-06	-1.6238912e-06	-8.8252498e-06	-4.8222202e-08	5.9837973e-06	3.4022967e-07	1.0359462e-05	5.725308e-08	1.404952e-05	3.2063059e-06	-4.8888982e-05	-4.8916855e-05	0.00056979526
-0.076	0.924	-0.0608	0	-0	1.0004028	-0	-0	-0	0.99985682	0.92423986	-4.2411181e-05	-8.3092928e-06	-1.6219597e-06	-8.7254579e-06	-4.9680541e-08	6.0279289e-06	3.8004486e-07	1.0466184e-05	5.8322961e-08	1.413418e-05	3.30431e-06	-4.9059044e-05	-4.9086846e-05	0.00056639073
-0.078	0.922	-0.0624	0	-0	1.0002953	-0	-0	-0	0.99978136	0.92207059	-4.2662333e-05	-8.2067862e-06	-1.6203964e-06	-8.6275259e-06	-5.1144916e-08	6.0705291e-06	4.1952946e-07	1.0570395e-05	5.9378061e-08	1.4218033e-05	3.4026533e-06	-4.9228316e-05	-4.9256047e-05	0.00056299652
-0.08	0.92	-0.064	0	-0	1.0001847	-0	-0	-0	0.99970623	0.91989959	-4.2911139e-05	-8.1062365e-06	-1.6192065e-06	-8.5313568e-06	-5.2615458e-08	6.1116845e-06	4.5868024e-07	1.0672218e-05	6.0418755e-08	1.4301112e-05	3.5013342e-06	-4.9396812e-05	-4.9424471e-05	0.00055961345
-0.082	0.918	-0.0656	0	-0	1.0000711	-0	-0	-0	0.99963141	0.91772689	-4.3157684e-05	-8.0075529e-06	-1.6183937e-06	-8.4368618e-06	-5.4092278e-08	6.1514739e-06	4.9749525e-07	1.077177e-05	6.1445408e-08	1.4383444e-05	3.6003512e-06	-4.9564544e-05	-4.959213e-05	0.00055624195
-0.084	0.916	-0.0672	0	-0	0.99995458	-0	-0	-0	0.99955689	0.91555253	-4.3402047e-05	-7.910652e-06	-1.6179602e-06	-8.3439596e-06	-5.5575477e-08	6.1899697e-06	5.359736e-07	1.0869157e-05	6.2458371e-08	1.4465055e-05	3.6997027e-06	-4.9731525e-05	-4.9759035e-05	0.00055288212
-0.086	0.914	-0.0688	0	-0	0.99983512	-0	-0	-0	0.99948266	0.91337653	-4.3644299e-05	-7.8154569e-06	-1.6179073e-06	-8.2525754e-06	-5.7065141e-08	6.2272383e-06	5.7411536e-07	1.0964477e-05	6.3457987e-08	1.4545969e-05	3.7993873e-06	-4.9897763e-05	-4.9925199e-05	0.00054953379
-0.088	0.912	-0.0704	0	-0	0.99971276	-0	-0	-0	0.9994087	0.91119892	-4.3884508e-05	-7.7218968e-06	-1.618235e-06	-8.1626403e-06	-5.8561348e-08	6.263341e-06	6.119214e-07	1.1057821e-05	6.4444584e-08	1.4626208e-05	3.8994035e-06	-5.0063272e-05	-5.0090631e-05	0.00054619657
-0.09	0.91	-0.072	0	-0	0.99958752	-0	-0	-0	0.99933499	0.90901974	-4.4122737e-05	-7.6299058e-06	-1.6189426e-06	-8.0740906e-06	-6.0064161e-08	6.298334e-06	6.4939326e-07	1.1149275e-05	6.5418479e-08	1.4705794e-05	3.9997498e-06	-5.0228059e-05	-5.0255341e-05	0.0005428699
-0.092	0.908	-0.0736	0	-0	0.99945944	-0	-0	-0	0.99926154	0.90683901	-4.4359044e-05	-7.539423e-06	-1.6200286e-06	-7.9868673e-06	-6.1573638e-08	6.3322693e-06	6.865331e-07	1.1238917e-05	6.637998e-08	1.4784746e-05	4.1004249e-06	-5.0392135e-05	-5.0419339e-05	0.00053955304
-0.094	0.906	-0.0752	0	-0	0.99932852	-0	-0	-0	0.99918833	0.90465675	-4.4593483e-05	-7.4503915e-06	-1.6214908e-06	-7.9009157e-06	-6.3089827e-08	6.3651949e-06	7.2334357e-07	1.132682e-05	6.732938e-08	1.4863081e-05	4.2014272e-06	-5.0555509e-05	-5.0582634e-05	0.00053624517
-0.096	0.904	-0.0768	0	-0	0.99919478	-0	-0	-0	0.99911534	0.902473	-4.4826105e-05	-7.3627585e-06	-1.6233266e-06	-7.8161846e-06	-6.4612768e-08	6.3971554e-06	7.5982775e-07	1.1413053e-05	6.8266966e-08	1.4940817e-05	4.3027554e-06	-5.071819e-05	-5.0745234e-05	0.00053294536
-0.098	0.902	-0.0784	0	-0	0.99905826	-0	-0	-0	0.99904258	0.90028777	-4.5056959e-05	-7.2764743e-06	-1.6255329e-06	-7.7326265e-06	-6.6142494e-08	6.4281919e-06	7.9598908e-07	1.1497681e-05	6.919301e-08	1.5017969e-05	4.4044081e-06	-5.0880186e-05	-5.0907149e-05	0.0005296526
-0.1	0.9	-0.08	0	-0	0.99891896	-0	-0	-0	0.99897003	0.89810109	-4.5286089e-05	-7.1914925e-06	-1.628106e-06	-7.6501968e-06	-6.7679032e-08	6.4583427e-06	8.3183129e-07	1.1580763e-05	7.0107779e-08	1.5094553e-05	4.506384e-06	-5.1041504e-05	-5.1068385e-05	0.00052636584
-0.102	0.898	-0.0816	0	-0	0.99877689	-0	-0	-0	0.99889769	0.89591299	-4.5513538e-05	-7.1077695e-06	-1.6310421e-06	-7.5688538e-06	-6.9222403e-08	6.4876433e-06	8.6735839e-07	1.1662355e-05	7.1011526e-08	1.5170583e-05	4.6086817e-06	-5.1202154e-05	-5.1228951e-05	0.00052308397
-0.104	0.896	-0.0832	0	-0	0.99863208	-0	-0	-0	0.99882555	0.89372348	-4.5739347e-05	-7.0252643e-06	-1.634337e-06	-7.4885583e-06	-7.0772623e-08	6.516127e-06	9.0257458e-07	1.174251e-05	7.1904497e-08	1.5246072e-05	4.7112998e-06	-5.1362141e-05	-5.1388853e-05	0.00051980587
-0.106	0.894	-0.0848	0	-0	0.99848454	-0	-0	-0	0.9987536	0.89153259	-4.5963553e-05	-6.9439381e-06	-1.6379863e-06	-7.4092734e-06	-7.2329702e-08	6.5438245e-06	9.3748422e-07	1.1821277e-05	7.278693e-08	1.5321032e-05	4.8142371e-06	-5.1521473e-05	-5.15481e-05	0.0005165304
-0.108	0.892	-0.0864	0	-0	0.99833428	-0	-0	-0	0.99868185	0.88934034	-4.6186192e-05	-6.8637545e-06	-1.6419853e-06	-7.3309644e-06	-7.3893648e-08	6.5707645e-06	9.7209182e-07	1.1898703e-05	7.3659051e-08	1.5395476e-05	4.9174922e-06	-5.1680158e-05	-5.1706697e-05	0.00051325641
-0.11	0.89	-0.088	0	-0	0.99818131	-0	-0	-0	0.99861027	0.88714676	-4.6407299e-05	-6.7846789e-06	-1.6463293e-06	-7.2535984e-06	-7.5464463e-08	6.5969741e-06	1.006402e-06	1.1974831e-05	7.4521081e-08	1.5469414e-05	5.0210639e-06	-5.1838202e-05	-5.1864652e-05	0.00050998275
-0.112	0.888	-0.0896	0	-0	0.99802565	-0	-0	-0	0.99853888	0.88495186	-4.6626907e-05	-6.7066785e-06	-1.6510133e-06	-7.1771445e-06	-7.7042146e-08	6.6224782e-06	1.0404194e-06	1.2049704e-05	7.5373233e-08	1.5542859e-05	5.1249508e-06	-5.199561e-05	-5.202197e-05	0.00050670829
-0.114	0.886	-0.0912	0	-0	0.9978673	-0	-0	-0	0.99846765	0.88275566	-4.6845046e-05	-6.6297222e-06	-1.6560323e-06	-7.1015731e-06	-7.8626692e-08	6.6473005e-06	1.0741489e-06	1.2123359e-05	7.6215711e-08	1.5615819e-05	5.2291518e-06	-5.2152391e-05	-5.2178659e-05	0.00050343189
-0.116	0.884	-0.0928	0	-0	0.99770627	-0	-0	-0	0.9983966	0.88055819	-4.7061746e-05	-6.5537807e-06	-1.6613811e-06	-7.0268565e-06	-8.0218094e-08	6.6714628e-06	1.1075952e-06	1.2195833e-05	7.7048711e-08	1.5688305e-05	5.3336654e-06	-5.2308548e-05	-5.2334724e-05	0.00050015244
-0.118	0.882	-0.0944	0	-0	0.99754258	-0	-0	-0	0.99832571	0.87835946	-4.7277035e-05	-6.4788256e-06	-1.6670547e-06	-6.9529681e-06	-8.1816342e-08	6.6949859e-06	1.1407631e-06	1.2267162e-05	7.7872426e-08	1.5760326e-05	5.4384906e-06	-5.246409e-05	-5.249017e-05	0.00049686887
-0.12	0.88	-0.096	0	-0	0.99737623	-0	-0	-0	0.99825498	0.8761595	-4.7490941e-05	-6.4048302e-06	-1.6730476e-06	-6.8798827e-06	-8.3421423e-08	6.7178891e-06	1.1736574e-06	1.2337378e-05	7.8687037e-08	1.5831892e-05	5.5436261e-06	-5.261902e-05	-5.2645004e-05	0.00049358009
-0.122	0.878	-0.0976	0	-0	0.99720723	-0	-0	-0	0.99818441	0.87395832	-4.770349e-05	-6.3317691e-06	-1.6793548e-06	-6.8075762e-06	-8.5033321e-08	6.7401907e-06	1.206283e-06	1.2406512e-05	7.9492722e-08	1.590301e-05	5.6490707e-06	-5.2773345e-05	-5.2799231e-05	0.0004902851
-0.124	0.876	-0.0992	0	-0	0.99703559	-0	-0	-0	0.998114	0.87175594	-4.7914705e-05	-6.2596177e-06	-1.6859709e-06	-6.7360257e-06	-8.665202e-08	6.7619076e-06	1.2386446e-06	1.2474594e-05	8.0289652e-08	1.5973689e-05	5.7548231e-06	-5.2927069e-05	-5.2952856e-05	0.00048698287
-0.126	0.874	-0.1008	0	-0	0.99686132	-0	-0	-0	0.99804374	0.86955238	-4.8124612e-05	-6.1883528e-06	-1.6928905e-06	-6.6652094e-06	-8.8277501e-08	6.783056e-06	1.2707471e-06	1.2541651e-05	8.1077993e-08	1.6043937e-05	5.8608821e-06	-5.3080199e-05	-5.3105885e-05	0.00048367244
-0.128	0.872	-0.1024	0	-0	0.99668442	-0	-0	-0	0.99797362	0.86734767	-4.8333232e-05	-6.1179519e-06	-1.7001085e-06	-6.5951063e-06	-8.9909743e-08	6.8036511e-06	1.3025951e-06	1.260771e-05	8.1857902e-08	1.6113761e-05	5.9672466e-06	-5.3232739e-05	-5.3258321e-05	0.00048035287
-0.13	0.87	-0.104	0	-0	0.99650489	-0	-0	-0	0.99790365	0.86514181	-4.8540589e-05	-6.0483936e-06	-1.7076195e-06	-6.5256964e-06	-9.1548722e-08	6.823707e-06	1.3341934e-06	1.2672797e-05	8.2629534e-08	1.6183169e-05	6.0739154e-06	-5.3384693e-05	-5.3410171e-05	0.00047702325
-0.132	0.868	-0.1056	0	-0	0.99632275	-0	-0	-0	0.99783383	0.86293483	-4.8746702e-05	-5.9796574e-06	-1.7154183e-06	-6.4569604e-06	-9.3194415e-08	6.8432373e-06	1.3655465e-06	1.2736935e-05	8.3393037e-08	1.6252168e-05	6.1808873e-06	-5.3536068e-05	-5.3561439e-05	0.00047368273
-0.134	0.866	-0.1072	0	-0	0.996138	-0	-0	-0	0.99776414	0.86072674	-4.8951593e-05	-5.9117236e-06	-1.7234997e-06	-6.3888799e-06	-9.4846797e-08	6.8622545e-06	1.3966592e-06	1.2800147e-05	8.4148554e-08	1.6320764e-05	6.2881611e-06	-5.3686866e-05	-5.3712129e-05	0.00047033047
-0.136	0.864	-0.1088	0	-0	0.99595065	-0	-0	-0	0.99769459	0.85851756	-4.9155282e-05	-5.8445731e-06	-1.7318584e-06	-6.3214372e-06	-9.6505841e-08	6.8807706e-06	1.4275358e-06	1.2862454e-05	8.4896223e-08	1.6388964e-05	6.3957358e-06	-5.3837094e-05	-5.3862246e-05	0.00046696568
-0.138	0.862	-0.1104	0	-0	0.9957607	-0	-0	-0	0.99762518	0.85630731	-4.9357786e-05	-5.7781877e-06	-1.7404894e-06	-6.2546154e-06	-9.8171519e-08	6.8987969e-06	1.458181e-06	1.2923878e-05	8.5636177e-08	1.6456774e-05	6.5036101e-06	-5.3986755e-05	-5.4011794e-05	0.0004635876
-0.14	0.86	-0.112	0	-0	0.99556815	-0	-0	-0	0.99755591	0.85409601	-4.9559124e-05	-5.7125498e-06	-1.7493874e-06	-6.1883979e-06	-9.9843802e-08	6.916344e-06	1.4885992e-06	1.2984438e-05	8.6368545e-08	1.65242e-05	6.611783e-06	-5.4135853e-05	-5.4160777e-05	0.00046019551
-0.142	0.858	-0.1136	0	-0	0.99537301	-0	-0	-0	0.99748676	0.85188367	-4.9759315e-05	-5.6476425e-06	-1.7585474e-06	-6.1227691e-06	-1.0152266e-07	6.933422e-06	1.5187946e-06	1.3044153e-05	8.7093451e-08	1.6591248e-05	6.7202532e-06	-5.4284392e-05	-5.43092e-05	0.00045678872
-0.144	0.856	-0.1152	0	-0	0.99517529	-0	-0	-0	0.99741775	0.84967031	-4.9958375e-05	-5.5834494e-06	-1.7679643e-06	-6.0577138e-06	-1.0320806e-07	6.9500405e-06	1.5487717e-06	1.3103041e-05	8.7811015e-08	1.6657924e-05	6.8290198e-06	-5.4432377e-05	-5.4457066e-05	0.0004533666
-0.146	0.854	-0.1168	0	-0	0.99497498	-0	-0	-0	0.99734887	0.84745594	-5.015632e-05	-5.5199549e-06	-1.7776333e-06	-5.9932172e-06	-1.0489998e-07	6.9662083e-06	1.5785345e-06	1.3161118e-05	8.8521351e-08	1.6724233e-05	6.9380815e-06	-5.4579811e-05	-5.4604379e-05	0.00044992852
-0.148	0.852	-0.1184	0	-0	0.9947721	-0	-0	-0	0.99728011	0.84524059	-5.0353166e-05	-5.4571435e-06	-1.7875492e-06	-5.9292653e-06	-1.0659837e-07	6.981934e-06	1.6080873e-06	1.3218401e-05	8.9224572e-08	1.679018e-05	7.0474373e-06	-5.4726699e-05	-5.4751144e-05	0.00044647392
-0.15	0.85	-0.12	0	-0	0.99456664	-0	-0	-0	0.99721148	0.84302427	-5.054893e-05	-5.3950008e-06	-1.7977074e-06	-5.8658444e-06	-1.0830322e-07	6.9972256e-06	1.6374342e-06	1.3274906e-05	8.9920785e-08	1.6855771e-05	7.1570861e-06	-5.4873043e-05	-5.4897363e-05	0.00044300225
-0.152	0.848	-0.1216	0	-0	0.9943586	-0	-0	-0	0.99714297	0.840807	-5.0743625e-05	-5.3335123e-06	-1.8081028e-06	-5.8029412e-06	-1.1001447e-07	7.0120908e-06	1.6665791e-06	1.3330647e-05	9.0610093e-08	1.692101e-05	7.2670267e-06	-5.5018848e-05	-5.504304e-05	0.000439513
-0.154	0.846	-0.1232	0	-0	0.994148	-0	-0	-0	0.99707458	0.83858879	-5.0937266e-05	-5.2726644e-06	-1.8187308e-06	-5.7405429e-06	-1.1173211e-07	7.0265367e-06	1.6955261e-06	1.3385639e-05	9.1292596e-08	1.6985902e-05	7.3772582e-06	-5.5164116e-05	-5.5188179e-05	0.00043600572
-0.156	0.844	-0.1248	0	-0	0.99393483	-0	-0	-0	0.99700632	0.83636966	-5.1129868e-05	-5.2124437e-06	-1.8295865e-06	-5.6786372e-06	-1.1345608e-07	7.0405701e-06	1.724279e-06	1.3439895e-05	9.196839e-08	1.7050452e-05	7.4877794e-06	-5.5308852e-05	-5.5332782e-05	0.00043247994
-0.158	0.842	-0.1264	0	-0	0.9937191	-0	-0	-0	0.99693818	0.83414962	-5.1321444e-05	-5.1528373e-06	-1.8406654e-06	-5.6172121e-06	-1.1518637e-07	7.0541975e-06	1.7528416e-06	1.3493429e-05	9.2637569e-08	1.7114664e-05	7.5985893e-06	-5.5453059e-05	-5.5476855e-05	0.00042893528
-0.16	0.84	-0.128	0	-0	0.9935008	-0	-0	-0	0.99687015	0.83192869	-5.1512006e-05	-5.0938327e-06	-1.8519628e-06	-5.5562559e-06	-1.1692293e-07	7.067425e-06	1.7812177e-06	1.3546252e-05	9.330022e-08	1.7178543e-05	7.7096869e-06	-5.5596739e-05	-5.5620398e-05	0.00042537134
-0.162	0.838	-0.1296	0	-0	0.99327995	-0	-0	-0	0.99680225	0.82970689	-5.1701569e-05	-5.0354178e-06	-1.8634741e-06	-5.4957573e-06	-1.1866572e-07	7.0802584e-06	1.8094109e-06	1.3598377e-05	9.3956431e-08	1.7242093e-05	7.8210709e-06	-5.5739896e-05	-5.5763416e-05	0.00042178779
-0.164	0.836	-0.1312	0	-0	0.99305654	-0	-0	-0	0.99673446	0.82748423	-5.1890144e-05	-4.9775808e-06	-1.8751948e-06	-5.4357054e-06	-1.2041472e-07	7.092703e-06	1.8374249e-06	1.3649815e-05	9.4606283e-08	1.7305317e-05	7.9327405e-06	-5.5882533e-05	-5.5905912e-05	0.0004181843
-0.166	0.834	-0.1328	0	-0	0.99283057	-0	-0	-0	0.99666678	0.82526072	-5.2077743e-05	-4.9203103e-06	-1.8871204e-06	-5.3760896e-06	-1.2216987e-07	7.1047642e-06	1.8652631e-06	1.3700577e-05	9.5249857e-08	1.7368221e-05	8.0446946e-06	-5.6024652e-05	-5.6047887e-05	0.00041456059
-0.168	0.832	-0.1344	0	-0	0.99260205	-0	-0	-0	0.99659923	0.82303639	-5.2264378e-05	-4.8635951e-06	-1.8992465e-06	-5.3168994e-06	-1.2393114e-07	7.1164468e-06	1.8929292e-06	1.3750674e-05	9.5887228e-08	1.7430807e-05	8.1569321e-06	-5.6166257e-05	-5.6189347e-05	0.0004109164
-0.17	0.83	-0.136	0	-0	0.99237098	-0	-0	-0	0.99653178	0.82081125	-5.2450061e-05	-4.8074245e-06	-1.9115688e-06	-5.2581249e-06	-1.256985e-07	7.1277555e-06	1.9204264e-06	1.3800115e-05	9.6518469e-08	1.749308e-05	8.269452e-06	-5.6307351e-05	-5.6330292e-05	0.00040725148
-0.172	0.828	-0.1376	0	-0	0.99213735	-0	-0	-0	0.99646445	0.81858531	-5.2634802e-05	-4.7517881e-06	-1.9240829e-06	-5.1997562e-06	-1.274719e-07	7.1386945e-06	1.9477581e-06	1.3848911e-05	9.7143652e-08	1.7555043e-05	8.3822532e-06	-5.6447936e-05	-5.6470726e-05	0.00040356563
-0.174	0.826	-0.1392	0	-0	0.99190118	-0	-0	-0	0.99639723	0.81635859	-5.2818612e-05	-4.6966756e-06	-1.9367845e-06	-5.1417838e-06	-1.2925131e-07	7.1492682e-06	1.9749277e-06	1.389707e-05	9.7762843e-08	1.76167e-05	8.4953349e-06	-5.6588015e-05	-5.6610651e-05	0.00039985866
-0.176	0.824	-0.1408	0	-0	0.99166246	-0	-0	-0	0.99633013	0.8141311	-5.3001502e-05	-4.6420771e-06	-1.9496695e-06	-5.0841986e-06	-1.3103668e-07	7.1594804e-06	2.0019383e-06	1.3944601e-05	9.8376108e-08	1.7678054e-05	8.6086959e-06	-5.6727589e-05	-5.675007e-05	0.0003961304
-0.178	0.822	-0.1424	0	-0	0.99142119	-0	-0	-0	0.99626313	0.81190286	-5.3183481e-05	-4.5879829e-06	-1.9627337e-06	-5.0269913e-06	-1.3282798e-07	7.1693347e-06	2.0287931e-06	1.3991513e-05	9.8983508e-08	1.7739109e-05	8.7223352e-06	-5.6866663e-05	-5.6888985e-05	0.00039238071
-0.18	0.82	-0.144	0	-0	0.99117737	-0	-0	-0	0.99619624	0.80967388	-5.3364561e-05	-4.5343838e-06	-1.9759728e-06	-4.9701533e-06	-1.3462516e-07	7.1788349e-06	2.0554953e-06	1.4037814e-05	9.9585103e-08	1.7799867e-05	8.8362518e-06	-5.7005238e-05	-5.7027399e-05	0.00038860947
-0.182	0.818	-0.1456	0	-0	0.99093101	-0	-0	-0	0.99612947	0.80744419	-5.3544749e-05	-4.4812705e-06	-1.989383e-06	-4.913676e-06	-1.3642819e-07	7.187984e-06	2.0820478e-06	1.4083511e-05	1.0018095e-07	1.7860332e-05	8.9504448e-06	-5.7143316e-05	-5.7165314e-05	0.00038481659
-0.184	0.816	-0.1472	0	-0	0.9906821	-0	-0	-0	0.9960628	0.80521378	-5.3724056e-05	-4.4286342e-06	-2.00296e-06	-4.8575509e-06	-1.3823701e-07	7.1967854e-06	2.1084537e-06	1.4128613e-05	1.007711e-07	1.7920507e-05	9.064913e-06	-5.7280899e-05	-5.7302732e-05	0.00038100196
-0.186	0.814	-0.1488	0	-0	0.99043065	-0	-0	-0	0.99599624	0.80298268	-5.3902491e-05	-4.3764662e-06	-2.0167e-06	-4.8017699e-06	-1.4005159e-07	7.2052419e-06	2.1347159e-06	1.4173127e-05	1.0135561e-07	1.7980396e-05	9.1796557e-06	-5.7417991e-05	-5.7439655e-05	0.00037716554
-0.188	0.812	-0.1504	0	-0	0.99017666	-0	-0	-0	0.9959298	0.80075091	-5.4080063e-05	-4.324758e-06	-2.0305989e-06	-4.7463251e-06	-1.4187189e-07	7.2133564e-06	2.1608373e-06	1.4217058e-05	1.0193452e-07	1.804e-05	9.2946717e-06	-5.7554593e-05	-5.7576086e-05	0.00037330727
-0.19	0.81	-0.152	0	-0	0.98992012	-0	-0	-0	0.99586345	0.79851847	-5.4256779e-05	-4.2735014e-06	-2.0446529e-06	-4.6912087e-06	-1.4369786e-07	7.2211314e-06	2.1868208e-06	1.4260415e-05	1.0250789e-07	1.8099323e-05	9.40996e-06	-5.7690706e-05	-5.7712027e-05	0.00036942712
-0.192	0.808	-0.1536	0	-0	0.98966104	-0	-0	-0	0.99579722	0.79628538	-5.4432649e-05	-4.2226884e-06	-2.0588581e-06	-4.636413e-06	-1.4552946e-07	7.2285695e-06	2.212669e-06	1.4303203e-05	1.0307576e-07	1.8158368e-05	9.5255198e-06	-5.7826334e-05	-5.7847479e-05	0.00036552507
-0.194	0.806	-0.1552	0	-0	0.98939941	-0	-0	-0	0.99573109	0.79405166	-5.4607681e-05	-4.1723112e-06	-2.0732106e-06	-4.5819307e-06	-1.4736665e-07	7.2356731e-06	2.2383847e-06	1.4345428e-05	1.0363816e-07	1.8217137e-05	9.6413499e-06	-5.7961478e-05	-5.7982444e-05	0.00036160111
-0.196	0.804	-0.1568	0	-0	0.98913524	-0	-0	-0	0.99566507	0.79181732	-5.4781883e-05	-4.122362e-06	-2.0877067e-06	-4.5277544e-06	-1.4920937e-07	7.2424442e-06	2.2639707e-06	1.4387097e-05	1.0419515e-07	1.8275632e-05	9.7574496e-06	-5.8096139e-05	-5.8116925e-05	0.00035765526
-0.198	0.802	-0.1584	0	-0	0.98886853	-0	-0	-0	0.99559916	0.78958237	-5.4955262e-05	-4.0728335e-06	-2.1023427e-06	-4.4738772e-06	-1.5105759e-07	7.2488851e-06	2.2894295e-06	1.4428215e-05	1.0474675e-07	1.8333858e-05	9.8738176e-06	-5.823032e-05	-5.8250923e-05	0.00035368753
-0.2	0.8	-0.16	0	-0	0.98859927	-0	-0	-0	0.99553335	0.78734683	-5.5127827e-05	-4.0237183e-06	-2.1171148e-06	-4.4202919e-06	-1.5291126e-07	7.2549976e-06	2.3147637e-06	1.4468787e-05	1.05293e-07	1.8391815e-05	9.9904532e-06	-5.8364023e-05	-5.838444e-05	0.00034969796
-0.202	0.798	-0.1616	0	-0	0.98832747	-0	-0	-0	0.99546765	0.78511072	-5.5299583e-05	-3.9750094e-06	-2.1320193e-06	-4.3669919e-06	-1.5477033e-07	7.2607836e-06	2.3399759e-06	1.4508819e-05	1.0583394e-07	1.8449507e-05	1.0107355e-05	-5.8497249e-05	-5.8517478e-05	0.00034568658
-0.204	0.796	-0.1632	0	-0	0.98805312	-0	-0	-0	0.99540205	0.78287404	-5.547054e-05	-3.9266999e-06	-2.1470526e-06	-4.3139705e-06	-1.5663476e-07	7.2662449e-06	2.3650686e-06	1.4548316e-05	1.0636959e-07	1.8506935e-05	1.0224523e-05	-5.8629999e-05	-5.8650037e-05	0.00034165346
-0.206	0.794	-0.1648	0	-0	0.98777623	-0	-0	-0	0.99533656	0.78063682	-5.5640703e-05	-3.8787829e-06	-2.162211e-06	-4.2612212e-06	-1.5850449e-07	7.271383e-06	2.3900442e-06	1.4587282e-05	1.0689999e-07	1.8564102e-05	1.0341956e-05	-5.8762276e-05	-5.8782121e-05	0.00033759864
-0.208	0.792	-0.1664	0	-0	0.9874968	-0	-0	-0	0.99527117	0.77839906	-5.5810079e-05	-3.831252e-06	-2.1774911e-06	-4.2087377e-06	-1.6037948e-07	7.2761995e-06	2.4149051e-06	1.4625722e-05	1.0742516e-07	1.8621011e-05	1.0459652e-05	-5.8894081e-05	-5.891373e-05	0.00033352219
-0.21	0.79	-0.168	0	-0	0.98721482	-0	-0	-0	0.99520589	0.77616078	-5.5978676e-05	-3.7841005e-06	-2.1928893e-06	-4.1565136e-06	-1.6225969e-07	7.2806958e-06	2.4396536e-06	1.466364e-05	1.0794512e-07	1.8677663e-05	1.057761e-05	-5.9025416e-05	-5.9044867e-05	0.0003294242
-0.212	0.788	-0.1696	0	-0	0.98693029	-0	-0	-0	0.99514071	0.773922	-5.6146499e-05	-3.7373223e-06	-2.208402e-06	-4.104543e-06	-1.6414505e-07	7.2848732e-06	2.4642922e-06	1.4701041e-05	1.0845991e-07	1.8734061e-05	1.0695831e-05	-5.9156281e-05	-5.9175531e-05	0.00032530473
-0.214	0.786	-0.1712	0	-0	0.98664321	-0	-0	-0	0.99507564	0.77168272	-5.6313554e-05	-3.6909111e-06	-2.2240258e-06	-4.0528199e-06	-1.6603552e-07	7.2887331e-06	2.4888232e-06	1.473793e-05	1.0896954e-07	1.8790207e-05	1.0814313e-05	-5.9286679e-05	-5.9305726e-05	0.00032116388
-0.216	0.784	-0.1728	0	-0	0.98635359	-0	-0	-0	0.99501068	0.76944296	-5.6479849e-05	-3.644861e-06	-2.2397573e-06	-4.0013384e-06	-1.6793105e-07	7.2922765e-06	2.5132486e-06	1.4774309e-05	1.0947402e-07	1.8846102e-05	1.0933054e-05	-5.941661e-05	-5.9435451e-05	0.00031700173
-0.218	0.782	-0.1744	0	-0	0.98606141	-0	-0	-0	0.99494581	0.76720274	-5.6645389e-05	-3.5991661e-06	-2.2555929e-06	-3.9500927e-06	-1.6983159e-07	7.2955047e-06	2.5375709e-06	1.4810183e-05	1.0997339e-07	1.8901749e-05	1.1052054e-05	-5.9546077e-05	-5.956471e-05	0.00031281838
-0.22	0.78	-0.176	0	-0	0.98576669	-0	-0	-0	0.99488106	0.76496207	-5.681018e-05	-3.5538207e-06	-2.2715294e-06	-3.8990773e-06	-1.7173708e-07	7.2984185e-06	2.5617921e-06	1.4845555e-05	1.1046764e-07	1.895715e-05	1.1171313e-05	-5.967508e-05	-5.9693502e-05	0.00030861392
-0.222	0.778	-0.1776	0	-0	0.98546941	-0	-0	-0	0.9948164	0.76272097	-5.6974227e-05	-3.5088191e-06	-2.2875634e-06	-3.8482868e-06	-1.7364748e-07	7.301019e-06	2.5859144e-06	1.4880429e-05	1.1095681e-07	1.9012306e-05	1.1290828e-05	-5.980362e-05	-5.9821829e-05	0.00030438847
-0.224	0.776	-0.1792	0	-0	0.98516958	-0	-0	-0	0.99475186	0.76047944	-5.7137537e-05	-3.464156e-06	-2.3036915e-06	-3.7977156e-06	-1.7556271e-07	7.303307e-06	2.60994e-06	1.4914808e-05	1.1144088e-07	1.9067219e-05	1.14106e-05	-5.9931699e-05	-5.9949693e-05	0.00030014211
-0.226	0.774	-0.1808	0	-0	0.9848672	-0	-0	-0	0.99468741	0.7582375	-5.7300114e-05	-3.4198258e-06	-2.3199105e-06	-3.7473585e-06	-1.7748274e-07	7.3052834e-06	2.6338708e-06	1.4948695e-05	1.1191989e-07	1.9121892e-05	1.1530627e-05	-6.0059318e-05	-6.0077094e-05	0.00029587496
-0.228	0.772	-0.1824	0	-0	0.98456226	-0	-0	-0	0.99462307	0.75599516	-5.7461964e-05	-3.3758235e-06	-2.336217e-06	-3.6972104e-06	-1.7940751e-07	7.306949e-06	2.657709e-06	1.4982095e-05	1.1239383e-07	1.9176326e-05	1.1650909e-05	-6.0186479e-05	-6.0204033e-05	0.00029158713
-0.23	0.77	-0.184	0	-0	0.98425477	-0	-0	-0	0.99455884	0.75375245	-5.7623092e-05	-3.332144e-06	-2.3526079e-06	-3.6472663e-06	-1.8133695e-07	7.3083045e-06	2.6814566e-06	1.5015009e-05	1.128627e-07	1.9230522e-05	1.1771443e-05	-6.0313181e-05	-6.0330513e-05	0.00028727872
-0.232	0.768	-0.1856	0	-0	0.98394471	-0	-0	-0	0.99449471	0.75150936	-5.7783503e-05	-3.2887822e-06	-2.3690798e-06	-3.5975211e-06	-1.8327101e-07	7.3093506e-06	2.7051155e-06	1.504744e-05	1.1332653e-07	1.9284482e-05	1.1892231e-05	-6.0439427e-05	-6.0456533e-05	0.00028294984
-0.234	0.766	-0.1872	0	-0	0.9836321	-0	-0	-0	0.99443069	0.74926592	-5.7943202e-05	-3.2457333e-06	-2.3856296e-06	-3.54797e-06	-1.8520964e-07	7.3100878e-06	2.7286877e-06	1.5079392e-05	1.137853e-07	1.9338209e-05	1.2013269e-05	-6.0565217e-05	-6.0582095e-05	0.0002786006
-0.236	0.764	-0.1888	0	-0	0.98331692	-0	-0	-0	0.99436678	0.74702215	-5.8102193e-05	-3.2029925e-06	-2.4022542e-06	-3.4986082e-06	-1.8715276e-07	7.3105169e-06	2.7521752e-06	1.5110867e-05	1.1423902e-07	1.9391702e-05	1.2134559e-05	-6.0690552e-05	-6.07072e-05	0.0002742311
-0.238	0.762	-0.1904	0	-0	0.98299918	-0	-0	-0	0.99430297	0.74477804	-5.8260483e-05	-3.1605552e-06	-2.4189503e-06	-3.4494311e-06	-1.8910033e-07	7.3106383e-06	2.7755799e-06	1.5141868e-05	1.1468769e-07	1.9444965e-05	1.2256098e-05	-6.0815434e-05	-6.0831849e-05	0.00026984147
-0.24	0.76	-0.192	0	-0	0.98267888	-0	-0	-0	0.99423926	0.74253362	-5.8418074e-05	-3.1184169e-06	-2.4357148e-06	-3.4004342e-06	-1.9105227e-07	7.3104526e-06	2.7989036e-06	1.5172396e-05	1.1513131e-07	1.9497998e-05	1.2377886e-05	-6.0939863e-05	-6.0956043e-05	0.00026543179
-0.242	0.758	-0.1936	0	-0	0.98235601	-0	-0	-0	0.99417566	0.7402889	-5.8574971e-05	-3.0765732e-06	-2.4525447e-06	-3.351613e-06	-1.9300854e-07	7.3099601e-06	2.8221482e-06	1.5202456e-05	1.1556987e-07	1.9550803e-05	1.2499922e-05	-6.1063841e-05	-6.1079783e-05	0.00026100219
-0.244	0.756	-0.1952	0	-0	0.98203057	-0	-0	-0	0.99411217	0.73804389	-5.873118e-05	-3.0350197e-06	-2.4694368e-06	-3.302963e-06	-1.9496905e-07	7.3091615e-06	2.8453156e-06	1.5232049e-05	1.1600336e-07	1.9603382e-05	1.2622205e-05	-6.1187367e-05	-6.1203069e-05	0.00025655277
-0.246	0.754	-0.1968	0	-0	0.98170255	-0	-0	-0	0.99404879	0.73579862	-5.8886703e-05	-2.9937523e-06	-2.4863881e-06	-3.2544801e-06	-1.9693375e-07	7.3080571e-06	2.8684075e-06	1.5261177e-05	1.1643178e-07	1.9655735e-05	1.2744735e-05	-6.1310443e-05	-6.1325903e-05	0.00025208363
-0.248	0.752	-0.1984	0	-0	0.98137197	-0	-0	-0	0.99398551	0.73355308	-5.9041546e-05	-2.9527668e-06	-2.5033956e-06	-3.20616e-06	-1.9890258e-07	7.3066473e-06	2.8914257e-06	1.5289842e-05	1.1685513e-07	1.9707864e-05	1.2867509e-05	-6.1433071e-05	-6.1448285e-05	0.00024759488
-0.25	0.75	-0.2	0	-0	0.98103881	-0	-0	-0	0.99392234	0.73130729	-5.9195712e-05	-2.9120593e-06	-2.5204562e-06	-3.1579986e-06	-2.0087546e-07	7.3049325e-06	2.9143721e-06	1.5318048e-05	1.1727338e-07	1.9759771e-05	1.2990528e-05	-6.155525e-05	-6.1570217e-05	0.00024308662
-0.252	0.748	-0.2016	0	-0	0.98070307	-0	-0	-0	0.99385928	0.72906127	-5.9349205e-05	-2.8716257e-06	-2.5375669e-06	-3.109992e-06	-2.0285233e-07	7.302913e-06	2.9372484e-06	1.5345795e-05	1.1768654e-07	1.9811457e-05	1.311379e-05	-6.1676981e-05	-6.1691698e-05	0.00023855895
-0.254	0.746	-0.2032	0	-0	0.98036475	-0	-0	-0	0.99379633	0.72681503	-5.9502028e-05	-2.8314624e-06	-2.5547249e-06	-3.0621362e-06	-2.0483311e-07	7.3005892e-06	2.9600563e-06	1.5373085e-05	1.1809457e-07	1.9862922e-05	1.3237295e-05	-6.1798266e-05	-6.1812731e-05	0.00023401198
-0.256	0.744	-0.2048	0	-0	0.98002385	-0	-0	-0	0.99373348	0.72456859	-5.9654187e-05	-2.7915657e-06	-2.5719271e-06	-3.0144274e-06	-2.0681774e-07	7.2979614e-06	2.9827975e-06	1.5399922e-05	1.1849748e-07	1.9914169e-05	1.3361041e-05	-6.1919105e-05	-6.1933315e-05	0.0002294458
-0.258	0.742	-0.2064	0	-0	0.97968036	-0	-0	-0	0.99367075	0.72232195	-5.9805684e-05	-2.7519318e-06	-2.5891705e-06	-2.9668618e-06	-2.0880615e-07	7.29503e-06	3.0054738e-06	1.5426306e-05	1.1889524e-07	1.9965198e-05	1.3485028e-05	-6.2039499e-05	-6.2053452e-05	0.00022486052
-0.26	0.74	-0.208	0	-0	0.97933429	-0	-0	-0	0.99360813	0.72007514	-5.9956522e-05	-2.7125573e-06	-2.6064524e-06	-2.9194358e-06	-2.1079827e-07	7.2917952e-06	3.0280867e-06	1.545224e-05	1.1928783e-07	2.0016011e-05	1.3609255e-05	-6.2159448e-05	-6.2173142e-05	0.00022025622
-0.262	0.738	-0.2096	0	-0	0.97898563	-0	-0	-0	0.99354561	0.71782815	-6.0106706e-05	-2.6734388e-06	-2.6237697e-06	-2.8721458e-06	-2.1279401e-07	7.2882572e-06	3.050638e-06	1.5477725e-05	1.1967524e-07	2.0066608e-05	1.373372e-05	-6.2278954e-05	-6.2292387e-05	0.00021563302
-0.264	0.736	-0.2112	0	-0	0.97863437	-0	-0	-0	0.99348321	0.71558102	-6.0256238e-05	-2.634573e-06	-2.6411197e-06	-2.8249884e-06	-2.1479331e-07	7.2844165e-06	3.0731294e-06	1.5502763e-05	1.2005744e-07	2.0116991e-05	1.3858424e-05	-6.2398017e-05	-6.2411185e-05	0.00021099101
-0.266	0.734	-0.2128	0	-0	0.97828052	-0	-0	-0	0.99342092	0.71333374	-6.0405123e-05	-2.5959565e-06	-2.6584994e-06	-2.7779601e-06	-2.1679609e-07	7.2802734e-06	3.0955625e-06	1.5527356e-05	1.2043442e-07	2.0167161e-05	1.3983365e-05	-6.2516638e-05	-6.252954e-05	0.00020633029
-0.268	0.732	-0.2144	0	-0	0.97792407	-0	-0	-0	0.99335874	0.71108634	-6.0553362e-05	-2.5575862e-06	-2.6759061e-06	-2.7310576e-06	-2.1880228e-07	7.2758279e-06	3.1179388e-06	1.5551505e-05	1.2080614e-07	2.0217119e-05	1.4108542e-05	-6.2634817e-05	-6.264745e-05	0.00020165096
-0.27	0.73	-0.216	0	-0	0.97756502	-0	-0	-0	0.99329668	0.70883882	-6.070096e-05	-2.5194592e-06	-2.693337e-06	-2.6842777e-06	-2.2081179e-07	7.2710806e-06	3.1402601e-06	1.5575212e-05	1.2117258e-07	2.0266866e-05	1.4233955e-05	-6.2752555e-05	-6.2764917e-05	0.00019695311
-0.272	0.728	-0.2176	0	-0	0.97720337	-0	-0	-0	0.99323472	0.70659121	-6.0847919e-05	-2.4815723e-06	-2.7107891e-06	-2.6376172e-06	-2.2282454e-07	7.2660316e-06	3.162528e-06	1.5598479e-05	1.2153371e-07	2.0316403e-05	1.4359602e-05	-6.2869854e-05	-6.2881942e-05	0.00019223687
-0.274	0.726	-0.2192	0	-0	0.97683911	-0	-0	-0	0.99317288	0.7043435	-6.0994242e-05	-2.4439228e-06	-2.7282599e-06	-2.5910732e-06	-2.2484046e-07	7.2606813e-06	3.1847439e-06	1.5621308e-05	1.218895e-07	2.0365731e-05	1.4485483e-05	-6.2986712e-05	-6.2998525e-05	0.00018750232
-0.276	0.724	-0.2208	0	-0	0.97647224	-0	-0	-0	0.99311116	0.70209572	-6.1139932e-05	-2.4065078e-06	-2.7457464e-06	-2.5446425e-06	-2.2685947e-07	7.25503e-06	3.2069096e-06	1.5643699e-05	1.2223993e-07	2.0414851e-05	1.4611596e-05	-6.3103132e-05	-6.3114666e-05	0.00018274959
-0.278	0.722	-0.2224	0	-0	0.97610275	-0	-0	-0	0.99304955	0.69984788	-6.1284993e-05	-2.3693247e-06	-2.763246e-06	-2.4983224e-06	-2.2888147e-07	7.2490779e-06	3.2290266e-06	1.5665655e-05	1.2258497e-07	2.0463763e-05	1.4737941e-05	-6.3219113e-05	-6.3230367e-05	0.00017797878
-0.28	0.72	-0.224	0	-0	0.97573065	-0	-0	-0	0.99298806	0.6976	-6.1429425e-05	-2.3323707e-06	-2.780756e-06	-2.45211e-06	-2.309064e-07	7.2428253e-06	3.2510965e-06	1.5687176e-05	1.2292456e-07	2.0512469e-05	1.4864518e-05	-6.3334657e-05	-6.3345628e-05	0.00017319001
-0.282	0.718	-0.2256	0	-0	0.97535593	-0	-0	-0	0.99292668	0.69535207	-6.1573233e-05	-2.2956434e-06	-2.7982736e-06	-2.4060026e-06	-2.3293415e-07	7.2362727e-06	3.2731208e-06	1.5708265e-05	1.232587e-07	2.056097e-05	1.4991324e-05	-6.3449764e-05	-6.346045e-05	0.00016838341
-0.284	0.716	-0.2272	0	-0	0.97497859	-0	-0	-0	0.99286542	0.69310413	-6.1716419e-05	-2.2591403e-06	-2.8157961e-06	-2.3599976e-06	-2.3496465e-07	7.2294203e-06	3.2951012e-06	1.5728923e-05	1.2358732e-07	2.0609265e-05	1.5118359e-05	-6.3564435e-05	-6.3574833e-05	0.00016355912
-0.286	0.714	-0.2288	0	-0	0.97459862	-0	-0	-0	0.99280428	0.69085618	-6.1858985e-05	-2.222859e-06	-2.833321e-06	-2.3140924e-06	-2.3699782e-07	7.2222685e-06	3.3170391e-06	1.5749151e-05	1.2391041e-07	2.0657357e-05	1.5245623e-05	-6.367867e-05	-6.3688778e-05	0.00015871726
-0.288	0.712	-0.2304	0	-0	0.97421602	-0	-0	-0	0.99274326	0.68860823	-6.2000933e-05	-2.1867972e-06	-2.8508455e-06	-2.2682845e-06	-2.3903355e-07	7.2148176e-06	3.3389361e-06	1.576895e-05	1.2422791e-07	2.0705246e-05	1.5373115e-05	-6.3792469e-05	-6.3802285e-05	0.00015385799
-0.29	0.71	-0.232	0	-0	0.97383079	-0	-0	-0	0.99268236	0.6863603	-6.2142267e-05	-2.1509529e-06	-2.868367e-06	-2.2225716e-06	-2.4107177e-07	7.2070681e-06	3.3607939e-06	1.5788323e-05	1.2453978e-07	2.0752933e-05	1.5500832e-05	-6.3905834e-05	-6.3915356e-05	0.00014898147
-0.292	0.708	-0.2336	0	-0	0.97344292	-0	-0	-0	0.99262158	0.6841124	-6.2282988e-05	-2.1153237e-06	-2.8858829e-06	-2.1769514e-06	-2.4311238e-07	7.1990202e-06	3.3826139e-06	1.580727e-05	1.2484599e-07	2.0800418e-05	1.5628776e-05	-6.4018764e-05	-6.402799e-05	0.00014408788
-0.294	0.706	-0.2352	0	-0	0.97305241	-0	-0	-0	0.99256092	0.68186454	-6.2423097e-05	-2.0799078e-06	-2.9033906e-06	-2.1314218e-06	-2.4515529e-07	7.1906745e-06	3.4043976e-06	1.5825793e-05	1.2514648e-07	2.0847702e-05	1.5756944e-05	-6.4131262e-05	-6.4140188e-05	0.00013917739
-0.296	0.704	-0.2368	0	-0	0.97265926	-0	-0	-0	0.99250038	0.67961674	-6.2562599e-05	-2.0447031e-06	-2.9208875e-06	-2.0859805e-06	-2.472004e-07	7.1820314e-06	3.4261467e-06	1.5843894e-05	1.2544121e-07	2.0894786e-05	1.5885337e-05	-6.4243326e-05	-6.4251952e-05	0.0001342502
-0.298	0.702	-0.2384	0	-0	0.97226346	-0	-0	-0	0.99243997	0.677369	-6.2701494e-05	-2.0097078e-06	-2.9383711e-06	-2.0406256e-06	-2.4924764e-07	7.1730912e-06	3.4478627e-06	1.5861573e-05	1.2573013e-07	2.094167e-05	1.6013952e-05	-6.4354957e-05	-6.436328e-05	0.00012930654
-0.3	0.7	-0.24	0	-0	0.971865	-0	-0	-0	0.99237967	0.67512135	-6.2839783e-05	-1.9749201e-06	-2.9558387e-06	-1.9953551e-06	-2.512969e-07	7.1638545e-06	3.4695472e-06	1.5878832e-05	1.2601319e-07	2.0988356e-05	1.614279e-05	inf	inf	inf
