lambda	F11	F12	F13	F21	F22	F23	F31	F32	F33	J	P11	P12	P13	P21	P22	P23	P31	P32	P33	p	StrEn	t(1)	t(2)	d
0	1	0	0	0	1	0	0	0	1	1	0	0	0	0	0	0	0	0	0	-0	0	inf	inf	inf
-0.002	0.998	0	0	0	1	0	0	0	1.000912	0.99891015	-3.8202496e-05	1.8201136e-08	1.1883526e-07	2.5893975e-08	-1.2170436e-05	-1.6167269e-07	1.2618322e-07	-1.7598079e-07	-5.0378653e-09	1.6792656e-05	3.8234927e-08	-3.8200201e-05	-3.8102885e-05	-0.0025540462
-0.004	0.996	0	0	0	1	0	0	0	1.0018219	0.99781465	-7.5983138e-05	2.1948588e-08	2.0997543e-07	3.8145954e-08	-2.4263344e-05	-3.1668211e-07	2.701144e-07	-3.5953239e-07	-1.0625292e-08	3.3419036e-05	1.5241154e-07	-7.5978307e-05	-7.5808622e-05	-0.0022383348
-0.006	0.994	0	0	0	1	0	0	0	1.0027309	0.99671456	-0.00011306627	-5.1447141e-08	1.8883935e-07	-2.5453555e-08	-3.6068612e-05	-4.4591584e-07	4.5024132e-07	-5.5276943e-07	-1.7998434e-08	4.9717628e-05	3.4146941e-07	-0.00011305808	-0.00011253293	-0.0046666517
-0.008	0.992	0	0	0	1	0	0	0	1.0036422	0.99561309	-0.00014730706	-5.5392497e-07	-3.5295275e-07	-5.1682145e-07	-4.5512097e-05	-5.1510367e-07	7.4345883e-07	-7.25238e-07	-3.1432373e-08	6.428353e-05	6.0254326e-07	-0.00014729277	-0.00014603089	-0.0086411937
-0.01	0.99	0	0	0	1	0	0	0	1.0045501	0.9945046	-0.00017539767	-8.3305697e-07	-1.2965971e-06	-7.8153256e-07	-4.9436132e-05	-6.2488537e-07	1.0933437e-06	-8.0836774e-07	-4.6487943e-08	7.4960096e-05	9.2559296e-07	-0.00017537664	-0.000174802	-0.003287399
-0.012	0.988	0	0	0	1	0	0	0	1.0054513	0.99338589	-0.00020098347	-9.3137106e-07	-2.0232999e-06	-8.6545303e-07	-5.1685679e-05	-7.3430945e-07	1.3762832e-06	-8.970863e-07	-5.8780613e-08	8.4242644e-05	1.3017513e-06	-0.00020095706	-0.00020049277	-0.0023157457
-0.014	0.986	0	0	0	1	0	0	0	1.0063475	0.99225864	-0.00022519973	-1.022419e-06	-2.6050813e-06	-9.4212267e-07	-5.3558397e-05	-8.3824131e-07	1.6126557e-06	-9.9039745e-07	-6.9207148e-08	9.2942445e-05	1.727564e-06	-0.00022516879	-0.00022465421	-0.00229057
-0.016	0.984	0	0	0	1	0	0	0	1.0072393	0.99112352	-0.0002480663	-1.1143931e-06	-3.103682e-06	-1.019058e-06	-5.5275643e-05	-9.3613929e-07	1.8156468e-06	-1.0817755e-06	-7.8323009e-08	0.00010114009	2.2003681e-06	-0.00024803145	-0.00024744998	-0.0023498551
-0.018	0.982	0	0	0	1	0	0	0	1.008127	0.98998074	-0.0002694728	-1.2040458e-06	-3.5507686e-06	-1.0927502e-06	-5.6902488e-05	-1.0265525e-06	1.9909546e-06	-1.1675297e-06	-8.6417649e-08	0.00010882057	2.717364e-06	-0.00026943453	-0.00026880167	-0.0023543656
-0.02	0.98	0	0	0	1	0	0	0	1.0090106	0.98883034	-0.00028936137	-1.2869055e-06	-3.9642104e-06	-1.1587968e-06	-5.8465412e-05	-1.1080936e-06	2.1414258e-06	-1.2452547e-06	-9.3673661e-08	0.00011597348	3.2755748e-06	-0.00028932009	-0.00028866378	-0.0022736079
-0.022	0.978	0	0	0	1	0	0	0	1.0098898	0.98767225	-0.00030778413	-1.3591504e-06	-4.354643e-06	-1.2136535e-06	-5.9977757e-05	-1.1796173e-06	2.2689899e-06	-1.3132743e-06	-1.0023218e-07	0.00012262071	3.8720191e-06	-0.00030774017	-0.00030708667	-0.002128084
-0.024	0.976	0	0	0	1	0	0	0	1.0107646	0.9865063	-0.00032488956	-1.4184059e-06	-4.728624e-06	-1.2552856e-06	-6.1447257e-05	-1.2401295e-06	2.3752812e-06	-1.3703093e-06	-1.0621261e-07	0.00012881434	4.5039214e-06	-0.00032484322	-0.00032420858	-0.0019574955
-0.026	0.974	0	0	0	1	0	0	0	1.0116348	0.98533226	-0.0003408718	-1.4637358e-06	-5.0905218e-06	-1.2830435e-06	-6.2878633e-05	-1.2886104e-06	2.4616081e-06	-1.4151859e-06	-1.1171415e-07	0.00013462072	5.1688534e-06	-0.00034082334	-0.00034021304	-0.0017938776
-0.028	0.972	0	0	0	1	0	0	0	1.0124998	0.98414985	-0.00035592317	-1.4951643e-06	-5.4436825e-06	-1.2971361e-06	-6.4274674e-05	-1.32386e-06	2.5287421e-06	-1.4466136e-06	-1.1681476e-07	0.00014010489	5.8647736e-06	-0.0003558728	-0.00035528553	-0.0016529707
-0.03	0.97	0	0	0	1	0	0	0	1.0133595	0.98295867	-0.00037020823	-1.5131585e-06	-5.7910903e-06	-1.2981163e-06	-6.5636822e-05	-1.344402e-06	2.5767646e-06	-1.4630476e-06	-1.215728e-07	0.00014532221	6.5899955e-06	-0.00037015616	-0.0003695876	-0.0015383722
-0.032	0.968	0	0	0	1	0	0	0	1.0142131	0.98175824	-0.00038385662	-1.5182744e-06	-6.1357121e-06	-1.2865511e-06	-6.6965574e-05	-1.3484298e-06	2.6050047e-06	-1.4626134e-06	-1.2603078e-07	0.00015031608	7.343124e-06	-0.00038380304	-0.00038324816	-0.0014478549
-0.034	0.966	0	0	0	1	0	0	0	1.01506	0.98054797	-0.00039696542	-1.5109687e-06	-6.4806819e-06	-1.2628575e-06	-6.8260774e-05	-1.3337703e-06	2.6120241e-06	-1.44306e-06	-1.3021975e-07	0.00015511881	8.1229881e-06	-0.00039691052	-0.00039636456	-0.0013774333
-0.036	0.964	0	0	0	1	0	0	0	1.0158995	0.97932714	-0.00040960466	-1.4915159e-06	-6.8294136e-06	-1.2272379e-06	-6.9521878e-05	-1.2978514e-06	2.5956099e-06	-1.4017228e-06	-1.3416401e-07	0.00015975357	8.9285822e-06	-0.00040954862	-0.00040900743	-0.0013231911
-0.038	0.962	0	0	0	1	0	0	0	1.0167306	0.97809481	-0.00042182264	-1.4599724e-06	-7.1856831e-06	-1.1796555e-06	-7.0748251e-05	-1.2376646e-06	2.5527614e-06	-1.3354875e-06	-1.3788682e-07	0.00016423626	9.7590179e-06	-0.00042176568	-0.00042122572	-0.0012818764
-0.04	0.96	0	0	0	1	0	0	0	1.0175519	0.97684982	-0.00043364995	-1.4161369e-06	-7.5536787e-06	-1.1197985e-06	-7.1939749e-05	-1.1497236e-06	2.4796843e-06	-1.2407551e-06	-1.4142056e-07	0.00016857704	1.0613485e-05	-0.00043359228	-0.00043305051	-0.0012510545
-0.042	0.958	0	0	0	1	0	0	0	1.0183617	0.97559054	-0.00044510093	-1.3594172e-06	-7.9379601e-06	-1.0469396e-06	-7.3098476e-05	-1.0300056e-06	2.3718635e-06	-1.1134098e-06	-1.4483274e-07	0.00017278141	1.149122e-05	-0.00044504281	-0.00044449615	-0.0012298355
-0.044	0.956	0	0	0	1	0	0	0	1.0191571	0.97431421	-0.00045616759	-1.2882127e-06	-8.3430386e-06	-9.5927294e-07	-7.4236736e-05	-8.7378118e-07	2.224539e-06	-9.4875322e-07	-1.4831771e-07	0.00017685088	1.239147e-05	-0.0004561095	-0.00045554979	-0.0012286421
-0.046	0.954	0	0	0	1	0	0	0	1.0199284	0.97301166	-0.00046675721	-1.1957484e-06	-8.7707856e-06	-8.4944954e-07	-7.5437426e-05	-6.7429582e-07	2.035681e-06	-7.4074661e-07	-1.5265791e-07	0.00018078243	1.3313419e-05	-0.00046670163	-0.00046604736	-0.0014038592
-0.048	0.952	0	0	0	1	0	0	0	1.0206137	0.97162422	-0.00047615854	-1.0420222e-06	-9.2102974e-06	-6.7480373e-07	-7.736152e-05	-4.1060654e-07	1.8201547e-06	-4.7193333e-07	-1.6062483e-07	0.00018456023	1.4255659e-05	-0.00047610894	-0.000475358	-0.0015797334
-0.05	0.95	0	0	0	1	0	0	0	1.0211634	0.97010526	-0.00048381214	-8.0319541e-07	-9.6685486e-06	-4.1037557e-07	-8.0543081e-05	-6.2735476e-08	1.5775725e-06	-1.2048115e-07	-1.6995372e-07	0.00018817506	1.5214851e-05	-0.00048376756	-0.0004832037	-0.0011669259
-0.052	0.948	0	0	0	1	0	0	0	1.0216629	0.96853638	-0.0004907501	-5.2775445e-07	-1.016124e-05	-1.0741951e-07	-8.4009427e-05	3.5182724e-07	1.2872305e-06	3.0075695e-07	-1.7732988e-07	0.00019164562	1.6188474e-05	-0.00049070693	-0.0004901632	-0.0011092802
-0.054	0.946	0	0	0	1	0	0	0	1.0221373	0.96694189	-0.00049728565	-2.2752632e-07	-1.0688689e-05	2.2186481e-07	-8.7444455e-05	8.2959374e-07	9.4628119e-07	7.883736e-07	-1.8317584e-07	0.00019497109	1.7175504e-05	-0.00049724317	-0.00049668429	-0.0011252268
-0.056	0.944	0	0	0	1	0	0	0	1.0225904	0.96532533	-0.00050347164	9.4465765e-08	-1.1252245e-05	5.7445956e-07	-9.0770731e-05	1.3714466e-06	5.523649e-07	1.343189e-06	-1.8783728e-07	0.0001981434	1.8175211e-05	-0.00050343011	-0.00050285176	-0.0011501372
-0.058	0.942	0	0	0	1	0	0	0	1.0230218	0.96368651	-0.00050931342	4.3511226e-07	-1.1853947e-05	9.4717779e-07	-9.3952852e-05	1.9770623e-06	1.0275724e-07	1.9649481e-06	-1.9148559e-07	0.00020115259	1.9186911e-05	-0.00050927322	-0.00050867542	-0.0011752201
-0.06	0.94	0	0	0	1	0	0	0	1.0234301	0.96202427	-0.0005148033	7.8997538e-07	-1.2495525e-05	1.3353648e-06	-9.6967205e-05	2.6432884e-06	-4.0476922e-07	2.6505975e-06	-1.9421221e-07	0.00020398824	2.0209913e-05	-0.00051476486	-0.0005141488	-0.001198213
-0.062	0.938	0	0	0	1	0	0	0	1.0238136	0.96033713	-0.00051992996	1.1530069e-06	-1.3177697e-05	1.7325975e-06	-9.9795489e-05	3.3631901e-06	-9.712055e-07	3.3932579e-06	-1.9607328e-07	0.00020664051	2.1243506e-05	-0.00051989366	-0.00051926128	-0.0012178455
-0.064	0.936	0	0	0	1	0	0	0	1.0241706	0.95862367	-0.00052468263	1.5166056e-06	-1.3899624e-05	2.1307403e-06	-0.00010242333	4.1255235e-06	-1.5956835e-06	4.1816394e-06	-1.9711198e-07	0.00020910102	2.2286958e-05	-0.00052464882	-0.00052400273	-0.0012329915
-0.066	0.934	0	0	0	1	0	0	0	1.0244997	0.95688273	-0.00052905378	1.8719693e-06	-1.4658527e-05	2.5203184e-06	-0.00010484036	4.9147883e-06	-2.2750137e-06	5.0000505e-06	-1.9737094e-07	0.00021136384	2.3339517e-05	-0.00052902273	-0.00052836619	-0.0012425784
-0.068	0.932	0	0	0	1	0	0	0	1.0247999	0.95511354	-0.00053304109	2.2097362e-06	-1.5449531e-05	2.8912051e-06	-0.00010704077	5.712025e-06	-3.0034749e-06	5.829171e-06	-1.9689959e-07	0.00021342625	2.4400423e-05	-0.00053301298	-0.00053234984	-0.0012456701
-0.07	0.93	0	0	0	1	0	0	0	1.0250708	0.95331587	-0.00053664882	2.5208476e-06	-1.6265801e-05	3.2335551e-06	-0.00010902377	6.4963814e-06	-3.7729417e-06	6.6476209e-06	-1.9575789e-07	0.00021528945	2.5468916e-05	-0.00053662373	-0.00053595829	-0.0012416054
-0.072	0.928	0	0	0	1	0	0	0	1.0253126	0.95149009	-0.00053988851	2.7974848e-06	-1.7098996e-05	3.5388241e-06	-0.00011079381	7.2472377e-06	-4.5733814e-06	7.4341171e-06	-1.9401698e-07	0.00021695878	2.6544256e-05	-0.00053986642	-0.00053920313	-0.001230139
-0.074	0.926	0	0	0	1	0	0	0	1.0255261	0.94963719	-0.00054277875	3.0338775e-06	-1.7939965e-05	3.8006554e-06	-0.00011236035	7.9464501e-06	-5.3936612e-06	8.1697771e-06	-1.9175725e-07	0.00021844362	2.7625729e-05	-0.00054275957	-0.00054210279	-0.0012115354
-0.076	0.924	0	0	0	1	0	0	0	1.0257129	0.94775869	-0.00054534427	3.22679e-06	-1.8779572e-05	4.0154216e-06	-0.00011373714	8.5801783e-06	-6.2225151e-06	8.8400197e-06	-1.890643e-07	0.00021975682	2.8712667e-05	-0.00054532779	-0.00054468149	-0.0011865651
-0.078	0.922	0	0	0	1	0	0	0	1.0258748	0.94585657	-0.00054761413	3.3755857e-06	-1.960946e-05	4.1823088e-06	-0.00011494103	9.1398759e-06	-7.0494697e-06	9.4356266e-06	-1.8602391e-07	0.00022091373	2.9804455e-05	-0.00054760012	-0.00054696761	-0.0011563878
-0.08	0.92	0	0	0	1	0	0	0	1.0260142	0.94393304	-0.00054961973	3.4818986e-06	-2.0422612e-05	4.3029726e-06	-0.00011599066	9.6223136e-06	-7.8655496e-06	9.9528171e-06	-1.8271712e-07	0.00022193103	3.0900537e-05	-0.00054960792	-0.00054899175	-0.0011223599
-0.082	0.918	0	0	0	1	0	0	0	1.0261334	0.94199046	-0.00055139275	3.5490495e-06	-2.1213646e-05	4.3809137e-06	-0.00011690504	1.0028811e-05	-8.6636667e-06	1.0392505e-05	-1.7921652e-07	0.00022282567	3.2000422e-05	-0.00055138287	-0.00055078481	-0.0010858322
-0.084	0.916	0	0	0	1	0	0	0	1.0262348	0.94003112	-0.00055296353	3.5813844e-06	-2.197884e-05	4.4207639e-06	-0.00011770253	1.0364034e-05	-9.4386958e-06	1.0759098e-05	-1.7558414e-07	0.00022361388	3.3103677e-05	-0.00055295531	-0.00055237642	-0.0010479972
-0.086	0.914	0	0	0	1	0	0	0	1.0263208	0.93805717	-0.00055435991	3.5836768e-06	-2.271597e-05	4.4276383e-06	-0.00011840003	1.0634723e-05	-1.0187316e-05	1.1059202e-05	-1.7187089e-07	0.0002243106	3.4209927e-05	-0.0005543531	-0.00055379388	-0.0010098107
-0.088	0.912	0	0	0	1	0	0	0	1.0263932	0.93607058	-0.00055560666	3.5606733e-06	-2.3424047e-05	4.4066412e-06	-0.0001190126	1.084859e-05	-1.090772e-05	1.1300497e-05	-1.6811717e-07	0.00022492913	3.5318852e-05	-0.00055560106	-0.00055506155	-0.00097197802
-0.09	0.91	0	0	0	1	0	0	0	1.0264539	0.93407307	-0.00055672532	3.516798e-06	-2.4103024e-05	4.3625422e-06	-0.00011955333	1.1013503e-05	-1.1599275e-05	1.1490891e-05	-1.6435416e-07	0.000225481	3.6430174e-05	-0.00055672074	-0.0005562007	-0.00093498085
-0.092	0.908	0	0	0	1	0	0	0	1.0265046	0.93206614	-0.00055773429	3.4559941e-06	-2.4753523e-05	4.2996013e-06	-0.00012003336	1.1136955e-05	-1.226221e-05	1.1637966e-05	-1.6060541e-07	0.00022597609	3.7543655e-05	-0.00055773058	-0.00055722956	-0.0008991219
-0.094	0.906	0	0	0	1	0	0	0	1.0265464	0.93005108	-0.00055864917	3.3816654e-06	-2.5376613e-05	4.221503e-06	-0.00012046211	1.1225772e-05	-1.2897343e-05	1.174866e-05	-1.5688829e-07	0.00022642272	3.8659092e-05	-0.00055864619	-0.00055816361	-0.00086457075
-0.096	0.904	0	0	0	1	0	0	0	1.0265807	0.92802897	-0.00055948305	3.2966828e-06	-2.5973629e-05	4.1313602e-06	-0.00012084743	1.1285982e-05	-1.3505868e-05	1.182913e-05	-1.5321546e-07	0.0002268279	3.9776309e-05	-0.00055948068	-0.00055901591	-0.00083140354
-0.098	0.902	0	0	0	1	0	0	0	1.0266084	0.92600075	-0.0005602469	3.2034259e-06	-2.654605e-05	4.0317581e-06	-0.00012119588	1.1322797e-05	-1.4089196e-05	1.188472e-05	-1.4959589e-07	0.00022719746	4.0895156e-05	-0.00056024505	-0.00055979742	-0.00079963392
-0.1	0.9	0	0	0	1	0	0	0	1.0266302	0.92396719	-0.00056094993	3.103842e-06	-2.7095403e-05	3.9248158e-06	-0.00012151291	1.1340661e-05	-1.4648844e-05	1.192e-05	-1.4603586e-07	0.00022753629	4.2015499e-05	-0.00056094852	-0.00056051735	-0.00076923562
-0.102	0.898	0	0	0	1	0	0	0	1.0266469	0.92192896	-0.00056159984	2.9995081e-06	-2.7623205e-05	3.812253e-06	-0.00012180306	1.1343321e-05	-1.5186355e-05	1.1938838e-05	-1.4253965e-07	0.00022784848	4.3137225e-05	-0.00056159881	-0.00056118345	-0.0007401584
-0.104	0.896	0	0	0	1	0	0	0	1.0266592	0.91988661	-0.00056220313	2.8916912e-06	-2.8130923e-05	3.695454e-06	-0.00012207011	1.1333915e-05	-1.5703245e-05	1.1944487e-05	-1.3911003e-07	0.00022813745	4.4260233e-05	-0.00056220242	-0.00056180222	-0.00071233867
-0.106	0.894	0	0	0	1	0	0	0	1.0266674	0.91784064	-0.00056276526	2.7814018e-06	-2.8619952e-05	3.5755253e-06	-0.00012231722	1.1315059e-05	-1.6200976e-05	1.1939664e-05	-1.3574874e-07	0.00022840608	4.5384434e-05	-0.00056276482	-0.0005623792	-0.00068570666
-0.108	0.892	0	0	0	1	0	0	0	1.026672	0.91579144	-0.00056329087	2.6694405e-06	-2.9091605e-05	3.4533458e-06	-0.00012254704	1.1288927e-05	-1.6680933e-05	1.1926633e-05	-1.3245674e-07	0.00022865679	4.650975e-05	-0.00056329067	-0.00056291904	-0.00066019088
-0.11	0.89	0	0	0	1	0	0	0	1.0266734	0.91373937	-0.0005637839	2.5564372e-06	-2.9547102e-05	3.3296089e-06	-0.00012276181	1.1257318e-05	-1.7144414e-05	1.1907281e-05	-1.2923447e-07	0.00022889165	4.763611e-05	-0.00056378391	-0.00056342572	-0.00063572096
-0.112	0.888	0	0	0	1	0	0	0	1.026672	0.91168473	-0.00056424773	2.4428841e-06	-2.9987576e-05	3.2048577e-06	-0.0001229634	1.1221723e-05	-1.7592632e-05	1.1883172e-05	-1.2608201e-07	0.0002291124	4.8763453e-05	-0.0005642479	-0.00056390266	-0.00061222929
-0.114	0.886	0	0	0	1	0	0	0	1.0266679	0.90962777	-0.00056468523	2.3291621e-06	-3.0414072e-05	3.0795144e-06	-0.00012315341	1.1183375e-05	-1.802671e-05	1.1855604e-05	-1.2299917e-07	0.00022932055	4.9891721e-05	-0.00056468555	-0.00056435278	-0.00058965196
-0.116	0.884	0	0	0	1	0	0	0	1.0266615	0.90756873	-0.0005650989	2.2155632e-06	-3.0827553e-05	2.9539033e-06	-0.00012333321	1.1143291e-05	-1.8447688e-05	1.1825655e-05	-1.1998564e-07	0.00022951737	5.1020864e-05	-0.00056509936	-0.0005647786	-0.00056792914
-0.118	0.882	0	0	0	1	0	0	0	1.0266528	0.9055078	-0.0005654909	2.1023077e-06	-3.1228904e-05	2.8282705e-06	-0.00012350396	1.110231e-05	-1.8856522e-05	1.1794217e-05	-1.1704101e-07	0.00022970397	5.2150835e-05	-0.00056549147	-0.00056518231	-0.00054700526
-0.12	0.88	0	0	0	1	0	0	0	1.0266422	0.90344515	-0.0005658631	1.9895591e-06	-3.1618939e-05	2.7027996e-06	-0.00012366667	1.1061126e-05	-1.92541e-05	1.1762031e-05	-1.1416482e-07	0.00022988131	5.3281593e-05	-0.00056586376	-0.00056556581	-0.00052682892
-0.122	0.878	0	0	0	1	0	0	0	1.0266298	0.90138093	-0.00056621714	1.8774353e-06	-3.1998406e-05	2.5776237e-06	-0.00012382219	1.1020309e-05	-1.9641234e-05	1.1729707e-05	-1.1135662e-07	0.00023005023	5.4413098e-05	-0.00056621788	-0.00056593075	-0.0005073527
-0.124	0.876	0	0	0	1	0	0	0	1.0266156	0.89931528	-0.00056655443	1.7660185e-06	-3.2367994e-05	2.4528363e-06	-0.00012397126	1.0980326e-05	-2.0018676e-05	1.1697751e-05	-1.0861597e-07	0.00023021144	5.5545316e-05	-0.00056655524	-0.0005662786	-0.00048853296
-0.126	0.874	0	0	0	1	0	0	0	1.0265999	0.89724832	-0.00056687625	1.6553621e-06	-3.2728336e-05	2.3284991e-06	-0.00012411454	1.0941562e-05	-2.038712e-05	1.1666582e-05	-1.0594246e-07	0.00023036558	5.6678213e-05	-0.00056687712	-0.00056661063	-0.00047032957
-0.128	0.872	0	0	0	1	0	0	0	1.0265827	0.89518015	-0.0005671837	1.5454972e-06	-3.3080015e-05	2.2046486e-06	-0.00012425258	1.0904331e-05	-2.0747206e-05	1.1636541e-05	-1.0333574e-07	0.00023051321	5.7811758e-05	-0.00056718462	-0.00056692797	-0.00045270564
-0.13	0.87	0	0	0	1	0	0	0	1.0265642	0.89311087	-0.00056747776	1.4364376e-06	-3.342357e-05	2.0813019e-06	-0.00012438589	1.0868887e-05	-2.1099524e-05	1.160791e-05	-1.0079549e-07	0.00023065481	5.8945925e-05	-0.00056747873	-0.00056723163	-0.00043562728
-0.132	0.868	0	0	0	1	0	0	0	1.0265444	0.89104055	-0.0005677593	1.3281835e-06	-3.3759499e-05	1.9584607e-06	-0.00012451487	1.0835436e-05	-2.1444624e-05	1.1580918e-05	-9.8321471e-08	0.00023079083	6.0080685e-05	-0.00056776031	-0.00056752248	-0.00041906333
-0.134	0.866	0	0	0	1	0	0	0	1.0265234	0.88896927	-0.0005680291	1.2207249e-06	-3.408826e-05	1.8361147e-06	-0.00012463993	1.0804141e-05	-2.1783013e-05	1.155575e-05	-9.5913479e-08	0.00023092165	6.1216015e-05	-0.00056803013	-0.00056780132	-0.00040298512
-0.136	0.864	0	0	0	1	0	0	0	1.0265013	0.8868971	-0.00056828784	1.1140441e-06	-3.441028e-05	1.714245e-06	-0.00012476138	1.0775134e-05	-2.2115163e-05	1.1532555e-05	-9.3571377e-08	0.0002310476	6.235189e-05	-0.0005682889	-0.00056806885	-0.0003873663
-0.138	0.862	0	0	0	1	0	0	0	1.0264781	0.88482409	-0.00056853614	1.0081178e-06	-3.4725955e-05	1.592826e-06	-0.00012487952	1.0748513e-05	-2.2441512e-05	1.1511449e-05	-9.1295077e-08	0.00023116899	6.348829e-05	-0.00056853723	-0.0005683257	-0.0003721826
-0.14	0.86	0	0	0	1	0	0	0	1.0264539	0.88275032	-0.00056877456	9.0291873e-07	-3.5035651e-05	1.4718272e-06	-0.00012499462	1.0724356e-05	-2.2762468e-05	1.1492525e-05	-8.9084545e-08	0.00023128609	6.4625193e-05	-0.00056877566	-0.00056857245	-0.00035741168
-0.142	0.858	0	0	0	1	0	0	0	1.0264287	0.88067581	-0.00056900359	7.9841735e-07	-3.5339712e-05	1.3512151e-06	-0.00012510689	1.0702715e-05	-2.3078414e-05	1.147585e-05	-8.6939794e-08	0.00023139914	6.576258e-05	-0.0005690047	-0.00056880958	-0.00034303298
-0.144	0.856	0	0	0	1	0	0	0	1.0264026	0.87860062	-0.00056922367	6.9458252e-07	-3.5638454e-05	1.2309544e-06	-0.00012521655	1.0683629e-05	-2.3389706e-05	1.1461473e-05	-8.4860881e-08	0.00023150836	6.6900431e-05	-0.0005692248	-0.00056903757	-0.00032902753
-0.146	0.854	0	0	0	1	0	0	0	1.0263756	0.87652479	-0.00056943521	5.9138266e-07	-3.5932177e-05	1.1110084e-06	-0.00012532378	1.066712e-05	-2.3696677e-05	1.1449427e-05	-8.2847901e-08	0.00023161395	6.803873e-05	-0.00056943635	-0.00056925682	-0.00031537786
-0.148	0.852	0	0	0	1	0	0	0	1.0263478	0.87444835	-0.00056963858	4.8878637e-07	-3.6221158e-05	9.9134075e-07	-0.00012542874	1.0653194e-05	-2.399964e-05	1.1439729e-05	-8.0900986e-08	0.00023171607	6.9177459e-05	-0.00056963972	-0.0005694677	-0.00030206788
-0.15	0.85	0	0	0	1	0	0	0	1.0263192	0.87237134	-0.0005698341	3.8676302e-07	-3.6505658e-05	8.7191537e-07	-0.00012553158	1.064185e-05	-2.4298891e-05	1.1432388e-05	-7.9020296e-08	0.0002318149	7.0316601e-05	-0.00056983524	-0.00056967056	-0.00028908275
-0.152	0.848	0	0	0	1	0	0	0	1.0262899	0.87029379	-0.00057002207	2.8528325e-07	-3.678592e-05	7.5269737e-07	-0.00012563243	1.0633076e-05	-2.4594704e-05	1.1427397e-05	-7.7206017e-08	0.00023191057	7.1456141e-05	-0.00057002322	-0.0005698657	-0.00027640881
-0.154	0.846	0	0	0	1	0	0	0	1.0262597	0.86821573	-0.00057020277	1.8431924e-07	-3.7062173e-05	6.3365335e-07	-0.0001257314	1.0626849e-05	-2.4887341e-05	1.1424743e-05	-7.5458353e-08	0.00023200321	7.2596064e-05	-0.00057020392	-0.0005700534	-0.00026403349
-0.156	0.844	0	0	0	1	0	0	0	1.0262289	0.86613718	-0.00057037643	8.3845102e-08	-3.7334633e-05	5.1475174e-07	-0.0001258286	1.0623143e-05	-2.5177047e-05	1.1424405e-05	-7.3777525e-08	0.00023209294	7.3736354e-05	-0.00057037758	-0.00057023392	-0.00025194519
-0.158	0.842	0	0	0	1	0	0	0	1.0261973	0.86405816	-0.0005705433	-1.6163009e-08	-3.7603502e-05	3.959631e-07	-0.00012592413	1.0621922e-05	-2.5464055e-05	1.1426353e-05	-7.2163761e-08	0.00023217986	7.4876999e-05	-0.00057054445	-0.00057040747	-0.00024013329
-0.16	0.84	0	0	0	1	0	0	0	1.0261651	0.86197871	-0.00057070357	-1.1572667e-07	-3.786897e-05	2.7726033e-07	-0.00012601807	1.0623145e-05	-2.5748584e-05	1.1430553e-05	-7.0617295e-08	0.00023226409	7.6017984e-05	-0.00057070472	-0.00057057429	-0.00022858799
-0.162	0.838	0	0	0	1	0	0	0	1.0261323	0.85989883	-0.00057085743	-2.1486511e-07	-3.8131216e-05	1.5861877e-07	-0.00012611051	1.0626767e-05	-2.6030842e-05	1.1436964e-05	-6.9138362e-08	0.00023234569	7.7159296e-05	-0.00057085858	-0.00057073456	-0.00021730034
-0.164	0.836	0	0	0	1	0	0	0	1.0260987	0.85781855	-0.00057100507	-3.1359513e-07	-3.839041e-05	4.0016394e-08	-0.00012620151	1.0632738e-05	-2.6311024e-05	1.1445541e-05	-6.7727188e-08	0.00023242477	7.8300923e-05	-0.00057100621	-0.00057088846	-0.00020626209
-0.166	0.834	0	0	0	1	0	0	0	1.0260646	0.85573789	-0.00057114663	-4.1193105e-07	-3.8646712e-05	-7.85662e-08	-0.00012629114	1.0641004e-05	-2.6589319e-05	1.1456233e-05	-6.6383993e-08	0.00023250139	7.944285e-05	-0.00057114778	-0.00057103616	-0.00019546573
-0.168	0.832	0	0	0	1	0	0	0	1.0260299	0.85365686	-0.00057128228	-5.0988472e-07	-3.8900271e-05	-1.971457e-07	-0.00012637946	1.0651506e-05	-2.6865901e-05	1.1468987e-05	-6.510898e-08	0.00023257562	8.0585067e-05	-0.00057128342	-0.00057117781	-0.00018490436
-0.17	0.83	0	0	0	1	0	0	0	1.0259945	0.85157547	-0.00057141215	-6.0746553e-07	-3.9151229e-05	-3.1573606e-07	-0.00012646653	1.0664186e-05	-2.714094e-05	1.1483745e-05	-6.3902335e-08	0.00023264753	8.1727562e-05	-0.00057141329	-0.00057131355	-0.00017457171
-0.172	0.828	0	0	0	1	0	0	0	1.0259586	0.84949374	-0.00057153637	-7.0468045e-07	-3.9399721e-05	-4.3434858e-07	-0.00012655239	1.0678978e-05	-2.7414594e-05	1.1500449e-05	-6.2764219e-08	0.00023271718	8.2870321e-05	-0.00057153751	-0.00057144353	-0.00016446204
-0.174	0.826	0	0	0	1	0	0	0	1.0259221	0.84741169	-0.00057165506	-8.0153408e-07	-3.9645872e-05	-5.5299185e-07	-0.0001266371	1.0695816e-05	-2.7687013e-05	1.1519033e-05	-6.1694769e-08	0.00023278462	8.4013336e-05	-0.0005716562	-0.00057156785	-0.00015457013
-0.176	0.824	0	0	0	1	0	0	0	1.0258851	0.84532933	-0.00057176834	-8.9802871e-07	-3.9889803e-05	-6.7167188e-07	-0.0001267207	1.0714633e-05	-2.7958342e-05	1.1539435e-05	-6.0694088e-08	0.00023284991	8.5156593e-05	-0.00057176947	-0.00057168664	-0.00014489123
-0.178	0.822	0	0	0	1	0	0	0	1.0258475	0.84324666	-0.00057187631	-9.9416444e-07	-4.0131626e-05	-7.9039212e-07	-0.00012680324	1.0735358e-05	-2.8228716e-05	1.1561585e-05	-5.9762249e-08	0.0002329131	8.6300082e-05	-0.00057187744	-0.00057180001	-0.00013542103
-0.18	0.82	0	0	0	1	0	0	0	1.0258094	0.84116371	-0.00057197908	-1.0899393e-06	-4.0371448e-05	-9.0915359e-07	-0.00012688474	1.075792e-05	-2.8498263e-05	1.1585415e-05	-5.8899286e-08	0.00023297424	8.7443793e-05	-0.00057198021	-0.00057190806	-0.00012615558
-0.182	0.818	0	0	0	1	0	0	0	1.0257708	0.83908047	-0.00057207675	-1.1853491e-06	-4.0609367e-05	-1.0279549e-06	-0.00012696526	1.0782245e-05	-2.8767107e-05	1.1610853e-05	-5.8105193e-08	0.00023303337	8.8587714e-05	-0.00057207788	-0.0005720109	-0.00011709132
-0.184	0.816	0	0	0	1	0	0	0	1.0257316	0.83699697	-0.00057216941	-1.2803882e-06	-4.0845479e-05	-1.1467926e-06	-0.00012704482	1.0808257e-05	-2.9035363e-05	1.1637829e-05	-5.7379925e-08	0.00023309054	8.9731836e-05	-0.00057217054	-0.00057210862	-0.00010822498
-0.186	0.814	0	0	0	1	0	0	0	1.0256919	0.83491321	-0.00057225715	-1.3750488e-06	-4.1079872e-05	-1.2656609e-06	-0.00012712346	1.0835883e-05	-2.930314e-05	1.1666269e-05	-5.6723391e-08	0.00023314578	9.0876149e-05	-0.00057225828	-0.00057220132	-9.9553599e-05
-0.188	0.812	0	0	0	1	0	0	0	1.0256517	0.8328292	-0.00057234005	-1.4693216e-06	-4.131263e-05	-1.3845521e-06	-0.00012720122	1.0865046e-05	-2.9570542e-05	1.1696098e-05	-5.6135453e-08	0.00023319914	9.2020642e-05	-0.00057234119	-0.00057228907	-9.1074434e-05
-0.19	0.81	0	0	0	1	0	0	0	1.025611	0.83074495	-0.00057241822	-1.563196e-06	-4.1543831e-05	-1.5034568e-06	-0.00012727813	1.0895668e-05	-2.9837667e-05	1.1727244e-05	-5.561593e-08	0.00023325065	9.3165305e-05	-0.00057241935	-0.00057237197	-8.2784974e-05
-0.192	0.808	0	0	0	1	0	0	0	1.0255699	0.82866047	-0.00057249171	-1.6566598e-06	-4.1773549e-05	-1.6223636e-06	-0.00012735421	1.0927674e-05	-3.0104607e-05	1.175963e-05	-5.5164588e-08	0.00023330036	9.431013e-05	-0.00057249285	-0.0005724501	-7.4682885e-05
-0.194	0.806	0	0	0	1	0	0	0	1.0255282	0.82657576	-0.00057256063	-1.7496997e-06	-4.2001852e-05	-1.74126e-06	-0.00012742951	1.0960985e-05	-3.0371449e-05	1.1793182e-05	-5.4781149e-08	0.00023334831	9.5455106e-05	-0.00057256178	-0.00057252355	-6.6765987e-05
-0.196	0.804	0	0	0	1	0	0	0	1.0254861	0.82449084	-0.00057262504	-1.8423015e-06	-4.2228805e-05	-1.8601317e-06	-0.00012750405	1.0995525e-05	-3.0638274e-05	1.1827825e-05	-5.4465284e-08	0.00023339452	9.6600224e-05	-0.0005726262	-0.0005725924	-5.9032222e-05
-0.198	0.802	0	0	0	1	0	0	0	1.0254435	0.82240572	-0.00057268504	-1.9344499e-06	-4.2454467e-05	-1.9789633e-06	-0.00012757785	1.1031216e-05	-3.0905159e-05	1.1863485e-05	-5.4216615e-08	0.00023343903	9.7745475e-05	-0.0005726862	-0.00057265672	-5.1479624e-05
-0.2	0.8	0	0	0	1	0	0	0	1.0254005	0.8203204	-0.00057274068	-2.026129e-06	-4.2678895e-05	-2.0977384e-06	-0.00012765096	1.1067983e-05	-3.1172177e-05	1.1900087e-05	-5.4034716e-08	0.00023348189	9.8890851e-05	-0.00057274185	-0.00057271659	-4.4106299e-05
-0.202	0.798	0	0	0	1	0	0	0	1.025357	0.8182349	-0.00057279206	-2.1173221e-06	-4.2902141e-05	-2.2164396e-06	-0.00012772339	1.110575e-05	-3.1439394e-05	1.1937559e-05	-5.3919113e-08	0.00023352312	0.00010003634	-0.00057279324	-0.0005727721	-3.6910396e-05
-0.204	0.796	0	0	0	1	0	0	0	1.0253131	0.81614921	-0.00057283925	-2.2080122e-06	-4.3124253e-05	-2.3350487e-06	-0.00012779519	1.1144442e-05	-3.1706873e-05	1.1975828e-05	-5.3869288e-08	0.00023356277	0.00010118194	-0.00057284044	-0.00057282332	-2.9890085e-05
-0.206	0.794	0	0	0	1	0	0	0	1.0252687	0.81406335	-0.00057288232	-2.298182e-06	-4.3345276e-05	-2.453547e-06	-0.00012786637	1.1183986e-05	-3.1974672e-05	1.2014822e-05	-5.3884673e-08	0.00023360086	0.00010232763	-0.00057288353	-0.00057287032	-2.3043541e-05
-0.208	0.792	0	0	0	1	0	0	0	1.0252239	0.81197733	-0.00057292136	-2.3878137e-06	-4.3565251e-05	-2.5719152e-06	-0.00012793697	1.1224308e-05	-3.2242846e-05	1.2054471e-05	-5.3964659e-08	0.00023363743	0.00010347342	-0.00057292257	-0.0005729132	-1.6368917e-05
-0.21	0.79	0	0	0	1	0	0	0	1.0251787	0.80989115	-0.00057295643	-2.4768898e-06	-4.3784215e-05	-2.6901339e-06	-0.00012800701	1.1265338e-05	-3.2511445e-05	1.2094706e-05	-5.4108596e-08	0.00023367252	0.00010461929	-0.00057295766	-0.00057295201	-9.8643354e-06
-0.212	0.788	0	0	0	1	0	0	0	1.025133	0.80780482	-0.00057298762	-2.5653926e-06	-4.4002205e-05	-2.8081832e-06	-0.00012807652	1.1307006e-05	-3.2780514e-05	1.2135461e-05	-5.4315792e-08	0.00023370615	0.00010576523	-0.00057298886	-0.00057298684	-3.5278706e-06
-0.214	0.786	0	0	0	1	0	0	0	1.025087	0.80571835	-0.00057301499	-2.6533046e-06	-4.4219252e-05	-2.9260433e-06	-0.00012814553	1.1349243e-05	-3.3050097e-05	1.2176668e-05	-5.4585518e-08	0.00023373837	0.00010691123	-0.00057301625	-0.00057301776	2.6424643e-06
-0.216	0.784	0	0	0	1	0	0	0	1.0250405	0.80363174	-0.00057303862	-2.7406085e-06	-4.4435385e-05	-3.0436945e-06	-0.00012821408	1.1391983e-05	-3.3320233e-05	1.2218265e-05	-5.4917009e-08	0.00023376921	0.0001080573	-0.0005730399	-0.00057304486	8.6487268e-06
-0.218	0.782	0	0	0	1	0	0	0	1.0249936	0.80154501	-0.00057305859	-2.8272876e-06	-4.465063e-05	-3.1611172e-06	-0.00012828218	1.1435163e-05	-3.3590957e-05	1.2260189e-05	-5.530947e-08	0.00023379869	0.00010920341	-0.00057305989	-0.0005730682	1.4493053e-05
-0.22	0.78	0	0	0	1	0	0	0	1.0249464	0.79945816	-0.00057307497	-2.9133253e-06	-4.4865012e-05	-3.2782922e-06	-0.00012834986	1.1478718e-05	-3.3862302e-05	1.2302379e-05	-5.5762071e-08	0.00023382687	0.00011034957	-0.0005730763	-0.00057308786	2.0177666e-05
-0.222	0.778	0	0	0	1	0	0	0	1.0248987	0.7973712	-0.00057308784	-2.9987057e-06	-4.5078552e-05	-3.3952007e-06	-0.00012841716	1.1522588e-05	-3.4134297e-05	1.2344779e-05	-5.6273958e-08	0.00023385376	0.00011149577	-0.00057308919	-0.00057310392	2.5704877e-05
-0.224	0.776	0	0	0	1	0	0	0	1.0248507	0.79528414	-0.00057309726	-3.0834136e-06	-4.5291269e-05	-3.5118242e-06	-0.00012848409	1.1566715e-05	-3.4406969e-05	1.2387331e-05	-5.6844252e-08	0.0002338794	0.00011264199	-0.00057309863	-0.00057311645	3.107709e-05
-0.226	0.774	0	0	0	1	0	0	0	1.0248023	0.79319698	-0.00057310332	-3.1674342e-06	-4.5503181e-05	-3.628145e-06	-0.0001285507	1.1611042e-05	-3.4680341e-05	1.2429981e-05	-5.7472048e-08	0.00023390383	0.00011378823	-0.00057310472	-0.00057312552	3.6296806e-05
-0.228	0.772	0	0	0	1	0	0	0	1.0247535	0.79110974	-0.00057310608	-3.2507536e-06	-4.5714303e-05	-3.7441459e-06	-0.00012861699	1.1655516e-05	-3.4954435e-05	1.2472678e-05	-5.8156427e-08	0.00023392708	0.00011493449	-0.00057310751	-0.00057313121	4.1366616e-05
-0.23	0.77	0	0	0	1	0	0	0	1.0247044	0.78902241	-0.00057310562	-3.3333585e-06	-4.5924649e-05	-3.8598104e-06	-0.000128683	1.1700083e-05	-3.5229269e-05	1.2515373e-05	-5.889645e-08	0.00023394917	0.00011608076	-0.00057310707	-0.0005731336	4.6289206e-05
-0.232	0.768	0	0	0	1	0	0	0	1.024655	0.78693501	-0.00057310201	-3.4152367e-06	-4.613423e-05	-3.9751228e-06	-0.00012874876	1.1744694e-05	-3.550486e-05	1.2558018e-05	-5.9691165e-08	0.00023397015	0.00011722702	-0.00057310349	-0.00057313276	5.106735e-05
-0.234	0.766	0	0	0	1	0	0	0	1.0246052	0.78484755	-0.00057309531	-3.4963764e-06	-4.6343057e-05	-4.0900684e-06	-0.00012881429	1.1789303e-05	-3.5781223e-05	1.2600567e-05	-6.0539607e-08	0.00023399005	0.00011837329	-0.00057309683	-0.00057312875	5.5703907e-05
-0.236	0.764	0	0	0	1	0	0	0	1.024555	0.78276003	-0.00057308561	-3.5767671e-06	-4.6551138e-05	-4.204633e-06	-0.00012887962	1.1833862e-05	-3.6058369e-05	1.2642979e-05	-6.1440806e-08	0.00023400889	0.00011951954	-0.00057308716	-0.00057312166	6.0201818e-05
-0.238	0.762	0	0	0	1	0	0	0	1.0245045	0.78067245	-0.00057307296	-3.6563988e-06	-4.6758481e-05	-4.3188036e-06	-0.00012894476	1.187833e-05	-3.633631e-05	1.2685213e-05	-6.2393782e-08	0.00023402671	0.00012066577	-0.00057307454	-0.00057311155	6.4564096e-05
-0.24	0.76	0	0	0	1	0	0	0	1.0244537	0.77858483	-0.00057305745	-3.7352626e-06	-4.6965092e-05	-4.4325679e-06	-0.00012900975	1.1922666e-05	-3.6615053e-05	1.272723e-05	-6.3397554e-08	0.00023404353	0.00012181199	-0.00057305906	-0.00057309849	6.8793826e-05
-0.242	0.758	0	0	0	1	0	0	0	1.0244026	0.77649717	-0.00057303912	-3.8133506e-06	-4.7170975e-05	-4.5459146e-06	-0.00012907461	1.1966831e-05	-3.6894607e-05	1.2768994e-05	-6.4451138e-08	0.00023405939	0.00012295817	-0.00057304077	-0.00057308255	7.2894152e-05
-0.244	0.756	0	0	0	1	0	0	0	1.0243512	0.77440949	-0.00057301806	-3.8906554e-06	-4.7376136e-05	-4.6588336e-06	-0.00012913936	1.2010789e-05	-3.7174977e-05	1.2810472e-05	-6.5553551e-08	0.00023407433	0.00012410432	-0.00057301975	-0.0005730638	7.6868274e-05
-0.246	0.754	0	0	0	1	0	0	0	1.0242994	0.77232178	-0.00057299432	-3.9671708e-06	-4.7580576e-05	-4.7713152e-06	-0.00012920403	1.2054505e-05	-3.7456168e-05	1.2851632e-05	-6.6703814e-08	0.00023408835	0.00012525042	-0.00057299605	-0.00057304231	8.0719438e-05
-0.248	0.752	0	0	0	1	0	0	0	1.0242474	0.77023405	-0.00057296798	-4.0428914e-06	-4.7784299e-05	-4.8833513e-06	-0.00012926863	1.2097948e-05	-3.7738183e-05	1.2892444e-05	-6.7900949e-08	0.0002341015	0.00012639649	-0.00057296975	-0.00057301814	8.445093e-05
-0.25	0.75	0	0	0	1	0	0	0	1.0241951	0.76814631	-0.00057293908	-4.1178127e-06	-4.7987304e-05	-4.9949342e-06	-0.00012933319	1.2141088e-05	-3.8021023e-05	1.293288e-05	-6.914399e-08	0.00023411381	0.0001275425	-0.0005729409	-0.00057299136	8.8066069e-05
-0.252	0.748	0	0	0	1	0	0	0	1.0241425	0.76605858	-0.00057290771	-4.191931e-06	-4.8189594e-05	-5.1060575e-06	-0.00012939774	1.2183896e-05	-3.8304691e-05	1.2972915e-05	-7.0431976e-08	0.00023412529	0.00012868845	-0.00057290956	-0.00057296203	9.1568196e-05
-0.254	0.746	0	0	0	1	0	0	0	1.0240896	0.76397084	-0.0005728739	-4.2652435e-06	-4.8391168e-05	-5.2167156e-06	-0.00012946228	1.2226348e-05	-3.8589187e-05	1.3012526e-05	-7.1763955e-08	0.00023413598	0.00012983434	-0.00057287581	-0.00057293021	9.496067e-05
-0.256	0.744	0	0	0	1	0	0	0	1.0240364	0.76188311	-0.00057283774	-4.337748e-06	-4.8592025e-05	-5.3269038e-06	-0.00012952684	1.2268418e-05	-3.8874509e-05	1.3051689e-05	-7.3138988e-08	0.0002341459	0.00013098017	-0.00057283969	-0.00057289597	9.8246862e-05
-0.258	0.742	0	0	0	1	0	0	0	1.023983	0.75979541	-0.00057279926	-4.4094434e-06	-4.8792166e-05	-5.4366183e-06	-0.00012959144	1.2310084e-05	-3.9160658e-05	1.3090386e-05	-7.455615e-08	0.00023415509	0.00013212593	-0.00057280126	-0.00057285936	0.00010143014
-0.26	0.74	0	0	0	1	0	0	0	1.0239294	0.75770772	-0.00057275854	-4.480329e-06	-4.8991587e-05	-5.5458562e-06	-0.00012965609	1.2351326e-05	-3.944763e-05	1.3128598e-05	-7.6014525e-08	0.00023416355	0.00013327161	-0.00057276058	-0.00057282045	0.00010451388
-0.262	0.738	0	0	0	1	0	0	0	1.0238754	0.75562006	-0.00057271562	-4.5504051e-06	-4.9190288e-05	-5.6546155e-06	-0.00012972083	1.2392125e-05	-3.9735425e-05	1.3166308e-05	-7.7513217e-08	0.00023417132	0.00013441721	-0.00057271771	-0.00057277929	0.00010750143
-0.264	0.736	0	0	0	1	0	0	0	1.0238213	0.75353244	-0.00057267056	-4.6196726e-06	-4.9388266e-05	-5.7628948e-06	-0.00012978565	1.2432464e-05	-4.0024038e-05	1.3203501e-05	-7.9051342e-08	0.00023417842	0.00013556273	-0.0005726727	-0.00057273593	0.00011039613
-0.266	0.734	0	0	0	1	0	0	0	1.0237668	0.75144486	-0.0005726234	-4.688133e-06	-4.9585519e-05	-5.8706937e-06	-0.00012985058	1.2472328e-05	-4.0313467e-05	1.3240164e-05	-8.0628036e-08	0.00023418487	0.00013670815	-0.0005726256	-0.00057269043	0.00011320131
-0.268	0.732	0	0	0	1	0	0	0	1.0237122	0.74935733	-0.00057257421	-4.7557885e-06	-4.9782044e-05	-5.9780126e-06	-0.00012991564	1.2511701e-05	-4.0603708e-05	1.3276285e-05	-8.2242448e-08	0.0002341907	0.00013785349	-0.00057257646	-0.00057264285	0.00011592026
-0.27	0.73	0	0	0	1	0	0	0	1.0236573	0.74726985	-0.00057252303	-4.822642e-06	-4.9977839e-05	-6.0848525e-06	-0.00012998084	1.2550573e-05	-4.0894758e-05	1.3311853e-05	-8.3893749e-08	0.00023419592	0.00013899872	-0.00057252534	-0.00057259322	0.00011855623
-0.272	0.728	0	0	0	1	0	0	0	1.0236022	0.74518243	-0.00057246991	-4.8886967e-06	-5.01729e-05	-6.1912151e-06	-0.00013004619	1.2588931e-05	-4.1186612e-05	1.3346858e-05	-8.5581126e-08	0.00023420056	0.00014014386	-0.00057247227	-0.00057254161	0.00012111246
-0.274	0.726	0	0	0	1	0	0	0	1.0235469	0.74309507	-0.00057241489	-4.9539565e-06	-5.0367225e-05	-6.2971028e-06	-0.00013011171	1.2626765e-05	-4.1479266e-05	1.3381293e-05	-8.7303786e-08	0.00023420464	0.00014128889	-0.00057241731	-0.00057248807	0.00012359213
-0.276	0.724	0	0	0	1	0	0	0	1.0234914	0.74100778	-0.00057235803	-5.0184258e-06	-5.056081e-05	-6.4025187e-06	-0.00013017741	1.2664067e-05	-4.1772717e-05	1.3415151e-05	-8.9060956e-08	0.00023420817	0.00014243381	-0.0005723605	-0.00057243263	0.00012599837
-0.278	0.722	0	0	0	1	0	0	0	1.0234357	0.73892057	-0.00057229935	-5.0821094e-06	-5.0753652e-05	-6.5074664e-06	-0.00013024331	1.2700829e-05	-4.2066959e-05	1.3448426e-05	-9.085188e-08	0.00023421117	0.00014357862	-0.00057230189	-0.00057237534	0.0001283343
-0.28	0.72	0	0	0	1	0	0	0	1.0233798	0.73683344	-0.00057223891	-5.1450126e-06	-5.0945748e-05	-6.6119501e-06	-0.00013030942	1.2737045e-05	-4.2361989e-05	1.3481113e-05	-9.2675823e-08	0.00023421367	0.00014472331	-0.00057224151	-0.00057231626	0.00013060294
-0.282	0.718	0	0	0	1	0	0	0	1.0233237	0.73474639	-0.00057217675	-5.2071412e-06	-5.1137095e-05	-6.7159747e-06	-0.00013037574	1.2772709e-05	-4.2657801e-05	1.3513209e-05	-9.4532071e-08	0.00023421568	0.00014586789	-0.00057217941	-0.00057225541	0.00013280731
-0.284	0.716	0	0	0	1	0	0	0	1.0232674	0.73265944	-0.00057211291	-5.2685011e-06	-5.132769e-05	-6.8195453e-06	-0.0001304423	1.2807816e-05	-4.2954392e-05	1.3544711e-05	-9.6419929e-08	0.00023421721	0.00014701234	-0.00057211562	-0.00057219284	0.00013495035
-0.286	0.714	0	0	0	1	0	0	0	1.0232109	0.73057257	-0.00057204741	-5.3290988e-06	-5.1517528e-05	-6.9226678e-06	-0.00013050909	1.2842364e-05	-4.3251758e-05	1.3575616e-05	-9.8338721e-08	0.00023421828	0.00014815666	-0.0005720502	-0.0005721286	0.00013703494
-0.288	0.712	0	0	0	1	0	0	0	1.0231542	0.72848581	-0.00057198031	-5.388941e-06	-5.1706608e-05	-7.0253483e-06	-0.00013057613	1.287635e-05	-4.3549894e-05	1.3605925e-05	-1.0028779e-07	0.00023421891	0.00014930085	-0.00057198316	-0.00057206271	0.00013906391
-0.29	0.71	0	0	0	1	0	0	0	1.0230974	0.72639916	-0.00057191164	-5.4480346e-06	-5.1894925e-05	-7.1275935e-06	-0.00013064344	1.2909771e-05	-4.3848797e-05	1.3635636e-05	-1.0226651e-07	0.00023421911	0.00015044491	-0.00057191455	-0.00057199522	0.00014104006
-0.292	0.708	0	0	0	1	0	0	0	1.0230404	0.72431261	-0.00057184142	-5.5063871e-06	-5.2082478e-05	-7.2294103e-06	-0.00013071101	1.2942627e-05	-4.4148461e-05	1.3664749e-05	-1.0427425e-07	0.0002342189	0.00015158883	-0.0005718444	-0.00057192617	0.0001429661
-0.294	0.706	0	0	0	1	0	0	0	1.0229833	0.72222618	-0.0005717697	-5.5640058e-06	-5.2269262e-05	-7.3308062e-06	-0.00013077886	1.2974918e-05	-4.4448885e-05	1.3693267e-05	-1.0631042e-07	0.00023421829	0.00015273261	-0.00057177275	-0.00057185558	0.00014484469
-0.296	0.704	0	0	0	1	0	0	0	1.0229259	0.72013986	-0.00057169651	-5.6208985e-06	-5.2455275e-05	-7.4317889e-06	-0.00013084699	1.3006643e-05	-4.4750063e-05	1.3721191e-05	-1.0837444e-07	0.00023421729	0.00015387625	-0.00057169962	-0.00057178348	0.00014667845
-0.298	0.702	0	0	0	1	0	0	0	1.0228685	0.71805367	-0.00057162186	-5.6770731e-06	-5.2640515e-05	-7.5323664e-06	-0.00013091541	1.3037803e-05	-4.5051993e-05	1.3748523e-05	-1.1046576e-07	0.00023421591	0.00015501975	-0.00057162504	-0.00057170992	0.00014846992
-0.3	0.7	0	0	0	1	0	0	0	1.0228109	0.71596761	-0.00057154581	-5.7325378e-06	-5.2824978e-05	-7.6325471e-06	-0.00013098414	1.3068401e-05	-4.5354672e-05	1.3775266e-05	-1.1258383e-07	0.00023421418	0.00015616309	inf	inf	inf
