lambda	F11	F12	F13	F21	F22	F23	F31	F32	F33	J	P11	P12	P13	P21	P22	P23	P31	P32	P33	p	StrEn	t(1)	t(2)	d
0	1	0	0	0	1	0	0	0	1	1	0	0	0	0	0	0	0	0	0	-0	0	inf	inf	inf
0.002	1	0.002	0	0	1	0	0	0	1	1	-8.751188e-09	6.6387796e-06	-8.0661067e-08	6.6421622e-06	1.3599589e-07	1.4636383e-08	-7.3284847e-08	1.7599792e-08	-5.4435e-09	-4.0600402e-08	6.63324e-09	6.6387796e-06	6.6317127e-06	-0.0010656092
0.004	1	0.004	0	0	1	0	0	0	1	1	9.2016325e-08	1.326883e-05	-1.5570518e-07	1.3274839e-05	3.9076969e-07	2.0938766e-08	-1.4115178e-07	2.6476561e-08	3.9135936e-08	-1.7397398e-07	2.6526851e-08	1.326883e-05	1.3252619e-05	-0.0012232237
0.006	1	0.006	0	0	1	0	0	0	1	1	3.116818e-07	1.9870633e-05	-2.2081742e-07	1.9877727e-05	7.738812e-07	1.1085242e-08	-1.9920645e-07	1.8824587e-08	1.3823859e-07	-4.0793386e-07	5.9643718e-08	1.9870633e-05	1.9843943e-05	-0.0013450376
0.008	1	0.008	0	0	1	0	0	0	1	1	6.6877131e-07	2.6419413e-05	-2.6930824e-07	2.6425086e-05	1.3043883e-06	-2.6461725e-08	-2.4064221e-07	-1.6896452e-08	3.0230401e-07	-7.5848789e-07	1.0590262e-07	2.6419413e-05	2.6380057e-05	-0.0014918659
0.01	1	0.01	0	0	1	0	0	0	1	1	1.1944011e-06	3.2881447e-05	-2.9384643e-07	3.288187e-05	2.0141477e-06	-1.073941e-07	-2.5799808e-07	-9.6419791e-08	5.4958125e-07	-1.25271e-06	1.6516395e-07	3.2881447e-05	3.2825475e-05	-0.0017051662
0.012	1	0.012	0	0	1	0	0	0	1	1	1.9414504e-06	3.9205716e-05	-2.9613318e-07	3.9194971e-05	2.9562151e-06	-2.4751583e-07	-2.5309609e-07	-2.3571843e-07	9.1180917e-07	-1.9364916e-06	2.3720452e-07	3.9205716e-05	3.9123148e-05	-0.002110466
0.014	1	0.014	0	0	1	0	0	0	1	1	3.0141504e-06	4.5291735e-05	-3.1761374e-07	4.5259844e-05	4.230047e-06	-4.3360148e-07	-2.6888131e-07	-4.2198508e-07	1.4578877e-06	-2.9006951e-06	3.2165654e-07	4.5291735e-05	4.5185479e-05	-0.0023515455
0.016	1	0.016	0	0	1	0	0	0	1	1	4.4694472e-06	5.1057251e-05	-4.1854774e-07	5.0990441e-05	5.8827196e-06	-5.6543227e-07	-3.6762635e-07	-5.5471332e-07	2.2173017e-06	-4.1898228e-06	4.1794644e-07	5.1057251e-05	5.0964675e-05	-0.0018164845
0.018	1	0.018	0	0	1	0	0	0	1	1	6.2010668e-06	5.6583629e-05	-5.6276631e-07	5.6469391e-05	7.8138062e-06	-6.2006899e-07	-5.1146216e-07	-6.1016048e-07	3.0735343e-06	-5.6961357e-06	5.2551524e-07	5.6583629e-05	5.649672e-05	-0.0015383116
0.02	1	0.02	0	0	1	0	0	0	1	1	8.1740792e-06	6.1907938e-05	-7.1855607e-07	6.1733582e-05	9.9954567e-06	-6.3799817e-07	-6.6744703e-07	-6.2876261e-07	3.9663587e-06	-7.3786315e-06	6.4393331e-07	6.1907938e-05	6.1819999e-05	-0.0014224999
0.022	1	0.022	0	0	1	0	0	0	1	1	1.0393932e-05	6.7027469e-05	-8.7797042e-07	6.6778749e-05	1.2436096e-05	-6.3920331e-07	-8.2736239e-07	-6.3054926e-07	4.881592e-06	-9.2372068e-06	7.7279524e-07	6.7027469e-05	6.6940175e-05	-0.0013040545
0.024	1	0.024	0	0	1	0	0	0	1	1	1.2858947e-05	7.1944747e-05	-1.0382035e-06	7.1605829e-05	1.5135755e-05	-6.320862e-07	-9.8831903e-07	-6.2391915e-07	5.8157807e-06	-1.1270161e-05	9.1169401e-07	7.1944747e-05	7.1861871e-05	-0.0011532608
0.026	1	0.026	0	0	1	0	0	0	1	1	1.555201e-05	7.6676852e-05	-1.1972417e-06	7.6230707e-05	1.8078521e-05	-6.20711e-07	-1.14824e-06	-6.1291439e-07	6.7683113e-06	-1.3466281e-05	1.0602427e-06	7.6676852e-05	7.6601462e-05	-0.00098418354
0.028	1	0.028	0	0	1	0	0	0	1	1	1.844493e-05	8.1251521e-05	-1.3534152e-06	8.0680377e-05	2.1237062e-05	-6.0727659e-07	-1.3053936e-06	-5.9971653e-07	7.7392612e-06	-1.5807084e-05	1.2180999e-06	8.1251521e-05	8.1185084e-05	-0.00081833915
0.03	1	0.03	0	0	1	0	0	0	1	1	2.1505947e-05	8.5699858e-05	-1.5055404e-06	8.4985557e-05	2.4580201e-05	-5.9302539e-07	-1.4585423e-06	-5.8556314e-07	8.7286738e-06	-1.8271607e-05	1.3849831e-06	8.5699858e-05	8.5642493e-05	-0.00066982161
0.032	1	0.032	0	0	1	0	0	0	1	1	2.4705346e-05	9.005085e-05	-1.6529498e-06	8.9175048e-05	2.8078607e-05	-5.7865309e-07	-1.6069789e-06	-5.7115581e-07	9.7363766e-06	-2.084011e-05	1.5606698e-06	9.005085e-05	9.0001923e-05	-0.00054362441
0.034	1	0.034	0	0	1	0	0	0	1	1	2.8018019e-05	9.4328884e-05	-1.7953901e-06	9.3273143e-05	3.170742e-05	-5.6453268e-07	-1.7504234e-06	-5.5687968e-07	1.0762009e-05	-2.3495816e-05	1.7449907e-06	9.4328884e-05	9.4287482e-05	-0.00043909575
0.036	1	0.036	0	0	1	0	0	0	1	1	3.1423867e-05	9.8553374e-05	-1.9328831e-06	9.7299192e-05	3.5446709e-05	-5.5084799e-07	-1.8888821e-06	-5.4293313e-07	1.1805102e-05	-2.6225226e-05	1.9378198e-06	9.8553374e-05	9.851857e-05	-0.00035327418
0.038	1	0.038	0	0	1	0	0	0	1	1	3.490722e-05	0.00010273937	-2.0656106e-06	0.00010126817	3.9280913e-05	-5.3767423e-07	-2.0225282e-06	-5.2940589e-07	1.2865142e-05	-2.9017758e-05	2.139065e-06	0.00010273937	0.00010271033	-0.00028276704
0.04	1	0.04	0	0	1	0	0	0	1	1	3.8455972e-05	0.00010689844	-2.193834e-06	0.00010519156	4.3197999e-05	-5.2502583e-07	-2.1516197e-06	-5.1632579e-07	1.3941617e-05	-3.1865196e-05	2.3486611e-06	0.00010689844	0.00010687444	-0.00022452327
0.042	1	0.042	0	0	1	0	0	0	1	1	4.2060763e-05	0.00011103943	-2.3178448e-06	0.00010907811	4.7188659e-05	-5.1288449e-07	-2.2764479e-06	-5.0368628e-07	1.5034039e-05	-3.4761153e-05	2.5665628e-06	0.00011103943	0.00011101989	-0.00017604104
0.044	1	0.044	0	0	1	0	0	0	1	1	4.5714314e-05	0.00011516921	-2.4379372e-06	0.00011293456	5.1245649e-05	-5.0121535e-07	-2.3973082e-06	-4.9146261e-07	1.6141955e-05	-3.7700639e-05	2.7927406e-06	0.00011516921	0.00011515362	-0.00013534749
0.046	1	0.046	0	0	1	0	0	0	1	1	4.9410913e-05	0.00011929311	-2.5543924e-06	0.00011676612	5.5363278e-05	-4.8997621e-07	-2.5144842e-06	-4.7962113e-07	1.7264952e-05	-4.0679714e-05	3.0271773e-06	0.00011929311	0.00011928107	-0.0001009095
0.048	1	0.048	0	0	1	0	0	0	1	1	5.314603e-05	0.00012341534	-2.667472e-06	0.00012057684	5.953703e-05	-4.7912275e-07	-2.6282407e-06	-4.6812476e-07	1.8402656e-05	-4.3695238e-05	3.2698649e-06	0.00012341534	0.00012340652	-7.1538533e-05
0.05	1	0.05	0	0	1	0	0	0	1	1	5.6916031e-05	0.00012753926	-2.7774156e-06	0.00012436992	6.3763277e-05	-4.6861131e-07	-2.7388204e-06	-4.569359e-07	1.9554729e-05	-4.6744679e-05	3.5208033e-06	0.00012753926	0.00012753335	-4.6309399e-05
0.052	1	0.052	0	0	1	0	0	0	1	1	6.0717972e-05	0.00013166756	-2.8844403e-06	0.00012814791	6.8039076e-05	-4.5840036e-07	-2.8464438e-06	-4.4601814e-07	2.0720865e-05	-4.9825971e-05	3.7799983e-06	0.00013166756	0.00013166433	-2.4496681e-05
0.054	1	0.054	0	0	1	0	0	0	1	1	6.4549443e-05	0.00013580244	-2.9887422e-06	0.00013191285	7.2362011e-05	-4.4845116e-07	-2.9513103e-06	-4.3533708e-07	2.190079e-05	-5.2937414e-05	4.0474607e-06	0.00013580244	0.00013580169	-5.5265514e-06
0.056	1	0.056	0	0	1	0	0	0	1	1	6.8408445e-05	0.00013994574	-3.0904979e-06	0.00013566638	7.6730078e-05	-4.38728e-07	-3.0535996e-06	-4.2486067e-07	2.3094254e-05	-5.6077592e-05	4.3232051e-06	0.00013994574	0.00013994729	1.1059159e-05
0.058	1	0.058	0	0	1	0	0	0	1	1	7.2293313e-05	0.00014409897	-3.1898663e-06	0.00013940985	8.1141598e-05	-4.2919816e-07	-3.1534739e-06	-4.1455932e-07	2.4301031e-05	-5.9245314e-05	4.6072498e-06	0.00014409897	0.00014410266	2.5629701e-05
0.06	1	0.06	0	0	1	0	0	0	1	1	7.6202639e-05	0.0001482634	-3.2869907e-06	0.00014314437	8.5595152e-05	-4.1983177e-07	-3.2510794e-06	-4.0440583e-07	2.5520916e-05	-6.2439569e-05	4.8996157e-06	0.0001482634	0.00014826911	3.8485354e-05
0.062	1	0.062	0	0	1	0	0	0	1	1	8.0135231e-05	0.00015244014	-3.3820004e-06	0.00014687086	9.0089529e-05	-4.1060157e-07	-3.3465483e-06	-3.9437524e-07	2.6753723e-05	-6.5659494e-05	5.2003263e-06	0.00015244014	0.00015244775	4.9872401e-05
0.064	1	0.064	0	0	1	0	0	0	1	1	8.4090064e-05	0.00015663012	-3.4750123e-06	0.00015059007	9.4623689e-05	-4.014827e-07	-3.44e-06	-3.8444469e-07	2.7999279e-05	-6.8904344e-05	5.5094067e-06	0.00015663012	0.00015663952	5.9994458e-05
0.066	1	0.066	0	0	1	0	0	0	1	1	8.8066255e-05	0.00016083417	-3.5661321e-06	0.00015430265	9.9196727e-05	-3.9245249e-07	-3.5315433e-06	-3.7459324e-07	2.9257428e-05	-7.217347e-05	5.8268843e-06	0.00016083417	0.00016084527	6.9021118e-05
0.068	1	0.068	0	0	1	0	0	0	1	1	9.2063037e-05	0.00016505299	-3.6554563e-06	0.00015800913	0.00010380786	-3.8349018e-07	-3.6212769e-06	-3.6480165e-07	3.0528026e-05	-7.5466306e-05	6.1527878e-06	0.00016505299	0.00016506572	7.7094612e-05
0.07	1	0.07	0	0	1	0	0	0	1	1	9.6079738e-05	0.00016928723	-3.7430723e-06	0.00016170998	0.00010845638	-3.7457675e-07	-3.7092909e-06	-3.5505225e-07	3.181094e-05	-7.8782354e-05	6.4871472e-06	0.00016928723	0.00016930151	8.4334982e-05
0.072	1	0.072	0	0	1	0	0	0	1	1	0.00010011577	0.00017353745	-3.8290602e-06	0.00016540557	0.00011314169	-3.6569476e-07	-3.7956677e-06	-3.4532878e-07	3.3106046e-05	-8.2121169e-05	6.8299938e-06	0.00017353745	0.00017355322	9.0844139e-05
0.074	1	0.074	0	0	1	0	0	0	1	1	0.00010417061	0.00017780417	-3.9134932e-06	0.00016909624	0.00011786324	-3.5682813e-07	-3.8804828e-06	-3.3561625e-07	3.441323e-05	-8.548236e-05	7.1813601e-06	0.00017780417	0.00017782136	9.6709071e-05
0.076	1	0.076	0	0	1	0	0	0	1	1	0.00010824379	0.00018208784	-3.9964387e-06	0.00017278228	0.00012262054	-3.4796208e-07	-3.9638058e-06	-3.2590079e-07	3.5732386e-05	-8.8865571e-05	7.5412793e-06	0.00018208784	0.00018210642	0.0001020044
0.078	1	0.078	0	0	1	0	0	0	1	1	0.0001123349	0.00018638891	-4.0779584e-06	0.00017646393	0.00012741314	-3.3908292e-07	-4.0457008e-06	-3.1616962e-07	3.7063415e-05	-9.2270487e-05	7.9097857e-06	0.00018638891	0.00018640881	0.00010679444
0.08	1	0.08	0	0	1	0	0	0	1	1	0.00011644357	0.00019070774	-4.1581094e-06	0.00018014141	0.00013224066	-3.30178e-07	-4.126227e-06	-3.0641086e-07	3.8406225e-05	-9.5696818e-05	8.2869145e-06	0.00019070774	0.00019072894	0.00011113487
0.082	1	0.082	0	0	1	0	0	0	1	1	0.00012056946	0.00019504472	-4.2369445e-06	0.00018381488	0.00013710272	-3.2123562e-07	-4.2054392e-06	-2.9661353e-07	3.9760729e-05	-9.9144303e-05	8.6727015e-06	0.00019504472	0.00019506716	0.00011507405
0.084	1	0.084	0	0	1	0	0	0	1	1	0.00012471227	0.00019940017	-4.3145125e-06	0.00018748452	0.000141999	-3.1224489e-07	-4.2833883e-06	-2.8676742e-07	4.1126846e-05	-0.0001026127	9.0671832e-06	0.00019940017	0.00019942383	0.00011865418
0.086	1	0.086	0	0	1	0	0	0	1	1	0.00012887172	0.00020377441	-4.3908588e-06	0.00019115046	0.00014692919	-3.0319573e-07	-4.3601219e-06	-2.7686306e-07	4.25045e-05	-0.0001061018	9.4703968e-06	0.00020377441	0.00020379926	0.00012191222
0.088	1	0.088	0	0	1	0	0	0	1	1	0.00013304756	0.00020816775	-4.4660255e-06	0.00019481282	0.00015189301	-2.9407876e-07	-4.4356842e-06	-2.6689166e-07	4.3893619e-05	-0.0001096114	9.8823802e-06	0.00020816775	0.00020819375	0.00012488059
0.09	1	0.09	0	0	1	0	0	0	1	1	0.00013723956	0.00021258046	-4.540052e-06	0.0001984717	0.00015689021	-2.8488529e-07	-4.5101163e-06	-2.5684505e-07	4.5294135e-05	-0.0001131413	1.0303172e-05	0.00021258046	0.00021260759	0.00012758788
0.092	1	0.092	0	0	1	0	0	0	1	1	0.00014144751	0.00021701282	-4.6129751e-06	0.0002021272	0.00016192054	-2.7560723e-07	-4.5834572e-06	-2.4671567e-07	4.6705986e-05	-0.00011669135	1.0732811e-05	0.00021701282	0.00021704105	0.00013005934
0.094	1	0.094	0	0	1	0	0	0	1	1	0.00014567121	0.00022146508	-4.684829e-06	0.0002057794	0.00016698379	-2.6623706e-07	-4.655743e-06	-2.3649647e-07	4.8129109e-05	-0.00012026137	1.1171336e-05	0.00022146508	0.00022149439	0.00013231731
0.096	1	0.096	0	0	1	0	0	0	1	1	0.00014991048	0.00022593749	-4.7556459e-06	0.00020942837	0.00017207973	-2.5676784e-07	-4.7270079e-06	-2.2618097e-07	4.9563448e-05	-0.00012385122	1.1618788e-05	0.00022593749	0.00022596785	0.00013438168
0.098	1	0.098	0	0	1	0	0	0	1	1	0.00015416515	0.00023043028	-4.8254559e-06	0.00021307416	0.00017720819	-2.471931e-07	-4.797284e-06	-2.1576316e-07	5.1008949e-05	-0.00012746076	1.2075207e-05	0.00023043028	0.00023046169	0.00013627013
0.1	1	0.1	0	0	1	0	0	0	1	1	0.00015843508	0.00023494369	-4.8942876e-06	0.00021671683	0.00018236896	-2.375069e-07	-4.8666015e-06	-2.0523747e-07	5.246556e-05	-0.00013108987	1.2540635e-05	0.00023494369	0.00023497612	0.00013799842
0.102	1	0.102	0	0	1	0	0	0	1	1	0.00016272011	0.00023947794	-4.9621674e-06	0.00022035643	0.00018756188	-2.2770372e-07	-4.934989e-06	-1.9459881e-07	5.3933232e-05	-0.00013473841	1.3015112e-05	0.00023947794	0.00023951138	0.00013958068
0.104	1	0.104	0	0	1	0	0	0	1	1	0.00016702011	0.00024403325	-5.0291207e-06	0.000223993	0.00019278678	-2.177785e-07	-5.0024735e-06	-1.838425e-07	5.5411918e-05	-0.00013840627	1.349868e-05	0.00024403325	0.00024406767	0.00014102955
0.106	1	0.106	0	0	1	0	0	0	1	1	0.00017133495	0.00024860982	-5.095171e-06	0.00022762657	0.00019804351	-2.0772659e-07	-5.0690805e-06	-1.7296427e-07	5.6901574e-05	-0.00014209335	1.3991383e-05	0.00024860982	0.00024864522	0.00014235639
0.108	1	0.108	0	0	1	0	0	0	1	1	0.00017566452	0.00025320787	-5.1603407e-06	0.00023125717	0.00020333192	-1.9754375e-07	-5.1348343e-06	-1.6196021e-07	5.8402158e-05	-0.00014579953	1.4493261e-05	0.00025320787	0.00025324423	0.00014357139
0.11	1	0.11	0	0	1	0	0	0	1	1	0.00018000869	0.00025782758	-5.2246511e-06	0.00023488483	0.00020865186	-1.872261e-07	-5.1997578e-06	-1.508268e-07	5.9913628e-05	-0.00014952472	1.5004359e-05	0.00025782758	0.00025786489	0.00014468377
0.112	1	0.112	0	0	1	0	0	0	1	1	0.00018436736	0.00026246916	-5.2881221e-06	0.00023850958	0.0002140032	-1.7677015e-07	-5.2638729e-06	-1.3956088e-07	6.1435945e-05	-0.00015326884	1.5524721e-05	0.00026246916	0.00026250741	0.00014570182
0.114	1	0.114	0	0	1	0	0	0	1	1	0.00018874044	0.00026713281	-5.3507727e-06	0.00024213142	0.00021938581	-1.6617275e-07	-5.3272002e-06	-1.2815962e-07	6.2969073e-05	-0.00015703177	1.6054389e-05	0.00026713281	0.00026717198	0.00014663306
0.116	1	0.116	0	0	1	0	0	0	1	1	0.00019312782	0.0002718187	-5.412621e-06	0.00024575038	0.00022479957	-1.554311e-07	-5.3897596e-06	-1.1662053e-07	6.4512976e-05	-0.00016081346	1.6593409e-05	0.0002718187	0.0002718588	0.00014748428
0.118	1	0.118	0	0	1	0	0	0	1	1	0.00019752942	0.00027652703	-5.4736841e-06	0.00024936647	0.00023024435	-1.445427e-07	-5.4515698e-06	-1.0494141e-07	6.606762e-05	-0.0001646138	1.7141824e-05	0.00027652703	0.00027656803	0.00014826163
0.12	1	0.12	0	0	1	0	0	0	1	1	0.00020194515	0.00028125798	-5.5339781e-06	0.00025297971	0.00023572003	-1.335054e-07	-5.5126488e-06	-9.3120391e-08	6.7632971e-05	-0.00016843272	1.7699681e-05	0.00028125798	0.00028129988	0.00014897072
0.122	1	0.122	0	0	1	0	0	0	1	1	0.00020637492	0.00028601173	-5.5935185e-06	0.00025659009	0.00024122651	-1.223173e-07	-5.5730137e-06	-8.1155883e-08	6.9208998e-05	-0.00017227014	1.8267024e-05	0.00028601173	0.00028605452	0.00014961662
0.124	1	0.124	0	0	1	0	0	0	1	1	0.00021081865	0.00029078845	-5.6523201e-06	0.00026019763	0.00024676368	-1.1097685e-07	-5.6326807e-06	-6.9046576e-08	7.079567e-05	-0.000176126	1.8843899e-05	0.00029078845	0.00029083214	0.00015020396
0.126	1	0.126	0	0	1	0	0	0	1	1	0.00021527628	0.00029558833	-5.7103968e-06	0.00026380234	0.00025233143	-9.948273e-08	-5.6916657e-06	-5.6791434e-08	7.2392958e-05	-0.00018000022	1.9430352e-05	0.00029558833	0.0002956329	0.00015073696
0.128	1	0.128	0	0	1	0	0	0	1	1	0.00021974772	0.00030041154	-5.767762e-06	0.00026740421	0.00025792965	-8.7833911e-08	-5.7499834e-06	-4.4389679e-08	7.4000833e-05	-0.00018389273	2.0026431e-05	0.00030041154	0.00030045698	0.00015121944
0.13	1	0.13	0	0	1	0	0	0	1	1	0.0002242329	0.00030525825	-5.8244285e-06	0.00027100325	0.00026355825	-7.6029616e-08	-5.8076482e-06	-3.1840781e-08	7.5619268e-05	-0.00018780347	2.063218e-05	0.00030525825	0.00030530455	0.00015165493
0.132	1	0.132	0	0	1	0	0	0	1	1	0.00022873176	0.00031012863	-5.8804083e-06	0.00027459947	0.00026921712	-6.4069316e-08	-5.8646737e-06	-1.9144452e-08	7.7248237e-05	-0.00019173237	2.1247649e-05	0.00031012863	0.0003101758	0.00015204663
0.134	1	0.134	0	0	1	0	0	0	1	1	0.00023324423	0.00031502286	-5.9357133e-06	0.00027819285	0.00027490618	-5.1952721e-08	-5.9210732e-06	-6.300632e-09	7.8887713e-05	-0.00019567937	2.1872884e-05	0.00031502286	0.00031507087	0.00015239747
0.136	1	0.136	0	0	1	0	0	0	1	1	0.00023777025	0.00031994108	-5.9903544e-06	0.00028178341	0.00028062532	-3.9679766e-08	-5.9768591e-06	6.6905183e-09	8.0537671e-05	-0.00019964441	2.2507932e-05	0.00031994108	0.00031998995	0.00015271013
0.138	1	0.138	0	0	1	0	0	0	1	1	0.00024230975	0.00032488348	-6.0443425e-06	0.00028537113	0.00028637445	-2.7250607e-08	-6.0320436e-06	1.9828627e-08	8.2198087e-05	-0.00020362743	2.3152843e-05	0.00032488348	0.00032493319	0.00015298707
0.14	1	0.14	0	0	1	0	0	0	1	1	0.00024686268	0.00032985022	-6.0976876e-06	0.00028895602	0.00029215348	-1.4665609e-08	-6.0866383e-06	3.311312e-08	8.3868937e-05	-0.00020762837	2.3807665e-05	0.00032985022	0.00032990077	0.00015323055
0.142	1	0.142	0	0	1	0	0	0	1	1	0.00025142897	0.00033484146	-6.1503996e-06	0.00029253807	0.00029796233	-1.9253371e-09	-6.1406543e-06	4.654323e-08	8.5550199e-05	-0.00021164717	2.4472446e-05	0.00033484146	0.00033489284	0.00015344263
0.144	1	0.144	0	0	1	0	0	0	1	1	0.00025600856	0.00033985736	-6.2024879e-06	0.00029611727	0.0003038009	1.0969453e-08	-6.1941024e-06	6.0118008e-08	8.7241849e-05	-0.00021568377	2.5147236e-05	0.00033985736	0.00033990958	0.00015362521
0.146	1	0.146	0	0	1	0	0	0	1	1	0.00026060141	0.00034489808	-6.2539616e-06	0.00029969363	0.0003096691	2.4017822e-08	-6.2469928e-06	7.3836327e-08	8.8943866e-05	-0.00021973813	2.5832085e-05	0.00034489808	0.00034495113	0.00015378005
0.148	1	0.148	0	0	1	0	0	0	1	1	0.00026520745	0.00034996378	-6.3048292e-06	0.00030326714	0.00031556686	3.7218658e-08	-6.2993355e-06	8.7696893e-08	9.0656228e-05	-0.00022381018	2.6527041e-05	0.00034996378	0.00035001765	0.00015390873
0.15	1	0.15	0	0	1	0	0	0	1	1	0.00026982664	0.00035505463	-6.3550992e-06	0.00030683779	0.00032149407	5.0570681e-08	-6.35114e-06	1.0169826e-07	9.2378914e-05	-0.00022789987	2.7232155e-05	0.00035505463	0.00035510932	0.00015401275
0.152	1	0.152	0	0	1	0	0	0	1	1	0.00027445891	0.00036017077	-6.4047797e-06	0.00031040558	0.00032745066	6.4072456e-08	-6.4024156e-06	1.1583881e-07	9.4111904e-05	-0.00023200716	2.7947478e-05	0.00036017077	0.00036022628	0.00015409345
0.154	1	0.154	0	0	1	0	0	0	1	1	0.00027910422	0.00036531237	-6.4538783e-06	0.00031397049	0.00033343655	7.7722399e-08	-6.4531711e-06	1.3011682e-07	9.5855176e-05	-0.00023613198	2.867306e-05	0.00036531237	0.00036536869	0.00015415209
0.156	1	0.156	0	0	1	0	0	0	1	1	0.00028376252	0.00037047958	-6.5024025e-06	0.00031753253	0.00033945164	9.1518785e-08	-6.5034151e-06	1.445304e-07	9.7608712e-05	-0.00024027429	2.9408953e-05	0.00037047958	0.00037053671	0.00015418982
0.158	1	0.158	0	0	1	0	0	0	1	1	0.00028843375	0.00037567255	-6.5503595e-06	0.00032109167	0.00034549586	1.0545975e-07	-6.5531558e-06	1.5907754e-07	9.9372492e-05	-0.00024443403	3.0155207e-05	0.00037567255	0.00037573049	0.00015420771
0.16	1	0.16	0	0	1	0	0	0	1	1	0.00029311787	0.00038089144	-6.5977564e-06	0.00032464793	0.00035156912	1.1954332e-07	-6.6024012e-06	1.7375613e-07	0.0001011465	-0.00024861116	3.0911875e-05	0.00038089144	0.00038095018	0.00015420674
0.162	1	0.162	0	0	1	0	0	0	1	1	0.00029781483	0.0003861364	-6.6445998e-06	0.00032820128	0.00035767133	1.3376738e-07	-6.651159e-06	1.8856392e-07	0.0001029307	-0.00025280562	3.1679008e-05	0.0003861364	0.00038619595	0.00015418781
0.164	1	0.164	0	0	1	0	0	0	1	1	0.00030252458	0.00039140758	-6.6908963e-06	0.00033175173	0.00036380242	1.4812973e-07	-6.6994366e-06	2.0349857e-07	0.0001047251	-0.00025701737	3.2456659e-05	0.00039140758	0.00039146793	0.00015415177
0.166	1	0.166	0	0	1	0	0	0	1	1	0.00030724707	0.00039670514	-6.7366521e-06	0.00033529926	0.00036996231	1.6262804e-07	-6.7472414e-06	2.1855766e-07	0.00010652966	-0.00026124634	3.324488e-05	0.00039670514	0.00039676629	0.00015409939
0.168	1	0.168	0	0	1	0	0	0	1	1	0.00031198225	0.00040202923	-6.7818733e-06	0.00033884385	0.0003761509	1.7725991e-07	-6.7945801e-06	2.3373864e-07	0.00010834437	-0.00026549251	3.4043724e-05	0.00040202923	0.00040209116	0.00015403139
0.17	1	0.17	0	0	1	0	0	0	1	1	0.00031673008	0.00040737999	-6.8265659e-06	0.00034238552	0.00038236812	1.9202283e-07	-6.8414595e-06	2.4903891e-07	0.00011016921	-0.0002697558	3.4853244e-05	0.00040737999	0.00040744271	0.00015394842
0.172	1	0.172	0	0	1	0	0	0	1	1	0.00032149051	0.00041275757	-6.8707357e-06	0.00034592424	0.00038861388	2.0691422e-07	-6.8878863e-06	2.6445578e-07	0.00011200416	-0.00027403618	3.5673495e-05	0.00041275757	0.00041282108	0.00015385111
0.174	1	0.174	0	0	1	0	0	0	1	1	0.0003262635	0.00041816212	-6.9143881e-06	0.00034946	0.0003948881	2.2193141e-07	-6.9338666e-06	2.799865e-07	0.00011384921	-0.0002783336	3.6504529e-05	0.00041816212	0.00041822641	0.00015374003
0.176	1	0.176	0	0	1	0	0	0	1	1	0.00033104899	0.00042359378	-6.9575286e-06	0.00035299281	0.0004011907	2.3707168e-07	-6.9794066e-06	2.9562823e-07	0.00011570433	-0.00028264801	3.73464e-05	0.00042359378	0.00042365886	0.00015361569
0.178	1	0.178	0	0	1	0	0	0	1	1	0.00033584695	0.00042905272	-7.0001626e-06	0.00035652264	0.0004075216	2.5233222e-07	-7.0245122e-06	3.113781e-07	0.00011756951	-0.00028697935	3.8199164e-05	0.00042905272	0.00042911858	0.00015347861
0.18	1	0.18	0	0	1	0	0	0	1	1	0.00034065733	0.00043453906	-7.042295e-06	0.00036004949	0.0004138807	2.677102e-07	-7.0691892e-06	3.2723318e-07	0.00011944473	-0.00029132759	3.9062875e-05	0.00043453906	0.00043460569	0.00015332922
0.182	1	0.182	0	0	1	0	0	0	1	1	0.00034548009	0.00044005295	-7.083931e-06	0.00036357335	0.00042026793	2.8320269e-07	-7.1134433e-06	3.4319048e-07	0.00012132997	-0.00029569266	3.9937587e-05	0.00044005295	0.00044012036	0.00015316796
0.184	1	0.184	0	0	1	0	0	0	1	1	0.00035031517	0.00044559454	-7.1250753e-06	0.00036709422	0.00042668321	2.9880676e-07	-7.1572797e-06	3.5924699e-07	0.00012322521	-0.00030007453	4.0823356e-05	0.00044559454	0.00044566273	0.00015299522
0.186	1	0.186	0	0	1	0	0	0	1	1	0.00035516254	0.00045116398	-7.1657328e-06	0.00037061207	0.00043312644	3.1451942e-07	-7.2007038e-06	3.7539965e-07	0.00012513044	-0.00030447314	4.1720238e-05	0.00045116398	0.00045123293	0.00015281136
0.188	1	0.188	0	0	1	0	0	0	1	1	0.00036002215	0.0004567614	-7.205908e-06	0.0003741269	0.00043959755	3.3033762e-07	-7.2437207e-06	3.9164537e-07	0.00012704564	-0.00030888845	4.2628288e-05	0.0004567614	0.00045683112	0.00015261675
0.19	1	0.19	0	0	1	0	0	0	1	1	0.00036489396	0.00046238694	-7.2456055e-06	0.00037763871	0.00044609644	3.4625833e-07	-7.2863354e-06	4.0798105e-07	0.00012897079	-0.0003133204	4.3547562e-05	0.00046238694	0.00046245742	0.00015241168
0.192	1	0.192	0	0	1	0	0	0	1	1	0.00036977793	0.00046804075	-7.2848298e-06	0.00038114748	0.00045262303	3.6227845e-07	-7.3285527e-06	4.2440354e-07	0.00013090586	-0.00031776894	4.4478118e-05	0.00046804075	0.00046811199	0.00015219647
0.194	1	0.194	0	0	1	0	0	0	1	1	0.000374674	0.00047372296	-7.3235851e-06	0.0003846532	0.00045917725	3.7839489e-07	-7.3703773e-06	4.4090972e-07	0.00013285085	-0.00032223403	4.542001e-05	0.00047372296	0.00047379496	0.0001519714
0.196	1	0.196	0	0	1	0	0	0	1	1	0.00037958214	0.00047943372	-7.3618756e-06	0.00038815587	0.00046575899	3.9460453e-07	-7.4118139e-06	4.5749641e-07	0.00013480574	-0.00032671562	4.6373297e-05	0.00047943372	0.00047950648	0.00015173673
0.198	1	0.198	0	0	1	0	0	0	1	1	0.00038450231	0.00048517317	-7.3997057e-06	0.00039165547	0.00047236817	4.1090423e-07	-7.4528668e-06	4.7416045e-07	0.0001367705	-0.00033121366	4.7338036e-05	0.00048517317	0.00048524668	0.00015149271
0.2	1	0.2	0	0	1	0	0	0	1	1	0.00038943445	0.00049094143	-7.4370792e-06	0.000395152	0.0004790047	4.2729086e-07	-7.4935405e-06	4.9089868e-07	0.00013874512	-0.00033572809	4.8314284e-05	0.00049094143	0.00049101569	0.00015123957
0.202	1	0.202	0	0	1	0	0	0	1	1	0.00039437854	0.00049673866	-7.4740002e-06	0.00039864545	0.00048566851	4.4376128e-07	-7.5338392e-06	5.0770793e-07	0.00014072957	-0.00034025887	4.9302099e-05	0.00049673866	0.00049681367	0.00015097753
0.204	1	0.204	0	0	1	0	0	0	1	1	0.00039933452	0.00050256498	-7.5104727e-06	0.0004021358	0.00049235948	4.6031236e-07	-7.573767e-06	5.2458503e-07	0.00014272385	-0.00034480595	5.0301539e-05	0.00050256498	0.00050264073	0.0001507068
0.206	1	0.206	0	0	1	0	0	0	1	1	0.00040430234	0.00050842053	-7.5465003e-06	0.00040562305	0.00049907755	4.7694095e-07	-7.613328e-06	5.4152684e-07	0.00014472793	-0.00034936928	5.1312662e-05	0.00050842053	0.00050849702	0.00015042758
0.208	1	0.208	0	0	1	0	0	0	1	1	0.00040928198	0.00051430545	-7.582087e-06	0.00040910718	0.00050582261	4.9364394e-07	-7.6525261e-06	5.5853022e-07	0.0001467418	-0.0003539488	5.2335527e-05	0.00051430545	0.00051438267	0.00015014005
0.21	1	0.21	0	0	1	0	0	0	1	1	0.00041427339	0.00052021986	-7.6172365e-06	0.0004125882	0.00051259458	5.104182e-07	-7.6913652e-06	5.7559204e-07	0.00014876542	-0.00035854446	5.3370193e-05	0.00052021986	0.00052029782	0.00014984439
0.212	1	0.212	0	0	1	0	0	0	1	1	0.00041927651	0.00052616391	-7.6519523e-06	0.00041606608	0.00051939337	5.2726064e-07	-7.729849e-06	5.9270919e-07	0.00015079879	-0.00036315622	5.4416718e-05	0.00052616391	0.0005262426	0.00014954076
0.214	1	0.214	0	0	1	0	0	0	1	1	0.00042429132	0.00053213772	-7.686238e-06	0.00041954083	0.00052621888	5.4416818e-07	-7.7679813e-06	6.098786e-07	0.00015284189	-0.00036778403	5.5475163e-05	0.00053213772	0.00053221714	0.00014922932
0.216	1	0.216	0	0	1	0	0	0	1	1	0.00042931776	0.00053814143	-7.7200973e-06	0.00042301243	0.00053307102	5.6113775e-07	-7.8057656e-06	6.2709721e-07	0.00015489469	-0.00037242782	5.6545587e-05	0.00053814143	0.00053822157	0.00014891024
0.218	1	0.218	0	0	1	0	0	0	1	1	0.0004343558	0.00054417516	-7.7535335e-06	0.00042648087	0.0005399497	5.7816632e-07	-7.8432054e-06	6.4436198e-07	0.00015695718	-0.00037708756	5.7628049e-05	0.00054417516	0.00054425603	0.00014858364
0.22	1	0.22	0	0	1	0	0	0	1	1	0.00043940539	0.00055023905	-7.7865502e-06	0.00042994614	0.00054685482	5.9525087e-07	-7.8803042e-06	6.616699e-07	0.00015902933	-0.00038176318	5.8722611e-05	0.00055023905	0.00055032064	0.00014824968
0.222	1	0.222	0	0	1	0	0	0	1	1	0.0004444665	0.00055633323	-7.8191506e-06	0.00043340824	0.00055378629	6.1238842e-07	-7.9170654e-06	6.7901803e-07	0.00016111113	-0.00038645464	5.9829332e-05	0.00055633323	0.00055641553	0.00014790849
0.224	1	0.224	0	0	1	0	0	0	1	1	0.00044953907	0.00056245782	-7.8513381e-06	0.00043686716	0.00056074402	6.2957603e-07	-7.9534922e-06	6.9640341e-07	0.00016320256	-0.00039116188	6.0948273e-05	0.00056245782	0.00056254083	0.0001475602
0.226	1	0.226	0	0	1	0	0	0	1	1	0.00045462306	0.00056861295	-7.883116e-06	0.00044032289	0.00056772791	6.4681077e-07	-7.989588e-06	7.1382315e-07	0.00016530358	-0.00039588485	6.2079495e-05	0.00056861295	0.00056869666	0.00014720492
0.228	1	0.228	0	0	1	0	0	0	1	1	0.00045971844	0.00057479874	-7.9144875e-06	0.00044377541	0.00057473786	6.6408976e-07	-8.0253559e-06	7.3127439e-07	0.0001674142	-0.0004006235	6.322306e-05	0.00057479874	0.00057488316	0.00014684279
0.23	1	0.23	0	0	1	0	0	0	1	1	0.00046482516	0.00058101533	-7.9454558e-06	0.00044722473	0.00058177377	6.8141016e-07	-8.060799e-06	7.4875431e-07	0.00016953437	-0.00040537777	6.4379028e-05	0.00058101533	0.00058110045	0.00014647392
0.232	1	0.232	0	0	1	0	0	0	1	1	0.00046994318	0.00058726284	-7.9760241e-06	0.00045067082	0.00058883556	6.9876916e-07	-8.0959204e-06	7.6626013e-07	0.00017166409	-0.00041014761	6.5547461e-05	0.00058726284	0.00058734865	0.00014609842
0.234	1	0.234	0	0	1	0	0	0	1	1	0.00047507245	0.00059354139	-8.0061956e-06	0.00045411369	0.00059592311	7.1616398e-07	-8.130723e-06	7.8378913e-07	0.00017380333	-0.00041493296	6.6728422e-05	0.00059354139	0.00059362789	0.0001457164
0.236	1	0.236	0	0	1	0	0	0	1	1	0.00048021293	0.0005998511	-8.0359731e-06	0.00045755333	0.00060303634	7.3359192e-07	-8.1652099e-06	8.0133861e-07	0.00017595207	-0.00041973378	6.7921973e-05	0.0005998511	0.00059993829	0.00014532797
0.238	1	0.238	0	0	1	0	0	0	1	1	0.00048536459	0.0006061921	-8.06536e-06	0.00046098973	0.00061017513	7.5105028e-07	-8.199384e-06	8.1890593e-07	0.00017811029	-0.00042455	6.9128176e-05	0.0006061921	0.00060627997	0.00014493324
0.24	1	0.24	0	0	1	0	0	0	1	1	0.00049052738	0.00061256451	-8.094359e-06	0.00046442287	0.0006173394	7.6853644e-07	-8.233248e-06	8.364885e-07	0.00018027796	-0.00042938158	7.0347093e-05	0.00061256451	0.00061265306	0.00014453231
0.242	1	0.242	0	0	1	0	0	0	1	1	0.00049570125	0.00061896844	-8.1229732e-06	0.00046785275	0.00062452904	7.860478e-07	-8.2668048e-06	8.5408377e-07	0.00018245507	-0.00043422845	7.1578788e-05	0.00061896844	0.00061905767	0.00014412527
0.244	1	0.244	0	0	1	0	0	0	1	1	0.00050088617	0.00062540403	-8.1512056e-06	0.00047127937	0.00063174395	8.0358182e-07	-8.3000571e-06	8.7168925e-07	0.00018464159	-0.00043909057	7.2823323e-05	0.00062540403	0.00062549392	0.00014371223
0.246	1	0.246	0	0	1	0	0	0	1	1	0.00050608209	0.00063187138	-8.1790591e-06	0.00047470271	0.00063898402	8.2113601e-07	-8.3330077e-06	8.8930249e-07	0.00018683749	-0.00044396787	7.4080763e-05	0.00063187138	0.00063196193	0.00014329328
0.248	1	0.248	0	0	1	0	0	0	1	1	0.00051128897	0.00063837061	-8.2065365e-06	0.00047812277	0.00064624916	8.3870792e-07	-8.3656592e-06	9.069211e-07	0.00018904277	-0.0004488603	7.5351171e-05	0.00063837061	0.00063846183	0.00014286853
0.25	1	0.25	0	0	1	0	0	0	1	1	0.00051650677	0.00064490185	-8.2336406e-06	0.00048153953	0.00065353926	8.5629516e-07	-8.3980142e-06	9.2454274e-07	0.00019125739	-0.0004537678	7.6634611e-05	0.00064490185	0.00064499372	0.00014243805
0.252	1	0.252	0	0	1	0	0	0	1	1	0.00052173545	0.0006514652	-8.2603744e-06	0.000484953	0.00066085421	8.7389538e-07	-8.4300754e-06	9.4216513e-07	0.00019348132	-0.00045869033	7.7931146e-05	0.0006514652	0.00065155772	0.00014200195
0.254	1	0.254	0	0	1	0	0	0	1	1	0.00052697496	0.00065806078	-8.2867406e-06	0.00048836316	0.00066819392	8.9150628e-07	-8.4618452e-06	9.5978602e-07	0.00019571456	-0.00046362781	7.9240842e-05	0.00065806078	0.00065815395	0.00014156032
0.256	1	0.256	0	0	1	0	0	0	1	1	0.00053222526	0.00066468871	-8.3127419e-06	0.00049177001	0.00067555827	9.0912563e-07	-8.4933262e-06	9.7740324e-07	0.00019795707	-0.0004685802	8.0563762e-05	0.00066468871	0.00066478252	0.00014111324
0.258	1	0.258	0	0	1	0	0	0	1	1	0.00053748632	0.0006713491	-8.3383812e-06	0.00049517354	0.00068294717	9.2675123e-07	-8.5245209e-06	9.9501465e-07	0.00020020882	-0.00047354743	8.1899972e-05	0.0006713491	0.00067144354	0.00014066081
0.26	1	0.26	0	0	1	0	0	0	1	1	0.00054275808	0.00067804206	-8.363661e-06	0.00049857374	0.00069036049	9.4438094e-07	-8.5554317e-06	1.0126182e-06	0.00020246981	-0.00047852946	8.3249536e-05	0.00067804206	0.00067813713	0.00014020311
0.262	1	0.262	0	0	1	0	0	0	1	1	0.00054804051	0.0006847677	-8.3885841e-06	0.0005019706	0.00069779815	9.6201269e-07	-8.5860611e-06	1.0302118e-06	0.00020473999	-0.00048352622	8.461252e-05	0.0006847677	0.0006848634	0.00013974024
0.264	1	0.264	0	0	1	0	0	0	1	1	0.00055333356	0.00069152613	-8.4131532e-06	0.00050536412	0.00070526002	9.7964442e-07	-8.6164113e-06	1.0477936e-06	0.00020701935	-0.00048853765	8.598899e-05	0.00069152613	0.00069162246	0.00013927227
0.266	1	0.266	0	0	1	0	0	0	1	1	0.0005586372	0.00069831747	-8.4373709e-06	0.00050875428	0.00071274601	9.9727417e-07	-8.6464847e-06	1.0653617e-06	0.00020930787	-0.00049356369	8.737901e-05	0.00069831747	0.00069841441	0.00013879931
0.268	1	0.268	0	0	1	0	0	0	1	1	0.00056395138	0.00070514182	-8.4612397e-06	0.00051214109	0.00072025599	1.0149e-06	-8.6762837e-06	1.0829141e-06	0.00021160551	-0.00049860429	8.8782647e-05	0.00070514182	0.00070523937	0.00013832142
0.27	1	0.27	0	0	1	0	0	0	1	1	0.00056927606	0.00071199929	-8.4847623e-06	0.00051552453	0.00072778988	1.03252e-06	-8.7058106e-06	1.1004491e-06	0.00021391225	-0.0005036594	9.0199968e-05	0.00071199929	0.00071209744	0.0001378387
0.272	1	0.272	0	0	1	0	0	0	1	1	0.0005746112	0.00071888998	-8.5079412e-06	0.00051890461	0.00073534754	1.0501324e-06	-8.7350675e-06	1.1179649e-06	0.00021622807	-0.00050872894	9.1631037e-05	0.00071888998	0.00071898873	0.00013735124
0.274	1	0.274	0	0	1	0	0	0	1	1	0.00057995675	0.000725814	-8.5307789e-06	0.0005222813	0.00074292888	1.0677355e-06	-8.7640568e-06	1.1354599e-06	0.00021855294	-0.00051381286	9.3075922e-05	0.000725814	0.00072591335	0.00013685911
0.276	1	0.276	0	0	1	0	0	0	1	1	0.00058531268	0.00073277145	-8.553278e-06	0.0005256546	0.00075053377	1.0853274e-06	-8.7927806e-06	1.1529323e-06	0.00022088684	-0.0005189111	9.453469e-05	0.00073277145	0.00073287139	0.0001363624
0.278	1	0.278	0	0	1	0	0	0	1	1	0.00059067895	0.00073976245	-8.575441e-06	0.00052902452	0.00075816212	1.1029065e-06	-8.8212411e-06	1.1703807e-06	0.00022322974	-0.0005240236	9.6007408e-05	0.00073976245	0.00073986297	0.0001358612
0.28	1	0.28	0	0	1	0	0	0	1	1	0.00059605551	0.00074678709	-8.5972703e-06	0.00053239103	0.00076581381	1.1204713e-06	-8.8494405e-06	1.1878035e-06	0.00022558161	-0.00052915031	9.7494142e-05	0.00074678709	0.00074688818	0.00013535558
0.282	1	0.282	0	0	1	0	0	0	1	1	0.00060144231	0.00075384546	-8.6187683e-06	0.00053575414	0.00077348872	1.1380201e-06	-8.8773808e-06	1.2051992e-06	0.00022794243	-0.00053429116	9.8994961e-05	0.00075384546	0.00075394713	0.00013484564
0.284	1	0.284	0	0	1	0	0	0	1	1	0.00060683933	0.00076093769	-8.6399375e-06	0.00053911383	0.00078118675	1.1555514e-06	-8.9050643e-06	1.2225664e-06	0.00023031217	-0.00053944608	0.00010050993	0.00076093769	0.00076103992	0.00013433145
0.286	1	0.286	0	0	1	0	0	0	1	1	0.00061224652	0.00076806385	-8.6607803e-06	0.0005424701	0.00078890777	1.1730638e-06	-8.9324929e-06	1.2399037e-06	0.00023269081	-0.00054461503	0.00010203912	0.00076806385	0.00076816664	0.0001338131
0.288	1	0.288	0	0	1	0	0	0	1	1	0.00061766383	0.00077522406	-8.681299e-06	0.00054582295	0.00079665168	1.1905558e-06	-8.9596688e-06	1.2572097e-06	0.00023507832	-0.00054979794	0.0001035826	0.00077522406	0.00077532741	0.00013329066
0.29	1	0.29	0	0	1	0	0	0	1	1	0.00062309123	0.00078241841	-8.701496e-06	0.00054917237	0.00080441836	1.2080261e-06	-8.9865939e-06	1.2744833e-06	0.00023747466	-0.00055499475	0.00010514043	0.00078241841	0.0007825223	0.00013276423
0.292	1	0.292	0	0	1	0	0	0	1	1	0.00062852867	0.000789647	-8.7213736e-06	0.00055251834	0.00081220769	1.2254734e-06	-9.0132703e-06	1.2917232e-06	0.00023987982	-0.0005602054	0.00010671269	0.000789647	0.00078975143	0.00013223387
0.294	1	0.294	0	0	1	0	0	0	1	1	0.00063397612	0.00079690992	-8.7409341e-06	0.00055586088	0.00082001957	1.2428964e-06	-9.0397e-06	1.3089281e-06	0.00024229377	-0.00056542982	0.00010829944	0.00079690992	0.00079701488	0.00013169968
0.296	1	0.296	0	0	1	0	0	0	1	1	0.00063943354	0.00080420726	-8.7601799e-06	0.00055919995	0.00082785387	1.2602938e-06	-9.065885e-06	1.3260971e-06	0.00024471647	-0.00057066796	0.00010990075	0.00080420726	0.00080431276	0.00013116174
0.298	1	0.298	0	0	1	0	0	0	1	1	0.00064490087	0.00081153913	-8.7791131e-06	0.00056253558	0.00083571048	1.2776645e-06	-9.0918271e-06	1.343229e-06	0.00024714791	-0.00057591975	0.00011151669	0.00081153913	0.00081164515	0.00013062012
0.3	1	0.3	0	0	1	0	0	0	1	1	0.00065037809	0.00081890562	-8.7977361e-06	0.00056586773	0.00084358928	1.2950075e-06	-9.1175284e-06	1.3603227e-06	0.00024958805	-0.00058118514	0.00011314733	inf	inf	inf
