lambda	F11	F12	F13	F21	F22	F23	F31	F32	F33	J	P11	P12	P13	P21	P22	P23	P31	P32	P33	p	StrEn	t(1)	t(2)	d
0	1	0	0	0	1	0	0	0	1	1	0	0	0	0	0	0	0	0	0	-0	0	inf	inf	inf
-0.002	1	-0.002	0	0	1	0	0	0	1	1	1.3976468e-07	-2.5472956e-06	-1.548529e-07	-2.5481217e-06	1.0605493e-07	3.889847e-08	-1.5718509e-07	3.7368364e-08	1.2174376e-07	-1.2252112e-07	2.5529833e-09	-2.5472956e-06	-2.5381972e-06	-0.0035846195
-0.004	1	-0.004	0	0	1	0	0	0	1	1	4.2226372e-07	-5.0453374e-06	-2.9695272e-07	-5.0461936e-06	3.4676228e-07	6.1177624e-08	-3.0151484e-07	5.8377042e-08	3.3164538e-07	-3.6689046e-07	1.0152789e-08	-5.0453374e-06	-5.0338121e-06	-0.0022895724
-0.006	1	-0.006	0	0	1	0	0	0	1	1	8.5626709e-07	-7.4843348e-06	-4.273564e-07	-7.4835385e-06	7.3225748e-07	6.8378873e-08	-4.3345089e-07	6.522374e-08	6.3687809e-07	-7.4180089e-07	2.2688232e-08	-7.4843348e-06	-7.4709001e-06	-0.001798283
-0.008	1	-0.008	0	0	1	0	0	0	1	1	1.4396404e-06	-9.8615491e-06	-5.4658993e-07	-9.8564976e-06	1.2617598e-06	6.2529169e-08	-5.5320365e-07	6.0229953e-08	1.0447378e-06	-1.2487127e-06	4.0036389e-08	-9.8615491e-06	-9.8460269e-06	-0.001576496
-0.01	1	-0.01	0	0	1	0	0	0	1	1	2.1632021e-06	-1.2175372e-05	-6.5310971e-07	-1.2162613e-05	1.9267983e-06	4.6473265e-08	-6.5987814e-07	4.5492839e-08	1.5630433e-06	-1.8843479e-06	6.2072339e-08	-1.2175372e-05	-1.2157863e-05	-0.0014401819
-0.012	1	-0.012	0	0	1	0	0	0	1	1	3.0215961e-06	-1.4422584e-05	-7.457521e-07	-1.4397863e-05	2.7223749e-06	2.2667749e-08	-7.5275871e-07	2.2957513e-08	2.1979138e-06	-2.647295e-06	8.8667839e-08	-1.4422584e-05	-1.4403503e-05	-0.0013247864
-0.014	1	-0.014	0	0	1	0	0	0	1	1	4.0141418e-06	-1.6598412e-05	-8.2399155e-07	-1.6556673e-05	3.6481604e-06	-6.8646868e-09	-8.3146264e-07	-5.5129601e-09	2.953996e-06	-3.538766e-06	1.1968635e-07	-1.6598412e-05	-1.6578512e-05	-0.0012003486
-0.016	1	-0.016	0	0	1	0	0	0	1	1	5.1413445e-06	-1.8698166e-05	-8.8722006e-07	-1.8633553e-05	4.7048733e-06	-3.9844117e-08	-8.9547789e-07	-3.7735696e-08	3.8348181e-06	-4.5603453e-06	1.5498189e-07	-1.8698166e-05	-1.8678755e-05	-0.0010392019
-0.018	1	-0.018	0	0	1	0	0	0	1	1	6.4007938e-06	-2.0719879e-05	-9.3474398e-07	-2.0625802e-05	5.8900177e-06	-7.3088458e-08	-9.4416532e-07	-7.0590589e-08	4.8398011e-06	-5.7102042e-06	1.9440137e-07	-2.0719879e-05	-2.0703034e-05	-0.00081363946
-0.02	1	-0.02	0	0	1	0	0	0	1	1	7.7815715e-06	-2.2668818e-05	-9.6657369e-07	-2.2538156e-05	7.1921927e-06	-1.0267077e-07	-9.7749799e-07	-1.0014245e-07	5.9588546e-06	-6.9775396e-06	2.3779402e-07	-2.2668818e-05	-2.2656621e-05	-0.00053836094
-0.022	1	-0.022	0	0	1	0	0	0	1	1	9.2627001e-06	-2.4559161e-05	-9.8429262e-07	-2.4384577e-05	8.589669e-06	-1.2533531e-07	-9.9692963e-07	-1.2305303e-07	7.1710125e-06	-8.3411272e-06	2.8502785e-07	-2.4559161e-05	-2.4552404e-05	-0.00027517481
-0.024	1	-0.024	0	0	1	0	0	0	1	1	1.0819135e-05	-2.6409407e-05	-9.9082016e-07	-2.6183609e-05	1.0056691e-05	-1.3982402e-07	-1.0052263e-06	-1.3795526e-07	8.4508704e-06	-9.7755651e-06	3.3600364e-07	-2.6409407e-05	-2.6407429e-05	-7.4899913e-05
-0.026	1	-0.026	0	0	1	0	0	0	1	1	1.2429176e-05	-2.8236175e-05	-9.8933219e-07	-2.7952024e-05	1.1571091e-05	-1.4675356e-07	-1.0054502e-06	-1.4537789e-07	9.7764071e-06	-1.1258891e-05	3.9065757e-07	-2.8236175e-05	-2.8237718e-05	5.4633139e-05
-0.028	1	-0.028	0	0	1	0	0	0	1	1	1.4077376e-05	-3.0051456e-05	-9.8246728e-07	-2.9701961e-05	1.3117194e-05	-1.476385e-07	-1.0001799e-06	-1.4678163e-07	1.1132034e-05	-1.2775535e-05	4.4895451e-07	-3.0051456e-05	-3.0055365e-05	0.00013008492
-0.03	1	-0.03	0	0	1	0	0	0	1	1	1.5753764e-05	-3.1862954e-05	-9.7213506e-07	-3.1441232e-05	1.4684963e-05	-1.4410006e-07	-9.9130315e-07	-1.4375969e-07	1.2507799e-05	-1.4315508e-05	5.1087903e-07	-3.1862954e-05	-3.1868391e-05	0.00017061149
-0.032	1	-0.032	0	0	1	0	0	0	1	1	1.7452117e-05	-3.3675363e-05	-9.5963411e-07	-3.3174599e-05	1.6268186e-05	-1.3751507e-07	-9.8011782e-07	-1.3767577e-07	1.389758e-05	-1.5872628e-05	5.7642807e-07	-3.3675363e-05	-3.3681768e-05	0.00019016776
-0.034	1	-0.034	0	0	1	0	0	0	1	1	1.916853e-05	-3.5491482e-05	-9.458282e-07	-3.4904899e-05	1.7863005e-05	-1.2894057e-07	-9.6749655e-07	-1.2958138e-07	1.5297615e-05	-1.744305e-05	6.456061e-07	-3.5491482e-05	-3.5498493e-05	0.000197497
-0.036	1	-0.036	0	0	1	0	0	0	1	1	2.0900485e-05	-3.7312966e-05	-9.3129048e-07	-3.663381e-05	1.9466964e-05	-1.1914875e-07	-9.540249e-07	-1.202467e-07	1.6705537e-05	-1.9024329e-05	7.1842204e-07	-3.7312966e-05	-3.7320348e-05	0.00019779615
-0.038	1	-0.038	0	0	1	0	0	0	1	1	2.2646303e-05	-3.9140787e-05	-9.1640341e-07	-3.8362313e-05	2.1078446e-05	-1.0868879e-07	-9.400984e-07	-1.102205e-07	1.8119811e-05	-2.0614853e-05	7.9488749e-07	-3.9140787e-05	-3.9148387e-05	0.0001941159
-0.04	1	-0.04	0	0	1	0	0	0	1	1	2.4404815e-05	-4.0975506e-05	-9.0142429e-07	-4.0090972e-05	2.2696339e-05	-9.794489e-08	-9.2598669e-07	-9.9887278e-08	1.9539402e-05	-2.2213519e-05	8.7501559e-07	-4.0975506e-05	-4.0983222e-05	0.00018825335
-0.042	1	-0.042	0	0	1	0	0	0	1	1	2.6175176e-05	-4.2817435e-05	-8.8652743e-07	-4.1820096e-05	2.4319849e-05	-8.7182356e-08	-9.1187523e-07	-8.951287e-08	2.0963582e-05	-2.3819536e-05	9.5882038e-07	-4.2817435e-05	-4.2825198e-05	0.00018127572
-0.044	1	-0.044	0	0	1	0	0	0	1	1	2.7956748e-05	-4.4666733e-05	-8.718314e-07	-4.3549841e-05	2.5948389e-05	-7.6581869e-08	-8.978925e-07	-7.927859e-08	2.239182e-05	-2.5432319e-05	1.0463164e-06	-4.4666733e-05	-4.4674499e-05	0.0001738209
-0.046	1	-0.046	0	0	1	0	0	0	1	1	2.9749032e-05	-4.6523469e-05	-8.5741679e-07	-4.5280268e-05	2.7581506e-05	-6.6264256e-08	-8.8412775e-07	-6.9305906e-08	2.3823711e-05	-2.7051416e-05	1.1375184e-06	-4.6523469e-05	-4.6531206e-05	0.00016627046
-0.048	1	-0.048	0	0	1	0	0	0	1	1	3.1551628e-05	-4.8387656e-05	-8.4333791e-07	-4.7011383e-05	2.9218841e-05	-5.6308126e-08	-8.7064291e-07	-5.9674048e-08	2.5258936e-05	-2.8676468e-05	1.2324412e-06	-4.8387656e-05	-4.8395343e-05	0.00015885058
-0.05	1	-0.05	0	0	1	0	0	0	1	1	3.3364201e-05	-5.025927e-05	-8.2963069e-07	-4.8743155e-05	3.0860103e-05	-4.6762389e-08	-8.5748055e-07	-5.0432508e-08	2.6697237e-05	-3.030718e-05	1.3310997e-06	-5.025927e-05	-5.0266895e-05	0.000151692
-0.052	1	-0.052	0	0	1	0	0	0	1	1	3.518647e-05	-5.2138271e-05	-8.16318e-07	-5.0475535e-05	3.2505051e-05	-3.7655118e-08	-8.4466942e-07	-4.1609892e-08	2.8138398e-05	-3.1943307e-05	1.4335088e-06	-5.2138271e-05	-5.2145825e-05	0.00014486625
-0.054	1	-0.054	0	0	1	0	0	0	1	1	3.701819e-05	-5.4024609e-05	-8.0341333e-07	-5.2208461e-05	3.4153486e-05	-2.8999847e-08	-8.3222823e-07	-3.3220202e-08	2.9582236e-05	-3.3584637e-05	1.539683e-06	-5.4024609e-05	-5.4032087e-05	0.00013840791
-0.056	1	-0.056	0	0	1	0	0	0	1	1	3.8859147e-05	-5.5918226e-05	-7.9092341e-07	-5.394187e-05	3.5805234e-05	-2.0800038e-08	-8.2016831e-07	-2.5267288e-08	3.1028591e-05	-3.5230991e-05	1.6496371e-06	-5.5918226e-05	-5.5925627e-05	0.00013232855
-0.058	1	-0.058	0	0	1	0	0	0	1	1	4.070915e-05	-5.7819068e-05	-7.7884999e-07	-5.5675695e-05	3.7460149e-05	-1.3052265e-08	-8.084956e-07	-1.7748025e-08	3.2477323e-05	-3.6882207e-05	1.7633856e-06	-5.7819068e-05	-5.782639e-05	0.00012662547
-0.06	1	-0.06	0	0	1	0	0	0	1	1	4.2568027e-05	-5.9727077e-05	-7.6719121e-07	-5.740987e-05	3.9118106e-05	-5.7484742e-09	-7.9721199e-07	-1.0654564e-08	3.3928307e-05	-3.8538147e-05	1.8809427e-06	-5.9727077e-05	-5.9734322e-05	0.00012128741
-0.062	1	-0.062	0	0	1	0	0	0	1	1	4.4435624e-05	-6.1642201e-05	-7.5594253e-07	-5.9144334e-05	4.0778993e-05	1.1224145e-09	-7.8631633e-07	-3.9759451e-09	3.5381433e-05	-4.0198683e-05	2.0023228e-06	-6.1642201e-05	-6.1649371e-05	0.00011629813
-0.064	1	-0.064	0	0	1	0	0	0	1	1	4.6311798e-05	-6.356439e-05	-7.4509741e-07	-6.0879027e-05	4.2442712e-05	7.5733781e-09	-7.7580522e-07	2.3007635e-09	3.68366e-05	-4.1863703e-05	2.1275402e-06	-6.356439e-05	-6.3571487e-05	0.00011163879
-0.066	1	-0.066	0	0	1	0	0	0	1	1	4.819642e-05	-6.5493598e-05	-7.3464787e-07	-6.2613892e-05	4.4109178e-05	1.3618506e-08	-7.6567352e-07	8.1896478e-09	3.8293715e-05	-4.3533104e-05	2.2566088e-06	-6.5493598e-05	-6.5500626e-05	0.00010728947
-0.068	1	-0.068	0	0	1	0	0	0	1	1	5.0089369e-05	-6.7429781e-05	-7.2458488e-07	-6.4348878e-05	4.577831e-05	1.9272459e-08	-7.5591481e-07	1.3705374e-08	3.9752696e-05	-4.5206792e-05	2.3895427e-06	-6.7429781e-05	-6.7436743e-05	0.00010323015
-0.07	1	-0.07	0	0	1	0	0	0	1	1	5.1990536e-05	-6.9372901e-05	-7.1489862e-07	-6.6083935e-05	4.7450037e-05	2.4550109e-08	-7.4652171e-07	1.8862784e-08	4.1213466e-05	-4.688468e-05	2.5263558e-06	-6.9372901e-05	-6.93798e-05	9.944132e-05
-0.072	1	-0.072	0	0	1	0	0	0	1	1	5.3899817e-05	-7.1322919e-05	-7.0557873e-07	-6.7819018e-05	4.9124291e-05	2.9466289e-08	-7.374861e-07	2.367661e-08	4.2675956e-05	-4.8566688e-05	2.6670619e-06	-7.1322919e-05	-7.132976e-05	9.5904327e-05
-0.074	1	-0.074	0	0	1	0	0	0	1	1	5.5817116e-05	-7.3279804e-05	-6.9661451e-07	-6.9554084e-05	5.0801005e-05	3.4035641e-08	-7.2879935e-07	2.8161287e-08	4.4140099e-05	-5.025274e-05	2.8116748e-06	-7.3279804e-05	-7.328659e-05	9.2601577e-05
-0.076	1	-0.076	0	0	1	0	0	0	1	1	5.7742344e-05	-7.5243523e-05	-6.8799503e-07	-7.1289092e-05	5.2480118e-05	3.8272506e-08	-7.2045244e-07	3.2330817e-08	4.5605837e-05	-5.1942766e-05	2.9602082e-06	-7.5243523e-05	-7.5250259e-05	8.9516618e-05
-0.078	1	-0.078	0	0	1	0	0	0	1	1	5.9675416e-05	-7.7214048e-05	-6.7970923e-07	-7.3024006e-05	5.4161567e-05	4.2190858e-08	-7.1243611e-07	3.6198693e-08	4.7073114e-05	-5.3636699e-05	3.1126758e-06	-7.7214048e-05	-7.7220738e-05	8.6634158e-05
-0.08	1	-0.08	0	0	1	0	0	0	1	1	6.1616254e-05	-7.9191353e-05	-6.7174605e-07	-7.475879e-05	5.5845292e-05	4.580425e-08	-7.0474093e-07	3.9777851e-08	4.854188e-05	-5.5334475e-05	3.2690912e-06	-7.9191353e-05	-7.9198001e-05	8.3940021e-05
-0.082	1	-0.082	0	0	1	0	0	0	1	1	6.3564784e-05	-8.1175412e-05	-6.6409444e-07	-7.649341e-05	5.7531232e-05	4.9125785e-08	-6.9735741e-07	4.3080642e-08	5.0012085e-05	-5.7036034e-05	3.4294678e-06	-8.1175412e-05	-8.1182022e-05	8.142109e-05
-0.084	1	-0.084	0	0	1	0	0	0	1	1	6.5520935e-05	-8.3166204e-05	-6.5674347e-07	-7.8227837e-05	5.9219327e-05	5.2168086e-08	-6.9027601e-07	4.611883e-08	5.1483686e-05	-5.8741316e-05	3.5938193e-06	-8.3166204e-05	-8.317278e-05	7.9065227e-05
-0.086	1	-0.086	0	0	1	0	0	0	1	1	6.7484642e-05	-8.5163704e-05	-6.4968233e-07	-7.996204e-05	6.0909517e-05	5.4943272e-08	-6.8348726e-07	4.8903595e-08	5.295664e-05	-6.0450266e-05	3.762159e-06	-8.5163704e-05	-8.5170251e-05	7.6861188e-05
-0.088	1	-0.088	0	0	1	0	0	0	1	1	6.945584e-05	-8.7167895e-05	-6.4290038e-07	-8.1695992e-05	6.2601741e-05	5.7462946e-08	-6.7698173e-07	5.1445553e-08	5.443091e-05	-6.216283e-05	3.9345003e-06	-8.7167895e-05	-8.7174415e-05	7.4798546e-05
-0.09	1	-0.09	0	0	1	0	0	0	1	1	7.1434472e-05	-8.9178754e-05	-6.3638717e-07	-8.3429665e-05	6.4295941e-05	5.9738183e-08	-6.7075011e-07	5.375477e-08	5.5906457e-05	-6.3878957e-05	4.1108566e-06	-8.9178754e-05	-8.9185253e-05	7.2867617e-05
-0.092	1	-0.092	0	0	1	0	0	0	1	1	7.3420479e-05	-9.1196265e-05	-6.3013248e-07	-8.5163036e-05	6.5992059e-05	6.1779527e-08	-6.6478324e-07	5.5840792e-08	5.7383248e-05	-6.5598596e-05	4.2912413e-06	-9.1196265e-05	-9.1202746e-05	7.1059399e-05
-0.094	1	-0.094	0	0	1	0	0	0	1	1	7.5413809e-05	-9.322041e-05	-6.2412629e-07	-8.6896079e-05	6.7690038e-05	6.3596991e-08	-6.5907207e-07	5.771267e-08	5.8861251e-05	-6.7321699e-05	4.4756676e-06	-9.322041e-05	-9.3226876e-05	6.9365522e-05
-0.096	1	-0.096	0	0	1	0	0	0	1	1	7.7414409e-05	-9.5251171e-05	-6.1835884e-07	-8.8628773e-05	6.9389822e-05	6.5200068e-08	-6.5360777e-07	5.9378991e-08	6.0340434e-05	-6.9048222e-05	4.6641488e-06	-9.5251171e-05	-9.5257628e-05	6.7778203e-05
-0.098	1	-0.098	0	0	1	0	0	0	1	1	7.942223e-05	-9.7288533e-05	-6.1282059e-07	-9.0361095e-05	7.1091358e-05	6.6597746e-08	-6.4838167e-07	6.08479e-08	6.1820769e-05	-7.0778119e-05	4.8566981e-06	-9.7288533e-05	-9.7294983e-05	6.6290207e-05
-0.1	1	-0.1	0	0	1	0	0	0	1	1	8.1437226e-05	-9.9332481e-05	-6.0750229e-07	-9.2093026e-05	7.2794594e-05	6.7798525e-08	-6.433853e-07	6.2127138e-08	6.3302229e-05	-7.2511349e-05	5.0533287e-06	-9.9332481e-05	-9.9338927e-05	6.4894822e-05
-0.102	1	-0.102	0	0	1	0	0	0	1	1	8.345935e-05	-0.000101383	-6.023949e-07	-9.3824544e-05	7.449948e-05	6.8810444e-08	-6.3861039e-07	6.3224062e-08	6.4784786e-05	-7.4247872e-05	5.2540538e-06	-0.000101383	-0.00010138945	6.3585821e-05
-0.104	1	-0.104	0	0	1	0	0	0	1	1	8.5488561e-05	-0.00010344007	-5.9748968e-07	-9.555563e-05	7.620597e-05	6.9641108e-08	-6.3404889e-07	6.4145675e-08	6.6268417e-05	-7.5987649e-05	5.4588865e-06	-0.00010344007	-0.00010344652	6.2357441e-05
-0.106	1	-0.106	0	0	1	0	0	0	1	1	8.7524815e-05	-0.00010550369	-5.9277811e-07	-9.7286268e-05	7.7914017e-05	7.0297714e-08	-6.2969296e-07	6.4898652e-08	6.7753097e-05	-7.7730643e-05	5.6678399e-06	-0.00010550369	-0.00010551015	6.1204349e-05
-0.108	1	-0.108	0	0	1	0	0	0	1	1	8.9568073e-05	-0.00010757384	-5.8825197e-07	-9.9016438e-05	7.9623579e-05	7.0787082e-08	-6.2553499e-07	6.5489362e-08	6.9238804e-05	-7.9476819e-05	5.8809271e-06	-0.00010757384	-0.00010758031	6.0121619e-05
-0.11	1	-0.11	0	0	1	0	0	0	1	1	9.1618297e-05	-0.0001096505	-5.8390327e-07	-0.00010074612	8.1334613e-05	7.1115685e-08	-6.2156755e-07	6.5923894e-08	7.0725517e-05	-8.1226142e-05	6.0981612e-06	-0.0001096505	-0.00010965699	5.9104701e-05
-0.112	1	-0.112	0	0	1	0	0	0	1	1	9.3675449e-05	-0.00011173367	-5.7972429e-07	-0.00010247531	8.3047081e-05	7.1289679e-08	-6.1778349e-07	6.6208072e-08	7.2213214e-05	-8.2978581e-05	6.3195551e-06	-0.00011173367	-0.00011174017	5.8149396e-05
-0.114	1	-0.114	0	0	1	0	0	0	1	1	9.5739492e-05	-0.00011382334	-5.7570756e-07	-0.00010420398	8.4760945e-05	7.1314927e-08	-6.1417582e-07	6.6347479e-08	7.3701877e-05	-8.4734105e-05	6.5451218e-06	-0.00011382334	-0.00011382985	5.7251829e-05
-0.116	1	-0.116	0	0	1	0	0	0	1	1	9.7810393e-05	-0.00011591948	-5.7184587e-07	-0.00010593212	8.6476169e-05	7.1197028e-08	-6.107378e-07	6.6347476e-08	7.5191485e-05	-8.6492682e-05	6.7748745e-06	-0.00011591948	-0.00011592602	5.6408422e-05
-0.118	1	-0.118	0	0	1	0	0	0	1	1	9.9888118e-05	-0.0001180221	-5.6813227e-07	-0.00010765971	8.8192719e-05	7.0941342e-08	-6.0746291e-07	6.6213213e-08	7.668202e-05	-8.8254285e-05	7.0088259e-06	-0.0001180221	-0.00011802866	5.5615871e-05
-0.12	1	-0.12	0	0	1	0	0	0	1	1	0.00010197263	-0.00012013117	-5.6456002e-07	-0.00010938674	8.9910563e-05	7.055301e-08	-6.0434483e-07	6.5949649e-08	7.8173464e-05	-9.0018887e-05	7.2469891e-06	-0.00012013117	-0.00012013777	5.4871123e-05
-0.122	1	-0.122	0	0	1	0	0	0	1	1	0.00010406391	-0.0001222467	-5.6112268e-07	-0.00011111319	9.1629668e-05	7.0036975e-08	-6.0137744e-07	6.5561562e-08	7.9665801e-05	-9.1786459e-05	7.489377e-06	-0.0001222467	-0.00012225332	5.4171351e-05
-0.124	1	-0.124	0	0	1	0	0	0	1	1	0.00010616191	-0.00012436867	-5.57814e-07	-0.00011283906	9.3350006e-05	6.9398e-08	-5.9855486e-07	6.5053566e-08	8.1159014e-05	-9.3556977e-05	7.7360024e-06	-0.00012436867	-0.00012437532	5.3513938e-05
-0.126	1	-0.126	0	0	1	0	0	0	1	1	0.00010826661	-0.00012649706	-5.5462799e-07	-0.00011456432	9.5071548e-05	6.8640686e-08	-5.9587138e-07	6.4430118e-08	8.2653086e-05	-9.5330415e-05	7.9868783e-06	-0.00012649706	-0.00012650375	5.2896454e-05
-0.128	1	-0.128	0	0	1	0	0	0	1	1	0.00011037798	-0.00012863188	-5.5155888e-07	-0.00011628897	9.6794266e-05	6.7769487e-08	-5.9332151e-07	6.3695529e-08	8.4148002e-05	-9.710675e-05	8.2420174e-06	-0.00012863188	-0.00012863861	5.2316643e-05
-0.13	1	-0.13	0	0	1	0	0	0	1	1	0.00011249599	-0.0001307731	-5.4860114e-07	-0.00011801298	9.8518134e-05	6.6788717e-08	-5.9089994e-07	6.2853976e-08	8.5643747e-05	-9.8885958e-05	8.5014327e-06	-0.0001307731	-0.00013077988	5.1772403e-05
-0.132	1	-0.132	0	0	1	0	0	0	1	1	0.00011462062	-0.00013292073	-5.4574945e-07	-0.00011973636	0.00010024313	6.5702571e-08	-5.8860156e-07	6.1909506e-08	8.7140305e-05	-0.00010066802	8.7651369e-06	-0.00013292073	-0.00013292755	5.1261775e-05
-0.134	1	-0.134	0	0	1	0	0	0	1	1	0.00011675183	-0.00013507476	-5.429987e-07	-0.00012145909	0.00010196922	6.4515125e-08	-5.8642143e-07	6.0866048e-08	8.8637663e-05	-0.0001024529	9.0331429e-06	-0.00013507476	-0.00013508162	5.0782929e-05
-0.136	1	-0.136	0	0	1	0	0	0	1	1	0.0001188896	-0.00013723516	-5.40344e-07	-0.00012318115	0.00010369639	6.3230351e-08	-5.8435482e-07	5.9727414e-08	9.0135806e-05	-0.0001042406	9.3054634e-06	-0.00013723516	-0.00013724207	5.033415e-05
-0.138	1	-0.138	0	0	1	0	0	0	1	1	0.00012103391	-0.00013940195	-5.3778066e-07	-0.00012490253	0.00010542461	6.185212e-08	-5.8239715e-07	5.8497312e-08	9.163472e-05	-0.00010603108	9.5821112e-06	-0.00013940195	-0.00013940891	4.991383e-05
-0.14	1	-0.14	0	0	1	0	0	0	1	1	0.00012318472	-0.0001415751	-5.3530417e-07	-0.00012662323	0.00010715386	6.0384211e-08	-5.8054402e-07	5.7179344e-08	9.3134392e-05	-0.00010782432	9.863099e-06	-0.0001415751	-0.00014158211	4.9520459e-05
-0.142	1	-0.142	0	0	1	0	0	0	1	1	0.00012534202	-0.00014375461	-5.3291026e-07	-0.00012834323	0.00010888412	5.8830315e-08	-5.7879118e-07	5.5777015e-08	9.4634809e-05	-0.00010962032	1.014844e-05	-0.00014375461	-0.00014376168	4.9152615e-05
-0.144	1	-0.144	0	0	1	0	0	0	1	1	0.00012750578	-0.00014594047	-5.3059478e-07	-0.00013006252	0.00011061537	5.7194039e-08	-5.7713457e-07	5.4293738e-08	9.6135958e-05	-0.00011141904	1.0438146e-05	-0.00014594047	-0.0001459476	4.8808955e-05
-0.146	1	-0.146	0	0	1	0	0	0	1	1	0.00012967597	-0.00014813268	-5.2835383e-07	-0.00013178108	0.00011234759	5.547891e-08	-5.7557026e-07	5.2732833e-08	9.7637826e-05	-0.00011322046	1.073223e-05	-0.00014813268	-0.00014813986	4.8488211e-05
-0.148	1	-0.148	0	0	1	0	0	0	1	1	0.00013185258	-0.00015033122	-5.2618363e-07	-0.00013349892	0.00011408076	5.3688377e-08	-5.7409447e-07	5.1097535e-08	9.91404e-05	-0.00011502458	1.1030705e-05	-0.00015033122	-0.00015033847	4.8189182e-05
-0.15	1	-0.15	0	0	1	0	0	0	1	1	0.00013403558	-0.0001525361	-5.240806e-07	-0.00013521602	0.00011581485	5.1825813e-08	-5.727036e-07	4.9390992e-08	0.00010064367	-0.00011683137	1.1333584e-05	-0.0001525361	-0.00015254341	4.791073e-05
-0.152	1	-0.152	0	0	1	0	0	0	1	1	0.00013622495	-0.00015474729	-5.2204131e-07	-0.00013693236	0.00011754986	4.989452e-08	-5.7139414e-07	4.7616272e-08	0.00010214762	-0.00011864081	1.1640879e-05	-0.00015474729	-0.00015475467	4.7651773e-05
-0.154	1	-0.154	0	0	1	0	0	0	1	1	0.00013842066	-0.0001569648	-5.200625e-07	-0.00013864794	0.00011928575	4.7897725e-08	-5.7016275e-07	4.5776364e-08	0.00010365224	-0.00012045288	1.1952603e-05	-0.0001569648	-0.00015697225	4.7411283e-05
-0.156	1	-0.156	0	0	1	0	0	0	1	1	0.0001406227	-0.00015918862	-5.1814104e-07	-0.00014036276	0.00012102252	4.5838587e-08	-5.6900622e-07	4.3874177e-08	0.00010515752	-0.00012226758	1.2268768e-05	-0.00015918862	-0.00015919614	4.718828e-05
-0.158	1	-0.158	0	0	1	0	0	0	1	1	0.00014283104	-0.00016141874	-5.1627397e-07	-0.00014207679	0.00012276015	4.3720193e-08	-5.6792146e-07	4.1912547e-08	0.00010666344	-0.00012408488	1.2589387e-05	-0.00016141874	-0.00016142633	4.6981831e-05
-0.16	1	-0.16	0	0	1	0	0	0	1	1	0.00014504566	-0.00016365516	-5.1445847e-07	-0.00014379003	0.00012449862	4.1545561e-08	-5.6690548e-07	3.9894233e-08	0.00010817	-0.00012590476	1.2914473e-05	-0.00016365516	-0.00016366281	4.6791044e-05
-0.162	1	-0.162	0	0	1	0	0	0	1	1	0.00014726655	-0.00016589786	-5.1269183e-07	-0.00014550248	0.0001262379	3.9317639e-08	-5.6595545e-07	3.7821922e-08	0.00010967719	-0.00012772721	1.3244038e-05	-0.00016589786	-0.00016590559	4.6615067e-05
-0.164	1	-0.164	0	0	1	0	0	0	1	1	0.00014949368	-0.00016814684	-5.109715e-07	-0.00014721411	0.000127978	3.7039306e-08	-5.6506863e-07	3.5698229e-08	0.00011118499	-0.00012955222	1.3578095e-05	-0.00016814684	-0.00016815465	4.6453086e-05
-0.166	1	-0.166	0	0	1	0	0	0	1	1	0.00015172702	-0.0001704021	-5.0929503e-07	-0.00014892493	0.00012971888	3.4713374e-08	-5.6424238e-07	3.3525698e-08	0.00011269339	-0.00013137976	1.3916657e-05	-0.0001704021	-0.00017040999	4.6304321e-05
-0.168	1	-0.168	0	0	1	0	0	0	1	1	0.00015396657	-0.00017266362	-5.0766013e-07	-0.00015063493	0.00013146053	3.2342584e-08	-5.6347418e-07	3.1306803e-08	0.00011420238	-0.00013320983	1.4259735e-05	-0.00017266362	-0.00017267159	4.6168025e-05
-0.17	1	-0.17	0	0	1	0	0	0	1	1	0.00015621231	-0.00017493141	-5.0606457e-07	-0.00015234409	0.00013320294	2.992961e-08	-5.6276161e-07	2.904395e-08	0.00011571195	-0.0001350424	1.4607343e-05	-0.00017493141	-0.00017493946	4.6043485e-05
-0.172	1	-0.172	0	0	1	0	0	0	1	1	0.0001584642	-0.00017720545	-5.0450627e-07	-0.00015405241	0.00013494609	2.7477055e-08	-5.6210234e-07	2.6739478e-08	0.00011722209	-0.00013687746	1.4959493e-05	-0.00017720545	-0.00017721359	4.5930013e-05
-0.174	1	-0.174	0	0	1	0	0	0	1	1	0.00016072224	-0.00017948574	-5.0298325e-07	-0.00015575988	0.00013668997	2.4987455e-08	-5.6149415e-07	2.4395657e-08	0.00011873279	-0.000138715	1.5316198e-05	-0.00017948574	-0.00017949397	4.5826953e-05
-0.176	1	-0.176	0	0	1	0	0	0	1	1	0.0001629864	-0.00018177228	-5.0149362e-07	-0.00015746649	0.00013843456	2.2463277e-08	-5.6093488e-07	2.2014692e-08	0.00012024404	-0.000140555	1.5677469e-05	-0.00018177228	-0.00018178059	4.5733676e-05
-0.178	1	-0.178	0	0	1	0	0	0	1	1	0.00016525667	-0.00018406505	-5.000356e-07	-0.00015917223	0.00014017984	1.9906919e-08	-5.6042248e-07	1.9598723e-08	0.00012175583	-0.00014239745	1.604332e-05	-0.00018406505	-0.00018407345	4.5649576e-05
-0.18	1	-0.18	0	0	1	0	0	0	1	1	0.00016753303	-0.00018636405	-4.9860749e-07	-0.0001608771	0.00014192581	1.7320711e-08	-5.5995498e-07	1.7149826e-08	0.00012326814	-0.00014424233	1.6413763e-05	-0.00018636405	-0.00018637255	4.5574075e-05
-0.182	1	-0.182	0	0	1	0	0	0	1	1	0.00016981546	-0.00018866928	-4.9720768e-07	-0.0001625811	0.00014367244	1.4706914e-08	-5.5953048e-07	1.4670013e-08	0.00012478098	-0.00014608963	1.678881e-05	-0.00018866928	-0.00018867787	4.5506616e-05
-0.184	1	-0.184	0	0	1	0	0	0	1	1	0.00017210395	-0.00019098073	-4.9583465e-07	-0.0001642842	0.00014541972	1.2067723e-08	-5.5914717e-07	1.2161234e-08	0.00012629432	-0.00014793933	1.7168474e-05	-0.00019098073	-0.00019098941	4.5446668e-05
-0.186	1	-0.186	0	0	1	0	0	0	1	1	0.00017439846	-0.00019329839	-4.9448696e-07	-0.0001659864	0.00014716764	9.4052619e-09	-5.588033e-07	9.6253767e-09	0.00012780816	-0.00014979142	1.7552768e-05	-0.00019329839	-0.00019330717	4.5393719e-05
-0.188	1	-0.188	0	0	1	0	0	0	1	1	0.000176699	-0.00019562226	-4.9316324e-07	-0.00016768771	0.00014891619	6.7215899e-09	-5.5849719e-07	7.0642679e-09	0.00012932249	-0.00015164589	1.7941703e-05	-0.00019562226	-0.00019563113	4.5347281e-05
-0.19	1	-0.19	0	0	1	0	0	0	1	1	0.00017900553	-0.00019795233	-4.9186221e-07	-0.0001693881	0.00015066535	4.0186985e-09	-5.5822725e-07	4.4796751e-09	0.00013083729	-0.00015350272	1.8335292e-05	-0.00019795233	-0.0001979613	4.5306884e-05
-0.192	1	-0.192	0	0	1	0	0	0	1	1	0.00018131805	-0.0002002886	-4.9058264e-07	-0.00017108758	0.0001524151	1.2985126e-09	-5.5799192e-07	1.8733067e-09	0.00013235257	-0.00015536191	1.8733548e-05	-0.0002002886	-0.00020029767	4.5272081e-05
-0.194	1	-0.194	0	0	1	0	0	0	1	1	0.00018363654	-0.00020263106	-4.8932336e-07	-0.00017278613	0.00015416544	-1.4371084e-09	-5.5778973e-07	-7.5318678e-10	0.0001338683	-0.00015722342	1.9136483e-05	-0.00020263106	-0.00020264023	4.5242442e-05
-0.196	1	-0.196	0	0	1	0	0	0	1	1	0.00018596097	-0.0002049797	-4.880833e-07	-0.00017448375	0.00015591634	-4.1863701e-09	-5.5761926e-07	-3.3982118e-09	0.00013538448	-0.00015908727	1.9544109e-05	-0.0002049797	-0.00020498897	4.5217556e-05
-0.198	1	-0.198	0	0	1	0	0	0	1	1	0.00018829134	-0.00020733452	-4.8686141e-07	-0.00017618043	0.00015766781	-6.9475426e-09	-5.5747915e-07	-6.0602307e-09	0.00013690111	-0.00016095342	1.9956439e-05	-0.00020733452	-0.00020734389	4.5197031e-05
-0.2	1	-0.2	0	0	1	0	0	0	1	1	0.00019062762	-0.00020969552	-4.8565671e-07	-0.00017787617	0.00015941981	-9.7189595e-09	-5.5736808e-07	-8.7377608e-09	0.00013841816	-0.00016282186	2.0373485e-05	-0.00020969552	-0.00020970499	4.5180494e-05
-0.202	1	-0.202	0	0	1	0	0	0	1	1	0.0001929698	-0.00021206268	-4.8446829e-07	-0.00017957096	0.00016117235	-1.2499017e-08	-5.5728481e-07	-1.1429373e-08	0.00013993563	-0.00016469259	2.0795259e-05	-0.00021206268	-0.00021207226	4.5167585e-05
-0.204	1	-0.204	0	0	1	0	0	0	1	1	0.00019531786	-0.00021443601	-4.8329527e-07	-0.0001812648	0.0001629254	-1.5286173e-08	-5.5722812e-07	-1.4133691e-08	0.00014145352	-0.0001665656	2.1221774e-05	-0.00021443601	-0.00021444569	4.5157965e-05
-0.206	1	-0.206	0	0	1	0	0	0	1	1	0.0001976718	-0.00021681549	-4.8213682e-07	-0.00018295767	0.00016467896	-1.8078946e-08	-5.5719687e-07	-1.684939e-08	0.00014297181	-0.00016844086	2.1653042e-05	-0.00021681549	-0.00021682528	4.5151308e-05
-0.208	1	-0.208	0	0	1	0	0	0	1	1	0.00020003158	-0.00021920113	-4.8099218e-07	-0.00018464957	0.00016643301	-2.0875915e-08	-5.5718994e-07	-1.9575196e-08	0.0001444905	-0.00017031836	2.2089075e-05	-0.00021920113	-0.00021921103	4.5147306e-05
-0.21	1	-0.21	0	0	1	0	0	0	1	1	0.0002023972	-0.00022159291	-4.798606e-07	-0.0001863405	0.00016818754	-2.3675716e-08	-5.5720627e-07	-2.2309883e-08	0.00014600956	-0.0001721981	2.2529886e-05	-0.00022159291	-0.00022160292	4.5145665e-05
-0.212	1	-0.212	0	0	1	0	0	0	1	1	0.00020476864	-0.00022399083	-4.7874139e-07	-0.00018803045	0.00016994254	-2.6477044e-08	-5.5724484e-07	-2.5052276e-08	0.00014752901	-0.00017408006	2.2975487e-05	-0.00022399083	-0.00022400095	4.5146107e-05
-0.214	1	-0.214	0	0	1	0	0	0	1	1	0.00020714588	-0.00022639489	-4.776339e-07	-0.00018971941	0.000171698	-2.9278649e-08	-5.5730466e-07	-2.7801243e-08	0.00014904882	-0.00017596423	2.342589e-05	-0.00022639489	-0.00022640511	4.5148365e-05
-0.216	1	-0.216	0	0	1	0	0	0	1	1	0.00020952891	-0.00022880508	-4.765375e-07	-0.00019140737	0.00017345389	-3.2079337e-08	-5.573848e-07	-3.0555702e-08	0.00015056899	-0.0001778506	2.3881107e-05	-0.00022880508	-0.00022881541	4.515219e-05
-0.218	1	-0.218	0	0	1	0	0	0	1	1	0.00021191772	-0.00023122139	-4.7545163e-07	-0.00019309434	0.00017521022	-3.4877969e-08	-5.5748435e-07	-3.3314613e-08	0.00015208951	-0.00017973915	2.4341151e-05	-0.00023122139	-0.00023123183	4.5157345e-05
-0.22	1	-0.22	0	0	1	0	0	0	1	1	0.00021431228	-0.00023364382	-4.7437572e-07	-0.00019478031	0.00017696697	-3.7673455e-08	-5.5760244e-07	-3.607698e-08	0.00015361037	-0.00018162987	2.4806034e-05	-0.00023364382	-0.00023365437	4.5163605e-05
-0.222	1	-0.222	0	0	1	0	0	0	1	1	0.00021671259	-0.00023607236	-4.7330927e-07	-0.00019646527	0.00017872412	-4.046476e-08	-5.5773824e-07	-3.8841849e-08	0.00015513156	-0.00018352276	2.5275769e-05	-0.00023607236	-0.00023608303	4.517076e-05
-0.224	1	-0.224	0	0	1	0	0	0	1	1	0.00021911862	-0.00023850701	-4.7225178e-07	-0.00019814921	0.00018048167	-4.3250897e-08	-5.5789096e-07	-4.1608308e-08	0.00015665308	-0.00018541779	2.5750367e-05	-0.00023850701	-0.00023851779	4.5178609e-05
-0.226	1	-0.226	0	0	1	0	0	0	1	1	0.00022153037	-0.00024094776	-4.7120278e-07	-0.00019983214	0.0001822396	-4.6030928e-08	-5.5805982e-07	-4.4375484e-08	0.00015817491	-0.00018731496	2.622984e-05	-0.00024094776	-0.00024095865	4.5186965e-05
-0.228	1	-0.228	0	0	1	0	0	0	1	1	0.00022394781	-0.00024339461	-4.7016186e-07	-0.00020151404	0.00018399791	-4.8803963e-08	-5.582441e-07	-4.7142543e-08	0.00015969705	-0.00018921426	2.6714201e-05	-0.00024339461	-0.00024340561	4.5195653e-05
-0.23	1	-0.23	0	0	1	0	0	0	1	1	0.00022637094	-0.00024584755	-4.6912859e-07	-0.00020319491	0.00018575658	-5.1569158e-08	-5.5844307e-07	-4.990869e-08	0.00016121948	-0.00019111567	2.7203462e-05	-0.00024584755	-0.00024585867	4.5204509e-05
-0.232	1	-0.232	0	0	1	0	0	0	1	1	0.00022879974	-0.00024830658	-4.6810259e-07	-0.00020487474	0.00018751559	-5.4325713e-08	-5.5865607e-07	-5.2673163e-08	0.00016274221	-0.00019301918	2.7697636e-05	-0.00024830658	-0.0002483178	4.5213377e-05
-0.234	1	-0.234	0	0	1	0	0	0	1	1	0.00023123419	-0.00025077168	-4.6708349e-07	-0.00020655354	0.00018927495	-5.7072872e-08	-5.5888245e-07	-5.5435239e-08	0.00016426522	-0.00019492478	2.8196734e-05	-0.00025077168	-0.00025078302	4.5222115e-05
-0.236	1	-0.236	0	0	1	0	0	0	1	1	0.00023367428	-0.00025324286	-4.6607096e-07	-0.00020823129	0.00019103463	-5.980992e-08	-5.5912158e-07	-5.8194227e-08	0.0001657885	-0.00019683247	2.8700768e-05	-0.00025324286	-0.00025325432	4.5230588e-05
-0.238	1	-0.238	0	0	1	0	0	0	1	1	0.00023611999	-0.00025572011	-4.6506466e-07	-0.00020990798	0.00019279463	-6.2536185e-08	-5.5937285e-07	-6.094947e-08	0.00016731204	-0.00019874222	2.9209751e-05	-0.00025572011	-0.00025573168	4.5238673e-05
-0.24	1	-0.24	0	0	1	0	0	0	1	1	0.00023857132	-0.00025820342	-4.6406429e-07	-0.00021158363	0.00019455493	-6.5251033e-08	-5.5963571e-07	-6.3700342e-08	0.00016883585	-0.00020065403	2.9723695e-05	-0.00025820342	-0.00025821511	4.5246256e-05
-0.242	1	-0.242	0	0	1	0	0	0	1	1	0.00024102824	-0.00026069279	-4.6306956e-07	-0.00021325821	0.00019631553	-6.7953868e-08	-5.5990959e-07	-6.6446248e-08	0.0001703599	-0.00020256789	3.0242611e-05	-0.00026069279	-0.00026070459	4.525323e-05
-0.244	1	-0.244	0	0	1	0	0	0	1	1	0.00024349074	-0.00026318822	-4.6208019e-07	-0.00021493173	0.00019807641	-7.0644131e-08	-5.6019397e-07	-6.9186625e-08	0.0001718842	-0.00020448378	3.0766513e-05	-0.00026318822	-0.00026320013	4.5259498e-05
-0.246	1	-0.246	0	0	1	0	0	0	1	1	0.00024595881	-0.00026568968	-4.6109593e-07	-0.00021660419	0.00019983756	-7.33213e-08	-5.6048833e-07	-7.1920935e-08	0.00017340873	-0.0002064017	3.1295412e-05	-0.00026568968	-0.00026570171	4.5264971e-05
-0.248	1	-0.248	0	0	1	0	0	0	1	1	0.00024843244	-0.00026819719	-4.6011654e-07	-0.00021827556	0.00020159898	-7.5984885e-08	-5.607922e-07	-7.4648671e-08	0.00017493348	-0.00020832163	3.182932e-05	-0.00026819719	-0.00026820934	4.5269568e-05
-0.25	1	-0.25	0	0	1	0	0	0	1	1	0.0002509116	-0.00027071074	-4.5914177e-07	-0.00021994586	0.00020336064	-7.8634431e-08	-5.611051e-07	-7.7369351e-08	0.00017645845	-0.00021024357	3.2368249e-05	-0.00027071074	-0.000270723	4.5273216e-05
-0.252	1	-0.252	0	0	1	0	0	0	1	1	0.00025339629	-0.00027323031	-4.5817142e-07	-0.00022161508	0.00020512255	-8.1269514e-08	-5.6142658e-07	-8.0082519e-08	0.00017798364	-0.00021216749	3.2912212e-05	-0.00027323031	-0.00027324269	4.5275848e-05
-0.254	1	-0.254	0	0	1	0	0	0	1	1	0.0002558865	-0.00027575591	-4.5720527e-07	-0.00022328321	0.00020688469	-8.3889741e-08	-5.6175623e-07	-8.2787745e-08	0.00017950902	-0.0002140934	3.346122e-05	-0.00027575591	-0.0002757684	4.5277406e-05
-0.256	1	-0.256	0	0	1	0	0	0	1	1	0.0002583822	-0.00027828753	-4.5624313e-07	-0.00022495025	0.00020864705	-8.6494749e-08	-5.6209361e-07	-8.5484621e-08	0.0001810346	-0.00021602128	3.4015285e-05	-0.00027828753	-0.00027830013	4.5277837e-05
-0.258	1	-0.258	0	0	1	0	0	0	1	1	0.00026088338	-0.00028082516	-4.5528482e-07	-0.00022661619	0.00021040961	-8.9084203e-08	-5.6243835e-07	-8.8172763e-08	0.00018256037	-0.00021795112	3.457442e-05	-0.00028082516	-0.00028083788	4.5277095e-05
-0.26	1	-0.26	0	0	1	0	0	0	1	1	0.00026339004	-0.0002833688	-4.5433015e-07	-0.00022828103	0.00021217238	-9.1657796e-08	-5.6279006e-07	-9.0851809e-08	0.00018408632	-0.00021988291	3.5138637e-05	-0.0002833688	-0.00028338163	4.5275139e-05
-0.262	1	-0.262	0	0	1	0	0	0	1	1	0.00026590215	-0.00028591844	-4.5337895e-07	-0.00022994477	0.00021393534	-9.4215246e-08	-5.6314837e-07	-9.3521419e-08	0.00018561244	-0.00022181664	3.5707947e-05	-0.00028591844	-0.00028593138	4.5271936e-05
-0.264	1	-0.264	0	0	1	0	0	0	1	1	0.00026841971	-0.00028847408	-4.5243108e-07	-0.0002316074	0.00021569847	-9.6756297e-08	-5.6351294e-07	-9.6181271e-08	0.00018713873	-0.0002237523	3.6282362e-05	-0.00028847408	-0.00028848713	4.5267457e-05
-0.266	1	-0.266	0	0	1	0	0	0	1	1	0.0002709427	-0.0002910357	-4.5148637e-07	-0.00023326892	0.00021746178	-9.9280718e-08	-5.6388345e-07	-9.8831065e-08	0.00018866517	-0.00022568988	3.6861895e-05	-0.0002910357	-0.00029104887	4.5261678e-05
-0.268	1	-0.268	0	0	1	0	0	0	1	1	0.0002734711	-0.00029360331	-4.5054468e-07	-0.00023492932	0.00021922524	-1.017883e-07	-5.6425956e-07	-1.0147052e-07	0.00019019176	-0.00022762937	3.7446558e-05	-0.00029360331	-0.0002936166	4.5254582e-05
-0.27	1	-0.27	0	0	1	0	0	0	1	1	0.00027600491	-0.0002961769	-4.4960587e-07	-0.0002365886	0.00022098886	-1.0427885e-07	-5.6464097e-07	-1.0409937e-07	0.0001917185	-0.00022957076	3.8036362e-05	-0.0002961769	-0.0002961903	4.5246154e-05
-0.272	1	-0.272	0	0	1	0	0	0	1	1	0.00027854411	-0.00029875646	-4.4866981e-07	-0.00023824675	0.00022275261	-1.0675221e-07	-5.6502739e-07	-1.0671737e-07	0.00019324538	-0.00023151403	3.8631319e-05	-0.00029875646	-0.00029876997	4.5236385e-05
-0.274	1	-0.274	0	0	1	0	0	0	1	1	0.00028108868	-0.00030134198	-4.4773638e-07	-0.00023990378	0.0002245165	-1.0920824e-07	-5.6541854e-07	-1.0932428e-07	0.00019477238	-0.00023345919	3.9231442e-05	-0.00030134198	-0.00030135561	4.5225271e-05
-0.276	1	-0.276	0	0	1	0	0	0	1	1	0.00028363862	-0.00030393347	-4.4680544e-07	-0.00024155967	0.00022628051	-1.116468e-07	-5.6581416e-07	-1.119199e-07	0.0001962995	-0.00023540621	3.9836742e-05	-0.00030393347	-0.00030394721	4.5212811e-05
-0.278	1	-0.278	0	0	1	0	0	0	1	1	0.00028619391	-0.00030653091	-4.4587689e-07	-0.00024321443	0.00022804462	-1.1406779e-07	-5.6621398e-07	-1.1450403e-07	0.00019782674	-0.00023735509	4.0447231e-05	-0.00030653091	-0.00030654477	4.5199008e-05
-0.28	1	-0.28	0	0	1	0	0	0	1	1	0.00028875454	-0.0003091343	-4.4495062e-07	-0.00024486805	0.00022980884	-1.1647111e-07	-5.6661776e-07	-1.1707647e-07	0.00019935409	-0.00023930582	4.1062921e-05	-0.0003091343	-0.00030914827	4.5183869e-05
-0.282	1	-0.282	0	0	1	0	0	0	1	1	0.00029132049	-0.00031174363	-4.440265e-07	-0.00024652052	0.00023157315	-1.1885671e-07	-5.6702526e-07	-1.1963707e-07	0.00020088154	-0.00024125839	4.1683824e-05	-0.00031174363	-0.00031175772	4.5167403e-05
-0.284	1	-0.284	0	0	1	0	0	0	1	1	0.00029389175	-0.0003143589	-4.4310445e-07	-0.00024817184	0.00023333754	-1.2122451e-07	-5.6743627e-07	-1.2218565e-07	0.00020240908	-0.00024321279	4.2309951e-05	-0.0003143589	-0.0003143731	4.5149625e-05
-0.286	1	-0.286	0	0	1	0	0	0	1	1	0.00029646831	-0.00031698011	-4.4218435e-07	-0.00024982202	0.00023510201	-1.2357448e-07	-5.6785057e-07	-1.2472208e-07	0.00020393672	-0.00024516901	4.2941316e-05	-0.00031698011	-0.00031699441	4.5130549e-05
-0.288	1	-0.288	0	0	1	0	0	0	1	1	0.00029905015	-0.00031960723	-4.4126611e-07	-0.00025147103	0.00023686654	-1.2590659e-07	-5.6826794e-07	-1.2724623e-07	0.00020546443	-0.00024712704	4.3577929e-05	-0.00031960723	-0.00031962165	4.5110196e-05
-0.29	1	-0.29	0	0	1	0	0	0	1	1	0.00030163727	-0.00032224028	-4.4034964e-07	-0.00025311889	0.00023863113	-1.2822082e-07	-5.6868821e-07	-1.2975797e-07	0.00020699221	-0.00024908687	4.4219803e-05	-0.00032224028	-0.00032225481	4.5088588e-05
-0.292	1	-0.292	0	0	1	0	0	0	1	1	0.00030422965	-0.00032487924	-4.3943484e-07	-0.00025476559	0.00024039576	-1.3051717e-07	-5.6911118e-07	-1.3225719e-07	0.00020852006	-0.00025104849	4.4866948e-05	-0.00032487924	-0.00032489388	4.5065747e-05
-0.294	1	-0.294	0	0	1	0	0	0	1	1	0.00030682727	-0.0003275241	-4.3852163e-07	-0.00025641112	0.00024216043	-1.3279566e-07	-5.6953667e-07	-1.3474379e-07	0.00021004798	-0.00025301189	4.5519378e-05	-0.0003275241	-0.00032753886	4.5041701e-05
-0.296	1	-0.296	0	0	1	0	0	0	1	1	0.00030943013	-0.00033017487	-4.3760991e-07	-0.00025805548	0.00024392513	-1.3505631e-07	-5.6996452e-07	-1.3721768e-07	0.00021157594	-0.00025497707	4.6177104e-05	-0.00033017487	-0.00033018973	4.5016479e-05
-0.298	1	-0.298	0	0	1	0	0	0	1	1	0.0003120382	-0.00033283153	-4.366996e-07	-0.00025969866	0.00024568984	-1.3729916e-07	-5.7039455e-07	-1.3967879e-07	0.00021310396	-0.000256944	4.6840137e-05	-0.00033283153	-0.00033284651	4.4990111e-05
-0.3	1	-0.3	0	0	1	0	0	0	1	1	0.00031465149	-0.00033549408	-4.3579061e-07	-0.00026134067	0.00024745457	-1.3952424e-07	-5.7082663e-07	-1.4212704e-07	0.00021463201	-0.00025891269	4.750849e-05	inf	inf	inf
