lambda	F11	F12	F13	F21	F22	F23	F31	F32	F33	J	P11	P12	P13	P21	P22	P23	P31	P32	P33	p	StrEn	t(1)	t(2)	d
0	1	0	0	0	1	0	0	0	1	1	0	0	0	0	0	0	0	0	0	-0	0	inf	inf	inf
0.002	1.002	0	0	0	1.001	0	0	0	0.99715816	1.0001516	6.3813878e-07	1.7955783e-08	-3.1097667e-08	1.767003e-08	4.8286573e-07	1.793796e-08	-3.2726494e-08	1.7125134e-08	-1.4172644e-09	-3.7319575e-07	8.578679e-10	8.8161383e-07	8.9623278e-07	0.016311554
0.004	1.004	0	0	0	1.002	0	0	0	0.99423625	1.0002096	1.3338227e-06	3.0369618e-08	-5.8727593e-08	2.9673759e-08	1.0450271e-06	3.8594033e-08	-6.1958524e-08	3.757699e-08	-2.6160418e-09	-7.9207793e-07	3.5849311e-09	1.8601855e-06	1.86962e-06	0.0050462542
0.006	1.006	0	0	0	1.003	0	0	0	0.99127264	1.0002119	2.0687376e-06	3.6052831e-08	-8.381037e-08	3.4992439e-08	1.6669002e-06	6.1799742e-08	-8.8510829e-08	6.059496e-08	-3.7315679e-09	-1.2439687e-06	8.3363481e-09	2.9077469e-06	2.9126838e-06	0.001694973
0.008	1.008	0	0	0	1.004	0	0	0	0.98827713	1.0001681	2.8363265e-06	3.8165168e-08	-1.0684108e-07	3.6938598e-08	2.3317186e-06	8.6313199e-08	-1.1269754e-07	8.4759165e-08	-4.7622293e-09	-1.7210943e-06	1.5235666e-08	4.0093511e-06	4.0097966e-06	0.00011110041
0.01	1.01	0	0	0	1.005	0	0	0	0.98525425	1.0000823	3.6287481e-06	3.9025119e-08	-1.2833993e-07	3.7874831e-08	3.0247579e-06	1.1171815e-07	-1.349522e-07	1.0958492e-07	-5.6629325e-09	-2.2159477e-06	2.4375534e-08	5.1497193e-06	5.1467356e-06	-0.00057972666
0.012	1.012	0	0	0	1.006	0	0	0	0.98220801	0.99995847	4.4398853e-06	3.9779901e-08	-1.488509e-07	3.8906658e-08	3.7369283e-06	1.3793206e-07	-1.558248e-07	1.3493967e-07	-6.4393926e-09	-2.7234581e-06	3.5822609e-08	6.3181908e-06	6.3126601e-06	-0.0008761303
0.014	1.014	0	0	0	1.007	0	0	0	0.979141	0.99979892	5.265373e-06	4.0902183e-08	-1.6874815e-07	4.0439458e-08	4.4629878e-06	1.6488783e-07	-1.757223e-07	1.6074209e-07	-7.1223993e-09	-3.2404128e-06	4.9626175e-08	7.5078237e-06	7.5003281e-06	-0.00099937112
0.016	1.016	0	0	0	1.008	0	0	0	0.97605453	0.99960478	6.1021366e-06	4.2555901e-08	-1.8824053e-07	4.2579296e-08	5.1995151e-06	1.9249703e-07	-1.9488552e-07	1.8691265e-07	-7.7386726e-09	-3.7646377e-06	6.5823921e-08	8.7138731e-06	8.7048221e-06	-0.0010397785
0.018	1.018	0	0	0	1.009	0	0	0	0.97294923	0.99937647	6.9479867e-06	4.4770326e-08	-2.0744062e-07	4.5312861e-08	5.9441221e-06	2.2067253e-07	-2.1345474e-07	2.133785e-07	-8.3064655e-09	-4.2946008e-06	8.4445463e-08	9.9329835e-06	9.9226788e-06	-0.0010384963
0.02	1.02	0	0	0	1.01	0	0	0	0.96982533	0.99911406	7.8013367e-06	4.7519e-08	-2.264105e-07	4.8584275e-08	6.6950926e-06	2.4933896e-07	-2.3151601e-07	2.4007565e-07	-8.8378758e-09	-4.8291972e-06	1.0551464e-07	1.1162728e-05	1.1151398e-05	-0.0010160361
0.022	1.022	0	0	0	1.011	0	0	0	0.96668294	0.99881741	8.6610149e-06	5.0755635e-08	-2.4518534e-07	5.232772e-08	7.451169e-06	2.7843357e-07	-2.4912531e-07	2.6694809e-07	-9.3410996e-09	-5.3676143e-06	1.2905105e-07	1.2401319e-05	1.2389138e-05	-0.00098320151
0.024	1.024	0	0	0	1.012	0	0	0	0.96352201	0.9984863	9.5261412e-06	5.4430058e-08	-2.637854e-07	5.6480529e-08	8.2114129e-06	3.0790414e-07	-2.6632094e-07	2.9394616e-07	-9.8218676e-09	-5.9092441e-06	1.5507119e-07	1.3647416e-05	1.363452e-05	-0.00094588296
0.026	1.026	0	0	0	1.013	0	0	0	0.96034248	0.99812044	1.0396044e-05	5.8494844e-08	-2.8222234e-07	6.098767e-08	8.9751133e-06	3.3770647e-07	-2.831301e-07	3.2102518e-07	-1.0284305e-08	-6.4536242e-06	1.8358913e-07	1.4899998e-05	1.4886491e-05	-0.00090735165
0.028	1.028	0	0	0	1.014	0	0	0	0.95714423	0.99771948	1.1270202e-05	6.2907666e-08	-3.0050267e-07	6.5802558e-08	9.7417235e-06	3.6780228e-07	-2.9957264e-07	3.481444e-07	-1.0731455e-08	-7.0003981e-06	2.1461715e-07	1.6158276e-05	1.6144239e-05	-0.00086942566
0.03	1.03	0	0	0	1.015	0	0	0	0.95392709	0.99728308	1.2148209e-05	6.7631733e-08	-3.1862982e-07	7.0886417e-08	1.0510818e-05	3.9815762e-07	-3.1566333e-07	3.7526628e-07	-1.1165601e-08	-7.5492873e-06	2.4816609e-07	1.7421632e-05	1.740713e-05	-0.00083309221
0.032	1.032	0	0	0	1.016	0	0	0	0.95069092	0.99681083	1.3029742e-05	7.2635434e-08	-3.3660523e-07	7.6207181e-08	1.1282063e-05	4.2874176e-07	-3.3141333e-07	4.0235591e-07	-1.1588481e-08	-8.1000722e-06	2.8424567e-07	1.868958e-05	1.8674662e-05	-0.00079885316
0.034	1.034	0	0	0	1.017	0	0	0	0.94743552	0.99630235	1.3914542e-05	7.7891699e-08	-3.5442916e-07	8.1738342e-08	1.2055193e-05	4.5952632e-07	-3.4683109e-07	4.2938063e-07	-1.2001431e-08	-8.6525776e-06	3.2286474e-07	1.9961731e-05	1.9946434e-05	-0.00076692335
0.036	1.036	0	0	0	1.018	0	0	0	0.9441607	0.9957572	1.4802401e-05	8.3377325e-08	-3.7210104e-07	8.7457921e-08	1.2829994e-05	4.9048476e-07	-3.6192305e-07	4.5630975e-07	-1.240548e-08	-9.2066633e-06	3.6403141e-07	2.1237772e-05	2.1222124e-05	-0.0007373476
0.038	1.038	0	0	0	1.019	0	0	0	0.94086627	0.99517495	1.5693151e-05	8.9072331e-08	-3.8961984e-07	9.3347586e-08	1.3606297e-05	5.2159193e-07	-3.7669407e-07	4.831143e-07	-1.2801421e-08	-9.7622157e-06	4.0775323e-07	2.251745e-05	2.2501472e-05	-0.00071007118
0.04	1.04	0	0	0	1.02	0	0	0	0.93755201	0.99455517	1.6586655e-05	9.4959417e-08	-4.0698414e-07	9.9391929e-08	1.4383964e-05	5.5282382e-07	-3.9114779e-07	5.0976685e-07	-1.3189863e-08	-1.0319143e-05	4.540373e-07	2.380056e-05	2.3784268e-05	-0.0006849829
0.042	1.042	0	0	0	1.021	0	0	0	0.9342177	0.9938974	1.74828e-05	1.0102349e-07	-4.2419235e-07	1.0557789e-07	1.5162883e-05	5.8415731e-07	-4.0528692e-07	5.362414e-07	-1.3571272e-08	-1.087737e-05	5.0289031e-07	2.5086935e-05	2.507034e-05	-0.00066194179
0.044	1.044	0	0	0	1.022	0	0	0	0.93086312	0.99320116	1.8381495e-05	1.0725128e-07	-4.4124267e-07	1.1189428e-07	1.5942963e-05	6.1557011e-07	-4.1911336e-07	5.6251324e-07	-1.3945992e-08	-1.1436837e-05	5.5431866e-07	2.637644e-05	2.6359549e-05	-0.00064079363
0.046	1.046	0	0	0	1.023	0	0	0	0.92748803	0.99246599	1.9282666e-05	1.1363104e-07	-4.5813324e-07	1.1833143e-07	1.6724133e-05	6.4704058e-07	-4.3262844e-07	5.8855888e-07	-1.4314275e-08	-1.1997495e-05	6.083285e-07	2.7668962e-05	2.765178e-05	-0.00062138107
0.048	1.048	0	0	0	1.024	0	0	0	0.92409219	0.99169139	2.0186251e-05	1.2015224e-07	-4.7486205e-07	1.2488086e-07	1.7506332e-05	6.7854767e-07	-4.45833e-07	6.1435593e-07	-1.4676295e-08	-1.2559302e-05	6.6492578e-07	2.8964413e-05	2.8946942e-05	-0.00060354989
0.05	1.05	0	0	0	1.025	0	0	0	0.92067537	0.99087686	2.1092202e-05	1.2680542e-07	-4.9142708e-07	1.3153507e-07	1.8289516e-05	7.1007091e-07	-4.5872747e-07	6.3988305e-07	-1.5032165e-08	-1.3122229e-05	7.2411627e-07	3.0262721e-05	3.0244962e-05	-0.0005871526
0.052	1.052	0	0	0	1.026	0	0	0	0.9172373	0.99002191	2.200048e-05	1.3358196e-07	-5.0782621e-07	1.3828737e-07	1.9073647e-05	7.4159032e-07	-4.71312e-07	6.6511992e-07	-1.5381941e-08	-1.3686248e-05	7.8590563e-07	3.1563828e-05	3.1545782e-05	-0.00057205043
0.054	1.054	0	0	0	1.027	0	0	0	0.91377772	0.989126	2.2911055e-05	1.4047398e-07	-5.2405728e-07	1.4513165e-07	1.9858697e-05	7.730864e-07	-4.8358652e-07	6.9004714e-07	-1.572564e-08	-1.4251342e-05	8.502994e-07	3.2867691e-05	3.2849357e-05	-0.00055811429
0.056	1.056	0	0	0	1.028	0	0	0	0.91029638	0.98818862	2.3823904e-05	1.4747417e-07	-5.4011811e-07	1.5206234e-07	2.0644647e-05	8.0454013e-07	-4.9555075e-07	7.146462e-07	-1.6063241e-08	-1.4817496e-05	9.1730306e-07	3.4174276e-05	3.4155654e-05	-0.00054522507
0.058	1.058	0	0	0	1.029	0	0	0	0.90679299	0.98720921	2.473901e-05	1.5457576e-07	-5.5600644e-07	1.5907428e-07	2.1431481e-05	8.3593291e-07	-5.0720431e-07	7.3889944e-07	-1.6394693e-08	-1.5384699e-05	9.8692201e-07	3.548356e-05	3.5464648e-05	-0.00053327346
0.06	1.06	0	0	0	1.03	0	0	0	0.90326729	0.98618722	2.5656362e-05	1.6177239e-07	-5.7172003e-07	1.6616263e-07	2.2219192e-05	8.6724658e-07	-5.1854671e-07	7.6279005e-07	-1.6719921e-08	-1.5952945e-05	1.0591616e-06	3.6795527e-05	3.6776324e-05	-0.00052215961
0.062	1.062	0	0	0	1.031	0	0	0	0.89971898	0.9851221	2.6575956e-05	1.6905806e-07	-5.8725659e-07	1.7332282e-07	2.3007775e-05	8.9846342e-07	-5.2957744e-07	7.8630198e-07	-1.7038828e-08	-1.6522231e-05	1.1340273e-06	3.811017e-05	3.8090676e-05	-0.0005117926
0.064	1.064	0	0	0	1.032	0	0	0	0.89614777	0.98401327	2.7497789e-05	1.7642706e-07	-6.026138e-07	1.8055048e-07	2.3797232e-05	9.2956612e-07	-5.4029594e-07	8.0941994e-07	-1.7351299e-08	-1.7092557e-05	1.2115244e-06	3.9427489e-05	3.9407702e-05	-0.00050208982
0.066	1.066	0	0	0	1.033	0	0	0	0.89255337	0.98286014	2.8421866e-05	1.8387395e-07	-6.1778936e-07	1.8784141e-07	2.4587568e-05	9.6053779e-07	-5.5070167e-07	8.3212938e-07	-1.7657206e-08	-1.7663926e-05	1.2916581e-06	4.0747487e-05	4.072741e-05	-0.00049297636
0.068	1.068	0	0	0	1.034	0	0	0	0.88893547	0.98166211	2.9348193e-05	1.9139349e-07	-6.3278095e-07	1.9519156e-07	2.537879e-05	9.9136196e-07	-5.6079412e-07	8.5441648e-07	-1.7956409e-08	-1.8236342e-05	1.374434e-06	4.2070177e-05	4.2049809e-05	-0.00048438437
0.07	1.07	0	0	0	1.035	0	0	0	0.88529376	0.98041857	3.027678e-05	1.9898064e-07	-6.4758627e-07	2.0259695e-07	2.6170911e-05	1.0220226e-06	-5.7057282e-07	8.7626809e-07	-1.8248754e-08	-1.8809814e-05	1.4598574e-06	4.3395575e-05	4.3374917e-05	-0.00047625246
0.072	1.072	0	0	0	1.036	0	0	0	0.88162791	0.9791289	3.1207643e-05	2.066305e-07	-6.6220303e-07	2.1005372e-07	2.6963946e-05	1.052504e-06	-5.8003739e-07	8.9767177e-07	-1.8534085e-08	-1.9384352e-05	1.5479337e-06	4.4723701e-05	4.4702756e-05	-0.00046852513
0.074	1.074	0	0	0	1.037	0	0	0	0.87793759	0.97779246	3.2140797e-05	2.1433828e-07	-6.7662895e-07	2.1755802e-07	2.7757912e-05	1.082791e-06	-5.8918752e-07	9.186157e-07	-1.8812234e-08	-1.9959965e-05	1.6386684e-06	4.6054581e-05	4.6033352e-05	-0.00046115219
0.076	1.076	0	0	0	1.038	0	0	0	0.87422248	0.9764086	3.3076263e-05	2.2209933e-07	-6.9086182e-07	2.2510607e-07	2.855283e-05	1.1128689e-06	-5.9802297e-07	9.3908875e-07	-1.9083029e-08	-2.053667e-05	1.7320671e-06	4.7388245e-05	4.7366737e-05	-0.00045408834
0.078	1.078	0	0	0	1.039	0	0	0	0.87048223	0.97497666	3.4014064e-05	2.2990905e-07	-7.0489944e-07	2.3269411e-07	2.9348723e-05	1.1427232e-06	-6.0654366e-07	9.5908041e-07	-1.9346294e-08	-2.111448e-05	1.8281353e-06	4.8724729e-05	4.8702944e-05	-0.00044729263
0.08	1.08	0	0	0	1.04	0	0	0	0.86671648	0.97349595	3.4954226e-05	2.3776294e-07	-7.1873967e-07	2.4031841e-07	3.0145617e-05	1.1723401e-06	-6.1474959e-07	9.785808e-07	-1.9601849e-08	-2.1693414e-05	1.9268788e-06	5.0064069e-05	5.0042014e-05	-0.00044072807
0.082	1.082	0	0	0	1.041	0	0	0	0.86292488	0.97196579	3.5896778e-05	2.4565654e-07	-7.3238045e-07	2.4797521e-07	3.094354e-05	1.201706e-06	-6.226409e-07	9.9758065e-07	-1.9849513e-08	-2.227349e-05	2.0283034e-06	5.1406309e-05	5.138399e-05	-0.00043436126
0.084	1.084	0	0	0	1.042	0	0	0	0.85910705	0.97038547	3.6841751e-05	2.5358546e-07	-7.4581977e-07	2.5566079e-07	3.1742524e-05	1.2308079e-06	-6.3021786e-07	1.0160713e-06	-2.0089102e-08	-2.2854729e-05	2.1324148e-06	5.2751495e-05	5.2728918e-05	-0.000428162
0.086	1.086	0	0	0	1.043	0	0	0	0.85526261	0.96875425	3.7789179e-05	2.615453e-07	-7.5905571e-07	2.633714e-07	3.2542601e-05	1.2596333e-06	-6.3748088e-07	1.0340447e-06	-2.0320428e-08	-2.3437153e-05	2.2392191e-06	5.4099677e-05	5.4076851e-05	-0.00042210302
0.088	1.088	0	0	0	1.044	0	0	0	0.85139119	0.96707141	3.8739101e-05	2.6953174e-07	-7.7208642e-07	2.7110326e-07	3.3343806e-05	1.2881699e-06	-6.4443053e-07	1.0514934e-06	-2.0543307e-08	-2.4020788e-05	2.3487222e-06	5.545091e-05	5.5427844e-05	-0.00041615965
0.09	1.09	0	0	0	1.045	0	0	0	0.84749238	0.96533619	3.9691554e-05	2.7754043e-07	-7.8491018e-07	2.788526e-07	3.4146179e-05	1.3164061e-06	-6.5106751e-07	1.0684104e-06	-2.0757552e-08	-2.4605659e-05	2.4609304e-06	5.6805253e-05	5.6781955e-05	-0.00041030959
0.092	1.092	0	0	0	1.046	0	0	0	0.84356576	0.96354781	4.0646583e-05	2.8556707e-07	-7.9752535e-07	2.8661562e-07	3.494976e-05	1.3443306e-06	-6.5739269e-07	1.0847895e-06	-2.0962977e-08	-2.5191793e-05	2.57585e-06	5.8162767e-05	5.8139248e-05	-0.00040453266
0.094	1.094	0	0	0	1.047	0	0	0	0.83961094	0.96170548	4.1604232e-05	2.9360733e-07	-8.099304e-07	2.9438847e-07	3.5754591e-05	1.3719327e-06	-6.6340707e-07	1.1006248e-06	-2.1159397e-08	-2.5779221e-05	2.6934874e-06	5.9523519e-05	5.949979e-05	-0.00039881058
0.096	1.096	0	0	0	1.048	0	0	0	0.83562748	0.9598084	4.2564549e-05	3.016569e-07	-8.2212392e-07	3.021673e-07	3.6560718e-05	1.399202e-06	-6.6911184e-07	1.1159113e-06	-2.1346626e-08	-2.6367974e-05	2.8138492e-06	6.088758e-05	6.0863653e-05	-0.00039312681
0.098	1.098	0	0	0	1.049	0	0	0	0.83161493	0.95785574	4.3527587e-05	3.0971145e-07	-8.3410464e-07	3.0994821e-07	3.736819e-05	1.4261288e-06	-6.7450833e-07	1.1306442e-06	-2.1524481e-08	-2.6958084e-05	2.936942e-06	6.2255025e-05	6.2230913e-05	-0.00038746632
0.1	1.1	0	0	0	1.05	0	0	0	0.82757286	0.95584665	4.44934e-05	3.1776665e-07	-8.4587141e-07	3.1772726e-07	3.8177057e-05	1.4527037e-06	-6.7959803e-07	1.1448194e-06	-2.1692781e-08	-2.7549588e-05	3.0627728e-06	6.3625934e-05	6.3601649e-05	-0.00038181551
0.102	1.102	0	0	0	1.051	0	0	0	0.8235008	0.95378027	4.5462046e-05	3.2581815e-07	-8.5742322e-07	3.2550049e-07	3.8987374e-05	1.4789178e-06	-6.8438259e-07	1.1584334e-06	-2.1851346e-08	-2.8142523e-05	3.1913486e-06	6.5000389e-05	6.4975948e-05	-0.000376162
0.104	1.104	0	0	0	1.052	0	0	0	0.81939827	0.95165571	4.6433585e-05	3.3386156e-07	-8.6875919e-07	3.3326388e-07	3.9799196e-05	1.5047627e-06	-6.8886381e-07	1.1714831e-06	-2.1999997e-08	-2.8736927e-05	3.3226766e-06	6.6378481e-05	6.6353897e-05	-0.00037049454
0.106	1.106	0	0	0	1.053	0	0	0	0.8152648	0.94947206	4.7408082e-05	3.4189249e-07	-8.7987862e-07	3.4101338e-07	4.0612583e-05	1.5302305e-06	-6.9304366e-07	1.1839659e-06	-2.2138559e-08	-2.9332842e-05	3.4567642e-06	6.7760302e-05	6.7735592e-05	-0.00036480287
0.108	1.108	0	0	0	1.054	0	0	0	0.81109988	0.9472284	4.8385605e-05	3.4990651e-07	-8.9078092e-07	3.487449e-07	4.1427599e-05	1.5553139e-06	-6.9692425e-07	1.1958798e-06	-2.2266858e-08	-2.9930312e-05	3.593619e-06	6.9145952e-05	6.9121132e-05	-0.00035907767
0.11	1.11	0	0	0	1.055	0	0	0	0.80690301	0.94492377	4.9366227e-05	3.5789914e-07	-9.0146568e-07	3.5645427e-07	4.2244308e-05	1.5800058e-06	-7.0050785e-07	1.2072233e-06	-2.2384724e-08	-3.0529383e-05	3.7332487e-06	7.0535535e-05	7.0510623e-05	-0.00035331038
0.112	1.112	0	0	0	1.056	0	0	0	0.80267366	0.94255721	5.0350022e-05	3.6586589e-07	-9.1193266e-07	3.6413731e-07	4.3062781e-05	1.6042998e-06	-7.0379687e-07	1.2179954e-06	-2.2491988e-08	-3.1130104e-05	3.8756615e-06	7.1929161e-05	7.1904175e-05	-0.0003474932
0.114	1.114	0	0	0	1.057	0	0	0	0.7984113	0.94012771	5.1337071e-05	3.738022e-07	-9.2218176e-07	3.7178976e-07	4.388309e-05	1.6281901e-06	-7.0679388e-07	1.2281954e-06	-2.2588485e-08	-3.1732524e-05	4.0208654e-06	7.3326946e-05	7.3301904e-05	-0.00034161895
0.116	1.116	0	0	0	1.058	0	0	0	0.79411537	0.93763425	5.2327458e-05	3.8170349e-07	-9.3221307e-07	3.7940732e-07	4.4705313e-05	1.6516711e-06	-7.0950156e-07	1.2378233e-06	-2.2674053e-08	-3.2336699e-05	4.1688691e-06	7.4729011e-05	7.4703934e-05	-0.00033568104
0.118	1.118	0	0	0	1.059	0	0	0	0.78978531	0.9350758	5.3321272e-05	3.8956511e-07	-9.4202681e-07	3.8698563e-07	4.5529529e-05	1.674738e-06	-7.1192276e-07	1.2468794e-06	-2.2748533e-08	-3.2942684e-05	4.3196812e-06	7.6135485e-05	7.6110393e-05	-0.00032967339
0.12	1.12	0	0	0	1.06	0	0	0	0.78542054	0.93245126	5.4318606e-05	3.9738235e-07	-9.5162342e-07	3.9452024e-07	4.6355824e-05	1.6973863e-06	-7.1406046e-07	1.2553645e-06	-2.2811769e-08	-3.355054e-05	4.4733107e-06	7.7546504e-05	7.7521419e-05	-0.00032359038
0.122	1.122	0	0	0	1.061	0	0	0	0.78102046	0.92975955	5.531956e-05	4.0515046e-07	-9.6100347e-07	4.0200667e-07	4.7184287e-05	1.719612e-06	-7.1591775e-07	1.26328e-06	-2.2863609e-08	-3.4160328e-05	4.6297669e-06	7.896221e-05	7.8937153e-05	-0.00031742679
0.124	1.124	0	0	0	1.062	0	0	0	0.77658445	0.92699954	5.6324238e-05	4.1286459e-07	-9.7016773e-07	4.0944035e-07	4.8015012e-05	1.7414117e-06	-7.1749785e-07	1.2706274e-06	-2.2903905e-08	-3.4772115e-05	4.7890593e-06	8.0382754e-05	8.0357749e-05	-0.00031117776
0.126	1.126	0	0	0	1.063	0	0	0	0.7721119	0.92417008	5.7332749e-05	4.2051985e-07	-9.7911713e-07	4.1681664e-07	4.8848098e-05	1.7627824e-06	-7.188041e-07	1.2774089e-06	-2.293251e-08	-3.5385971e-05	4.9511979e-06	8.1808294e-05	8.1783364e-05	-0.00030483875
0.128	1.128	0	0	0	1.064	0	0	0	0.76760216	0.92126997	5.8345209e-05	4.2811125e-07	-9.8785279e-07	4.2413081e-07	4.9683648e-05	1.7837218e-06	-7.1983998e-07	1.2836269e-06	-2.2949285e-08	-3.6001969e-05	5.1161927e-06	8.3238998e-05	8.3214166e-05	-0.00029840548
0.13	1.13	0	0	0	1.065	0	0	0	0.76305455	0.918298	5.936174e-05	4.3563373e-07	-9.9637599e-07	4.3137804e-07	5.0521774e-05	1.8042278e-06	-7.2060903e-07	1.2892843e-06	-2.2954091e-08	-3.6620187e-05	5.2840545e-06	8.4675041e-05	8.4650334e-05	-0.00029187395
0.132	1.132	0	0	0	1.066	0	0	0	0.75846841	0.91525294	6.0382472e-05	4.4308212e-07	-1.0046882e-06	4.3855342e-07	5.1362589e-05	1.824299e-06	-7.2111493e-07	1.2943844e-06	-2.2946796e-08	-3.7240705e-05	5.4547941e-06	8.6116611e-05	8.6092054e-05	-0.00028524032
0.134	1.134	0	0	0	1.067	0	0	0	0.75384304	0.91213349	6.1407541e-05	4.5045116e-07	-1.0127911e-06	4.4565196e-07	5.2206217e-05	1.8439344e-06	-7.2136145e-07	1.2989308e-06	-2.2927269e-08	-3.786361e-05	5.6284227e-06	8.7563902e-05	8.7539522e-05	-0.00027850098
0.136	1.136	0	0	0	1.068	0	0	0	0.74917771	0.90893835	6.243709e-05	4.5773548e-07	-1.0206864e-06	4.5266852e-07	5.3052785e-05	1.8631335e-06	-7.2135245e-07	1.3029276e-06	-2.2895387e-08	-3.8488993e-05	5.8049522e-06	8.9017123e-05	8.8992948e-05	-0.00027165245
0.138	1.138	0	0	0	1.069	0	0	0	0.74447169	0.90566618	6.3471272e-05	4.6492958e-07	-1.0283763e-06	4.5959788e-07	5.3902429e-05	1.8818964e-06	-7.2109188e-07	1.3063789e-06	-2.285103e-08	-3.911695e-05	5.9843945e-06	9.0476492e-05	9.045255e-05	-0.0002646914
0.14	1.14	0	0	0	1.07	0	0	0	0.73972422	0.9023156	6.4510248e-05	4.7202783e-07	-1.0358627e-06	4.6643466e-07	5.4755293e-05	1.9002236e-06	-7.2058376e-07	1.3092896e-06	-2.279408e-08	-3.9747582e-05	6.1667624e-06	9.1942242e-05	9.1918563e-05	-0.00025761459
0.142	1.142	0	0	0	1.071	0	0	0	0.73493452	0.89888519	6.5554188e-05	4.7902448e-07	-1.0431482e-06	4.7317336e-07	5.5611527e-05	1.918116e-06	-7.1983221e-07	1.3116645e-06	-2.2724428e-08	-4.0380997e-05	6.3520688e-06	9.3414617e-05	9.339123e-05	-0.00025041889
0.144	1.144	0	0	0	1.072	0	0	0	0.73010181	0.89537349	6.6603271e-05	4.8591361e-07	-1.0502353e-06	4.7980833e-07	5.6471292e-05	1.9355752e-06	-7.188414e-07	1.3135089e-06	-2.2641968e-08	-4.1017307e-05	6.5403273e-06	9.4893876e-05	9.4870813e-05	-0.00024310125
0.146	1.146	0	0	0	1.073	0	0	0	0.72522525	0.89177903	6.765769e-05	4.9268913e-07	-1.0571266e-06	4.8633374e-07	5.7334756e-05	1.9526031e-06	-7.1761558e-07	1.3148284e-06	-2.2546598e-08	-4.1656633e-05	6.731552e-06	9.6380294e-05	9.6357587e-05	-0.00023565869
0.148	1.148	0	0	0	1.074	0	0	0	0.72030401	0.88810027	6.8717645e-05	4.9934478e-07	-1.063825e-06	4.9274361e-07	5.8202099e-05	1.9692022e-06	-7.1615906e-07	1.3156288e-06	-2.2438224e-08	-4.2299102e-05	6.9257576e-06	9.7874162e-05	9.7851843e-05	-0.00022808826
0.15	1.15	0	0	0	1.075	0	0	0	0.71533723	0.88433565	6.9783352e-05	5.0587409e-07	-1.0703336e-06	4.9903175e-07	5.9073511e-05	1.9853754e-06	-7.1447619e-07	1.3159162e-06	-2.2316756e-08	-4.2944849e-05	7.1229594e-06	9.9375788e-05	9.9353891e-05	-0.00022038706
0.152	1.152	0	0	0	1.076	0	0	0	0.71032402	0.88048356	7.0855038e-05	5.122704e-07	-1.0766558e-06	5.0519175e-07	5.9949192e-05	2.0011261e-06	-7.1257139e-07	1.315697e-06	-2.2182111e-08	-4.3594016e-05	7.3231732e-06	0.0001008855	0.00010086406	-0.00021255223
0.154	1.154	0	0	0	1.077	0	0	0	0.70526348	0.87654235	7.1932944e-05	5.1852678e-07	-1.0827948e-06	5.1121701e-07	6.0829357e-05	2.0164583e-06	-7.1044912e-07	1.3149778e-06	-2.203421e-08	-4.4246756e-05	7.5264156e-06	0.00010240364	0.0001023827	-0.00020458093
0.156	1.156	0	0	0	1.078	0	0	0	0.70015466	0.87251034	7.3017328e-05	5.2463609e-07	-1.0887543e-06	5.1710065e-07	6.1714231e-05	2.0313761e-06	-7.0811388e-07	1.3137653e-06	-2.1872984e-08	-4.4903228e-05	7.732704e-06	0.00010393058	0.00010391017	-0.00019647036
0.158	1.158	0	0	0	1.079	0	0	0	0.69499663	0.86838578	7.4108462e-05	5.3059088e-07	-1.0945381e-06	5.2283553e-07	6.2604055e-05	2.0458847e-06	-7.0557022e-07	1.3120666e-06	-2.1698368e-08	-4.5563606e-05	7.9420563e-06	0.00010546672	0.00010544687	-0.0001882177
0.16	1.16	0	0	0	1.08	0	0	0	0.68978841	0.86416692	7.5206636e-05	5.3638342e-07	-1.1001502e-06	5.2841423e-07	6.3499085e-05	2.0599891e-06	-7.0282271e-07	1.3098888e-06	-2.1510306e-08	-4.622807e-05	8.1544915e-06	0.00010701247	0.00010699323	-0.0001798202
0.162	1.162	0	0	0	1.081	0	0	0	0.68452899	0.85985193	7.6312161e-05	5.4200565e-07	-1.1055946e-06	5.3382901e-07	6.4399594e-05	2.0736953e-06	-6.9987596e-07	1.3072396e-06	-2.130875e-08	-4.6896816e-05	8.3700292e-06	0.00010856827	0.00010854968	-0.00017127511
0.164	1.164	0	0	0	1.082	0	0	0	0.67921737	0.85543895	7.7425366e-05	5.4744916e-07	-1.1108759e-06	5.3907177e-07	6.5305871e-05	2.0870095e-06	-6.967346e-07	1.3041263e-06	-2.1093659e-08	-4.7570048e-05	8.5886902e-06	0.0001101346	0.0001101167	-0.00016257972
0.166	1.166	0	0	0	1.083	0	0	0	0.67385248	0.85092609	7.8546602e-05	5.5270514e-07	-1.1159985e-06	5.4413405e-07	6.6218226e-05	2.0999384e-06	-6.9340329e-07	1.3005567e-06	-2.0865005e-08	-4.8247988e-05	8.810496e-06	0.00011171197	0.0001116948	-0.00015373136
0.168	1.168	0	0	0	1.084	0	0	0	0.66843328	0.8463114	7.9676246e-05	5.5776438e-07	-1.120967e-06	5.4900699e-07	6.7136988e-05	2.1124894e-06	-6.8988671e-07	1.2965388e-06	-2.0622765e-08	-4.893087e-05	9.0354694e-06	0.0001133009	0.00011328451	-0.00014472744
0.17	1.17	0	0	0	1.085	0	0	0	0.66295868	0.8415929	8.0814697e-05	5.6261722e-07	-1.1257865e-06	5.5368126e-07	6.8062508e-05	2.12467e-06	-6.8618957e-07	1.2920805e-06	-2.036693e-08	-4.9618946e-05	9.2636341e-06	0.00011490199	0.00011488641	-0.00013556543
0.172	1.172	0	0	0	1.086	0	0	0	0.65742758	0.83676856	8.1962384e-05	5.6725348e-07	-1.1304621e-06	5.5814708e-07	6.8995165e-05	2.1364885e-06	-6.8231658e-07	1.2871901e-06	-2.0097501e-08	-5.0312484e-05	9.4950151e-06	0.00011651584	0.00011650113	-0.00012624291
0.174	1.174	0	0	0	1.087	0	0	0	0.65183884	0.83183632	8.3119767e-05	5.7166246e-07	-1.1349991e-06	5.6239412e-07	6.9935359e-05	2.1479536e-06	-6.7827247e-07	1.2818758e-06	-1.9814493e-08	-5.1011771e-05	9.7296386e-06	0.00011814311	0.00011812931	-0.00011675762
0.176	1.176	0	0	0	1.088	0	0	0	0.64619135	0.82679408	8.4287337e-05	5.7583289e-07	-1.1394029e-06	5.6641151e-07	7.0883521e-05	2.1590744e-06	-6.74062e-07	1.2761459e-06	-1.9517934e-08	-5.1717113e-05	9.9675323e-06	0.0001197845	0.00011977167	-0.00010710744
0.178	1.178	0	0	0	1.089	0	0	0	0.64048395	0.82163971	8.546562e-05	5.7975283e-07	-1.1436794e-06	5.7018773e-07	7.1840112e-05	2.1698605e-06	-6.6968993e-07	1.2700091e-06	-1.9207867e-08	-5.2428841e-05	1.0208725e-05	0.00012144078	0.00012142897	-9.7290514e-05
0.18	1.18	0	0	0	1.09	0	0	0	0.63471547	0.81637104	8.665518e-05	5.8340968e-07	-1.1478345e-06	5.7371062e-07	7.2805628e-05	2.180322e-06	-6.6516105e-07	1.2634738e-06	-1.8884353e-08	-5.3147308e-05	1.0453248e-05	0.00012311275	0.00012310201	-8.7305259e-05
0.182	1.182	0	0	0	1.091	0	0	0	0.62888477	0.8109859	8.7856625e-05	5.8679009e-07	-1.1518743e-06	5.7696727e-07	7.3780599e-05	2.1904697e-06	-6.6048013e-07	1.2565487e-06	-1.854747e-08	-5.3872892e-05	1.0701133e-05	0.00012480129	0.00012479166	-7.7150451e-05
0.184	1.184	0	0	0	1.092	0	0	0	0.62299066	0.80548207	8.9070604e-05	5.8987989e-07	-1.1558052e-06	5.7994399e-07	7.4765594e-05	2.2003145e-06	-6.55652e-07	1.2492426e-06	-1.8197317e-08	-5.4606e-05	1.0952415e-05	0.00012650732	0.00012649887	-6.682531e-05
0.186	1.186	0	0	0	1.093	0	0	0	0.61703199	0.79985733	9.029782e-05	5.9266406e-07	-1.1596339e-06	5.8262625e-07	7.5761226e-05	2.209868e-06	-6.5068148e-07	1.2415642e-06	-1.7834015e-08	-5.5347071e-05	1.1207129e-05	0.00012823186	0.00012822464	-5.6329603e-05
0.188	1.188	0	0	0	1.094	0	0	0	0.6110076	0.79410946	9.1539025e-05	5.9512659e-07	-1.1633672e-06	5.8499857e-07	7.6768154e-05	2.2191423e-06	-6.4557341e-07	1.2335224e-06	-1.7457709e-08	-5.6096574e-05	1.1465313e-05	0.00012997598	0.00012997004	-4.5663763e-05
0.19	1.19	0	0	0	1.095	0	0	0	0.60491635	0.78823625	9.279503e-05	5.9725048e-07	-1.167012e-06	5.870445e-07	7.7787087e-05	2.2281498e-06	-6.4033264e-07	1.225126e-06	-1.7068575e-08	-5.6855016e-05	1.1727009e-05	0.00013174085	0.00013173626	-3.4829033e-05
0.192	1.192	0	0	0	1.096	0	0	0	0.59875714	0.78223549	9.4066709e-05	5.9901761e-07	-1.1705758e-06	5.8874649e-07	7.881879e-05	2.2369037e-06	-6.3496406e-07	1.2163841e-06	-1.6666816e-08	-5.7622944e-05	1.1992258e-05	0.00013352772	0.00013352454	-2.3827633e-05
0.194	1.194	0	0	0	1.097	0	0	0	0.59252889	0.776105	9.5355005e-05	6.0040867e-07	-1.174066e-06	5.9008585e-07	7.9864084e-05	2.2454172e-06	-6.2947257e-07	1.2073055e-06	-1.625267e-08	-5.8400945e-05	1.2261107e-05	0.00013533794	0.00013533623	-1.266296e-05
0.196	1.196	0	0	0	1.098	0	0	0	0.58623057	0.76984268	9.6660933e-05	6.0140308e-07	-1.1774903e-06	5.9104265e-07	8.0923858e-05	2.2537042e-06	-6.2386308e-07	1.1978992e-06	-1.5826412e-08	-5.9189655e-05	1.2533603e-05	0.00013717298	0.0001371728	-1.3398198e-06
0.198	1.198	0	0	0	1.099	0	0	0	0.57986123	0.76344645	9.7985591e-05	6.0197889e-07	-1.1808566e-06	5.9159562e-07	8.1999069e-05	2.261779e-06	-6.1814054e-07	1.1881743e-06	-1.5388362e-08	-5.9989757e-05	1.2809798e-05	0.00013903441	0.00013903582	1.0135308e-05
0.2	1.2	0	0	0	1.1	0	0	0	0.57341997	0.75691436	9.9330161e-05	6.0211269e-07	-1.184173e-06	5.9172208e-07	8.309075e-05	2.2696561e-06	-6.1230991e-07	1.1781397e-06	-1.4938883e-08	-6.0801991e-05	1.3089747e-05	0.00014092392	0.00014092699	2.1753953e-05
0.202	1.202	0	0	0	1.101	0	0	0	0.56690601	0.75024455	0.00010069592	6.0177952e-07	-1.1874477e-06	5.9139785e-07	8.4200017e-05	2.2773503e-06	-6.0637619e-07	1.1678045e-06	-1.4478391e-08	-6.1627154e-05	1.3373506e-05	0.00014284335	0.00014284814	3.3505299e-05
0.204	1.204	0	0	0	1.102	0	0	0	0.56031868	0.74343531	0.00010208426	6.009528e-07	-1.1906891e-06	5.9059715e-07	8.5328074e-05	2.2848769e-06	-6.0034437e-07	1.1571777e-06	-1.4007358e-08	-6.2466107e-05	1.3661139e-05	0.00014479469	0.00014480126	4.5375773e-05
0.206	1.206	0	0	0	1.103	0	0	0	0.55365745	0.73648511	0.00010349665	5.9960421e-07	-1.1939055e-06	5.8929257e-07	8.647622e-05	2.292251e-06	-5.9421948e-07	1.1462683e-06	-1.3526321e-08	-6.3319781e-05	1.3952711e-05	0.00014678006	0.00014678848	5.7348583e-05
0.208	1.208	0	0	0	1.104	0	0	0	0.54692197	0.72939264	0.00010493471	5.9770366e-07	-1.1971053e-06	5.8745495e-07	8.7645858e-05	2.299488e-06	-5.8800655e-07	1.1350852e-06	-1.3035886e-08	-6.4189178e-05	1.4248293e-05	0.00014880178	0.00014881211	6.9403198e-05
0.21	1.21	0	0	0	1.105	0	0	0	0.54011207	0.72215685	0.00010640018	5.9521924e-07	-1.2002968e-06	5.8505336e-07	8.88385e-05	2.3066031e-06	-5.8171059e-07	1.1236374e-06	-1.2536734e-08	-6.507538e-05	1.454796e-05	0.00015086235	0.00015087465	8.1514779e-05
0.212	1.212	0	0	0	1.106	0	0	0	0.53322785	0.714777	0.00010789492	5.9211714e-07	-1.203488e-06	5.8205507e-07	9.0055777e-05	2.3136113e-06	-5.7533662e-07	1.1119338e-06	-1.2029631e-08	-6.5979555e-05	1.4851792e-05	0.00015296444	0.00015297876	9.3653559e-05
0.214	1.214	0	0	0	1.107	0	0	0	0.52626964	0.70725272	0.00010942095	5.8836172e-07	-1.2066866e-06	5.7842556e-07	9.1299443e-05	2.3205272e-06	-5.688896e-07	1.0999833e-06	-1.1515434e-08	-6.6902959e-05	1.5159875e-05	0.00015511095	0.00015512736	0.00010578419
0.216	1.216	0	0	0	1.108	0	0	0	0.51923812	0.69958405	0.00011098044	5.839155e-07	-1.2098998e-06	5.7412857e-07	9.2571388e-05	2.3273648e-06	-5.6237444e-07	1.0877945e-06	-1.0995099e-08	-6.7846943e-05	1.5472301e-05	0.00015730499	0.00015732353	0.00011786506
0.218	1.218	0	0	0	1.109	0	0	0	0.51213431	0.69177156	0.00011257571	5.7873928e-07	-1.213134e-06	5.6912616e-07	9.3873635e-05	2.3341371e-06	-5.5579593e-07	1.0753761e-06	-1.0469687e-08	-6.8812957e-05	1.5789169e-05	0.0001595499	0.00015957062	0.00012984769
0.22	1.22	0	0	0	1.11	0	0	0	0.50495964	0.68381634	0.00011420925	5.727923e-07	-1.2163948e-06	5.6337894e-07	9.5208354e-05	2.3408561e-06	-5.4915876e-07	1.0627367e-06	-9.9403729e-09	-6.9802556e-05	1.6110584e-05	0.00016184926	0.00016187219	0.00014167607
0.222	1.222	0	0	0	1.111	0	0	0	0.49771599	0.67572013	0.00011588374	5.6603246e-07	-1.2196863e-06	5.5684624e-07	9.6577864e-05	2.3475322e-06	-5.424674e-07	1.0498846e-06	-9.4084512e-09	-7.0817398e-05	1.6436658e-05	0.0001642069	0.00016423208	0.00015328626
0.224	1.224	0	0	0	1.112	0	0	0	0.49040575	0.66748539	0.000117602	5.5841672e-07	-1.223011e-06	5.494865e-07	9.7984631e-05	2.3541737e-06	-5.3572612e-07	1.0368281e-06	-8.8753395e-09	-7.1859251e-05	1.6767512e-05	0.0001666269	0.00016665433	0.00016460608
0.226	1.226	0	0	0	1.113	0	0	0	0.48303187	0.65911534	0.00011936705	5.4990144e-07	-1.2263697e-06	5.4125769e-07	9.9431272e-05	2.3607867e-06	-5.2893886e-07	1.0235751e-06	-8.342582e-09	-7.2929992e-05	1.7103275e-05	0.00016911357	0.00016914326	0.00017555511
0.228	1.228	0	0	0	1.114	0	0	0	0.47559787	0.65061408	0.00012118206	5.4044307e-07	-1.2297605e-06	5.3211791e-07	0.00010092055	2.3673744e-06	-5.2210919e-07	1.0101334e-06	-7.8118488e-09	-7.4031601e-05	1.7444085e-05	0.00017167149	0.00017170343	0.00018604486
0.23	1.23	0	0	0	1.115	0	0	0	0.46810791	0.6419866	0.00012305039	5.2999876e-07	-1.2331788e-06	5.2202605e-07	0.00010245537	2.3739366e-06	-5.1524027e-07	9.9651019e-07	-7.2849305e-09	-7.5166158e-05	1.7790089e-05	0.00017430545	0.00017433962	0.00019597887
0.232	1.232	0	0	0	1.116	0	0	0	0.46056684	0.63323887	0.00012497553	5.1852726e-07	-1.2366167e-06	5.1094273e-07	0.00010403875	2.3804689e-06	-5.0833475e-07	9.8271236e-07	-6.763725e-09	-7.6335838e-05	1.8141443e-05	0.00017702048	0.00017705682	0.00020525147
0.234	1.234	0	0	0	1.117	0	0	0	0.45298014	0.62437786	0.00012696109	5.0598987e-07	-1.2400624e-06	4.9883132e-07	0.00010567384	2.3869625e-06	-5.0139467e-07	9.6874609e-07	-6.2502114e-09	-7.7542891e-05	1.8498316e-05	0.00017982177	0.00017986022	0.00021374184
0.236	1.236	0	0	0	1.118	0	0	0	0.44535398	0.61541151	0.00012901079	4.9235169e-07	-1.2435001e-06	4.8565929e-07	0.00010736385	2.3934035e-06	-4.9442132e-07	9.54617e-07	-5.7464015e-09	-7.878963e-05	1.8860884e-05	0.00018271467	0.00018275511	0.00022129755
0.238	1.238	0	0	0	1.119	0	0	0	0.43769514	0.60634871	0.00013112842	4.7758317e-07	-1.246908e-06	4.713999e-07	0.00010911205	2.3997746e-06	-4.8741472e-07	9.4033094e-07	-5.2542586e-09	-8.0078407e-05	1.9229336e-05	0.0001857046	0.0001857469	0.00022771197
0.24	1.24	0	0	0	1.12	0	0	0	0.43001098	0.59719926	0.00013331779	4.6166244e-07	-1.2502559e-06	4.5603439e-07	0.00011092174	2.4060608e-06	-4.8037245e-07	9.2589676e-07	-4.7756097e-09	-8.1411587e-05	1.9603872e-05	0.00018879703	0.00018884099	0.0002327487
0.242	1.242	0	0	0	1.121	0	0	0	0.42230943	0.58797382	0.00013558273	4.445781e-07	-1.2535007e-06	4.395536e-07	0.00011279621	2.4122581e-06	-4.7328842e-07	9.1133074e-07	-4.3121861e-09	-8.279154e-05	1.99847e-05	0.00019199744	0.00019204282	0.00023626268
0.244	1.244	0	0	0	1.122	0	0	0	0.41459899	0.578684	0.00013792705	4.2633021e-07	-1.2565863e-06	4.2195751e-07	0.00011473874	2.4183737e-06	-4.6615382e-07	8.9665656e-07	-3.8658806e-09	-8.4220639e-05	2.0372043e-05	0.00019531132	0.00019535787	0.00023827428
0.246	1.246	0	0	0	1.123	0	0	0	0.40688871	0.56934229	0.00014035457	4.069288e-07	-1.2594503e-06	4.0325395e-07	0.0001167526	2.4244117e-06	-4.589602e-07	8.8189783e-07	-3.4389039e-09	-8.5701243e-05	2.0766132e-05	0.00019874412	0.00019879161	0.00023888992
0.248	1.248	0	0	0	1.124	0	0	0	0.39918803	0.55996181	0.000142869	3.8639347e-07	-1.2620281e-06	3.8345959e-07	0.00011884097	2.4303633e-06	-4.5170067e-07	8.6707295e-07	-3.0336058e-09	-8.7235645e-05	2.116721e-05	0.00020230115	0.00020234934	0.00023818865
0.25	1.25	0	0	0	1.125	0	0	0	0.39150651	0.55055603	0.00014547387	3.6475477e-07	-1.2642513e-06	3.6260212e-07	0.00012100686	2.4362103e-06	-4.4436891e-07	8.5219662e-07	-2.652241e-09	-8.8826026e-05	2.1575529e-05	0.00020598747	0.00020603613	0.00023618771
0.252	1.252	0	0	0	1.126	0	0	0	0.38385372	0.54113855	0.00014817251	3.4205558e-07	-1.266046e-06	3.4072152e-07	0.00012325308	2.4419318e-06	-4.3695827e-07	8.3728275e-07	-2.2968603e-09	-9.0474432e-05	2.1991354e-05	0.00020980782	0.00020985669	0.00023288037
0.254	1.254	0	0	0	1.127	0	0	0	0.37623912	0.53172295	0.00015096798	3.183514e-07	-1.2673317e-06	3.1787012e-07	0.00012558222	2.4475098e-06	-4.2946147e-07	8.2234639e-07	-1.9692798e-09	-9.2182746e-05	2.2414956e-05	0.00021376657	0.00021381538	0.00022827375
0.256	1.256	0	0	0	1.128	0	0	0	0.36867189	0.52232254	0.00015386309	2.937099e-07	-1.2680221e-06	2.9411198e-07	0.00012799663	2.4529317e-06	-4.2187081e-07	8.074045e-07	-1.6710744e-09	-9.3952682e-05	2.2846616e-05	0.0002178677	0.00021791617	0.0002224037
0.258	1.258	0	0	0	1.129	0	0	0	0.3611609	0.51295033	0.00015686034	2.682097e-07	-1.2680261e-06	2.695216e-07	0.00013049838	2.4581924e-06	-4.1417851e-07	7.9247631e-07	-1.4035779e-09	-9.5785772e-05	2.3286621e-05	0.00022211478	0.00022216262	0.00021533574
0.26	1.26	0	0	0	1.13	0	0	0	0.35371457	0.50361881	0.00015996197	2.4193871e-07	-1.2672486e-06	2.4418228e-07	0.00013308929	2.4632962e-06	-4.0637705e-07	7.7758335e-07	-1.167887e-09	-9.7683363e-05	2.3735266e-05	0.00022651094	0.00022655787	0.00020716033
0.262	1.262	0	0	0	1.131	0	0	0	0.34634086	0.49433993	0.00016316989	2.1499194e-07	-1.2655919e-06	2.1818405e-07	0.00013577094	2.468257e-06	-3.9845963e-07	7.6274929e-07	-9.648706e-10	-9.964662e-05	2.4192852e-05	0.0002310589	0.00023110465	0.0001979862
0.264	1.264	0	0	0	1.132	0	0	0	0.33904723	0.48512505	0.00016648577	1.8746912e-07	-1.2629576e-06	1.9162137e-07	0.00013854462	2.4730994e-06	-3.9042049e-07	7.4799975e-07	-7.9518351e-10	-0.00010167653	2.4659685e-05	0.00023576096	0.00023580528	0.00018793333
0.266	1.266	0	0	0	1.133	0	0	0	0.33184065	0.47598492	0.00016991099	1.5947212e-07	-1.2592472e-06	1.6459068e-07	0.00014141142	2.4778585e-06	-3.8225523e-07	7.3336185e-07	-6.5928443e-10	-0.00010377392	2.5136073e-05	0.00024061906	0.00024066169	0.00017712626
0.268	1.268	0	0	0	1.134	0	0	0	0.3247276	0.46692971	0.0001734467	1.3110226e-07	-1.2543637e-06	1.37188e-07	0.00014437218	2.4825791e-06	-3.7396111e-07	7.1886385e-07	-5.5745687e-10	-0.00010593944	2.5622331e-05	0.00024563476	0.00024567547	0.00016568838
0.27	1.27	0	0	0	1.135	0	0	0	0.31771414	0.45796905	0.00017709382	1.0245787e-07	-1.2482129e-06	1.0950654e-07	0.00014742757	2.4873147e-06	-3.6553725e-07	7.0453456e-07	-4.8983083e-10	-0.00010817363	2.6118775e-05	0.00025080931	0.00025084788	0.0001537373
0.272	1.272	0	0	0	1.136	0	0	0	0.31080596	0.44911212	0.00018085307	7.3631935e-08	-1.2407042e-06	8.1634657e-08	0.00015057805	2.492126e-06	-3.5698478e-07	6.9040275e-07	-4.5640371e-10	-0.00011047689	2.6625723e-05	0.00025614366	0.00025617988	0.0001413817
0.274	1.274	0	0	0	1.137	0	0	0	0.30400837	0.44036768	0.00018472497	4.4710133e-08	-1.2317518e-06	5.3654005e-08	0.00015382392	2.4970789e-06	-3.4830693e-07	6.7649661e-07	-4.5705849e-10	-0.00011284948	2.7143495e-05	0.00026163847	0.00026167216	0.00012871945
0.276	1.276	0	0	0	1.138	0	0	0	0.29732643	0.43174415	0.00018870989	1.5769271e-08	-1.2212757e-06	2.5638165e-08	0.00015716534	2.5022422e-06	-3.3950905e-07	6.628431e-07	-4.915781e-10	-0.00011529158	2.7672412e-05	0.00026729419	0.00026732515	0.00011583709
0.278	1.278	0	0	0	1.139	0	0	0	0.29076492	0.42324963	0.00019280801	-1.3123872e-08	-1.2092023e-06	-2.3483745e-09	0.00016060231	2.5076852e-06	-3.3059862e-07	6.494674e-07	-5.5965487e-10	-0.00011780325	2.8212795e-05	0.00027311098	0.00027313907	0.00010281033
0.28	1.28	0	0	0	1.14	0	0	0	0.28432837	0.41489196	0.00019701937	-4.1913234e-08	-1.195466e-06	-3.02508e-08	0.00016413469	2.5134756e-06	-3.2158515e-07	6.3639241e-07	-6.6089466e-10	-0.00012038447	2.8764968e-05	0.00027908883	0.00027911386	8.9705425e-05
0.282	1.282	0	0	0	1.141	0	0	0	0.2780211	0.4066787	0.00020134385	-7.0553712e-08	-1.1800093e-06	-5.8024145e-08	0.00016776222	2.5196766e-06	-3.124801e-07	6.2363832e-07	-7.9481547e-10	-0.00012303509	2.9329251e-05	0.00028522744	0.00028524929	7.658097e-05
0.284	1.284	0	0	0	1.142	0	0	0	0.27184715	0.39861708	0.00020578116	-9.901099e-08	-1.1627844e-06	-8.5633088e-08	0.00017148446	2.5263451e-06	-3.0329672e-07	6.1122227e-07	-9.6084075e-10	-0.00012575489	2.9905965e-05	0.00029152633	0.00029154484	6.3489915e-05
0.286	1.286	0	0	0	1.143	0	0	0	0.26581028	0.390714	0.00021033085	-1.27261e-07	-1.143754e-06	-1.1305143e-07	0.00017530087	2.5335302e-06	-2.9404989e-07	5.9915812e-07	-1.1582875e-09	-0.00012854352	3.049543e-05	0.00029798474	0.00029799978	5.0481458e-05
0.288	1.288	0	0	0	1.144	0	0	0	0.25991394	0.38297592	0.00021499227	-1.5528909e-07	-1.1228921e-06	-1.4026128e-07	0.00017921071	2.541271e-06	-2.847559e-07	5.8745634e-07	-1.3863487e-09	-0.00013140053	3.1097964e-05	0.00030460167	0.00030461312	3.7602545e-05
0.29	1.29	0	0	0	1.145	0	0	0	0.25416119	0.37540879	0.00021976462	-1.8308893e-07	-1.1001849e-06	-1.6725209e-07	0.0001832131	2.5495964e-06	-2.7543226e-07	5.7612397e-07	-1.6440706e-09	-0.00013432536	3.1713883e-05	0.00031137584	0.0003113836	2.489877e-05
0.292	1.292	0	0	0	1.146	0	0	0	0.24855465	0.36801798	0.00022464688	-2.1066128e-07	-1.0756318e-06	-1.9401948e-07	0.000187307	2.5585236e-06	-2.6609744e-07	5.6516474e-07	-1.9303216e-09	-0.00013731732	3.2343498e-05	0.00031830572	0.00031830967	1.2414511e-05
0.294	1.294	0	0	0	1.147	0	0	0	0.24309648	0.36080817	0.00022963786	-2.3801267e-07	-1.0492462e-06	-2.2056405e-07	0.00019149117	2.5680584e-06	-2.567706e-07	5.545792e-07	-2.243751e-09	-0.00014037559	3.2987121e-05	0.00032538948	0.00032538954	1.921996e-07
0.296	1.296	0	0	0	1.148	0	0	0	0.23778829	0.35378332	0.00023473615	-2.6515415e-07	-1.0210554e-06	-2.4689017e-07	0.00019576422	2.5781951e-06	-2.4747134e-07	5.4436503e-07	-2.5827331e-09	-0.00014349926	3.3645057e-05	0.00033262501	0.00033262111	-1.1729323e-05
0.298	1.298	0	0	0	1.149	0	0	0	0.23263113	0.34694653	0.00023994017	-2.9209998e-07	-9.911016e-07	-2.7300482e-07	0.00020012459	2.5889166e-06	-2.3821941e-07	5.3451731e-07	-2.9452892e-09	-0.00014668727	3.4317606e-05	0.00034000994	0.00034000201	-2.3317318e-05
0.3	1.3	0	0	0	1.15	0	0	0	0.22762549	0.3403001	0.00024524816	-3.1886664e-07	-9.5944172e-07	-2.9891651e-07	0.00020457054	2.6001949e-06	-2.2903441e-07	5.250289e-07	-3.3289822e-09	-0.00014993846	3.5005065e-05	inf	inf	inf
