lambda	F11	F12	F13	F21	F22	F23	F31	F32	F33	J	P11	P12	P13	P21	P22	P23	P31	P32	P33	p	StrEn	t(1)	t(2)	d
0	1	0	0	0	1	0	0	0	1	1	0	0	0	0	0	0	0	0	0	-0	0	inf	inf	inf
-0.002	0.998	0	0	0	1	0	0	0	1.0005959	0.9985947	-1.9145534e-05	-8.3711353e-08	2.3769122e-07	-9.2705354e-08	-4.3956706e-06	9.4134896e-08	2.3789413e-07	9.9637986e-08	1.2399339e-09	7.8466549e-06	1.9249987e-08	-1.9145902e-05	-1.9044738e-05	-0.0053118917
-0.004	0.996	0	0	0	1	0	0	0	1.0011866	0.99718188	-3.753811e-05	-9.626738e-08	4.5881746e-07	-1.157624e-07	-8.4143341e-06	1.6271328e-07	5.0385528e-07	2.2451397e-07	3.1612971e-09	1.5316428e-05	7.6178953e-08	-3.7539039e-05	-3.7234211e-05	-0.0081867684
-0.006	0.994	0	0	0	1	0	0	0	1.001771	0.99576033	-5.4154066e-05	8.1549924e-07	6.2066665e-07	7.8907727e-07	-1.1135216e-05	1.9639058e-07	8.0864103e-07	3.8724236e-07	6.9043242e-09	2.1760792e-05	1.6818683e-07	-5.4156069e-05	-5.406462e-05	-0.0016914737
-0.008	0.992	0	0	0	1	0	0	0	1.0023473	0.99432857	-6.978758e-05	1.6850712e-06	8.3138734e-07	1.6549361e-06	-1.3452291e-05	2.5902692e-07	1.0973732e-06	5.4338923e-07	1.0355375e-08	2.7743172e-05	2.9243743e-07	-6.979054e-05	-6.9712688e-05	-0.0011167539
-0.01	0.99	0	0	0	1	0	0	0	1.0029145	0.99288532	-8.4419318e-05	2.3927253e-06	1.0535861e-06	2.3612216e-06	-1.5548626e-05	3.4415284e-07	1.3821668e-06	7.0055707e-07	1.3706501e-08	3.3318079e-05	4.4703758e-07	-8.4423163e-05	-8.4345495e-05	-0.0009208325
-0.012	0.988	0	0	0	1	0	0	0	1.0034695	0.99142785	-9.7878317e-05	2.9683209e-06	1.2701921e-06	2.9371688e-06	-1.7484307e-05	4.4565067e-07	1.6523029e-06	8.6425043e-07	1.7030636e-08	3.8448531e-05	6.2981942e-07	-9.7882938e-05	-9.779664e-05	-0.00088242346
-0.014	0.986	0	0	0	1	0	0	0	1.0039999	0.98994392	-0.00010994101	3.4487459e-06	1.4335574e-06	3.4193412e-06	-1.9340698e-05	5.6554133e-07	1.8627824e-06	1.0399606e-06	2.0279631e-08	4.3087143e-05	8.3822414e-07	-0.00010994602	-0.00010980899	-0.0012479411
-0.016	0.984	0	0	0	1	0	0	0	1.0044577	0.9883864	-0.00012018119	3.8653292e-06	1.4192932e-06	3.8394575e-06	-2.1313169e-05	7.1693404e-07	1.8884813e-06	1.2417355e-06	2.3093434e-08	4.715709e-05	1.0690554e-06	-0.00012018599	-0.00012006613	-0.00099830763
-0.018	0.982	0	0	0	1	0	0	0	1.0048312	0.9867442	-0.00012857545	4.2411292e-06	1.2528817e-06	4.2222583e-06	-2.3448962e-05	9.0636423e-07	1.7557332e-06	1.4771464e-06	2.5351878e-08	5.0666354e-05	1.3184887e-06	-0.00012857995	-0.00012857805	-1.4730437e-05
-0.02	0.98	0	0	0	1	0	0	0	1.0051672	0.98506387	-0.00013565281	4.5922753e-06	1.048531e-06	4.5834668e-06	-2.5573498e-05	1.1287533e-06	1.5806152e-06	1.7425459e-06	2.7476158e-08	5.3732944e-05	1.5833676e-06	-0.00013565727	-0.00013572257	0.00048108622
-0.022	0.978	0	0	0	1	0	0	0	1.0054811	0.98336049	-0.00014171821	4.9325211e-06	8.1972706e-07	4.9360784e-06	-2.7614011e-05	1.3894158e-06	1.3764157e-06	2.0438822e-06	2.9727633e-08	5.6434163e-05	1.8613789e-06	-0.00014172271	-0.0001418276	0.00073958538
-0.024	0.976	0	0	0	1	0	0	0	1.0057729	0.98163438	-0.00014694725	5.277255e-06	5.4940785e-07	5.2951097e-06	-2.9530589e-05	1.7000135e-06	1.124891e-06	2.3932245e-06	3.2386432e-08	5.8815152e-05	2.150678e-06	-0.00014695175	-0.00014707968	0.0008697659
-0.026	0.974	0	0	0	1	0	0	0	1.0060367	0.97987972	-0.00015143839	5.6539195e-06	2.0733096e-07	5.6878754e-06	-3.1273475e-05	2.0680789e-06	7.9362346e-07	2.7987384e-06	3.6046883e-08	6.0891939e-05	2.4496976e-06	-0.00015144278	-0.00015157961	0.00090271942
-0.028	0.972	0	0	0	1	0	0	0	1.0062596	0.97808433	-0.00015521098	6.1356714e-06	-2.3965761e-07	6.1873543e-06	-3.275934e-05	2.4483228e-06	3.4547988e-07	3.2175585e-06	4.2539009e-08	6.2642594e-05	2.7569964e-06	-0.00015521488	-0.00015533317	0.00076150992
-0.03	0.97	0	0	0	1	0	0	0	1.0064033	0.97621121	-0.00015808206	6.837344e-06	-7.5474905e-07	6.9037419e-06	-3.3741316e-05	2.55403e-06	-1.9064712e-07	3.3746125e-06	5.7728028e-08	6.3921884e-05	3.0710303e-06	-0.00015808463	-0.00015819255	0.00068222355
-0.032	0.968	0	0	0	1	0	0	0	1.0064374	0.9742314	-0.00015992121	7.2322293e-06	-1.1421303e-06	7.2993032e-06	-3.4035847e-05	2.2446546e-06	-6.0461414e-07	3.1276978e-06	7.7858582e-08	6.4626401e-05	3.3897666e-06	-0.000159922	-0.00016017996	0.001610389
-0.034	0.966	0	0	0	1	0	0	0	1.0064438	0.97222474	-0.00016137132	7.287183e-06	-1.4360225e-06	7.3525074e-06	-3.4176202e-05	1.9547321e-06	-9.1395057e-07	2.8900256e-06	9.3604912e-08	6.5151305e-05	3.7117501e-06	-0.0001613715	-0.00016167012	0.0018470599
-0.036	0.964	0	0	0	1	0	0	0	1.0064453	0.97021324	-0.00016263326	7.2566813e-06	-1.6943281e-06	7.3220732e-06	-3.4296986e-05	1.7270754e-06	-1.1823572e-06	2.7075345e-06	1.0672352e-07	6.5607841e-05	4.0364471e-06	-0.00016263327	-0.00016294483	0.0019120801
-0.038	0.962	0	0	0	1	0	0	0	1.0064441	0.96819922	-0.00016375279	7.2061762e-06	-1.9315406e-06	7.2735038e-06	-3.4407914e-05	1.5440197e-06	-1.4271882e-06	2.5653428e-06	1.1831575e-07	6.6014129e-05	4.3635295e-06	-0.00016375266	-0.0001640729	0.0019517981
-0.04	0.96	0	0	0	1	0	0	0	1.0064409	0.96618331	-0.00016475641	7.1540531e-06	-2.1529451e-06	7.2249159e-06	-3.4510404e-05	1.39325e-06	-1.6549169e-06	2.4524941e-06	1.2887276e-07	6.6379315e-05	4.6927387e-06	-0.00016475616	-0.00016508322	0.0019811714
-0.042	0.958	0	0	0	1	0	0	0	1.0064362	0.96416588	-0.00016566387	7.1058971e-06	-2.3612842e-06	7.1816406e-06	-3.4605374e-05	1.2666874e-06	-1.868874e-06	2.3616641e-06	1.3865643e-07	6.6710195e-05	5.0238623e-06	-0.00016566349	-0.00016599612	0.0020037933
-0.044	0.956	0	0	0	1	0	0	0	1.0064302	0.96214723	-0.00016649063	7.0630878e-06	-2.5583381e-06	7.1448481e-06	-3.469374e-05	1.1587869e-06	-2.0711713e-06	2.2877754e-06	1.4782666e-07	6.7012182e-05	5.3567231e-06	-0.00016649015	-0.00016682737	0.002021415
-0.046	0.954	0	0	0	1	0	0	0	1.006423	0.96012758	-0.00016724906	7.0255292e-06	-2.7454194e-06	7.1142729e-06	-3.4776371e-05	1.0655948e-06	-2.2633265e-06	2.2271874e-06	1.5649064e-07	6.7289648e-05	5.6911718e-06	-0.00016724847	-0.00016758955	0.0020351918
-0.048	0.952	0	0	0	1	0	0	0	1.006415	0.95810713	-0.00016794912	6.9926375e-06	-2.9235654e-06	7.0891947e-06	-3.485404e-05	9.8421024e-07	-2.4465117e-06	2.1772209e-06	1.6472502e-07	6.7546146e-05	6.0270813e-06	-0.00016794844	-0.00016829276	0.0020459605
-0.05	0.95	0	0	0	1	0	0	0	1.0064063	0.95608601	-0.00016859893	6.9637182e-06	-3.0936283e-06	7.0688079e-06	-3.4927412e-05	9.1245672e-07	-2.621672e-06	2.1358638e-06	1.7258726e-07	6.7784586e-05	6.3643428e-06	-0.00016859815	-0.00016894522	0.0020543455
-0.052	0.948	0	0	0	1	0	0	0	1.006397	0.95406434	-0.00016920516	6.9381086e-06	-3.2563249e-06	7.0523588e-06	-3.4997049e-05	8.4867088e-07	-2.7895904e-06	2.1015786e-06	1.8012193e-07	6.8007361e-05	6.7028622e-06	-0.00016920429	-0.00016955371	0.0020608191
-0.054	0.946	0	0	0	1	0	0	0	1.0063871	0.95204221	-0.00016977332	6.9152251e-06	-3.4122681e-06	7.0391883e-06	-3.5063425e-05	7.9156119e-07	-2.9509278e-06	2.0731732e-06	1.8736459e-07	6.8216462e-05	7.0425577e-06	-0.00016977238	-0.00017012381	0.002065742
-0.056	0.944	0	0	0	1	0	0	0	1.0063768	0.95001971	-0.00017030805	6.8945719e-06	-3.5619884e-06	7.0287379e-06	-3.5126937e-05	7.4011071e-07	-3.1062499e-06	2.0497107e-06	1.9434416e-07	6.8413548e-05	7.3833575e-06	-0.00017030703	-0.00017066019	0.0020693922
-0.058	0.942	0	0	0	1	0	0	0	1.0063661	0.94799689	-0.00017081323	6.8757353e-06	-3.705949e-06	7.020541e-06	-3.5187918e-05	6.9350866e-07	-3.2560464e-06	2.0304464e-06	2.0108463e-07	6.8600021e-05	7.7251985e-06	-0.00017081214	-0.00017116679	0.002071986
-0.06	0.94	0	0	0	1	0	0	0	1.0063551	0.9459738	-0.00017129215	6.8583731e-06	-3.8445583e-06	7.0142102e-06	-3.5246651e-05	6.511013e-07	-3.4007455e-06	2.0147821e-06	2.0760616e-07	6.8777066e-05	8.0680247e-06	-0.00017129099	-0.00017164694	0.0020736932
-0.062	0.938	0	0	0	1	0	0	0	1.0063438	0.94395049	-0.00017174764	6.8422027e-06	-3.9781786e-06	7.0094242e-06	-3.5303375e-05	6.1235607e-07	-3.5407242e-06	2.0022321e-06	2.1392592e-07	6.8945696e-05	8.4117862e-06	-0.00017174641	-0.00017210347	0.0020746486
-0.064	0.936	0	0	0	1	0	0	0	1.0063322	0.94192698	-0.00017218211	6.8269909e-06	-4.1071334e-06	7.0059165e-06	-3.5358294e-05	5.7683509e-07	-3.6763171e-06	1.992399e-06	2.2005868e-07	6.910678e-05	8.7564385e-06	-0.00017218082	-0.00017253883	0.0020749601
-0.066	0.934	0	0	0	1	0	0	0	1.0063205	0.93990331	-0.00017259765	6.8125452e-06	-4.2317133e-06	7.0034654e-06	-3.5411584e-05	5.4417519e-07	-3.8078228e-06	1.9849548e-06	2.2601727e-07	6.9261071e-05	9.1019415e-06	-0.0001725963	-0.00017295514	0.0020747151
-0.068	0.932	0	0	0	1	0	0	0	1.0063085	0.9378795	-0.00017299608	6.7987059e-06	-4.3521808e-06	7.0018856e-06	-3.5463396e-05	5.1407287e-07	-3.9355098e-06	1.979627e-06	2.3181292e-07	6.940922e-05	9.4482591e-06	-0.00017299468	-0.00017335421	0.0020739851
-0.07	0.93	0	0	0	1	0	0	0	1.0062963	0.93585558	-0.00017337899	6.7853404e-06	-4.4687737e-06	7.0010218e-06	-3.551386e-05	4.8627263e-07	-4.0596202e-06	1.9761873e-06	2.3745555e-07	6.9551797e-05	9.7953584e-06	-0.00017337753	-0.00017373766	0.0020728287
-0.072	0.928	0	0	0	1	0	0	0	1.006284	0.93383155	-0.00017374776	6.7723379e-06	-4.5817089e-06	7.0007431e-06	-3.5563091e-05	4.6055801e-07	-4.1803735e-06	1.9744438e-06	2.4295397e-07	6.9689301e-05	1.014321e-05	-0.00017374626	-0.00017410689	0.0020712951
-0.074	0.926	0	0	0	1	0	0	0	1.0062715	0.93180744	-0.00017410364	6.7596057e-06	-4.6911848e-06	7.0009386e-06	-3.5611189e-05	4.3674451e-07	-4.2979701e-06	1.9742336e-06	2.4831604e-07	6.9822172e-05	1.0491786e-05	-0.00017410209	-0.00017446312	0.0020694253
-0.076	0.924	0	0	0	1	0	0	0	1.0062589	0.92978325	-0.00017444771	6.7470656e-06	-4.7973834e-06	7.0015139e-06	-3.565824e-05	4.1467404e-07	-4.4125928e-06	1.9754185e-06	2.5354883e-07	6.9950799e-05	1.0841062e-05	-0.0001744461	-0.00017480747	0.0020672543
-0.078	0.922	0	0	0	1	0	0	0	1.0062462	0.927759	-0.00017478092	6.7346518e-06	-4.9004724e-06	7.0023883e-06	-3.5704322e-05	3.9421047e-07	-4.5244096e-06	1.9778803e-06	2.5865874e-07	7.0075529e-05	1.1191016e-05	-0.00017477927	-0.0001751409	0.0020648118
-0.08	0.92	0	0	0	1	0	0	0	1.0062334	0.9257347	-0.00017510415	6.7223082e-06	-5.0006068e-06	7.0034923e-06	-3.5749504e-05	3.7523603e-07	-4.6335754e-06	1.9815173e-06	2.6365153e-07	7.0196668e-05	1.1541626e-05	-0.00017510245	-0.00017546428	0.0020621235
-0.082	0.918	0	0	0	1	0	0	0	1.0062204	0.92371036	-0.00017541817	6.7099871e-06	-5.0979301e-06	7.0047657e-06	-3.5793846e-05	3.5764847e-07	-4.7402333e-06	1.9862424e-06	2.6853249e-07	7.0314493e-05	1.1892873e-05	-0.00017541642	-0.00017577839	0.0020592116
-0.084	0.916	0	0	0	1	0	0	0	1.0062074	0.92168598	-0.00017572366	6.6976477e-06	-5.1925759e-06	7.0061563e-06	-3.5837402e-05	3.413587e-07	-4.8445157e-06	1.99198e-06	2.7330642e-07	7.0429251e-05	1.2244739e-05	-0.00017572187	-0.00017608392	0.0020560958
-0.086	0.914	0	0	0	1	0	0	0	1.0061943	0.91966157	-0.00017602125	6.6852547e-06	-5.2846685e-06	7.0076182e-06	-3.588022e-05	3.2628883e-07	-4.9465459e-06	1.9986649e-06	2.7797776e-07	7.0541165e-05	1.2597209e-05	-0.00017601942	-0.0001763815	0.002052793
-0.088	0.912	0	0	0	1	0	0	0	1.0061811	0.91763713	-0.00017631151	6.6727777e-06	-5.3743239e-06	7.0091111e-06	-3.5922344e-05	3.1237058e-07	-5.0464389e-06	2.0062404e-06	2.8255057e-07	7.0650435e-05	1.2950265e-05	-0.00017630964	-0.0001766717	0.0020493187
-0.09	0.91	0	0	0	1	0	0	0	1.0061678	0.91561268	-0.00017659494	6.6601902e-06	-5.4616509e-06	7.0105993e-06	-3.5963813e-05	2.9954402e-07	-5.1443018e-06	2.0146574e-06	2.8702859e-07	7.0757242e-05	1.3303895e-05	-0.00017659303	-0.00017695502	0.0020456862
-0.092	0.908	0	0	0	1	0	0	0	1.0061544	0.91358821	-0.00017687201	6.647469e-06	-5.5467513e-06	7.0120509e-06	-3.600466e-05	2.8775638e-07	-5.2402354e-06	2.0238731e-06	2.914153e-07	7.0861753e-05	1.3658085e-05	-0.00017687006	-0.00017723195	0.0020419079
-0.094	0.906	0	0	0	1	0	0	0	1.006141	0.91156374	-0.00017714314	6.6345938e-06	-5.629721e-06	7.0134373e-06	-3.6044917e-05	2.769612e-07	-5.3343338e-06	2.0338505e-06	2.9571393e-07	7.0964115e-05	1.4012823e-05	-0.00017714115	-0.0001775029	0.0020379947
-0.096	0.904	0	0	0	1	0	0	0	1.0061275	0.90953925	-0.00017740872	6.6215466e-06	-5.7106501e-06	7.0147328e-06	-3.6084612e-05	2.6711749e-07	-5.4266859e-06	2.0445571e-06	2.9992746e-07	7.1064468e-05	1.4368097e-05	-0.00017740669	-0.00017776826	0.0020339567
-0.098	0.902	0	0	0	1	0	0	0	1.0061139	0.90751476	-0.00017766909	6.6083111e-06	-5.7896236e-06	7.0159137e-06	-3.612377e-05	2.5818913e-07	-5.5173753e-06	2.055965e-06	3.0405869e-07	7.1162934e-05	1.4723896e-05	-0.00017766702	-0.00017802839	0.0020298029
-0.1	0.9	0	0	0	1	0	0	0	1.0061003	0.90549027	-0.00017792458	6.5948732e-06	-5.8667221e-06	7.0169587e-06	-3.6162414e-05	2.5014426e-07	-5.6064811e-06	2.0680501e-06	3.0811024e-07	7.1259628e-05	1.5080211e-05	-0.00017792248	-0.0001782836	0.0020255416
-0.102	0.898	0	0	0	1	0	0	0	1.0060866	0.90346578	-0.00017817548	6.5812196e-06	-5.9420215e-06	7.0178479e-06	-3.6200564e-05	2.4295485e-07	-5.6940779e-06	2.0807912e-06	3.1208453e-07	7.1354654e-05	1.5437031e-05	-0.00017817334	-0.00017853419	0.0020211806
-0.104	0.896	0	0	0	1	0	0	0	1.0060729	0.90144129	-0.00017842207	6.5673387e-06	-6.015594e-06	7.0185627e-06	-3.6238238e-05	2.3659623e-07	-5.7802368e-06	2.0941706e-06	3.1598386e-07	7.144811e-05	1.5794347e-05	-0.0001784199	-0.00017878045	0.002016727
-0.106	0.894	0	0	0	1	0	0	0	1.0060591	0.8994168	-0.0001786646	6.5532193e-06	-6.087508e-06	7.019086e-06	-3.6275453e-05	2.310468e-07	-5.865025e-06	2.1081729e-06	3.1981037e-07	7.1540082e-05	1.6152152e-05	-0.00017866239	-0.00017902262	0.0020121873
-0.108	0.892	0	0	0	1	0	0	0	1.0060452	0.89739232	-0.0001789033	6.5388516e-06	-6.1578288e-06	7.0194015e-06	-3.6312224e-05	2.262877e-07	-5.9485065e-06	2.1227852e-06	3.2356608e-07	7.1630652e-05	1.6510438e-05	-0.00017890105	-0.00017926093	0.0020075677
-0.11	0.89	0	0	0	1	0	0	0	1.0060313	0.89536785	-0.00017913837	6.5242261e-06	-6.2266183e-06	7.0194938e-06	-3.6348563e-05	2.2230254e-07	-6.0307424e-06	2.1379967e-06	3.2725289e-07	7.1719895e-05	1.6869196e-05	-0.00017913609	-0.0001794956	0.0020028738
-0.112	0.888	0	0	0	1	0	0	0	1.0060173	0.89334338	-0.00017937003	6.509334e-06	-6.2939356e-06	7.0193481e-06	-3.6384482e-05	2.190772e-07	-6.1117909e-06	2.1537986e-06	3.3087259e-07	7.180788e-05	1.722842e-05	-0.00017936772	-0.00017972683	0.0019981111
-0.114	0.886	0	0	0	1	0	0	0	1.0060033	0.89131892	-0.00017959845	6.4941668e-06	-6.3598372e-06	7.0189502e-06	-3.6419991e-05	2.165996e-07	-6.1917078e-06	2.1701837e-06	3.3442687e-07	7.1894671e-05	1.7588103e-05	-0.0001795961	-0.0001799548	0.0019932844
-0.116	0.884	0	0	0	1	0	0	0	1.0059892	0.88929448	-0.0001798238	6.4787166e-06	-6.424377e-06	7.0182864e-06	-3.6455098e-05	2.1485955e-07	-6.2705464e-06	2.1871466e-06	3.3791734e-07	7.1980328e-05	1.7948239e-05	-0.00017982142	-0.00018017969	0.0019883986
-0.118	0.882	0	0	0	1	0	0	0	1.0059751	0.88727004	-0.00018004624	6.4629756e-06	-6.4876069e-06	7.0173434e-06	-3.6489812e-05	2.1384861e-07	-6.3483578e-06	2.2046834e-06	3.4134549e-07	7.2064903e-05	1.8308822e-05	-0.00018004383	-0.00018040165	0.0019834581
-0.12	0.88	0	0	0	1	0	0	0	1.0059609	0.88524561	-0.00018026592	6.4469363e-06	-6.5495762e-06	7.0161079e-06	-3.6524139e-05	2.1355995e-07	-6.4251912e-06	2.2227914e-06	3.4471276e-07	7.214845e-05	1.8669846e-05	-0.00018026347	-0.00018062083	0.0019784671
-0.122	0.878	0	0	0	1	0	0	0	1.0059467	0.88322119	-0.00018048298	6.4305915e-06	-6.6103327e-06	7.0145673e-06	-3.6558084e-05	2.1398823e-07	-6.5010938e-06	2.2414693e-06	3.4802051e-07	7.2231013e-05	1.9031306e-05	-0.00018048049	-0.00018083736	0.0019734296
-0.124	0.876	0	0	0	1	0	0	0	1.0059324	0.88119678	-0.00018069753	6.4139338e-06	-6.6699219e-06	7.0127085e-06	-3.6591651e-05	2.1512949e-07	-6.5761112e-06	2.2607169e-06	3.5127002e-07	7.2312637e-05	1.9393196e-05	-0.00018069502	-0.00018105139	0.0019683494
-0.126	0.874	0	0	0	1	0	0	0	1.005918	0.87917237	-0.00018090971	6.396956e-06	-6.7283879e-06	7.010519e-06	-3.6624844e-05	2.169811e-07	-6.6502875e-06	2.2805352e-06	3.544625e-07	7.2393363e-05	1.9755511e-05	-0.00018090716	-0.00018126302	0.0019632301
-0.128	0.872	0	0	0	1	0	0	0	1.0059036	0.87714798	-0.00018111961	6.3796511e-06	-6.7857731e-06	7.0079862e-06	-3.6657665e-05	2.1954168e-07	-6.7236651e-06	2.3009263e-06	3.5759912e-07	7.2473226e-05	2.0118248e-05	-0.00018111703	-0.00018147237	0.0019580751
-0.13	0.87	0	0	0	1	0	0	0	1.0058892	0.8751236	-0.00018132735	6.362012e-06	-6.8421183e-06	7.0050972e-06	-3.6690116e-05	2.2281098e-07	-6.7962851e-06	2.321893e-06	3.6068097e-07	7.2552262e-05	2.0481401e-05	-0.00018132474	-0.00018167954	0.0019528877
-0.132	0.868	0	0	0	1	0	0	0	1.0058747	0.87309922	-0.00018153302	6.3440313e-06	-6.8974631e-06	7.0018392e-06	-3.6722197e-05	2.2678989e-07	-6.8681876e-06	2.3434394e-06	3.6370909e-07	7.2630504e-05	2.0844966e-05	-0.00018153038	-0.00018188463	0.001947671
-0.134	0.866	0	0	0	1	0	0	0	1.0058601	0.87107485	-0.00018173672	6.3257019e-06	-6.9518456e-06	6.9981995e-06	-3.6753908e-05	2.3148037e-07	-6.9394111e-06	2.3655704e-06	3.6668449e-07	7.270798e-05	2.1208939e-05	-0.00018173404	-0.00018208773	0.001942428
-0.136	0.864	0	0	0	1	0	0	0	1.0058455	0.86905049	-0.00018193851	6.3070165e-06	-7.0053029e-06	6.9941649e-06	-3.6785247e-05	2.3688537e-07	-7.0099936e-06	2.3882917e-06	3.6960809e-07	7.2784718e-05	2.1573317e-05	-0.00018193581	-0.00018228893	0.0019371616
-0.138	0.862	0	0	0	1	0	0	0	1.0058308	0.86702614	-0.0001821385	6.2879675e-06	-7.0578707e-06	6.9897222e-06	-3.6816213e-05	2.4300884e-07	-7.0799716e-06	2.4116098e-06	3.7248079e-07	7.2860743e-05	2.1938095e-05	-0.00018213576	-0.0001824883	0.0019318746
-0.14	0.86	0	0	0	1	0	0	0	1.005816	0.86500178	-0.00018233674	6.2685473e-06	-7.1095841e-06	6.984858e-06	-3.6846802e-05	2.4985569e-07	-7.1493811e-06	2.4355322e-06	3.7530345e-07	7.293608e-05	2.230327e-05	-0.00018233397	-0.00018268592	0.0019265695
-0.142	0.858	0	0	0	1	0	0	0	1.0058012	0.86297744	-0.00018253331	6.2487481e-06	-7.1604767e-06	6.9795584e-06	-3.687701e-05	2.5743174e-07	-7.218257e-06	2.460067e-06	3.7807687e-07	7.3010748e-05	2.2668839e-05	-0.0001825305	-0.00018288187	0.0019212489
-0.144	0.856	0	0	0	1	0	0	0	1.0057863	0.86095309	-0.00018272828	6.2285621e-06	-7.2105815e-06	6.9738095e-06	-3.6906834e-05	2.6574371e-07	-7.2866338e-06	2.4852232e-06	3.8080182e-07	7.3084769e-05	2.3034797e-05	-0.00018272543	-0.00018307619	0.0019159154
-0.146	0.854	0	0	0	1	0	0	0	1.0057714	0.85892874	-0.00018292169	6.207981e-06	-7.2599307e-06	6.967597e-06	-3.6936267e-05	2.7479921e-07	-7.354545e-06	2.5110106e-06	3.8347904e-07	7.315816e-05	2.3401143e-05	-0.00018291882	-0.00018326896	0.0019105711
-0.148	0.852	0	0	0	1	0	0	0	1.0057563	0.85690439	-0.00018311362	6.1869964e-06	-7.3085557e-06	6.9609063e-06	-3.6965304e-05	2.8460672e-07	-7.4220237e-06	2.5374396e-06	3.861092e-07	7.3230937e-05	2.3767873e-05	-0.00018311071	-0.00018346024	0.0019052186
-0.15	0.85	0	0	0	1	0	0	0	1.0057412	0.85488004	-0.00018330411	6.1655998e-06	-7.3564869e-06	6.9537223e-06	-3.6993936e-05	2.9517555e-07	-7.4891024e-06	2.5645214e-06	3.8869298e-07	7.3303116e-05	2.4134984e-05	-0.00018330116	-0.00018365007	0.0018998599
-0.152	0.848	0	0	0	1	0	0	0	1.005726	0.85285569	-0.0001834932	6.1437823e-06	-7.4037545e-06	6.9460296e-06	-3.7022157e-05	3.0651589e-07	-7.5558132e-06	2.592268e-06	3.9123099e-07	7.337471e-05	2.4502474e-05	-0.00018349023	-0.00018383851	0.0018944972
-0.154	0.846	0	0	0	1	0	0	0	1.0057108	0.85083132	-0.00018368096	6.1215349e-06	-7.4503878e-06	6.9378124e-06	-3.7049956e-05	3.1863874e-07	-7.6221878e-06	2.6206922e-06	3.9372381e-07	7.3445731e-05	2.4870338e-05	-0.00018367795	-0.0001840256	0.0018891326
-0.156	0.844	0	0	0	1	0	0	0	1.0056954	0.84880695	-0.00018386742	6.098848e-06	-7.4964156e-06	6.9290544e-06	-3.7077324e-05	3.3155594e-07	-7.6882573e-06	2.6498074e-06	3.9617201e-07	7.351619e-05	2.5238576e-05	-0.00018386437	-0.00018421138	0.0018837681
-0.158	0.842	0	0	0	1	0	0	0	1.00568	0.84678257	-0.00018405261	6.0757121e-06	-7.5418662e-06	6.919739e-06	-3.7104251e-05	3.4528015e-07	-7.7540529e-06	2.6796277e-06	3.985761e-07	7.3586096e-05	2.5607184e-05	-0.00018404953	-0.0001843959	0.0018784056
-0.16	0.84	0	0	0	1	0	0	0	1.0056645	0.84475817	-0.00018423659	6.0521173e-06	-7.5867676e-06	6.909849e-06	-3.7130723e-05	3.5982487e-07	-7.8196052e-06	2.7101681e-06	4.0093659e-07	7.3655457e-05	2.5976159e-05	-0.00018423346	-0.00018457919	0.0018730472
-0.162	0.838	0	0	0	1	0	0	0	1.0056489	0.84273376	-0.00018441937	6.0280532e-06	-7.6311472e-06	6.8993666e-06	-3.715673e-05	3.7520442e-07	-7.8849449e-06	2.7414442e-06	4.0325393e-07	7.3724281e-05	2.6345501e-05	-0.00018441621	-0.00018476129	0.0018676946
-0.164	0.836	0	0	0	1	0	0	0	1.0056332	0.84070932	-0.00018460099	6.0035093e-06	-7.675032e-06	6.8882737e-06	-3.7182255e-05	3.9143395e-07	-7.9501023e-06	2.7734725e-06	4.0552855e-07	7.3792572e-05	2.6715205e-05	-0.00018459779	-0.00018494222	0.0018623497
-0.166	0.834	0	0	0	1	0	0	0	1.0056173	0.83868487	-0.00018478148	5.9784748e-06	-7.7184489e-06	6.8765516e-06	-3.7207286e-05	4.0852944e-07	-8.0151079e-06	2.8062701e-06	4.0776086e-07	7.3860335e-05	2.7085269e-05	-0.00018477825	-0.00018512202	0.0018570143
-0.168	0.832	0	0	0	1	0	0	0	1.0056014	0.83666039	-0.00018496087	5.9529383e-06	-7.7614244e-06	6.8641808e-06	-3.7231805e-05	4.265077e-07	-8.079992e-06	2.8398548e-06	4.0995124e-07	7.3927574e-05	2.7455693e-05	-0.00018495759	-0.00018530071	0.0018516902
-0.17	0.83	0	0	0	1	0	0	0	1.0055854	0.83463588	-0.00018513917	5.9268884e-06	-7.8039848e-06	6.8511416e-06	-3.7255796e-05	4.453864e-07	-8.1447849e-06	2.8742454e-06	4.1210003e-07	7.399429e-05	2.7826472e-05	-0.00018513586	-0.00018547832	0.001846379
-0.172	0.828	0	0	0	1	0	0	0	1.0055692	0.83261134	-0.00018531642	5.9003131e-06	-7.846156e-06	6.8374135e-06	-3.727924e-05	4.6518402e-07	-8.2095169e-06	2.9094613e-06	4.1420754e-07	7.4060485e-05	2.8197606e-05	-0.00018531306	-0.00018565487	0.0018410824
-0.174	0.826	0	0	0	1	0	0	0	1.005553	0.83058676	-0.00018549263	5.8732001e-06	-7.8879641e-06	6.8229754e-06	-3.7302118e-05	4.8591992e-07	-8.2742187e-06	2.9455226e-06	4.1627407e-07	7.4126157e-05	2.8569092e-05	-0.00018548923	-0.00018583038	0.0018358022
-0.176	0.824	0	0	0	1	0	0	0	1.0055366	0.82856215	-0.00018566781	5.8455369e-06	-7.9294347e-06	6.8078056e-06	-3.7324409e-05	5.0761429e-07	-8.3389208e-06	2.9824505e-06	4.1829988e-07	7.4191307e-05	2.8940928e-05	-0.00018566437	-0.00018600486	0.00183054
-0.178	0.822	0	0	0	1	0	0	0	1.0055201	0.82653749	-0.00018584198	5.8173105e-06	-7.9705936e-06	6.7918816e-06	-3.7346092e-05	5.3028819e-07	-8.4036541e-06	3.0202665e-06	4.202852e-07	7.4255931e-05	2.9313111e-05	-0.0001858385	-0.00018617833	0.0018252974
-0.18	0.82	0	0	0	1	0	0	0	1.0055034	0.82451279	-0.00018601516	5.7885075e-06	-8.0114663e-06	6.7751806e-06	-3.7367142e-05	5.5396354e-07	-8.4684498e-06	3.0589934e-06	4.2223023e-07	7.4320025e-05	2.9685641e-05	-0.00018601163	-0.0001863508	0.0018200761
-0.182	0.818	0	0	0	1	0	0	0	1.0054866	0.82248803	-0.00018618735	5.7591142e-06	-8.0520785e-06	6.7576787e-06	-3.7387535e-05	5.7866314e-07	-8.5333392e-06	3.0986545e-06	4.2413515e-07	7.4383585e-05	3.0058514e-05	-0.00018618377	-0.00018652229	0.0018148776
-0.184	0.816	0	0	0	1	0	0	0	1.0054696	0.82046322	-0.00018635857	5.7291165e-06	-8.0924558e-06	6.7393518e-06	-3.7407244e-05	6.0441064e-07	-8.5983541e-06	3.1392738e-06	4.2600011e-07	7.4446604e-05	3.043173e-05	-0.00018635494	-0.0001866928	0.0018097037
-0.186	0.814	0	0	0	1	0	0	0	1.0054525	0.81843835	-0.00018652881	5.6985e-06	-8.1326237e-06	6.7201746e-06	-3.7426243e-05	6.3123057e-07	-8.6635266e-06	3.1808765e-06	4.2782522e-07	7.4509076e-05	3.0805286e-05	-0.00018652513	-0.00018686233	0.0018045559
-0.188	0.812	0	0	0	1	0	0	0	1.0054352	0.81641341	-0.00018669809	5.6672499e-06	-8.1726081e-06	6.7001216e-06	-3.7444501e-05	6.5914834e-07	-8.7288893e-06	3.2234881e-06	4.2961057e-07	7.4570992e-05	3.1179179e-05	-0.00018669435	-0.0001870309	0.0017994359
-0.19	0.81	0	0	0	1	0	0	0	1.0054178	0.8143884	-0.0001868664	5.635351e-06	-8.2124346e-06	6.6791661e-06	-3.7461988e-05	6.8819022e-07	-8.7944751e-06	3.2671354e-06	4.3135622e-07	7.4632342e-05	3.1553409e-05	-0.00018686261	-0.00018719851	0.0017943454
-0.192	0.808	0	0	0	1	0	0	0	1.0054001	0.81236331	-0.00018703374	5.6027878e-06	-8.2521292e-06	6.6572812e-06	-3.7478671e-05	7.1838336e-07	-8.8603175e-06	3.3118457e-06	4.3306218e-07	7.4693116e-05	3.1927973e-05	-0.0001870299	-0.00018736515	0.0017892859
-0.194	0.806	0	0	0	1	0	0	0	1.0053823	0.81033814	-0.00018720012	5.5695445e-06	-8.2917179e-06	6.634439e-06	-3.7494515e-05	7.4975575e-07	-8.9264506e-06	3.357647e-06	4.3472846e-07	7.4753301e-05	3.230287e-05	-0.00018719622	-0.00018753082	0.0017842591
-0.196	0.804	0	0	0	1	0	0	0	1.0053643	0.80831289	-0.00018736552	5.5356049e-06	-8.3312269e-06	6.6106109e-06	-3.7509485e-05	7.8233624e-07	-8.9929091e-06	3.4045684e-06	4.3635501e-07	7.4812885e-05	3.2678097e-05	-0.00018736157	-0.00018769553	0.0017792668
-0.198	0.802	0	0	0	1	0	0	0	1.0053461	0.80628754	-0.00018752995	5.5009524e-06	-8.3706827e-06	6.5857678e-06	-3.7523543e-05	8.1615453e-07	-9.0597282e-06	3.4526396e-06	4.3794176e-07	7.4871851e-05	3.3053652e-05	-0.00018752594	-0.00018785926	0.0017743108
-0.2	0.8	0	0	0	1	0	0	0	1.0053276	0.80426209	-0.0001876934	5.4655704e-06	-8.4101119e-06	6.5598798e-06	-3.7536647e-05	8.512411e-07	-9.1269439e-06	3.5018909e-06	4.394886e-07	7.4930185e-05	3.3429534e-05	-0.00018768932	-0.000188022	0.0017693927
-0.202	0.798	0	0	0	1	0	0	0	1.0053089	0.80223653	-0.00018785585	5.4294417e-06	-8.4495413e-06	6.5329164e-06	-3.7548758e-05	8.8762727e-07	-9.1945926e-06	3.5523535e-06	4.409954e-07	7.498787e-05	3.380574e-05	-0.0001878517	-0.00018818375	0.0017645145
-0.204	0.796	0	0	0	1	0	0	0	1.00529	0.80021085	-0.00018801729	5.3925491e-06	-8.488998e-06	6.5048464e-06	-3.755983e-05	9.253451e-07	-9.2627118e-06	3.6040593e-06	4.4246197e-07	7.5044885e-05	3.4182269e-05	-0.00018801308	-0.0001883445	0.0017596781
-0.206	0.794	0	0	0	1	0	0	0	1.0052709	0.79818506	-0.00018817771	5.3548751e-06	-8.5285095e-06	6.4756382e-06	-3.7569818e-05	9.6442739e-07	-9.3313395e-06	3.6570407e-06	4.4388811e-07	7.5101213e-05	3.4559118e-05	-0.00018817343	-0.00018850423	0.0017548853
-0.208	0.792	0	0	0	1	0	0	0	1.0052514	0.79615913	-0.00018833709	5.316402e-06	-8.5681032e-06	6.4452594e-06	-3.7578674e-05	1.0049076e-06	-9.4005146e-06	3.711331e-06	4.4527355e-07	7.515683e-05	3.4936286e-05	-0.00018833273	-0.00018866292	0.0017501381
-0.21	0.79	0	0	0	1	0	0	0	1.0052317	0.79413307	-0.00018849541	5.2771119e-06	-8.6078072e-06	6.4136773e-06	-3.7586347e-05	1.04682e-06	-9.4702766e-06	3.7669638e-06	4.46618e-07	7.5211714e-05	3.531377e-05	-0.00018849098	-0.00018882056	0.0017454388
-0.212	0.788	0	0	0	1	0	0	0	1.0052117	0.79210686	-0.00018865266	5.2369869e-06	-8.6476495e-06	6.3808585e-06	-3.7592785e-05	1.0901991e-06	-9.5406661e-06	3.8239733e-06	4.4792113e-07	7.5265841e-05	3.5691568e-05	-0.00018864815	-0.00018897712	0.0017407894
-0.214	0.786	0	0	0	1	0	0	0	1.0051915	0.79008049	-0.00018880881	5.1960092e-06	-8.6876588e-06	6.3467694e-06	-3.7597933e-05	1.1350803e-06	-9.6117243e-06	3.8823941e-06	4.4918258e-07	7.5319186e-05	3.6069678e-05	-0.00018880422	-0.00018913259	0.0017361923
-0.216	0.784	0	0	0	1	0	0	0	1.0051709	0.78805396	-0.00018896383	5.1541608e-06	-8.7278637e-06	6.3113761e-06	-3.7601735e-05	1.1814993e-06	-9.6834934e-06	3.9422613e-06	4.5040191e-07	7.537172e-05	3.6448098e-05	-0.00018895915	-0.00018928693	0.0017316497
-0.218	0.782	0	0	0	1	0	0	0	1.0051499	0.78602726	-0.0001891177	5.1114238e-06	-8.7682933e-06	6.2746443e-06	-3.7604131e-05	1.2294921e-06	-9.7560162e-06	4.0036101e-06	4.5157868e-07	7.5423416e-05	3.6826826e-05	-0.00018911293	-0.00018944013	0.0017271643
-0.22	0.78	0	0	0	1	0	0	0	1.0051287	0.78400038	-0.00018927038	5.0677806e-06	-8.8089768e-06	6.2365395e-06	-3.7605059e-05	1.2790952e-06	-9.8293365e-06	4.066476e-06	4.5271238e-07	7.5474243e-05	3.7205859e-05	-0.00018926553	-0.00018959215	0.0017227385
-0.222	0.778	0	0	0	1	0	0	0	1.0051071	0.7819733	-0.00018942185	5.0232137e-06	-8.8499439e-06	6.1970272e-06	-3.7604457e-05	1.3303449e-06	-9.903499e-06	4.1308946e-06	4.5380246e-07	7.5524169e-05	3.7585194e-05	-0.00018941691	-0.00018974296	0.0017183752
-0.224	0.776	0	0	0	1	0	0	0	1.0050851	0.77994602	-0.00018957208	4.9777061e-06	-8.8912242e-06	6.156073e-06	-3.7602259e-05	1.3832779e-06	-9.978549e-06	4.1969013e-06	4.5484833e-07	7.5573163e-05	3.7964831e-05	-0.00018956703	-0.00018989252	0.0017140773
-0.226	0.774	0	0	0	1	0	0	0	1.0050627	0.77791853	-0.00018972102	4.9312409e-06	-8.9328477e-06	6.1136427e-06	-3.7598396e-05	1.4379305e-06	-1.0054533e-05	4.2645314e-06	4.5584934e-07	7.5621188e-05	3.8344765e-05	-0.00018971587	-0.00019004081	0.0017098477
-0.228	0.772	0	0	0	1	0	0	0	1.0050399	0.77589081	-0.00018986864	4.8838019e-06	-8.9748446e-06	6.0697022e-06	-3.75928e-05	1.4943392e-06	-1.0131497e-05	4.33382e-06	4.568048e-07	7.5668211e-05	3.8724994e-05	-0.00018986338	-0.00019018778	0.0017056898
-0.23	0.77	0	0	0	1	0	0	0	1.0050167	0.77386285	-0.00019001489	4.8353737e-06	-9.0172451e-06	6.024218e-06	-3.7585398e-05	1.5525396e-06	-1.020949e-05	4.4048015e-06	4.5771399e-07	7.5714192e-05	3.9105516e-05	-0.00019000953	-0.0001903334	0.0017016069
-0.232	0.768	0	0	0	1	0	0	0	1.004993	0.77183465	-0.00019015974	4.7859414e-06	-9.0600794e-06	5.9771572e-06	-3.7576116e-05	1.6125671e-06	-1.0288559e-05	4.4775098e-06	4.5857611e-07	7.5759095e-05	3.9486327e-05	-0.00019015427	-0.00019047762	0.0016976025
-0.234	0.766	0	0	0	1	0	0	0	1.0049689	0.7698062	-0.00019030315	4.735491e-06	-9.1033779e-06	5.9284876e-06	-3.756488e-05	1.6744563e-06	-1.0368753e-05	4.5519779e-06	4.5939034e-07	7.5802878e-05	3.9867426e-05	-0.00019029755	-0.0001906204	0.0016936804
-0.236	0.764	0	0	0	1	0	0	0	1.0049443	0.76777747	-0.00019044505	4.6840095e-06	-9.1471708e-06	5.878178e-06	-3.7551613e-05	1.7382407e-06	-1.0450122e-05	4.6282375e-06	4.6015579e-07	7.5845503e-05	4.0248809e-05	-0.00019043933	-0.00019076169	0.0016898446
-0.238	0.762	0	0	0	1	0	0	0	1.0049192	0.76574845	-0.00019058541	4.6314852e-06	-9.1914883e-06	5.8261983e-06	-3.7536237e-05	1.8039527e-06	-1.0532715e-05	4.7063195e-06	4.6087153e-07	7.5886926e-05	4.0630473e-05	-0.00019057957	-0.00019090145	0.0016860993
-0.24	0.76	0	0	0	1	0	0	0	1.0048936	0.76371915	-0.00019072418	4.5779073e-06	-9.2363604e-06	5.7725199e-06	-3.7518674e-05	1.8716235e-06	-1.0616582e-05	4.786253e-06	4.615366e-07	7.5927105e-05	4.1012415e-05	-0.0001907182	-0.00019103962	0.0016824488
-0.242	0.758	0	0	0	1	0	0	0	1.0048675	0.76168953	-0.0001908613	4.5232668e-06	-9.2818165e-06	5.7171158e-06	-3.7498844e-05	1.9412823e-06	-1.0701773e-05	4.8680653e-06	4.6214999e-07	7.5965997e-05	4.1394631e-05	-0.00019085519	-0.00019117615	0.0016788977
-0.244	0.756	0	0	0	1	0	0	0	1.0048407	0.75965959	-0.00019099671	4.4675561e-06	-9.3278861e-06	5.6599604e-06	-3.7476666e-05	2.0129568e-06	-1.0788339e-05	4.9517819e-06	4.6271062e-07	7.6003556e-05	4.1777119e-05	-0.00019099046	-0.000191311	0.001675451
-0.246	0.754	0	0	0	1	0	0	0	1.0048134	0.75762932	-0.00019113038	4.4107694e-06	-9.3745978e-06	5.6010307e-06	-3.7452062e-05	2.0866723e-06	-1.0876329e-05	5.0374259e-06	4.632174e-07	7.603974e-05	4.2159875e-05	-0.00019112398	-0.0001914441	0.0016721135
-0.248	0.752	0	0	0	1	0	0	0	1.0047855	0.75559871	-0.00019126222	4.3529026e-06	-9.4219799e-06	5.5403057e-06	-3.7424952e-05	2.1624519e-06	-1.0965794e-05	5.1250182e-06	4.6366919e-07	7.6074502e-05	4.2542896e-05	-0.00019125568	-0.0001915754	0.0016688906
-0.25	0.75	0	0	0	1	0	0	0	1.004757	0.75356773	-0.0001913922	4.2939537e-06	-9.4700599e-06	5.4777667e-06	-3.7395256e-05	2.2403159e-06	-1.1056782e-05	5.2145764e-06	4.6406482e-07	7.6107798e-05	4.2926177e-05	-0.00019138551	-0.00019170485	0.0016657878
-0.252	0.748	0	0	0	1	0	0	0	1.0047278	0.75153638	-0.00019152025	4.2339231e-06	-9.5188642e-06	5.4133981e-06	-3.7362899e-05	2.3202818e-06	-1.1149342e-05	5.3061156e-06	4.6440309e-07	7.6139583e-05	4.3309715e-05	-0.0001915134	-0.00019183238	0.0016628106
-0.254	0.746	0	0	0	1	0	0	0	1.0046979	0.74950465	-0.00019164632	4.1728132e-06	-9.5684187e-06	5.3471871e-06	-3.7327804e-05	2.4023636e-06	-1.1243523e-05	5.3996472e-06	4.6468277e-07	7.6169812e-05	4.3693506e-05	-0.0001916393	-0.00019195794	0.001659965
-0.256	0.744	0	0	0	1	0	0	0	1.0046674	0.74747251	-0.00019177033	4.1106291e-06	-9.6187478e-06	5.2791242e-06	-3.7289899e-05	2.4865723e-06	-1.1339371e-05	5.4951792e-06	4.649026e-07	7.6198442e-05	4.4077547e-05	-0.00019176314	-0.00019208147	0.0016572568
-0.258	0.742	0	0	0	1	0	0	0	1.0046361	0.74543997	-0.00019189223	4.0473782e-06	-9.6698751e-06	5.2092032e-06	-3.7249112e-05	2.5729147e-06	-1.1436932e-05	5.5927159e-06	4.6506132e-07	7.6225428e-05	4.4461832e-05	-0.00019188488	-0.00019220291	0.0016546924
-0.26	0.74	0	0	0	1	0	0	0	1.0046041	0.74340701	-0.00019201197	3.9830709e-06	-9.7218224e-06	5.1374217e-06	-3.7205377e-05	2.6613939e-06	-1.1536251e-05	5.6922572e-06	4.6515764e-07	7.6250731e-05	4.4846359e-05	-0.00019200444	-0.00019232221	0.0016522778
-0.262	0.738	0	0	0	1	0	0	0	1.0045713	0.74137361	-0.00019212948	3.9177201e-06	-9.7746105e-06	5.063781e-06	-3.7158632e-05	2.7520088e-06	-1.1637369e-05	5.7937992e-06	4.6519028e-07	7.6274308e-05	4.5231121e-05	-0.00019212177	-0.0001924393	0.0016500194
-0.264	0.736	0	0	0	1	0	0	0	1.0045377	0.73933976	-0.00019224471	3.8513418e-06	-9.8282581e-06	4.9882864e-06	-3.7108818e-05	2.8447539e-06	-1.1740328e-05	5.897333e-06	4.6515796e-07	7.6296123e-05	4.5616116e-05	-0.00019223681	-0.00019255412	0.0016479235
-0.266	0.734	0	0	0	1	0	0	0	1.0045033	0.73730546	-0.00019235759	3.7839548e-06	-9.8827827e-06	4.9109473e-06	-3.7055882e-05	2.939619e-06	-1.1845168e-05	6.0028456e-06	4.650594e-07	7.6316137e-05	4.6001338e-05	-0.0001923495	-0.00019266663	0.0016459966
-0.268	0.732	0	0	0	1	0	0	0	1.0044682	0.73527069	-0.00019246807	3.7155808e-06	-9.9381995e-06	4.8317775e-06	-3.6999778e-05	3.0365894e-06	-1.1951923e-05	6.1103188e-06	4.6489334e-07	7.6334317e-05	4.6386782e-05	-0.00019245979	-0.00019277676	0.0016442448
-0.27	0.73	0	0	0	1	0	0	0	1.0044321	0.73323544	-0.00019257609	3.6462445e-06	-9.9945221e-06	4.750795e-06	-3.6940464e-05	3.1356454e-06	-1.2060629e-05	6.2197298e-06	4.6465855e-07	7.6350631e-05	4.6772445e-05	-0.00019256761	-0.00019288446	0.0016426743
-0.272	0.728	0	0	0	1	0	0	0	1.0043952	0.73119971	-0.0001926816	3.5759737e-06	-1.0051762e-05	4.6680222e-06	-3.6877908e-05	3.2367624e-06	-1.2171317e-05	6.3310507e-06	4.6435382e-07	7.6365052e-05	4.715832e-05	-0.00019267293	-0.00019298968	0.0016412912
-0.274	0.726	0	0	0	1	0	0	0	1.0043574	0.72916348	-0.00019278455	3.504799e-06	-1.0109928e-05	4.5834858e-06	-3.6812083e-05	3.3399109e-06	-1.2284016e-05	6.4442487e-06	4.6397799e-07	7.6377553e-05	4.7544403e-05	-0.00019277568	-0.00019309237	0.0016401013
-0.276	0.724	0	0	0	1	0	0	0	1.0043187	0.72712675	-0.0001928849	3.4327537e-06	-1.0169029e-05	4.4972168e-06	-3.674297e-05	3.4450564e-06	-1.2398752e-05	6.5592861e-06	4.6352995e-07	7.6388112e-05	4.793069e-05	-0.00019287582	-0.00019319248	0.0016391101
-0.278	0.722	0	0	0	1	0	0	0	1.0042791	0.7250895	-0.00019298258	3.359874e-06	-1.0229068e-05	4.4092508e-06	-3.6670561e-05	3.5521596e-06	-1.2515548e-05	6.6761201e-06	4.6300862e-07	7.6396712e-05	4.8317173e-05	-0.0001929733	-0.00019328997	0.0016383227
-0.28	0.72	0	0	0	1	0	0	0	1.0042385	0.72305175	-0.00019307757	3.2861986e-06	-1.0290048e-05	4.3196273e-06	-3.6594854e-05	3.6611763e-06	-1.2634423e-05	6.7947034e-06	4.6241302e-07	7.6403337e-05	4.8703849e-05	-0.00019306808	-0.0001933848	0.0016377442
-0.282	0.718	0	0	0	1	0	0	0	1.004197	0.72101347	-0.00019316982	3.2117689e-06	-1.035197e-05	4.2283897e-06	-3.6515858e-05	3.7720576e-06	-1.2755395e-05	6.9149838e-06	4.617422e-07	7.6407979e-05	4.9090713e-05	-0.00019316013	-0.00019347692	0.0016373788
-0.284	0.716	0	0	0	1	0	0	0	1.0041546	0.71897467	-0.0001932593	3.1366284e-06	-1.0414833e-05	4.1355856e-06	-3.6433588e-05	3.8847501e-06	-1.2878477e-05	7.0369048e-06	4.609953e-07	7.641063e-05	4.9477757e-05	-0.0001932494	-0.00019356631	0.0016372304
-0.286	0.714	0	0	0	1	0	0	0	1.0041111	0.71693535	-0.00019334597	3.0608227e-06	-1.0478632e-05	4.0412658e-06	-3.6348073e-05	3.9991962e-06	-1.3003678e-05	7.1604055e-06	4.6017156e-07	7.641129e-05	4.9864978e-05	-0.00019333586	-0.00019365293	0.0016373024
-0.288	0.712	0	0	0	1	0	0	0	1.0040667	0.71489549	-0.0001934298	2.9843992e-06	-1.0543361e-05	3.9454849e-06	-3.6259348e-05	4.1153341e-06	-1.3131006e-05	7.2854214e-06	4.5927028e-07	7.640996e-05	5.0252369e-05	-0.00019341949	-0.00019373675	0.0016375977
-0.29	0.71	0	0	0	1	0	0	0	1.0040213	0.7128551	-0.00019351078	2.9074072e-06	-1.0609011e-05	3.8483002e-06	-3.6167458e-05	4.2330985e-06	-1.3260464e-05	7.4118839e-06	4.5829087e-07	7.6406648e-05	5.0639925e-05	-0.00019350025	-0.00019381775	0.0016381185
-0.292	0.708	0	0	0	1	0	0	0	1.0039748	0.71081419	-0.00019358887	2.8298971e-06	-1.0675573e-05	3.7497719e-06	-3.6072459e-05	4.3524203e-06	-1.3392053e-05	7.5397215e-06	4.5723281e-07	7.6401366e-05	5.102764e-05	-0.00019357814	-0.00019389591	0.0016388663
-0.294	0.706	0	0	0	1	0	0	0	1.0039274	0.70877275	-0.00019366407	2.7519207e-06	-1.0743033e-05	3.6499627e-06	-3.5974413e-05	4.4732276e-06	-1.3525771e-05	7.6688592e-06	4.5609572e-07	7.6394128e-05	5.1415508e-05	-0.00019365313	-0.00019397121	0.001639842
-0.296	0.704	0	0	0	1	0	0	0	1.0038789	0.70673078	-0.00019373635	2.6735305e-06	-1.0811378e-05	3.5489374e-06	-3.5873394e-05	4.5954457e-06	-1.3661612e-05	7.79922e-06	4.5487927e-07	7.6384955e-05	5.1803525e-05	-0.00019372521	-0.00019404365	0.0016410459
-0.298	0.702	0	0	0	1	0	0	0	1.0038295	0.70468828	-0.00019380572	2.5947798e-06	-1.0880592e-05	3.4467623e-06	-3.5769482e-05	4.7189975e-06	-1.3799567e-05	7.9307242e-06	4.5358326e-07	7.6373872e-05	5.2191683e-05	-0.00019379438	-0.00019411321	0.0016424777
-0.3	0.7	0	0	0	1	0	0	0	1.003779	0.70264528	-0.00019387216	2.5157219e-06	-1.0950657e-05	3.3435054e-06	-3.5662767e-05	4.8438039e-06	-1.3939626e-05	8.0632906e-06	4.522076e-07	7.6360906e-05	5.2579978e-05	inf	inf	inf
