lambda	F11	F12	F13	F21	F22	F23	F31	F32	F33	J	P11	P12	P13	P21	P22	P23	P31	P32	P33	p	StrEn	t(1)	t(2)	d
0	1	0	0	0	1	0	0	0	1	1	0	0	0	0	0	0	0	0	0	-0	0	inf	inf	inf
0.002	1.002	0	0	0	1.002	0	0	0	1.002	1.006012	1.7222969e-05	2.070719e-07	-3.9161202e-08	1.9128316e-07	1.8726864e-05	4.1980341e-08	-4.0351331e-08	4.1241648e-08	1.876522e-05	-1.8238351e-05	5.4115465e-08	5.4715053e-05	5.5050259e-05	0.0060890902
0.004	1.004	0	0	0	1.004	0	0	0	1.004	1.0120481	3.5395619e-05	3.9122918e-07	-6.1753493e-08	3.6105047e-07	3.8245978e-05	1.0594884e-07	-6.4164495e-08	1.0476076e-07	3.822057e-05	-3.7287389e-05	2.2020103e-07	0.00011186217	0.00011196379	0.00090762255
0.006	1.006	0	0	0	1.006	0	0	0	1.006	1.0181082	5.4171194e-05	5.5298741e-07	-6.5477223e-08	5.1020824e-07	5.8188754e-05	1.8088143e-07	-6.8509303e-08	1.8002695e-07	5.8046792e-05	-5.6802247e-05	5.0197062e-07	0.00017040674	0.00017037053	-0.00021254334
0.008	1.008	0	0	0	1.008	0	0	0	1.008	1.0241925	7.33617e-05	7.0240973e-07	-5.341907e-08	6.4866024e-07	7.8383242e-05	2.5945312e-07	-5.6412188e-08	2.5971393e-07	7.8106565e-05	-7.6617169e-05	9.0168315e-07	0.00022985151	0.00022972368	-0.00055644079
0.01	1.01	0	0	0	1.01	0	0	0	1.01	1.030301	9.2858008e-05	8.4171688e-07	-3.0596566e-08	7.7838524e-07	9.8742908e-05	3.3866348e-07	-3.2949864e-08	3.4070997e-07	9.8330641e-05	-9.6643852e-05	1.4208653e-06	0.00028993156	0.00028973604	-0.00067480023
0.012	1.012	0	0	0	1.012	0	0	0	1.012	1.0364337	0.00011258937	9.7163706e-07	-1.458511e-09	8.9988813e-07	0.00011921895	4.1712722e-07	-2.6560413e-09	4.2149399e-07	0.0001186777	-0.00011682867	2.0606273e-06	0.00035048602	0.00035023729	-0.00071019431
0.014	1.014	0	0	0	1.014	0	0	0	1.014	1.0425907	0.00013250649	1.092839e-06	3.0759587e-08	1.0136463e-06	0.00013978128	4.9412882e-07	3.1147535e-08	5.0122235e-07	0.00013912037	-0.00013713605	2.8218145e-06	0.00041140814	0.00041111594	-0.00071074302
0.016	1.016	0	0	0	1.016	0	0	0	1.016	1.0487721	0.00015257336	1.206053e-06	6.39164e-08	1.12023e-06	0.00016041005	5.692828e-07	6.6240661e-08	5.7939945e-07	0.00015963937	-0.00015754093	3.7050911e-06	0.00047262279	0.0004722942	-0.00069572696
0.018	1.018	0	0	0	1.018	0	0	0	1.018	1.0549778	0.0001727629	1.3120143e-06	9.6683275e-08	1.2202424e-06	0.00018109152	6.4238665e-07	1.0122632e-07	6.5573241e-07	0.00018022055	-0.00017802499	4.7109913e-06	0.00053407496	0.00053371535	-0.00067378733
0.02	1.02	0	0	0	1.02	0	0	0	1.02	1.061208	0.00019305418	1.4114174e-06	1.2828725e-07	1.3142696e-06	0.00020181574	7.1334594e-07	1.3527427e-07	7.3005483e-07	0.00020085322	-0.00019857438	5.8399525e-06	0.00059572314	0.00059533672	-0.00064908843
0.022	1.022	0	0	0	1.022	0	0	0	1.022	1.0674626	0.0002134308	1.5048945e-06	1.5831812e-07	1.4028557e-06	0.00022257534	7.8213207e-07	1.6792743e-07	8.022821e-07	0.0002215291	-0.00021917841	7.0923381e-06	0.00065753524	0.00065712537	-0.00062372472
0.024	1.024	0	0	0	1.024	0	0	0	1.024	1.0737418	0.00023387966	1.59301e-06	1.8659472e-07	1.4864928e-06	0.00024336466	8.4875702e-07	1.9896693e-07	8.7238337e-07	0.00024224168	-0.00023982867	8.468454e-06	0.000719486	0.00071905546	-0.00059876599
0.026	1.026	0	0	0	1.026	0	0	0	1.026	1.0800456	0.00025439019	1.6762626e-06	2.1307606e-07	1.5656211e-06	0.00026417929	9.1325749e-07	2.2832174e-07	9.4036337e-07	0.00026298577	-0.00026051841	9.96856e-06	0.00078155524	0.0007811063	-0.00057474919
0.028	1.028	0	0	0	1.028	0	0	0	1.028	1.086374	0.00027495376	1.7550912e-06	2.3780359e-07	1.6406314e-06	0.00028501571	9.7568498e-07	2.5600972e-07	1.0062502e-06	0.00028375712	-0.0002812422	1.1592879e-05	0.00084372659	0.00084326117	-0.00055192472
0.03	1.03	0	0	0	1.03	0	0	0	1.03	1.092727	0.00029556325	1.8298816e-06	2.6086455e-07	1.7118697e-06	0.00030587108	1.0360993e-06	2.8209959e-07	1.070087e-06	0.00030455228	-0.00030199554	1.3341605e-05	0.00090598662	0.00090550635	-0.00053038594
0.032	1.032	0	0	0	1.032	0	0	0	1.032	1.0991048	0.00031621276	1.9009733e-06	2.8236892e-07	1.7796429e-06	0.00032674309	1.0945645e-06	3.0668695e-07	1.1319264e-06	0.00032536837	-0.00032277474	1.5214905e-05	0.00096832421	0.00096783049	-0.00051013979
0.034	1.034	0	0	0	1.034	0	0	0	1.034	1.1055073	0.00033689732	1.9686658e-06	3.0243533e-07	1.8442229e-06	0.0003476298	1.1511461e-06	3.2987924e-07	1.1918265e-06	0.00034620298	-0.0003435767	1.7212927e-05	0.0010307301	0.0010302241	-0.00049114648
0.036	1.036	0	0	0	1.036	0	0	0	1.036	1.1119347	0.00035761275	2.033224e-06	3.2118257e-07	1.9058518e-06	0.00036852958	1.2059092e-06	3.517866e-07	1.2498482e-06	0.00036705407	-0.0003643988	1.9335801e-05	0.0010931964	0.0010926792	-0.00047334214
0.038	1.038	0	0	0	1.038	0	0	0	1.038	1.1183869	0.00037835551	2.094883e-06	3.3872484e-07	1.9647449e-06	0.00038944109	1.2589179e-06	3.7251651e-07	1.3060535e-06	0.00038791991	-0.00038523884	2.1583643e-05	0.0011557165	0.001155189	-0.00045665193
0.04	1.04	0	0	0	1.04	0	0	0	1.04	1.124864	0.00039912255	2.153852e-06	3.5516909e-07	2.0210949e-06	0.00041036313	1.3102341e-06	3.921707e-07	1.3605039e-06	0.00040879903	-0.0004060949	2.3956557e-05	0.0012182847	0.0012177477	-0.00044099764
0.042	1.042	0	0	0	1.042	0	0	0	1.042	1.1313661	0.00041991127	2.2103184e-06	3.7061393e-07	2.0750745e-06	0.00043129472	1.3599173e-06	4.1084374e-07	1.4132599e-06	0.00042969013	-0.00042696537	2.6454634e-05	0.0012808961	0.0012803503	-0.00042630197
0.044	1.044	0	0	0	1.044	0	0	0	1.044	1.1378932	0.00044071941	2.2644499e-06	3.8514928e-07	2.1268389e-06	0.00045223497	1.4080244e-06	4.2862235e-07	1.4643801e-06	0.00045059211	-0.00044784883	2.9077958e-05	0.0013435465	0.0013429925	-0.00041249092
0.046	1.046	0	0	0	1.046	0	0	0	1.046	1.1444453	0.00046154503	2.3163975e-06	3.9885656e-07	2.1765281e-06	0.00047318313	1.45461e-06	4.4558543e-07	1.5139212e-06	0.00047150399	-0.00046874405	3.1826604e-05	0.0014062321	0.0014056706	-0.00039949504
0.048	1.048	0	0	0	1.048	0	0	0	1.048	1.1510226	0.00048238641	2.3662977e-06	4.1180916e-07	2.2242689e-06	0.00049413853	1.4997256e-06	4.6180436e-07	1.5619376e-06	0.00049242492	-0.00048964995	3.4700641e-05	0.0014689499	0.0014683812	-0.00038724989
0.05	1.05	0	0	0	1.05	0	0	0	1.05	1.157625	0.00050324206	2.4142742e-06	4.2407304e-07	2.2701759e-06	0.00051510058	1.5434203e-06	4.7734347e-07	1.6084813e-06	0.00051335415	-0.0005105656	3.7700129e-05	0.0015316968	0.0015311216	-0.00037569619
0.052	1.052	0	0	0	1.052	0	0	0	1.052	1.1642526	0.00052411066	2.4604392e-06	4.357074e-07	2.3143538e-06	0.00053606876	1.5857409e-06	4.9226057e-07	1.6536019e-06	0.00053429101	-0.00053149015	4.0825127e-05	0.0015944704	0.001593889	-0.0003647797
0.054	1.054	0	0	0	1.054	0	0	0	1.054	1.1709055	0.00054499108	2.504895e-06	4.4676531e-07	2.3568978e-06	0.00055704261	1.6267316e-06	5.0660761e-07	1.6973468e-06	0.00055523491	-0.00055242286	4.4075685e-05	0.0016572686	0.0016566814	-0.0003544509
0.056	1.056	0	0	0	1.056	0	0	0	1.056	1.1775836	0.00056588226	2.5477354e-06	4.5729438e-07	2.3978951e-06	0.00057802171	1.6664344e-06	5.2043116e-07	1.7397609e-06	0.00057618531	-0.00057336309	4.7451852e-05	0.0017200893	0.0017194966	-0.00034466473
0.058	1.058	0	0	0	1.058	0	0	0	1.058	1.1842871	0.00058678331	2.5890459e-06	4.6733729e-07	2.4374255e-06	0.00059900568	1.7048892e-06	5.3377305e-07	1.7808868e-06	0.00059714175	-0.00059431025	5.0953672e-05	0.0017829307	0.001782333	-0.00033538017
0.06	1.06	0	0	0	1.06	0	0	0	1.06	1.191016	0.00060769341	2.6289054e-06	4.7693238e-07	2.4755625e-06	0.00061999419	1.742134e-06	5.4667079e-07	1.8207653e-06	0.0006181038	-0.0006152638	5.4581184e-05	0.0018457914	0.0018451888	-0.00032655996
0.062	1.062	0	0	0	1.062	0	0	0	1.062	1.1977703	0.00062861184	2.6673865e-06	4.8611411e-07	2.5123738e-06	0.00064098693	1.7782046e-06	5.5915811e-07	1.8594349e-06	0.00063907106	-0.00063622328	5.8334427e-05	0.0019086698	0.0019080627	-0.00031817018
0.064	1.064	0	0	0	1.064	0	0	0	1.064	1.2045501	0.00064953793	2.704556e-06	4.9491352e-07	2.5479217e-06	0.00066198364	1.8131354e-06	5.7126532e-07	1.8969322e-06	0.00066004319	-0.00065718825	6.2213435e-05	0.0019715648	0.0019709534	-0.00031017999
0.066	1.066	0	0	0	1.066	0	0	0	1.066	1.2113555	0.00067047111	2.740476e-06	5.0335856e-07	2.5822641e-06	0.00068298405	1.8469588e-06	5.8301972e-07	1.933292e-06	0.00068101987	-0.00067815834	6.6218241e-05	0.002034475	0.0020338597	-0.00030256131
0.068	1.068	0	0	0	1.068	0	0	0	1.068	1.2181864	0.00069141085	2.7752038e-06	5.1147449e-07	2.6154543e-06	0.00070398794	1.879706e-06	5.9444591e-07	1.9685474e-06	0.00070200081	-0.0006991332	7.0348874e-05	0.0020973996	0.0020967804	-0.00029528853
0.07	1.07	0	0	0	1.07	0	0	0	1.07	1.225043	0.00071235666	2.8087928e-06	5.1928417e-07	2.6475423e-06	0.0007249951	1.9114064e-06	6.0556613e-07	2.0027299e-06	0.00072298575	-0.0007201125	7.4605362e-05	0.0021603375	0.0021597148	-0.0002883383
0.072	1.072	0	0	0	1.072	0	0	0	1.072	1.2319252	0.00073330812	2.8412925e-06	5.2680829e-07	2.6785741e-06	0.00074600533	1.9420883e-06	6.1640046e-07	2.0358693e-06	0.00074397444	-0.00074109596	7.8987733e-05	0.0022232879	0.0022226618	-0.00028168929
0.074	1.074	0	0	0	1.074	0	0	0	1.074	1.2388332	0.00075426484	2.8727491e-06	5.3406566e-07	2.7085931e-06	0.00076701846	1.9717784e-06	6.2696711e-07	2.0679941e-06	0.00076496666	-0.00076208332	8.349601e-05	0.00228625	0.0022856207	-0.00027532197
0.076	1.076	0	0	0	1.076	0	0	0	1.076	1.245767	0.00077522644	2.9032059e-06	5.4107338e-07	2.7376393e-06	0.00078803432	2.0005025e-06	6.3728259e-07	2.0991315e-06	0.0007859622	-0.00078307432	8.8130216e-05	0.002349223	0.0023485907	-0.00026921847
0.078	1.078	0	0	0	1.078	0	0	0	1.078	1.2527266	0.00079619261	2.9327031e-06	5.4784703e-07	2.7657505e-06	0.00080905276	2.0282851e-06	6.4736191e-07	2.1293072e-06	0.00080696089	-0.00080406875	9.2890372e-05	0.0024122063	0.0024115711	-0.0002633624
0.08	1.08	0	0	0	1.08	0	0	0	1.08	1.259712	0.00081716304	2.9612784e-06	5.5440086e-07	2.792962e-06	0.00083007365	2.0551496e-06	6.5721876e-07	2.158546e-06	0.00082796253	-0.00082506641	9.77765e-05	0.0024751992	0.0024745614	-0.00025773868
0.082	1.082	0	0	0	1.082	0	0	0	1.082	1.2667234	0.00083813747	2.9889674e-06	5.6074789e-07	2.8193068e-06	0.00085109684	2.0811185e-06	6.6686559e-07	2.1868714e-06	0.00084896698	-0.0008460671	0.00010278862	0.0025382013	0.002537561	-0.00025233347
0.084	1.084	0	0	0	1.084	0	0	0	1.084	1.2737607	0.00085911563	3.0158032e-06	5.6690004e-07	2.8448161e-06	0.00087212223	2.1062134e-06	6.7631382e-07	2.2143057e-06	0.00086997408	-0.00086707065	0.00010792674	0.0026012119	0.0026005693	-0.00024713399
0.086	1.086	0	0	0	1.086	0	0	0	1.086	1.2808241	0.00088009731	3.0418172e-06	5.7286828e-07	2.869519e-06	0.00089314969	2.1304546e-06	6.8557388e-07	2.2408705e-06	0.00089098369	-0.0008880769	0.0001131909	0.0026642307	0.0026635858	-0.00024212846
0.088	1.088	0	0	0	1.088	0	0	0	1.088	1.2879135	0.00090108228	3.0670386e-06	5.786627e-07	2.8934432e-06	0.00091417913	2.1538622e-06	6.9465536e-07	2.2665862e-06	0.00091199568	-0.0009090857	0.00011858109	0.0027272571	0.0027266101	-0.000237306
0.09	1.09	0	0	0	1.09	0	0	0	1.09	1.295029	0.00092207035	3.0914953e-06	5.8429258e-07	2.9166146e-06	0.00093521044	2.1764549e-06	7.0356705e-07	2.2914725e-06	0.00093300994	-0.00093009691	0.00012409734	0.0027902907	0.0027896417	-0.00023265654
0.092	1.092	0	0	0	1.092	0	0	0	1.092	1.3021707	0.00094306134	3.1152134e-06	5.897665e-07	2.9390578e-06	0.00095624354	2.1982509e-06	7.1231708e-07	2.3155481e-06	0.00095402634	-0.00095111041	0.00012973965	0.0028533312	0.0028526803	-0.00022817075
0.094	1.094	0	0	0	1.094	0	0	0	1.094	1.3093386	0.00096405508	3.1382176e-06	5.9509241e-07	2.9607959e-06	0.00097727833	2.2192679e-06	7.2091292e-07	2.3388311e-06	0.00097504479	-0.00097212606	0.00013550806	0.0029163782	0.0029157255	-0.00022383996
0.096	1.096	0	0	0	1.096	0	0	0	1.096	1.3165327	0.0009850514	3.1605312e-06	6.0027765e-07	2.9818509e-06	0.00099831473	2.2395224e-06	7.293615e-07	2.3613387e-06	0.00099606518	-0.00099314377	0.00014140256	0.0029794313	0.002978777	-0.00021965613
0.098	1.098	0	0	0	1.098	0	0	0	1.098	1.3237532	0.0010060502	3.1821764e-06	6.0532905e-07	3.0022436e-06	0.0010193527	2.2590307e-06	7.3766922e-07	2.3830874e-06	0.0010170874	-0.0010141634	0.00014742316	0.0030424903	0.0030418344	-0.00021561175
0.1	1.1	0	0	0	1.1	0	0	0	1.1	1.331	0.0010270513	3.2031739e-06	6.1025295e-07	3.0219938e-06	0.0010403921	2.2778084e-06	7.4584202e-07	2.4040931e-06	0.0010381114	-0.0010351849	0.00015356989	0.0031055548	0.0031048975	-0.00021169986
0.102	1.102	0	0	0	1.102	0	0	0	1.102	1.3382732	0.0010480545	3.2235438e-06	6.1505525e-07	3.0411201e-06	0.0010614329	2.2958702e-06	7.5388545e-07	2.4243711e-06	0.0010591371	-0.0010562082	0.00015984275	0.0031686246	0.0031679659	-0.00020791394
0.104	1.104	0	0	0	1.104	0	0	0	1.104	1.3455729	0.0010690599	3.2433047e-06	6.1974146e-07	3.0596403e-06	0.0010824751	2.3132308e-06	7.6180465e-07	2.443936e-06	0.0010801644	-0.0010772331	0.00016624176	0.0032316994	0.0032310394	-0.0002042479
0.106	1.106	0	0	0	1.106	0	0	0	1.106	1.352899	0.0010900672	3.2624745e-06	6.2431672e-07	3.0775714e-06	0.0011035185	2.3299038e-06	7.6960442e-07	2.4628019e-06	0.0011011932	-0.0010982596	0.00017276691	0.0032947789	0.0032941178	-0.00020069605
0.108	1.108	0	0	0	1.108	0	0	0	1.108	1.3602517	0.0011110764	3.2810702e-06	6.2878584e-07	3.0949294e-06	0.0011245631	2.3459027e-06	7.7728927e-07	2.4809823e-06	0.0011222235	-0.0011192877	0.00017941823	0.003357863	0.0033572008	-0.00019725306
0.11	1.11	0	0	0	1.11	0	0	0	1.11	1.367631	0.0011320873	3.299108e-06	6.3315333e-07	3.1117297e-06	0.0011456089	2.3612404e-06	7.8486341e-07	2.4984903e-06	0.0011432552	-0.0011403171	0.00018619572	0.0034209514	0.0034202882	-0.00019391391
0.112	1.112	0	0	0	1.112	0	0	0	1.112	1.3750369	0.0011530999	3.3166032e-06	6.3742341e-07	3.1279869e-06	0.0011666559	2.3759292e-06	7.9233078e-07	2.5153384e-06	0.0011642882	-0.001161348	0.00019309938	0.003484044	0.0034833798	-0.00019067391
0.114	1.114	0	0	0	1.114	0	0	0	1.114	1.3824695	0.001174114	3.3335703e-06	6.4160005e-07	3.143715e-06	0.0011877039	2.3899812e-06	7.9969511e-07	2.5315387e-06	0.0011853225	-0.0011823801	0.00020012923	0.0035471404	0.0035464754	-0.00018752864
0.116	1.116	0	0	0	1.116	0	0	0	1.116	1.3899289	0.0011951297	3.3500235e-06	6.4568699e-07	3.1589273e-06	0.0012087529	2.4034079e-06	8.0695989e-07	2.5471029e-06	0.0012063581	-0.0012034136	0.00020728528	0.0036102407	0.0036095748	-0.00018447394
0.118	1.118	0	0	0	1.118	0	0	0	1.118	1.397415	0.0012161469	3.3659758e-06	6.4968774e-07	3.1736365e-06	0.0012298029	2.4162205e-06	8.1412843e-07	2.5620422e-06	0.0012273947	-0.0012244482	0.00021456753	0.0036733445	0.0036726778	-0.00018150589
0.12	1.12	0	0	0	1.12	0	0	0	1.12	1.404928	0.0012371653	3.38144e-06	6.5360562e-07	3.1878547e-06	0.0012508538	2.4284298e-06	8.2120385e-07	2.5763674e-06	0.0012484326	-0.0012454839	0.00022197599	0.0037364517	0.0037357844	-0.0001786208
0.122	1.122	0	0	0	1.122	0	0	0	1.122	1.4124678	0.0012581851	3.3964282e-06	6.5744376e-07	3.2015936e-06	0.0012719056	2.4400461e-06	8.281891e-07	2.590089e-06	0.0012694714	-0.0012665207	0.00022951067	0.0037995621	0.0037988942	-0.00017581516
0.124	1.124	0	0	0	1.124	0	0	0	1.124	1.4200346	0.0012792061	3.4109519e-06	6.6120512e-07	3.2148643e-06	0.0012929583	2.4510796e-06	8.3508699e-07	2.603217e-06	0.0012905114	-0.0012875586	0.00023717157	0.0038626757	0.0038620073	-0.00017308568
0.126	1.126	0	0	0	1.126	0	0	0	1.126	1.4276284	0.0013002283	3.4250221e-06	6.6489251e-07	3.2276775e-06	0.0013140117	2.4615399e-06	8.4190019e-07	2.6157613e-06	0.0013115522	-0.0013085974	0.0002449587	0.0039257923	0.0039251233	-0.00017042922
0.128	1.128	0	0	0	1.128	0	0	0	1.128	1.4352492	0.0013212516	3.4386495e-06	6.6850857e-07	3.2400434e-06	0.001335066	2.4714365e-06	8.4863122e-07	2.6277313e-06	0.0013325941	-0.0013296372	0.00025287206	0.0039889117	0.0039882423	-0.00016784283
0.13	1.13	0	0	0	1.13	0	0	0	1.13	1.442897	0.0013422759	3.451844e-06	6.7205584e-07	3.2519717e-06	0.001356121	2.4807784e-06	8.5528251e-07	2.6391359e-06	0.0013536368	-0.0013506779	0.00026091167	0.0040520338	0.004051364	-0.00016532369
0.132	1.132	0	0	0	1.132	0	0	0	1.132	1.450572	0.0013633013	3.4646153e-06	6.755367e-07	3.2634719e-06	0.0013771768	2.4895743e-06	8.6185637e-07	2.6499841e-06	0.0013746804	-0.0013717195	0.00026907752	0.0041151585	0.0041144884	-0.00016286913
0.134	1.134	0	0	0	1.134	0	0	0	1.134	1.4582741	0.0013843276	3.4769727e-06	6.7895343e-07	3.274553e-06	0.0013982332	2.4978329e-06	8.6835499e-07	2.6602843e-06	0.0013957249	-0.0013927619	0.00027736962	0.0041782857	0.0041776153	-0.00016047663
0.136	1.136	0	0	0	1.136	0	0	0	1.136	1.4660035	0.0014053549	3.4889249e-06	6.823082e-07	3.2852236e-06	0.0014192903	2.5055622e-06	8.7478051e-07	2.6700447e-06	0.0014167701	-0.0014138051	0.00028578798	0.0042414152	0.0042407446	-0.00015814375
0.138	1.138	0	0	0	1.138	0	0	0	1.138	1.4737601	0.001426383	3.5004805e-06	6.8560308e-07	3.295492e-06	0.001440348	2.5127703e-06	8.8113495e-07	2.6792733e-06	0.0014378161	-0.001434849	0.0002943326	0.004304547	0.0043038762	-0.00015586822
0.14	1.14	0	0	0	1.14	0	0	0	1.14	1.481544	0.0014474119	3.5116476e-06	6.8884004e-07	3.3053662e-06	0.0014614063	2.5194647e-06	8.8742026e-07	2.6879778e-06	0.0014588628	-0.0014558937	0.00030300349	0.004367681	0.00436701	-0.00015364783
0.142	1.142	0	0	0	1.142	0	0	0	1.142	1.4893553	0.0014684417	3.5224339e-06	6.9202096e-07	3.3148538e-06	0.0014824652	2.525653e-06	8.9363831e-07	2.6961656e-06	0.0014799102	-0.001476939	0.00031180064	0.004430817	0.004430146	-0.00015148049
0.144	1.144	0	0	0	1.144	0	0	0	1.144	1.497194	0.0014894722	3.5328469e-06	6.9514764e-07	3.3239623e-06	0.0015035246	2.5313422e-06	8.9979092e-07	2.7038439e-06	0.0015009583	-0.001497985	0.00032072407	0.004493955	0.0044932839	-0.00014936422
0.146	1.146	0	0	0	1.146	0	0	0	1.146	1.5050601	0.0015105034	3.5428938e-06	6.9822181e-07	3.3326986e-06	0.0015245846	2.5365395e-06	9.0587983e-07	2.7110197e-06	0.001522007	-0.0015190316	0.00032977378	0.0045570949	0.0045564238	-0.00014729711
0.148	1.148	0	0	0	1.148	0	0	0	1.148	1.5129538	0.0015315353	3.5525813e-06	7.0124513e-07	3.3410696e-06	0.001545645	2.5412514e-06	9.1190673e-07	2.7176998e-06	0.0015430563	-0.0015400789	0.00033894977	0.0046202366	0.0046195655	-0.00014527734
0.15	1.15	0	0	0	1.15	0	0	0	1.15	1.520875	0.0015525678	3.5619161e-06	7.0421917e-07	3.3490819e-06	0.001566706	2.5454845e-06	9.1787326e-07	2.7238907e-06	0.0015641062	-0.0015611267	0.00034825204	0.00468338	0.0046827089	-0.00014330315
0.152	1.152	0	0	0	1.152	0	0	0	1.152	1.5288238	0.001573601	3.5709045e-06	7.0714546e-07	3.3567417e-06	0.0015877674	2.5492451e-06	9.23781e-07	2.7295988e-06	0.0015851567	-0.001582175	0.0003576806	0.004746525	0.0047458541	-0.00014137289
0.154	1.154	0	0	0	1.154	0	0	0	1.154	1.5368003	0.0015946347	3.5795525e-06	7.1002546e-07	3.3640552e-06	0.0016088292	2.5525392e-06	9.2963149e-07	2.7348301e-06	0.0016062077	-0.0016032239	0.00036723546	0.0048096716	0.0048090008	-0.00013948494
0.156	1.156	0	0	0	1.156	0	0	0	1.156	1.5448044	0.001615669	3.587866e-06	7.1286058e-07	3.3710281e-06	0.0016298914	2.5553728e-06	9.3542622e-07	2.7395906e-06	0.0016272592	-0.0016242732	0.0003769166	0.0048728196	0.004872149	-0.00013763778
0.158	1.158	0	0	0	1.158	0	0	0	1.158	1.5528363	0.0016367038	3.5958506e-06	7.1565219e-07	3.377666e-06	0.001650954	2.5577515e-06	9.4116666e-07	2.7438861e-06	0.0016483112	-0.001645323	0.00038672405	0.0049359691	0.0049352987	-0.00013582991
0.16	1.16	0	0	0	1.16	0	0	0	1.16	1.560896	0.0016577391	3.6035115e-06	7.1840159e-07	3.3839745e-06	0.001672017	2.5596808e-06	9.4685421e-07	2.7477221e-06	0.0016693636	-0.0016663733	0.0003966578	0.0049991198	0.0049984497	-0.00013405994
0.162	1.162	0	0	0	1.162	0	0	0	1.162	1.5689835	0.0016787749	3.6108541e-06	7.2111004e-07	3.3899586e-06	0.0016930804	2.5611662e-06	9.5249026e-07	2.751104e-06	0.0016904165	-0.001687424	0.00040671785	0.0050622719	0.0050616021	-0.00013232648
0.164	1.164	0	0	0	1.164	0	0	0	1.164	1.5770989	0.0016998112	3.6178831e-06	7.2377877e-07	3.3956235e-06	0.0017141441	2.5622126e-06	9.5807617e-07	2.7540372e-06	0.0017114699	-0.001708475	0.00041690421	0.0051254251	0.0051247557	-0.00013062823
0.166	1.166	0	0	0	1.166	0	0	0	1.166	1.5852423	0.0017208478	3.6246033e-06	7.2640897e-07	3.4009739e-06	0.0017352081	2.5628251e-06	9.6361325e-07	2.7565266e-06	0.0017325236	-0.0017295265	0.00042721687	0.0051885795	0.0051879105	-0.00012896393
0.168	1.168	0	0	0	1.168	0	0	0	1.168	1.5934136	0.0017418849	3.6310194e-06	7.2900177e-07	3.4060145e-06	0.0017562724	2.5630085e-06	9.6910282e-07	2.7585771e-06	0.0017535777	-0.0017505783	0.00043765585	0.005251735	0.0052510663	-0.00012733236
0.17	1.17	0	0	0	1.17	0	0	0	1.17	1.601613	0.0017629223	3.6371357e-06	7.3155831e-07	3.4107498e-06	0.001777337	2.5627675e-06	9.7454613e-07	2.7601935e-06	0.0017746321	-0.0017716305	0.00044822114	0.0053148914	0.0053142232	-0.00012573233
0.172	1.172	0	0	0	1.172	0	0	0	1.172	1.6098404	0.0017839601	3.6429563e-06	7.3407964e-07	3.4151841e-06	0.0017984018	2.5621065e-06	9.7994443e-07	2.7613805e-06	0.0017956869	-0.0017926829	0.00045891274	0.0053780488	0.0053773812	-0.00012416272
0.174	1.174	0	0	0	1.174	0	0	0	1.174	1.618096	0.0018049982	3.6484854e-06	7.3656684e-07	3.4193216e-06	0.0018194669	2.5610298e-06	9.8529896e-07	2.7621424e-06	0.001816742	-0.0018137357	0.00046973066	0.0054412071	0.00544054	-0.00012262243
0.176	1.176	0	0	0	1.176	0	0	0	1.176	1.6263798	0.0018260366	3.6537268e-06	7.3902092e-07	3.4231662e-06	0.0018405322	2.5595417e-06	9.9061091e-07	2.7624835e-06	0.0018377975	-0.0018347888	0.0004806749	0.0055043663	0.0055036997	-0.0001211104
0.178	1.178	0	0	0	1.178	0	0	0	1.178	1.6346918	0.0018470753	3.6586843e-06	7.4144289e-07	3.4267219e-06	0.0018615977	2.5576461e-06	9.9588149e-07	2.7624082e-06	0.0018588532	-0.0018558421	0.00049174546	0.0055675262	0.0055668603	-0.00011962561
0.18	1.18	0	0	0	1.18	0	0	0	1.18	1.643032	0.0018681143	3.6633613e-06	7.4383371e-07	3.4299923e-06	0.0018826635	2.5553469e-06	1.0011119e-06	2.7619203e-06	0.0018799091	-0.0018768956	0.00050294234	0.0056306868	0.0056300216	-0.00011816706
0.182	1.182	0	0	0	1.182	0	0	0	1.182	1.6514006	0.0018891535	3.6677614e-06	7.4619436e-07	3.432981e-06	0.0019037294	2.552648e-06	1.0063032e-06	2.7610238e-06	0.0019009653	-0.0018979494	0.00051426555	0.0056938482	0.0056931836	-0.00011673379
0.184	1.184	0	0	0	1.184	0	0	0	1.184	1.6597975	0.0019101929	3.6718878e-06	7.4852575e-07	3.4356914e-06	0.0019247954	2.5495528e-06	1.0114566e-06	2.7597224e-06	0.0019220218	-0.0019190034	0.00052571508	0.0057570101	0.0057563462	-0.00011532487
0.186	1.186	0	0	0	1.186	0	0	0	1.186	1.6682229	0.0019312325	3.6757438e-06	7.5082881e-07	3.4381269e-06	0.0019458617	2.546065e-06	1.0165733e-06	2.7580199e-06	0.0019430784	-0.0019400575	0.00053729093	0.0058201726	0.0058195095	-0.0001139394
0.188	1.188	0	0	0	1.188	0	0	0	1.188	1.6766767	0.0019522723	3.6793322e-06	7.5310444e-07	3.4402906e-06	0.001966928	2.5421877e-06	1.0216543e-06	2.7559198e-06	0.0019641353	-0.0019611119	0.00054899312	0.0058833356	0.0058826733	-0.00011257649
0.19	1.19	0	0	0	1.19	0	0	0	1.19	1.685159	0.0019733123	3.682656e-06	7.5535352e-07	3.4421856e-06	0.0019879945	2.5379243e-06	1.0267008e-06	2.7534253e-06	0.0019851923	-0.0019821664	0.00056082163	0.0059464991	0.0059458377	-0.0001112353
0.192	1.192	0	0	0	1.192	0	0	0	1.192	1.6936699	0.0019943524	3.6857181e-06	7.5757694e-07	3.4438148e-06	0.0020090611	2.5332777e-06	1.0317139e-06	2.7505399e-06	0.0020062495	-0.002003221	0.00057277647	0.006009663	0.0060090025	-0.00010991499
0.194	1.194	0	0	0	1.194	0	0	0	1.194	1.7022094	0.0020153926	3.6885209e-06	7.5977555e-07	3.445181e-06	0.0020301277	2.5282511e-06	1.0366947e-06	2.7472667e-06	0.0020273068	-0.0020242757	0.00058485764	0.0060728272	0.0060721677	-0.00010861477
0.196	1.196	0	0	0	1.196	0	0	0	1.196	1.7107775	0.002036433	3.6910672e-06	7.6195021e-07	3.4462869e-06	0.0020511945	2.5228472e-06	1.0416443e-06	2.7436088e-06	0.0020483643	-0.0020453306	0.00059706514	0.0061359918	0.0061353333	-0.00010733383
0.198	1.198	0	0	0	1.198	0	0	0	1.198	1.7193744	0.0020574734	3.6933593e-06	7.6410175e-07	3.4471352e-06	0.0020722613	2.5170687e-06	1.0465638e-06	2.7395691e-06	0.0020694219	-0.0020663855	0.00060939897	0.0061991566	0.0061984991	-0.00010607141
0.2	1.2	0	0	0	1.2	0	0	0	1.2	1.728	0.002078514	3.6953996e-06	7.6623102e-07	3.4477283e-06	0.0020933281	2.5109182e-06	1.0514542e-06	2.7351503e-06	0.0020904796	-0.0020874406	0.00062185913	0.0062623217	0.0062616653	-0.00010482677
0.202	1.202	0	0	0	1.202	0	0	0	1.202	1.7366544	0.0020995545	3.6971902e-06	7.6833885e-07	3.4480687e-06	0.002114395	2.5043982e-06	1.0563167e-06	2.7303554e-06	0.0021115374	-0.0021084956	0.00063444563	0.0063254869	0.0063248317	-0.00010359917
0.204	1.204	0	0	0	1.204	0	0	0	1.204	1.7453377	0.0021205951	3.6987334e-06	7.7042607e-07	3.4481585e-06	0.0021354619	2.4975112e-06	1.0611523e-06	2.7251867e-06	0.0021325952	-0.0021295508	0.00064715846	0.0063886523	0.0063879982	-0.00010238791
0.206	1.206	0	0	0	1.206	0	0	0	1.206	1.7540498	0.0021416358	3.700031e-06	7.7249351e-07	3.448e-06	0.0021565288	2.4902593e-06	1.0659622e-06	2.719647e-06	0.0021536531	-0.0021506059	0.00065999762	0.0064518177	0.0064511649	-0.00010119227
0.208	1.208	0	0	0	1.208	0	0	0	1.208	1.7627909	0.0021626764	3.7010851e-06	7.7454198e-07	3.4475952e-06	0.0021775957	2.4826446e-06	1.0707474e-06	2.7137385e-06	0.002174711	-0.002171661	0.00067296312	0.0065149831	0.0065143316	-0.00010001158
0.21	1.21	0	0	0	1.21	0	0	0	1.21	1.771561	0.002183717	3.7018975e-06	7.7657232e-07	3.4469462e-06	0.0021986626	2.4746693e-06	1.075509e-06	2.7074636e-06	0.002195769	-0.0021927162	0.00068605495	0.0065781486	0.0065774984	-9.8845161e-05
0.212	1.212	0	0	0	1.212	0	0	0	1.212	1.7803601	0.0022047576	3.7024699e-06	7.7858535e-07	3.4460548e-06	0.0022197294	2.4663353e-06	1.0802482e-06	2.7008245e-06	0.0022168269	-0.0022137713	0.00069927311	0.0066413139	0.0066406652	-9.769236e-05
0.214	1.214	0	0	0	1.214	0	0	0	1.214	1.7891883	0.0022257981	3.702804e-06	7.8058191e-07	3.4449228e-06	0.0022407962	2.4576444e-06	1.0849659e-06	2.6938232e-06	0.0022378849	-0.0022348264	0.00071261761	0.0067044792	0.0067038319	-9.6552527e-05
0.216	1.216	0	0	0	1.216	0	0	0	1.216	1.7980457	0.0022468386	3.7029013e-06	7.8256283e-07	3.443552e-06	0.0022618629	2.4485982e-06	1.0896634e-06	2.6864618e-06	0.0022589428	-0.0022558814	0.00072608844	0.0067676443	0.0067669985	-9.5425028e-05
0.218	1.218	0	0	0	1.218	0	0	0	1.218	1.8069322	0.002267879	3.7027633e-06	7.8452896e-07	3.441944e-06	0.0022829295	2.4391984e-06	1.0943418e-06	2.6787422e-06	0.0022800007	-0.0022769364	0.0007396856	0.0068308091	0.006830165	-9.4309234e-05
0.22	1.22	0	0	0	1.22	0	0	0	1.22	1.815848	0.0022889192	3.7023914e-06	7.8648114e-07	3.4401002e-06	0.002303996	2.4294466e-06	1.0990021e-06	2.6706661e-06	0.0023010585	-0.0022979912	0.0007534091	0.0068939737	0.0068933312	-9.3204528e-05
0.222	1.222	0	0	0	1.222	0	0	0	1.222	1.824793	0.0023099594	3.7017869e-06	7.8842025e-07	3.4380223e-06	0.0023250624	2.419344e-06	1.1036456e-06	2.6622353e-06	0.0023221163	-0.002319046	0.00076725893	0.006957138	0.0069564973	-9.2110302e-05
0.224	1.224	0	0	0	1.224	0	0	0	1.224	1.8337674	0.0023309994	3.7009511e-06	7.9034715e-07	3.4357114e-06	0.0023461287	2.4088921e-06	1.1082733e-06	2.6534514e-06	0.0023431739	-0.0023401007	0.00078123509	0.007020302	0.007019663	-9.1025953e-05
0.226	1.226	0	0	0	1.226	0	0	0	1.226	1.8427712	0.0023520392	3.6998851e-06	7.9226273e-07	3.4331689e-06	0.0023671948	2.3980919e-06	1.1128865e-06	2.6443159e-06	0.0023642315	-0.0023611552	0.00079533758	0.0070834655	0.0070828284	-8.9950885e-05
0.228	1.228	0	0	0	1.228	0	0	0	1.228	1.8518044	0.0023730789	3.6985899e-06	7.941679e-07	3.4303961e-06	0.0023882608	2.3869447e-06	1.1174863e-06	2.6348301e-06	0.0023852889	-0.0023822095	0.0008095664	0.0071466286	0.0071459934	-8.8884507e-05
0.23	1.23	0	0	0	1.23	0	0	0	1.23	1.860867	0.0023941183	3.6970666e-06	7.9606357e-07	3.4273939e-06	0.0024093266	2.3754513e-06	1.1220738e-06	2.6249954e-06	0.0024063462	-0.0024032637	0.00082392156	0.0072097912	0.007209158	-8.7826235e-05
0.232	1.232	0	0	0	1.232	0	0	0	1.232	1.8699592	0.0024151576	3.695316e-06	7.9795067e-07	3.4241635e-06	0.0024303922	2.3636128e-06	1.1266504e-06	2.6148131e-06	0.0024274034	-0.0024243177	0.00083840304	0.0072729532	0.0072723221	-8.6775486e-05
0.234	1.234	0	0	0	1.234	0	0	0	1.234	1.8790809	0.0024361966	3.6933391e-06	7.9983018e-07	3.4207057e-06	0.0024514576	2.3514298e-06	1.1312173e-06	2.6042842e-06	0.0024484604	-0.0024453715	0.00085301084	0.0073361146	0.0073354857	-8.5731682e-05
0.236	1.236	0	0	0	1.236	0	0	0	1.236	1.8882323	0.0024572353	3.6911367e-06	8.0170307e-07	3.4170216e-06	0.0024725228	2.338903e-06	1.1357757e-06	2.5934097e-06	0.0024695172	-0.0024664251	0.00086774498	0.0073992753	0.0073986487	-8.4694245e-05
0.238	1.238	0	0	0	1.238	0	0	0	1.238	1.8974133	0.0024782738	3.6887093e-06	8.0357035e-07	3.4131117e-06	0.0024935877	2.3260331e-06	1.1403268e-06	2.5821907e-06	0.0024905738	-0.0024874784	0.00088260544	0.0074624353	0.007461811	-8.3662599e-05
0.24	1.24	0	0	0	1.24	0	0	0	1.24	1.906624	0.002499312	3.6860577e-06	8.0543304e-07	3.408977e-06	0.0025146524	2.3128206e-06	1.144872e-06	2.5706278e-06	0.0025116301	-0.0025085315	0.00089759222	0.0075255945	0.0075249727	-8.263617e-05
0.242	1.242	0	0	0	1.242	0	0	0	1.242	1.9158645	0.0025203498	3.6831824e-06	8.0729222e-07	3.4046179e-06	0.0025357168	2.2992657e-06	1.1494126e-06	2.558722e-06	0.0025326862	-0.0025295843	0.00091270533	0.0075887529	0.0075881336	-8.161438e-05
0.244	1.244	0	0	0	1.244	0	0	0	1.244	1.9251348	0.0025413873	3.6800839e-06	8.0914898e-07	3.4000351e-06	0.0025567809	2.2853689e-06	1.15395e-06	2.5464737e-06	0.0025537421	-0.0025506368	0.00092794476	0.0076519104	0.0076512937	-8.0596651e-05
0.246	1.246	0	0	0	1.246	0	0	0	1.246	1.9344349	0.0025624245	3.6767626e-06	8.1100444e-07	3.3952291e-06	0.0025778448	2.2711303e-06	1.1584855e-06	2.5338836e-06	0.0025747977	-0.002571689	0.0009433105	0.0077150669	0.007714453	-7.9582403e-05
0.248	1.248	0	0	0	1.248	0	0	0	1.248	1.943765	0.0025834612	3.673219e-06	8.1285977e-07	3.3902001e-06	0.0025989082	2.2565499e-06	1.1630205e-06	2.5209521e-06	0.002595853	-0.0025927408	0.00095880257	0.0077782225	0.0077776114	-7.857105e-05
0.25	1.25	0	0	0	1.25	0	0	0	1.25	1.953125	0.0026044975	3.6694532e-06	8.1471618e-07	3.3849486e-06	0.0026199714	2.2416278e-06	1.1675566e-06	2.5076796e-06	0.002616908	-0.0026137923	0.00097442095	0.0078413769	0.0078407688	-7.7562002e-05
0.252	1.252	0	0	0	1.252	0	0	0	1.252	1.962515	0.0026255334	3.6654655e-06	8.1657491e-07	3.3794748e-06	0.0026410342	2.2263638e-06	1.1720951e-06	2.4940662e-06	0.0026379626	-0.0026348434	0.00099016564	0.0079045302	0.0079039252	-7.6554664e-05
0.254	1.254	0	0	0	1.254	0	0	0	1.254	1.9719351	0.0026465689	3.6612561e-06	8.1843725e-07	3.3737788e-06	0.0026620966	2.2107577e-06	1.1766377e-06	2.4801121e-06	0.0026590169	-0.0026558941	0.0010060366	0.0079676824	0.0079670805	-7.5548432e-05
0.256	1.256	0	0	0	1.256	0	0	0	1.256	1.9813852	0.0026676038	3.656825e-06	8.2030454e-07	3.3678607e-06	0.0026831586	2.1948091e-06	1.1811858e-06	2.4658174e-06	0.0026800708	-0.0026769444	0.001022034	0.0080308332	0.0080302346	-7.4542693e-05
0.258	1.258	0	0	0	1.258	0	0	0	1.258	1.9908655	0.0026886382	3.6521723e-06	8.2217817e-07	3.3617205e-06	0.0027042201	2.1785177e-06	1.1857412e-06	2.4511821e-06	0.0027011243	-0.0026979942	0.0010381576	0.0080939827	0.0080933875	-7.3536827e-05
0.26	1.26	0	0	0	1.26	0	0	0	1.26	2.000376	0.0027096721	3.6472979e-06	8.240596e-07	3.3553581e-06	0.0027252812	2.1618828e-06	1.1903054e-06	2.4362059e-06	0.0027221774	-0.0027190436	0.0010544075	0.0081571308	0.0081565392	-7.2530199e-05
0.262	1.262	0	0	0	1.262	0	0	0	1.262	2.0099167	0.0027307054	3.6422017e-06	8.2595032e-07	3.3487734e-06	0.0027463419	2.1449038e-06	1.1948802e-06	2.4208885e-06	0.0027432301	-0.0027400925	0.0010707837	0.0082202774	0.0082196895	-7.1522163e-05
0.264	1.264	0	0	0	1.264	0	0	0	1.264	2.0194877	0.0027517381	3.6368835e-06	8.2785191e-07	3.3419661e-06	0.002767402	2.1275799e-06	1.1994674e-06	2.4052297e-06	0.0027642822	-0.0027611408	0.0010872863	0.0082834224	0.0082828384	-7.0512059e-05
0.266	1.266	0	0	0	1.266	0	0	0	1.266	2.0290891	0.0027727702	3.6313431e-06	8.29766e-07	3.3349358e-06	0.0027884617	2.1099103e-06	1.2040688e-06	2.389229e-06	0.0027853339	-0.0027821886	0.0011039151	0.0083465658	0.0083459858	-6.9499209e-05
0.268	1.268	0	0	0	1.268	0	0	0	1.268	2.0387208	0.0027938016	3.6255802e-06	8.3169428e-07	3.3276821e-06	0.0028095208	2.0918939e-06	1.2086862e-06	2.3728857e-06	0.0028063851	-0.0028032358	0.0011206702	0.0084097075	0.0084091316	-6.8482919e-05
0.27	1.27	0	0	0	1.27	0	0	0	1.27	2.048383	0.0028148323	3.6195944e-06	8.3363856e-07	3.3202046e-06	0.0028305793	2.0735296e-06	1.2133217e-06	2.3561991e-06	0.0028274357	-0.0028242825	0.0011375516	0.0084728474	0.0084722758	-6.7462472e-05
0.272	1.272	0	0	0	1.272	0	0	0	1.272	2.0580756	0.0028358623	3.6133852e-06	8.3560067e-07	3.3125025e-06	0.0028516373	2.0548162e-06	1.2179773e-06	2.3391685e-06	0.0028484858	-0.0028453284	0.0011545593	0.0085359853	0.0085354183	-6.6437132e-05
0.274	1.274	0	0	0	1.274	0	0	0	1.274	2.0677988	0.0028568914	3.6069521e-06	8.3758258e-07	3.3045753e-06	0.0028726946	2.0357523e-06	1.222655e-06	2.321793e-06	0.0028695352	-0.0028663738	0.0011716933	0.0085991213	0.0085985589	-6.5406138e-05
0.276	1.276	0	0	0	1.276	0	0	0	1.276	2.0775526	0.0028779198	3.6002946e-06	8.3958631e-07	3.296422e-06	0.0028937513	2.0163365e-06	1.2273571e-06	2.3040714e-06	0.0028905841	-0.0028874184	0.0011889536	0.0086622552	0.0086616977	-6.43687e-05
0.278	1.278	0	0	0	1.278	0	0	0	1.278	2.087337	0.0028989473	3.5934119e-06	8.41614e-07	3.2880419e-06	0.0029148073	1.9965672e-06	1.2320858e-06	2.2860026e-06	0.0029116322	-0.0029084623	0.0012063401	0.0087253869	0.0087248344	-6.3324001e-05
0.28	1.28	0	0	0	1.28	0	0	0	1.28	2.097152	0.002919974	3.5863034e-06	8.4366788e-07	3.279434e-06	0.0029358626	1.9764425e-06	1.2368435e-06	2.2675854e-06	0.0029326797	-0.0029295054	0.0012238529	0.0087885163	0.0087879691	-6.227119e-05
0.282	1.282	0	0	0	1.282	0	0	0	1.282	2.1069978	0.0029409996	3.5789683e-06	8.457503e-07	3.2705971e-06	0.0029569172	1.9559607e-06	1.2416326e-06	2.2488184e-06	0.0029537265	-0.0029505478	0.001241492	0.0088516433	0.0088511016	-6.1209383e-05
0.284	1.284	0	0	0	1.284	0	0	0	1.284	2.1168743	0.0029620243	3.5714056e-06	8.4786371e-07	3.2615301e-06	0.002977971	1.9351197e-06	1.2464558e-06	2.2297001e-06	0.0029747725	-0.0029715893	0.0012592573	0.0089147679	0.0089142318	-6.0137654e-05
0.286	1.286	0	0	0	1.286	0	0	0	1.286	2.1267817	0.002983048	3.5636145e-06	8.5001069e-07	3.2522318e-06	0.002999024	1.9139175e-06	1.2513157e-06	2.2102287e-06	0.0029958177	-0.0029926299	0.0012771489	0.0089778898	0.0089773596	-5.9055037e-05
0.288	1.288	0	0	0	1.288	0	0	0	1.288	2.1367199	0.0030040706	3.5555939e-06	8.5219395e-07	3.2427006e-06	0.0030200762	1.8923516e-06	1.256215e-06	2.1904026e-06	0.0030168621	-0.0030136696	0.0012951667	0.0090410089	0.0090404849	-5.7960519e-05
0.29	1.29	0	0	0	1.29	0	0	0	1.29	2.146689	0.003025092	3.5473427e-06	8.5441633e-07	3.2329351e-06	0.0030411275	1.8704198e-06	1.2611568e-06	2.1702198e-06	0.0030379056	-0.0030347084	0.0013133108	0.0091041252	0.0091036076	-5.6853037e-05
0.292	1.292	0	0	0	1.292	0	0	0	1.292	2.1566891	0.0030461122	3.5388597e-06	8.5668083e-07	3.2229337e-06	0.0030621779	1.8481195e-06	1.266144e-06	2.1496783e-06	0.0030589483	-0.0030557461	0.0013315812	0.0091672384	0.0091667275	-5.5731471e-05
0.294	1.294	0	0	0	1.294	0	0	0	1.294	2.1667202	0.0030671312	3.5301437e-06	8.5899059e-07	3.2126946e-06	0.0030832273	1.8254478e-06	1.2711798e-06	2.1287759e-06	0.00307999	-0.0030767828	0.0013499777	0.0092303485	0.0092298446	-5.4594641e-05
0.296	1.296	0	0	0	1.296	0	0	0	1.296	2.1767823	0.0030881489	3.5211933e-06	8.6134892e-07	3.202216e-06	0.0031042758	1.802402e-06	1.2762676e-06	2.1075104e-06	0.0031010307	-0.0030978184	0.0013685005	0.0092934553	0.0092929586	-5.3441301e-05
0.298	1.298	0	0	0	1.298	0	0	0	1.298	2.1868756	0.0031091651	3.5120072e-06	8.6375931e-07	3.1914958e-06	0.0031253232	1.778979e-06	1.281411e-06	2.0858792e-06	0.0031220703	-0.0031188529	0.0013871496	0.0093565586	0.0093560695	-5.2270131e-05
0.3	1.3	0	0	0	1.3	0	0	0	1.3	2.197	0.0031301799	3.5025838e-06	8.6622542e-07	3.180532e-06	0.0031463695	1.7551756e-06	1.2866135e-06	2.0638798e-06	0.0031431089	-0.0031398861	0.0014059248	inf	inf	inf
