lambda	F11	F12	F13	F21	F22	F23	F31	F32	F33	J	P11	P12	P13	P21	P22	P23	P31	P32	P33	p	StrEn	t(1)	t(2)	d
0	1	0	0	0	1	0	0	0	1	1	0	0	0	0	0	0	0	0	0	-0	0	inf	inf	inf
0.002	1.002	0	0	0	0.99919875	0	0	0	0.99934442	1.0005408	7.4275802e-06	-1.9028405e-08	8.6052397e-08	-1.4697449e-08	1.518533e-09	1.8632708e-07	9.1379195e-08	1.8708763e-07	6.6074595e-10	-2.4765865e-06	7.4052891e-09	7.4267487e-06	7.431574e-06	0.00064930109
0.004	1.004	0	0	0	0.99839133	0	0	0	0.9986637	1.0010454	1.4905674e-05	-3.8840332e-08	1.7202908e-07	-3.0216262e-08	3.0710476e-09	3.7853511e-07	1.817962e-07	3.7964916e-07	1.0903549e-09	-4.969945e-06	2.9726296e-08	1.4904051e-05	1.4897673e-05	-0.00042808256
0.006	1.006	0	0	0	0.99757953	0	0	0	0.99795222	1.0015099	2.2381326e-05	-6.0304243e-08	2.5672933e-07	-4.7547698e-08	4.3898784e-09	5.7555142e-07	2.7000043e-07	5.766656e-07	1.0947903e-09	-7.4622702e-06	6.6995983e-08	2.2379134e-05	2.2368384e-05	-0.00048054626
0.008	1.008	0	0	0	0.99675359	0	0	0	0.99721993	1.0019344	2.9834567e-05	-8.3175091e-08	3.4065014e-07	-6.6715288e-08	5.1759225e-09	7.7418221e-07	3.5658825e-07	7.7536536e-07	7.857118e-10	-9.946843e-06	1.1919983e-07	2.9832107e-05	2.9810738e-05	-0.0007168248
0.01	1.01	0	0	0	0.99590496	0	0	0	0.99645928	1.0023025	3.719569e-05	-1.0866856e-07	4.2206923e-07	-8.9110914e-08	5.2436108e-09	9.666885e-07	4.3976526e-07	9.6813817e-07	1.2160179e-10	-1.2400352e-05	1.8623894e-07	3.7193364e-05	3.715349e-05	-0.0010732174
0.012	1.012	0	0	0	0.99501532	0	0	0	0.99565117	1.0025764	4.4320755e-05	-1.3933785e-07	4.9722268e-07	-1.1740119e-07	4.4704951e-09	1.1356738e-06	5.1560012e-07	1.1375844e-06	-1.0017665e-09	-1.4774741e-05	2.6781379e-07	4.4319107e-05	4.4245541e-05	-0.0016626626
0.014	1.014	0	0	0	0.99404862	0	0	0	0.99475784	1.0026814	5.0933509e-05	-1.7983322e-07	5.5867469e-07	-1.5625574e-07	2.8197192e-09	1.2472307e-06	5.7643716e-07	1.2496977e-06	-2.7049006e-09	-1.6977875e-05	3.632211e-07	5.0933358e-05	5.0816514e-05	-0.0022993351
0.016	1.016	0	0	0	0.99295581	0	0	0	0.9937279	1.0025155	5.6660263e-05	-2.3619823e-07	5.9584011e-07	-2.1148074e-07	4.6971973e-10	1.2597192e-06	6.1164497e-07	1.2626644e-06	-4.9816437e-09	-1.888525e-05	4.7107985e-07	5.6662749e-05	5.6544364e-05	-0.0020936645
0.018	1.018	0	0	0	0.99171744	0	0	0	0.99254154	1.0020385	6.135123e-05	-3.1091669e-07	6.0349562e-07	-2.8504019e-07	-2.2121246e-09	1.1660521e-06	6.1646009e-07	1.1693083e-06	-7.5642793e-09	-2.0447151e-05	5.8939856e-07	6.1357382e-05	6.1299062e-05	-0.0009514022
0.02	1.02	0	0	0	0.99036465	0	0	0	0.99123257	1.0013153	6.5241104e-05	-4.0067815e-07	5.8692962e-07	-3.7316151e-07	-4.9680046e-09	1.0028033e-06	5.9686544e-07	1.0062738e-06	-1.0148065e-08	-2.1741996e-05	7.162761e-07	6.5251395e-05	6.5254583e-05	4.8840251e-05
0.022	1.022	0	0	0	0.98893867	0	0	0	0.98984522	1.0004319	6.8642295e-05	-5.0106739e-07	5.5414487e-07	-4.7119863e-07	-7.7290225e-09	8.0683514e-07	5.6131001e-07	8.1051218e-07	-1.261004e-08	-2.2873985e-05	8.5041689e-07	6.8656798e-05	6.8695832e-05	0.00056822246
0.024	1.024	0	0	0	0.98746654	0	0	0	0.98840843	0.99944473	7.1760504e-05	-6.092471e-07	5.1060739e-07	-5.7621162e-07	-1.0498391e-08	5.9820177e-07	5.1545311e-07	6.0211757e-07	-1.4947404e-08	-2.3911686e-05	9.9105943e-07	7.1779177e-05	7.1835545e-05	0.00078468526
0.026	1.026	0	0	0	0.98596308	0	0	0	0.98693808	0.9983847	7.470932e-05	-7.2370029e-07	4.5940155e-07	-6.866228e-07	-1.3289019e-08	3.8588391e-07	4.6245666e-07	3.9007862e-07	-1.7192222e-08	-2.4892946e-05	1.1377591e-06	7.4732133e-05	7.4796108e-05	0.00085531395
0.028	1.028	0	0	0	0.98443636	0	0	0	0.9854428	0.99726868	7.7551126e-05	-8.4361838e-07	4.0225837e-07	-8.0157526e-07	-1.6110487e-08	1.7367945e-07	4.0408685e-07	1.7818825e-07	-1.9379581e-08	-2.5838545e-05	1.2902439e-06	7.7578085e-05	7.7644741e-05	0.00085847196
0.03	1.03	0	0	0	0.98289089	0	0	0	0.98392746	0.99610613	8.0321636e-05	-9.6853789e-07	3.4020625e-07	-9.2056152e-07	-1.8968661e-08	-3.6895e-08	3.4139225e-07	-3.2045963e-08	-2.1540208e-08	-2.6760376e-05	1.448338e-06	8.0352783e-05	8.0419527e-05	0.00082994874
0.032	1.032	0	0	0	0.9813293	0	0	0	0.98239488	0.99490258	8.3042286e-05	-1.0981532e-06	2.7391125e-07	-1.0432349e-06	-2.1866961e-08	-2.4533101e-07	2.7505319e-07	-2.4012549e-07	-2.3700056e-08	-2.7665573e-05	1.611922e-06	8.3077692e-05	8.3143071e-05	0.00078634147
0.034	1.034	0	0	0	0.97975313	0	0	0	0.98084676	0.99366127	8.5726464e-05	-1.2322151e-06	2.0385635e-07	-1.1693086e-06	-2.4807319e-08	-4.5156189e-07	2.0556341e-07	-4.459933e-07	-2.5881462e-08	-2.8558592e-05	1.7809103e-06	8.5766227e-05	8.5829367e-05	0.00073564122
0.036	1.036	0	0	0	0.97816326	0	0	0	0.97928407	0.99238408	8.8382772e-05	-1.3704677e-06	1.3044273e-07	-1.298494e-06	-2.7790699e-08	-6.5569639e-07	1.3333108e-07	-6.4976752e-07	-2.8104519e-08	-2.9442292e-05	1.9552394e-06	8.8427014e-05	8.8487347e-05	0.00068183157
0.038	1.038	0	0	0	0.97656015	0	0	0	0.97770733	0.99107204	9.1016817e-05	-1.5126003e-06	5.4053343e-08	-1.430455e-06	-3.081727e-08	-8.5788275e-07	5.8740883e-08	-8.5160579e-07	-3.0388454e-08	-3.0318537e-05	2.1348597e-06	9.1065682e-05	9.112281e-05	0.00062694089
0.04	1.04	0	0	0	0.97494396	0	0	0	0.97611679	0.98972554	9.3632233e-05	-1.6582035e-06	-2.4901758e-08	-1.5647675e-06	-3.3886288e-08	-1.0582301e-06	-1.7803171e-08	-1.0516272e-06	-3.2753134e-08	-3.1188531e-05	2.3197307e-06	9.3685888e-05	9.3739506e-05	0.00057199792
0.042	1.042	0	0	0	0.97331467	0	0	0	0.97451244	0.98834455	9.6231287e-05	-1.8067203e-06	-1.0594896e-07	-1.7008745e-06	-3.6995632e-08	-1.2567538e-06	-9.5844589e-08	-1.2498589e-06	-3.5221021e-08	-3.2053024e-05	2.5098177e-06	9.6289926e-05	9.6339781e-05	0.00051749508
0.044	1.044	0	0	0	0.97167205	0	0	0	0.97289409	0.98692868	9.8815256e-05	-1.9573854e-06	-1.8851929e-07	-1.8380318e-06	-4.0140836e-08	-1.4533295e-06	-1.7484714e-07	-1.4461915e-06	-3.782019e-08	-3.2912432e-05	2.7050898e-06	9.88791e-05	9.8924963e-05	0.00046361806
0.046	1.046	0	0	0	0.97001574	0	0	0	0.9712614	0.98547723	0.00010138464	-2.1091414e-06	-2.7192154e-07	-1.9752333e-06	-4.3313167e-08	-1.6476458e-06	-2.5417404e-07	-1.6403359e-06	-4.0589677e-08	-3.3766912e-05	2.9055176e-06	0.00010145395	0.0001014956	0.00041035415
0.048	1.048	0	0	0	0.96834524	0	0	0	0.96961389	0.9839892	0.0001039393	-2.2605076e-06	-3.5532615e-07	-2.1110931e-06	-4.6495703e-08	-1.8391514e-06	-3.3308054e-07	-1.8317758e-06	-4.3590161e-08	-3.4616404e-05	3.1110722e-06	0.00010401438	0.00010405158	0.00035751974
0.05	1.05	0	0	0	0.96665988	0	0	0	0.9679509	0.98246327	0.00010647849	-2.4093375e-06	-4.3777787e-07	-2.2436275e-06	-4.9654566e-08	-2.0269855e-06	-4.1074046e-07	-2.0197149e-06	-4.6928135e-08	-3.5460636e-05	3.3217239e-06	0.00010655974	0.00010659222	0.00030468315
0.052	1.052	0	0	0	0.96495884	0	0	0	0.96627156	0.98089772	0.0001090008	-2.5522465e-06	-5.1828549e-07	-2.3697356e-06	-5.271644e-08	-2.2098646e-06	-4.8636366e-07	-2.2030021e-06	-5.0819288e-08	-3.6299088e-05	3.5374411e-06	0.00010908875	0.00010911612	0.00025077048
0.054	1.054	0	0	0	0.96324095	0	0	0	0.96457457	0.97929009	0.00011150366	-2.6827869e-06	-5.961184e-07	-2.4835363e-06	-5.5497823e-08	-2.3857768e-06	-5.5957437e-07	-2.379953e-06	-5.5792092e-08	-3.7130789e-05	3.7581884e-06	0.00011159922	0.00011162064	0.00019192393
0.056	1.056	0	0	0	0.96150374	0	0	0	0.962857	0.97763489	0.00011398035	-2.7828301e-06	-6.7149228e-07	-2.5685053e-06	-5.7406291e-08	-2.5504343e-06	-6.3148848e-07	-2.5473455e-06	-6.3563576e-08	-3.7953127e-05	3.9839236e-06	0.00011408588	0.00011409766	0.00010324985
0.058	1.058	0	0	0	0.95973254	0	0	0	0.96110208	0.97590019	0.00011639074	-2.7609041e-06	-7.387696e-07	-2.5413911e-06	-5.5872955e-08	-2.6835952e-06	-7.0105051e-07	-2.6896892e-06	-8.1876015e-08	-3.8750997e-05	4.214579e-06	0.00011651564	0.00011650148	-0.0001215423
0.06	1.06	0	0	0	0.95786018	0	0	0	0.95924155	0.97394844	0.00011857335	-2.3872751e-06	-7.0469167e-07	-2.1955718e-06	-4.8422646e-08	-2.724805e-06	-6.8946245e-07	-2.7522847e-06	-1.2094842e-07	-3.9467991e-05	4.4499295e-06	0.00011873522	0.00011873116	-3.4228577e-05
0.062	1.062	0	0	0	0.95589108	0	0	0	0.95728648	0.97179542	0.0001205557	-1.8836661e-06	-4.6202444e-07	-1.7310695e-06	-3.812796e-08	-2.7152125e-06	-4.8671089e-07	-2.7646582e-06	-1.5883772e-07	-4.0119579e-05	4.6895037e-06	0.00012075256	0.00012075229	-2.2089636e-06
0.064	1.064	0	0	0	0.9538377	0	0	0	0.95524967	0.96946696	0.00012237266	-1.5205384e-06	-3.1252246e-09	-1.3881392e-06	-2.2937045e-08	-2.6751995e-06	-8.2594045e-08	-2.7452694e-06	-1.8930618e-07	-4.0720138e-05	4.9329387e-06	0.00012259279	0.00012261515	0.00018231305
0.066	1.066	0	0	0	0.95171118	0	0	0	0.95314149	0.96698503	0.00012405697	-1.3230126e-06	3.6152761e-07	-1.2015545e-06	-1.3823998e-08	-2.6450448e-06	2.3132496e-07	-2.7324071e-06	-2.1891082e-07	-4.1274746e-05	5.1799643e-06	0.00012430499	0.00012435382	0.00039264192
0.068	1.068	0	0	0	0.94953979	0	0	0	0.95098922	0.96440625	0.00012567098	-1.2226982e-06	5.8601027e-07	-1.1077081e-06	-9.5693687e-09	-2.6236284e-06	4.1561208e-07	-2.7255302e-06	-2.4748496e-07	-4.1804641e-05	5.430354e-06	0.00012594923	0.00012600674	0.00045646528
0.07	1.07	0	0	0	0.94734443	0	0	0	0.94881314	0.96177255	0.00012726057	-1.1764018e-06	7.1669292e-07	-1.0643535e-06	-7.5352486e-09	-2.5980642e-06	5.1517191e-07	-2.7124172e-06	-2.7372334e-07	-4.2326437e-05	5.6839912e-06	0.00012756768	0.0001276211	0.00041861194
0.072	1.072	0	0	0	0.94513474	0	0	0	0.94662265	0.95910334	0.00012884688	-1.1591148e-06	7.939986e-07	-1.0475171e-06	-6.4530842e-09	-2.5662687e-06	5.6749961e-07	-2.6915545e-06	-2.9756567e-07	-4.2847619e-05	5.9408384e-06	0.00012918075	0.00012922524	0.00034428485
0.074	1.074	0	0	0	0.94291411	0	0	0	0.94442112	0.95640559	0.0001304374	-1.1577395e-06	8.4090537e-07	-1.0449359e-06	-5.8441043e-09	-2.5301944e-06	5.9346048e-07	-2.6652828e-06	-3.1937761e-07	-4.3370727e-05	6.2008922e-06	0.00013079626	0.00013083072	0.00026338158
0.076	1.076	0	0	0	0.94068356	0	0	0	0.94220965	0.95368153	0.0001320346	-1.1654619e-06	8.6962752e-07	-1.0503423e-06	-5.5270696e-09	-2.4918764e-06	6.0398516e-07	-2.6358848e-06	-3.3952481e-07	-4.3896515e-05	6.4641613e-06	0.00013241702	0.00013244153	0.00018509564
0.078	1.078	0	0	0	0.93844334	0	0	0	0.93998851	0.95093178	0.00013363922	-1.1785846e-06	8.8686988e-07	-1.0603804e-06	-5.4268108e-09	-2.4527144e-06	6.0500351e-07	-2.6049226e-06	-3.5829387e-07	-4.4425165e-05	6.7306583e-06	0.00013404408	0.00013405903	0.00011153407
0.08	1.08	0	0	0	0.93619344	0	0	0	0.93775773	0.94815644	0.00013525148	-1.1949972e-06	8.9651277e-07	-1.0731559e-06	-5.5080118e-09	-2.4135631e-06	5.9991094e-07	-2.5733628e-06	-3.7589997e-07	-4.495669e-05	7.0003974e-06	0.00013567788	0.00013568368	4.2741555e-05
0.082	1.082	0	0	0	0.93393374	0	0	0	0.93551722	0.94535541	0.00013687144	-1.2134398e-06	9.0092113e-07	-1.087549e-06	-5.7515005e-09	-2.3749119e-06	5.9075547e-07	-2.5417756e-06	-3.9250567e-07	-4.5491062e-05	7.273393e-06	0.00013731862	0.00013731564	-2.1754975e-05
0.084	1.084	0	0	0	0.93166412	0	0	0	0.93326691	0.94252856	0.00013849914	-1.2331317e-06	9.0160383e-07	-1.1028726e-06	-6.1451691e-09	-2.3370207e-06	5.7882994e-07	-2.5104817e-06	-4.0823606e-07	-4.6028254e-05	7.54966e-06	0.00013896648	0.00013895501	-8.2493345e-05
0.086	1.086	0	0	0	0.92938448	0	0	0	0.93100667	0.93967578	0.00014013462	-1.2535752e-06	8.9956244e-07	-1.1186929e-06	-6.6802601e-09	-2.3000089e-06	5.6498296e-07	-2.4796478e-06	-4.2318955e-07	-4.6568251e-05	7.8292131e-06	0.00014062157	0.00014060189	-0.0001399543
0.088	1.088	0	0	0	0.9270947	0	0	0	0.92873642	0.93679696	0.00014177795	-1.2744459e-06	8.9548494e-07	-1.1347299e-06	-7.3497551e-09	-2.2639111e-06	5.4979049e-07	-2.4493469e-06	-4.374452e-07	-4.711105e-05	8.1120675e-06	0.00014228404	0.00014225637	-0.00019453957
0.09	1.09	0	0	0	0.92479469	0	0	0	0.92645606	0.933892	0.0001434292	-1.2955292e-06	8.8985827e-07	-1.150801e-06	-8.1476394e-09	-2.2287121e-06	5.3365493e-07	-2.4195949e-06	-4.5106765e-07	-4.7656662e-05	8.3982385e-06	0.00014395404	0.00014391855	-0.00024657843
0.092	1.092	0	0	0	0.92248435	0	0	0	0.92416551	0.93096082	0.00014508849	-1.3166817e-06	8.8303631e-07	-1.1667858e-06	-9.0685498e-09	-2.1943683e-06	5.1686458e-07	-2.3903742e-06	-4.6411072e-07	-4.8205104e-05	8.6877417e-06	0.00014563172	0.00014558857	-0.00029634039
0.094	1.094	0	0	0	0.9201636	0	0	0	0.92186469	0.92800337	0.00014675594	-1.3378077e-06	8.7528243e-07	-1.1826053e-06	-1.0107597e-08	-2.1608206e-06	4.9963069e-07	-2.3616481e-06	-4.7661983e-07	-4.8756403e-05	8.9805928e-06	0.00014731723	0.00014726657	-0.00034404751
0.096	1.096	0	0	0	0.91783236	0	0	0	0.91955351	0.92501959	0.00014843167	-1.3588433e-06	8.6679681e-07	-1.1982083e-06	-1.1260271e-08	-2.1280034e-06	4.8211116e-07	-2.3333701e-06	-4.8863381e-07	-4.931059e-05	9.276808e-06	0.00014901075	0.00014895268	-0.00038988448
0.098	1.098	0	0	0	0.91549055	0	0	0	0.91723191	0.92200943	0.00015011582	-1.3797468e-06	8.5773469e-07	-1.2135622e-06	-1.2522382e-08	-2.0958489e-06	4.6442614e-07	-2.3054893e-06	-5.0018623e-07	-4.9867703e-05	9.5764035e-06	0.00015071244	0.00015064706	-0.00043400667
0.1	1.1	0	0	0	0.9131381	0	0	0	0.91489982	0.91897286	0.00015180854	-1.4004921e-06	8.4821859e-07	-1.2286478e-06	-1.3890031e-08	-2.0642907e-06	4.466686e-07	-2.2779539e-06	-5.113064e-07	-5.0427781e-05	9.8793962e-06	0.00015242248	0.00015234987	-0.00047654619
0.102	1.102	0	0	0	0.91077493	0	0	0	0.91255714	0.91590985	0.00015350998	-1.4210634e-06	8.3834685e-07	-1.2434547e-06	-1.5359579e-08	-2.0332656e-06	4.2891153e-07	-2.2507136e-06	-5.2202012e-07	-5.0990868e-05	1.0185803e-05	0.00015414102	0.00015406128	-0.0005176166
0.104	1.104	0	0	0	0.90840097	0	0	0	0.91020383	0.91282036	0.0001552203	-1.441453e-06	8.2819968e-07	-1.2579787e-06	-1.692763e-08	-2.0027139e-06	4.1121305e-07	-2.2237207e-06	-5.3235031e-07	-5.1557007e-05	1.0495641e-05	0.00015586826	0.00015578144	-0.00055731653
0.106	1.106	0	0	0	0.90601615	0	0	0	0.9078398	0.90970438	0.00015693964	-1.4616582e-06	8.1784343e-07	-1.2722202e-06	-1.859101e-08	-1.9725807e-06	3.9362002e-07	-2.1969306e-06	-5.4231741e-07	-5.2126245e-05	1.0808929e-05	0.00015760435	0.00015751052	-0.00059573247
0.108	1.108	0	0	0	0.90362041	0	0	0	0.90546498	0.90656187	0.00015866818	-1.4816802e-06	8.0733377e-07	-1.2861825e-06	-2.034676e-08	-1.9428154e-06	3.7617072e-07	-2.1703023e-06	-5.5193982e-07	-5.2698632e-05	1.1125683e-05	0.00015934949	0.00015924869	-0.00063294089
0.11	1.11	0	0	0	0.90121366	0	0	0	0.9030793	0.90339281	0.00016040608	-1.5015232e-06	7.9671802e-07	-1.299871e-06	-2.2192115e-08	-1.9133721e-06	3.588967e-07	-2.1437984e-06	-5.6123416e-07	-5.3274217e-05	1.1445924e-05	0.00016110384	0.00016099613	-0.00066900998
0.112	1.112	0	0	0	0.89879583	0	0	0	0.90068269	0.90019719	0.00016215349	-1.5211928e-06	7.860369e-07	-1.3132924e-06	-2.4124494e-08	-1.8842091e-06	3.4182432e-07	-2.1173851e-06	-5.7021552e-07	-5.3853051e-05	1.1769668e-05	0.00016286759	0.00016275301	-0.00070400096
0.114	1.114	0	0	0	0.89636686	0	0	0	0.89827507	0.89697498	0.0001639106	-1.5406963e-06	7.7532586e-07	-1.3264544e-06	-2.614149e-08	-1.8552886e-06	3.2497576e-07	-2.091032e-06	-5.7889767e-07	-5.4435186e-05	1.2096936e-05	0.0001646409	0.00016451949	-0.00073796918
0.116	1.116	0	0	0	0.89392667	0	0	0	0.89585638	0.89372618	0.00016567756	-1.5600416e-06	7.6461609e-07	-1.3393653e-06	-2.8240857e-08	-1.8265769e-06	3.0836988e-07	-2.0647118e-06	-5.8729321e-07	-5.5020674e-05	1.2427746e-05	0.00016642397	0.00016629576	-0.00077096498
0.118	1.118	0	0	0	0.89147519	0	0	0	0.89342653	0.89045076	0.00016745454	-1.5792374e-06	7.5393533e-07	-1.3520337e-06	-3.0420505e-08	-1.7980434e-06	2.9202285e-07	-2.0384002e-06	-5.9541372e-07	-5.560957e-05	1.2762119e-05	0.00016821697	0.000168082	-0.00080303438
0.12	1.12	0	0	0	0.88901233	0	0	0	0.89098545	0.8871487	0.00016924173	-1.5982926e-06	7.4330849e-07	-1.3644682e-06	-3.2678481e-08	-1.7696611e-06	2.7594868e-07	-2.0120757e-06	-6.032699e-07	-5.6201928e-05	1.3100074e-05	0.00017002009	0.00016987837	-0.00083421966
0.122	1.122	0	0	0	0.88653804	0	0	0	0.88853307	0.88382	0.0001710393	-1.6172163e-06	7.3275813e-07	-1.3766775e-06	-3.5012973e-08	-1.7414057e-06	2.6015954e-07	-1.9857193e-06	-6.1087161e-07	-5.6797804e-05	1.3441632e-05	0.0001718335	0.00017168507	-0.00086455987
0.124	1.124	0	0	0	0.88405222	0	0	0	0.8860693	0.88046465	0.00017284741	-1.6360177e-06	7.2230486e-07	-1.3886702e-06	-3.7422291e-08	-1.7132555e-06	2.4466613e-07	-1.9593142e-06	-6.1822803e-07	-5.7397254e-05	1.3786814e-05	0.00017365739	0.00017350226	-0.00089409117
0.126	1.126	0	0	0	0.88155481	0	0	0	0.88359408	0.87708262	0.00017466626	-1.6547058e-06	7.1196766e-07	-1.4004548e-06	-3.9904866e-08	-1.6851915e-06	2.2947791e-07	-1.9328459e-06	-6.2534766e-07	-5.8000336e-05	1.4135641e-05	0.00017549195	0.00017533015	-0.0009228472
0.128	1.128	0	0	0	0.87904572	0	0	0	0.88110731	0.87367391	0.00017649602	-1.6732899e-06	7.0176411e-07	-1.4120396e-06	-4.2459242e-08	-1.6571969e-06	2.1460328e-07	-1.9063018e-06	-6.3223845e-07	-5.8607107e-05	1.4488135e-05	0.00017733736	0.0001771689	-0.00095085935
0.13	1.13	0	0	0	0.87652487	0	0	0	0.87860892	0.8702385	0.00017833687	-1.6917787e-06	6.9171065e-07	-1.4234324e-06	-4.5084067e-08	-1.6292567e-06	2.0004974e-07	-1.8796708e-06	-6.389078e-07	-5.9217626e-05	1.4844317e-05	0.00017919382	0.00017901871	-0.00097815701
0.132	1.132	0	0	0	0.87399219	0	0	0	0.87609882	0.86677639	0.000180189	-1.710181e-06	6.818227e-07	-1.4346412e-06	-4.7778093e-08	-1.6013579e-06	1.8582405e-07	-1.8529437e-06	-6.4536265e-07	-5.9831953e-05	1.520421e-05	0.00018106151	0.00018087977	-0.0010047678
0.134	1.134	0	0	0	0.87144758	0	0	0	0.87357694	0.86328756	0.0001820526	-1.7285055e-06	6.7211483e-07	-1.4456733e-06	-5.0540161e-08	-1.5734894e-06	1.7193232e-07	-1.8261127e-06	-6.5160948e-07	-6.0450149e-05	1.5567836e-05	0.00018294063	0.00018275226	-0.0010307176
0.136	1.136	0	0	0	0.86889097	0	0	0	0.87104319	0.85977201	0.00018392785	-1.7467605e-06	6.6260087e-07	-1.4565361e-06	-5.3369207e-08	-1.5456413e-06	1.5838008e-07	-1.7991711e-06	-6.576544e-07	-6.1072274e-05	1.5935219e-05	0.00018483136	0.00018463638	-0.0010560309
0.138	1.138	0	0	0	0.86632228	0	0	0	0.86849747	0.85622973	0.00018581494	-1.7649542e-06	6.5329403e-07	-1.4672365e-06	-5.6264248e-08	-1.5178053e-06	1.4517236e-07	-1.7721138e-06	-6.6350313e-07	-6.1698392e-05	1.6306381e-05	0.00018673392	0.00018653233	-0.0010807309
0.14	1.14	0	0	0	0.8637414	0	0	0	0.86593972	0.85266071	0.00018771408	-1.7830948e-06	6.4420693e-07	-1.4777813e-06	-5.9224381e-08	-1.4899745e-06	1.3231379e-07	-1.7449365e-06	-6.6916106e-07	-6.2328566e-05	1.6681348e-05	0.00018864849	0.0001884403	-0.0011048394
0.142	1.142	0	0	0	0.86114827	0	0	0	0.86336983	0.84906493	0.00018962546	-1.8011899e-06	6.3535172e-07	-1.488177e-06	-6.2248781e-08	-1.462143e-06	1.1980859e-07	-1.7176363e-06	-6.7463327e-07	-6.2962858e-05	1.7060143e-05	0.00019057529	0.00019036049	-0.0011283772
0.144	1.144	0	0	0	0.85854278	0	0	0	0.86078772	0.84544241	0.00019154927	-1.8192473e-06	6.2674015e-07	-1.4984299e-06	-6.5336693e-08	-1.4343064e-06	1.0766066e-07	-1.6902108e-06	-6.7992455e-07	-6.3601336e-05	1.744279e-05	0.0001925145	0.0001922931	-0.0011513641
0.146	1.146	0	0	0	0.85592485	0	0	0	0.85819329	0.84179312	0.00019348572	-1.8372744e-06	6.1838356e-07	-1.5085458e-06	-6.8487428e-08	-1.4064609e-06	9.5873567e-08	-1.6626589e-06	-6.8503942e-07	-6.4244064e-05	1.7829315e-05	0.00019446635	0.00019423835	-0.0011738188
0.148	1.148	0	0	0	0.85329439	0	0	0	0.85558646	0.83811707	0.00019543501	-1.8552785e-06	6.1029297e-07	-1.5185306e-06	-7.1700364e-08	-1.3786039e-06	8.445064e-08	-1.6349802e-06	-6.8998215e-07	-6.4891109e-05	1.8219743e-05	0.00019643103	0.00019619643	-0.0011957592
0.15	1.15	0	0	0	0.8506513	0	0	0	0.85296713	0.83441424	0.00019739735	-1.8732667e-06	6.0247912e-07	-1.5283899e-06	-7.4974938e-08	-1.3507338e-06	7.3394941e-08	-1.6071751e-06	-6.9475677e-07	-6.554254e-05	1.8614101e-05	0.00019840876	0.00019816755	-0.0012172023
0.152	1.152	0	0	0	0.84799549	0	0	0	0.8503352	0.83068464	0.00019937295	-1.8912459e-06	5.9495246e-07	-1.538129e-06	-7.8310641e-08	-1.3228498e-06	6.2709309e-08	-1.5792446e-06	-6.9936711e-07	-6.6198425e-05	1.9012414e-05	0.00020039975	0.00020015193	-0.0012381644
0.154	1.154	0	0	0	0.84532686	0	0	0	0.84769058	0.82692826	0.00020136203	-1.909223e-06	5.8772325e-07	-1.547753e-06	-8.1707022e-08	-1.2949519e-06	5.2396375e-08	-1.5511908e-06	-7.0381677e-07	-6.6858834e-05	1.9414708e-05	0.00020240423	0.00020214979	-0.001258661
0.156	1.156	0	0	0	0.84264532	0	0	0	0.84503316	0.8231451	0.00020336479	-1.9272046e-06	5.8080149e-07	-1.5572668e-06	-8.5163675e-08	-1.2670409e-06	4.245858e-08	-1.523016e-06	-7.0810918e-07	-6.7523838e-05	1.9821013e-05	0.0002044224	0.00020416134	-0.001278707
0.158	1.158	0	0	0	0.83995076	0	0	0	0.84236286	0.81933516	0.00020538145	-1.9451972e-06	5.7419703e-07	-1.5666752e-06	-8.8680245e-08	-1.2391184e-06	3.2898184e-08	-1.4947236e-06	-7.1224758e-07	-6.8193509e-05	2.0231354e-05	0.0002064545	0.0002061868	-0.0012983167
0.16	1.16	0	0	0	0.83724308	0	0	0	0.83967955	0.81549843	0.00020741225	-1.9632071e-06	5.6791954e-07	-1.5759827e-06	-9.2256417e-08	-1.2111868e-06	2.371728e-08	-1.4663174e-06	-7.1623502e-07	-6.8867919e-05	2.064576e-05	0.00020850074	0.0002082264	-0.0013175036
0.162	1.162	0	0	0	0.83452218	0	0	0	0.83698315	0.81163492	0.0002094574	-1.9812406e-06	5.619785e-07	-1.5851936e-06	-9.5891917e-08	-1.1832489e-06	1.4917802e-08	-1.4378018e-06	-7.2007443e-07	-6.9547143e-05	2.1064259e-05	0.00021056135	0.00021028036	-0.0013362808
0.164	1.164	0	0	0	0.83178795	0	0	0	0.83427354	0.80774462	0.00021151712	-1.9993037e-06	5.5638329e-07	-1.5943121e-06	-9.9586507e-08	-1.1553087e-06	6.5015351e-09	-1.409182e-06	-7.2376855e-07	-7.0231255e-05	2.1486881e-05	0.00021263657	0.00021234891	-0.0013546608
0.166	1.166	0	0	0	0.82904029	0	0	0	0.83155062	0.80382754	0.00021359166	-2.0174024e-06	5.5114314e-07	-1.6033421e-06	-1.0333998e-07	-1.1273705e-06	-1.5298815e-09	-1.3804637e-06	-7.2731998e-07	-7.0920333e-05	2.1913655e-05	0.00021472664	0.00021443229	-0.0013726555
0.168	1.168	0	0	0	0.82627909	0	0	0	0.82881428	0.79988368	0.00021568124	-2.0355424e-06	5.4626714e-07	-1.6122875e-06	-1.0715217e-07	-1.0994394e-06	-9.1749468e-09	-1.3516531e-06	-7.307312e-07	-7.1614452e-05	2.234461e-05	0.00021683178	0.00021653074	-0.0013902766
0.17	1.17	0	0	0	0.82350425	0	0	0	0.82606441	0.79591303	0.0002177861	-2.0537296e-06	5.4176428e-07	-1.6211518e-06	-1.1102292e-07	-1.0715213e-06	-1.6432295e-08	-1.3227573e-06	-7.3400455e-07	-7.2313691e-05	2.2779778e-05	0.00021895223	0.00021864448	-0.001407535
0.172	1.172	0	0	0	0.82071563	0	0	0	0.82330089	0.79191561	0.00021990648	-2.0719694e-06	5.3764344e-07	-1.6299384e-06	-1.149521e-07	-1.0436225e-06	-2.3300692e-08	-1.2937838e-06	-7.3714223e-07	-7.3018129e-05	2.3219188e-05	0.00022108825	0.00022077377	-0.0014244411
0.174	1.174	0	0	0	0.81791314	0	0	0	0.8205236	0.7878914	0.00022204263	-2.0902672e-06	5.3391337e-07	-1.6386507e-06	-1.1893961e-07	-1.0157503e-06	-2.9779032e-08	-1.2647407e-06	-7.4014634e-07	-7.3727847e-05	2.3662873e-05	0.00022324007	0.00022291885	-0.0014410052
0.176	1.176	0	0	0	0.81509666	0	0	0	0.81773244	0.78384043	0.00022419478	-2.1086282e-06	5.3058273e-07	-1.6472916e-06	-1.2298535e-07	-9.879124e-07	-3.5866341e-08	-1.2356369e-06	-7.4301886e-07	-7.4442926e-05	2.4110864e-05	0.00022540795	0.00022507996	-0.0014572369
0.178	1.178	0	0	0	0.81226606	0	0	0	0.81492728	0.77976269	0.0002263632	-2.1270578e-06	5.2766008e-07	-1.655864e-06	-1.2708924e-07	-9.6011738e-07	-4.1561768e-08	-1.2064818e-06	-7.4576166e-07	-7.516345e-05	2.4563193e-05	0.00022759215	0.00022725736	-0.0014731452
0.18	1.18	0	0	0	0.80942123	0	0	0	0.812108	0.77565819	0.00022854813	-2.1455606e-06	5.2515387e-07	-1.6643706e-06	-1.312512e-07	-9.3237439e-07	-4.6864594e-08	-1.1772855e-06	-7.4837651e-07	-7.5889501e-05	2.5019893e-05	0.0002297929	0.00022945131	-0.001488739
0.182	1.182	0	0	0	0.80656204	0	0	0	0.80927447	0.77152694	0.00023074983	-2.1641417e-06	5.2307244e-07	-1.6728137e-06	-1.3547114e-07	-9.0469331e-07	-5.1774225e-08	-1.1480586e-06	-7.5086508e-07	-7.6621164e-05	2.5480998e-05	0.00023201048	0.00023166206	-0.0015040264
0.184	1.184	0	0	0	0.80368837	0	0	0	0.80642657	0.76736894	0.00023296856	-2.1828056e-06	5.2142404e-07	-1.6811957e-06	-1.3974899e-07	-8.770847e-07	-5.6290198e-08	-1.1188126e-06	-7.5322893e-07	-7.7358526e-05	2.5946541e-05	0.00023424515	0.00023388987	-0.0015190152
0.186	1.186	0	0	0	0.80080009	0	0	0	0.80356417	0.76318419	0.00023520458	-2.2015568e-06	5.2021679e-07	-1.6895186e-06	-1.4408466e-07	-8.4955984e-07	-6.0412183e-08	-1.0895596e-06	-7.5546957e-07	-7.8101674e-05	2.6416558e-05	0.00023649718	0.00023613501	-0.0015337126
0.188	1.188	0	0	0	0.79789707	0	0	0	0.80068714	0.75897272	0.00023745816	-2.2203996e-06	5.1945872e-07	-1.6977842e-06	-1.4847803e-07	-8.2213068e-07	-6.4139982e-08	-1.0603122e-06	-7.5758837e-07	-7.8850697e-05	2.6891082e-05	0.00023876682	0.00023839775	-0.0015481254
0.19	1.19	0	0	0	0.79497919	0	0	0	0.79779535	0.75473453	0.00023972957	-2.239338e-06	5.1915772e-07	-1.705994e-06	-1.5292899e-07	-7.9480991e-07	-6.7473535e-08	-1.0310841e-06	-7.5958667e-07	-7.9605683e-05	2.7370149e-05	0.00024105437	0.00024067837	-0.0015622598
0.192	1.192	0	0	0	0.79204629	0	0	0	0.79488865	0.75046962	0.00024201908	-2.2583758e-06	5.1932159e-07	-1.7141494e-06	-1.5743737e-07	-7.676109e-07	-7.0412924e-08	-1.0018892e-06	-7.6146569e-07	-8.0366725e-05	2.7853795e-05	0.00024336008	0.00024297712	-0.0015761214
0.194	1.194	0	0	0	0.78909826	0	0	0	0.79196692	0.74617802	0.00024432697	-2.2775166e-06	5.1995796e-07	-1.7222513e-06	-1.6200299e-07	-7.4054772e-07	-7.2958374e-08	-9.7274244e-07	-7.6322661e-07	-8.1133914e-05	2.8342057e-05	0.00024568425	0.00024529431	-0.001589715
0.196	1.196	0	0	0	0.78613494	0	0	0	0.78903001	0.74185973	0.00024665353	-2.2967639e-06	5.2107435e-07	-1.7303006e-06	-1.6662562e-07	-7.1363517e-07	-7.5110259e-08	-9.4365935e-07	-7.6487052e-07	-8.1907343e-05	2.8834972e-05	0.00024802716	0.0002476302	-0.001603045
0.198	1.198	0	0	0	0.7831562	0	0	0	0.78607778	0.73751478	0.00024899903	-2.3161206e-06	5.2267814e-07	-1.7382979e-06	-1.7130498e-07	-6.8688868e-07	-7.6869108e-08	-9.1465616e-07	-7.6639845e-07	-8.2687109e-05	2.9332578e-05	0.00025038909	0.00024998508	-0.001616115
0.2	1.2	0	0	0	0.78016189	0	0	0	0.78311008	0.73314317	0.00025136377	-2.3355895e-06	5.2477655e-07	-1.7462431e-06	-1.7604077e-07	-6.6032439e-07	-7.823561e-08	-8.8574979e-07	-7.6781137e-07	-8.3473305e-05	2.9834913e-05	0.00025277033	0.00025235926	-0.0016289279
0.202	1.202	0	0	0	0.77715187	0	0	0	0.78012676	0.72874492	0.00025374804	-2.3551731e-06	5.2737662e-07	-1.7541363e-06	-1.8083258e-07	-6.3395907e-07	-7.921062e-08	-8.5695781e-07	-7.6911019e-07	-8.4266032e-05	3.0342015e-05	0.00025517119	0.00025475302	-0.0016414856
0.204	1.204	0	0	0	0.77412599	0	0	0	0.77712768	0.72432006	0.00025615214	-2.3748734e-06	5.3048524e-07	-1.761977e-06	-1.8567998e-07	-6.078101e-07	-7.9795167e-08	-8.2829845e-07	-7.7029577e-07	-8.5065387e-05	3.0853925e-05	0.00025759196	0.00025716666	-0.0016537894
0.206	1.206	0	0	0	0.77108409	0	0	0	0.77411268	0.7198686	0.00025857636	-2.3946923e-06	5.3410911e-07	-1.7697644e-06	-1.9058243e-07	-5.8189547e-07	-7.9990462e-08	-7.9979057e-07	-7.7136893e-07	-8.5871471e-05	3.1370682e-05	0.00026003294	0.00025960049	-0.0016658397
0.208	1.208	0	0	0	0.76802603	0	0	0	0.7710816	0.71539057	0.00026102103	-2.414631e-06	5.3825471e-07	-1.7774974e-06	-1.9553934e-07	-5.5623368e-07	-7.9797907e-08	-7.7145359e-07	-7.7233044e-07	-8.6684387e-05	3.1892327e-05	0.00026249445	0.00026205481	-0.0016776361
0.21	1.21	0	0	0	0.76495164	0	0	0	0.76803429	0.710886	0.00026348645	-2.4346905e-06	5.429283e-07	-1.7851745e-06	-2.0055003e-07	-5.3084374e-07	-7.921911e-08	-7.4330747e-07	-7.7318102e-07	-8.7504239e-05	3.2418901e-05	0.00026497679	0.00026452995	-0.0016891772
0.212	1.212	0	0	0	0.76186077	0	0	0	0.76497059	0.70635491	0.00026597293	-2.4548713e-06	5.4813591e-07	-1.7927937e-06	-2.0561371e-07	-5.057451e-07	-7.8255893e-08	-7.1537265e-07	-7.7392138e-07	-8.8331132e-05	3.2950446e-05	0.00026748029	0.00026702622	-0.0017004611
0.214	1.214	0	0	0	0.75875326	0	0	0	0.76189033	0.70179734	0.00026848081	-2.4751734e-06	5.5388329e-07	-1.8003529e-06	-2.1072954e-07	-4.8095757e-07	-7.6910312e-08	-6.8767002e-07	-7.7455217e-07	-8.9165175e-05	3.3487006e-05	0.00027000526	0.00026954394	-0.0017114849
0.216	1.216	0	0	0	0.75562894	0	0	0	0.75879336	0.69721332	0.0002710104	-2.4955964e-06	5.6017589e-07	-1.8078493e-06	-2.1589654e-07	-4.5650126e-07	-7.518468e-08	-6.602208e-07	-7.7507406e-07	-9.0006478e-05	3.4028622e-05	0.00027255205	0.00027208345	-0.0017222457
0.218	1.218	0	0	0	0.75248765	0	0	0	0.7556795	0.6926029	0.00027356206	-2.5161393e-06	5.6701881e-07	-1.8152799e-06	-2.2111366e-07	-4.3239653e-07	-7.3081583e-08	-6.330465e-07	-7.7548766e-07	-9.0855152e-05	3.457534e-05	0.00027512098	0.00027464509	-0.0017327399
0.22	1.22	0	0	0	0.74932923	0	0	0	0.75254858	0.68796611	0.00027613611	-2.5368007e-06	5.7441675e-07	-1.8226414e-06	-2.2637973e-07	-4.0866388e-07	-7.0603918e-08	-6.0616885e-07	-7.7579358e-07	-9.1711311e-05	3.5127203e-05	0.0002777124	0.0002772292	-0.0017429645
0.222	1.222	0	0	0	0.7461535	0	0	0	0.74940044	0.68330301	0.00027873291	-2.5575785e-06	5.8237397e-07	-1.8299297e-06	-2.316935e-07	-3.8532392e-07	-6.7754921e-08	-5.7960972e-07	-7.7599242e-07	-9.2575074e-05	3.5684256e-05	0.00028032666	0.00027983613	-0.0017529166
0.224	1.224	0	0	0	0.74296031	0	0	0	0.74623491	0.67861365	0.00028135282	-2.5784701e-06	5.9089417e-07	-1.8371408e-06	-2.3705362e-07	-3.6239726e-07	-6.4538208e-08	-5.5339107e-07	-7.7608477e-07	-9.344656e-05	3.6246547e-05	0.00028296411	0.00028246624	-0.0017625948
0.226	1.226	0	0	0	0.73974946	0	0	0	0.74305181	0.67389809	0.0002839962	-2.5994725e-06	5.9998048e-07	-1.8442699e-06	-2.424586e-07	-3.3990452e-07	-6.0957817e-08	-5.275349e-07	-7.7607122e-07	-9.4325891e-05	3.6814121e-05	0.00028562513	0.00028511989	-0.0017719991
0.228	1.228	0	0	0	0.73652081	0	0	0	0.73985098	0.66915641	0.00028666344	-2.6205816e-06	6.0963528e-07	-1.8513121e-06	-2.479069e-07	-3.1786627e-07	-5.7018246e-08	-5.020632e-07	-7.7595232e-07	-9.5213193e-05	3.7387027e-05	0.00028831008	0.00028779747	-0.0017811315
0.23	1.23	0	0	0	0.73327417	0	0	0	0.73663223	0.66438866	0.00028935492	-2.6417933e-06	6.1986022e-07	-1.8582619e-06	-2.5339681e-07	-2.9630302e-07	-5.2724492e-08	-4.7699796e-07	-7.7572863e-07	-9.6108597e-05	3.7965311e-05	0.00029101936	0.00029049936	-0.0017899964
0.232	1.232	0	0	0	0.73000937	0	0	0	0.73339539	0.65959495	0.00029207104	-2.6631023e-06	6.3065604e-07	-1.8651134e-06	-2.5892655e-07	-2.7523527e-07	-4.8082075e-08	-4.523612e-07	-7.7540071e-07	-9.7012236e-05	3.8549024e-05	0.00029375335	0.00029322596	-0.0017986001
0.234	1.234	0	0	0	0.72672625	0	0	0	0.7301403	0.65477537	0.00029481221	-2.684503e-06	6.4202263e-07	-1.8718606e-06	-2.6449415e-07	-2.5468344e-07	-4.3097043e-08	-4.2817494e-07	-7.7496907e-07	-9.7924249e-05	3.9138215e-05	0.00029651249	0.00029597767	-0.0018069505
0.236	1.236	0	0	0	0.72342464	0	0	0	0.72686679	0.64993001	0.00029757887	-2.7059889e-06	6.5395893e-07	-1.8784966e-06	-2.7009752e-07	-2.3466798e-07	-3.7775948e-08	-4.0446129e-07	-7.7443421e-07	-9.884478e-05	3.9732935e-05	0.00029929717	0.00029875492	-0.0018150557
0.238	1.238	0	0	0	0.72010436	0	0	0	0.72357467	0.645059	0.00030037146	-2.7275531e-06	6.6646306e-07	-1.8850143e-06	-2.7573433e-07	-2.1520931e-07	-3.2125794e-08	-3.8124242e-07	-7.7379661e-07	-9.9773976e-05	4.0333235e-05	0.00030210786	0.00030155814	-0.0018229226
0.24	1.24	0	0	0	0.71676526	0	0	0	0.72026379	0.64016248	0.00030319044	-2.7491876e-06	6.7953239e-07	-1.8914062e-06	-2.8140207e-07	-1.9632775e-07	-2.6153955e-08	-3.5854051e-07	-7.7305672e-07	-0.00010071199	4.0939167e-05	0.000304945	0.0003043878	-0.0018305544
0.242	1.242	0	0	0	0.71340718	0	0	0	0.71693399	0.63524059	0.0003060363	-2.7708842e-06	6.9316369e-07	-1.8976641e-06	-2.8709797e-07	-1.7804345e-07	-1.9868065e-08	-3.363777e-07	-7.7221496e-07	-0.000101659	4.1550786e-05	0.00030780907	0.00030724437	-0.0018379491
0.244	1.244	0	0	0	0.71002996	0	0	0	0.7135851	0.6302935	0.00030890954	-2.7926336e-06	7.0735338e-07	-1.9037797e-06	-2.9281903e-07	-1.6037617e-07	-1.3275897e-08	-3.147759e-07	-7.7127175e-07	-0.00010261515	4.2168145e-05	0.00031070057	0.00031012835	-0.001845098
0.246	1.246	0	0	0	0.70663345	0	0	0	0.71021698	0.62532139	0.00031181068	-2.8144263e-06	7.2209769e-07	-1.9097438e-06	-2.9856194e-07	-1.4334508e-07	-6.3852486e-09	-2.9375659e-07	-7.7022749e-07	-0.00010358063	4.2791299e-05	0.00031362001	0.00031304026	-0.0018519848
0.248	1.248	0	0	0	0.70321751	0	0	0	0.70682946	0.62032445	0.00031474027	-2.8362521e-06	7.3739288e-07	-1.9155472e-06	-3.043232e-07	-1.2696848e-07	7.961653e-10	-2.7334055e-07	-7.6908261e-07	-0.00010455562	4.3420306e-05	0.00031656794	0.00031598066	-0.0018585858
0.25	1.25	0	0	0	0.69978199	0	0	0	0.7034224	0.61530291	0.0003176989	-2.8581004e-06	7.5323542e-07	-1.9211803e-06	-3.1009903e-07	-1.1126354e-07	8.2607864e-09	-2.5354755e-07	-7.6783754e-07	-0.00010554032	4.4055222e-05	0.00031954491	0.00031895011	-0.0018648708
0.252	1.252	0	0	0	0.69632677	0	0	0	0.69999566	0.610257	0.00032068715	-2.8799602e-06	7.6962208e-07	-1.9266332e-06	-3.1588548e-07	-9.6245995e-08	1.6001263e-08	-2.3439616e-07	-7.6649274e-07	-0.00010653492	4.4696106e-05	0.00032255153	0.00032194922	-0.0018708048
0.254	1.254	0	0	0	0.69285171	0	0	0	0.6965491	0.60518697	0.00032370565	-2.9018203e-06	7.8655004e-07	-1.9318958e-06	-3.2167842e-07	-8.1929991e-08	2.4010469e-08	-2.1590339e-07	-7.6504874e-07	-0.00010753964	4.5343019e-05	0.00032558839	0.00032497861	-0.001876349
0.256	1.256	0	0	0	0.6893567	0	0	0	0.6930826	0.6000931	0.00032675505	-2.9236692e-06	8.0401693e-07	-1.9369581e-06	-3.2747362e-07	-6.8327862e-08	3.2281507e-08	-1.9808461e-07	-7.635061e-07	-0.00010855469	4.5996021e-05	0.00032865613	0.00032803894	-0.0018814631
0.258	1.258	0	0	0	0.68584161	0	0	0	0.68959602	0.59497568	0.00032983602	-2.9454953e-06	8.2202082e-07	-1.9418101e-06	-3.3326676e-07	-5.5450037e-08	4.0807688e-08	-1.8095333e-07	-7.6186542e-07	-0.0001095803	4.6655175e-05	0.00033175543	0.00033113088	-0.0018861067
0.26	1.26	0	0	0	0.68230634	0	0	0	0.68608924	0.58983503	0.00033294927	-2.9672872e-06	8.4056021e-07	-1.9464419e-06	-3.3905347e-07	-4.330497e-08	4.9582512e-08	-1.6452112e-07	-7.6012737e-07	-0.0001106167	4.7320544e-05	0.00033488697	0.00033425515	-0.0018902398
0.262	1.262	0	0	0	0.67875079	0	0	0	0.68256215	0.58467148	0.00033609554	-2.9890333e-06	8.5963404e-07	-1.9508438e-06	-3.448294e-07	-3.1899121e-08	5.859964e-08	-1.4879758e-07	-7.5829268e-07	-0.00011166414	4.7992195e-05	0.00033805148	0.00033741248	-0.0018938245
0.264	1.264	0	0	0	0.67517487	0	0	0	0.67901464	0.57948538	0.00033927559	-3.0107221e-06	8.7924163e-07	-1.9550065e-06	-3.5059019e-07	-2.1236982e-08	6.7852869e-08	-1.3379036e-07	-7.5636211e-07	-0.00011272288	4.8670194e-05	0.00034124971	0.00034060364	-0.0018968248
0.266	1.266	0	0	0	0.67157847	0	0	0	0.67544661	0.5742771	0.00034249021	-3.0323426e-06	8.9938268e-07	-1.9589208e-06	-3.5633156e-07	-1.1321135e-08	7.7336114e-08	-1.1950514e-07	-7.5433645e-07	-0.00011379318	4.935461e-05	0.00034448243	0.00034382943	-0.0018992069
0.268	1.268	0	0	0	0.66796154	0	0	0	0.67185797	0.56904706	0.00034574023	-3.0538838e-06	9.2005722e-07	-1.9625781e-06	-3.6204928e-07	-2.1523263e-09	8.7043395e-08	-1.0594573e-07	-7.5221654e-07	-0.00011487532	5.0045512e-05	0.00034775046	0.00034709066	-0.00190094
0.27	1.27	0	0	0	0.66432399	0	0	0	0.66824861	0.56379565	0.0003490265	-3.075335e-06	9.4126568e-07	-1.9659702e-06	-3.6773921e-07	6.2704267e-09	9.6968819e-08	-9.3114134e-08	-7.5000325e-07	-0.00011596959	5.0742972e-05	0.00035105465	0.00035038821	-0.0019019953
0.272	1.272	0	0	0	0.66066576	0	0	0	0.66461847	0.55852332	0.00035234991	-3.0966861e-06	9.6300877e-07	-1.9690892e-06	-3.7339733e-07	1.3949723e-08	1.0710658e-07	-8.1010678e-08	-7.4769746e-07	-0.00011707627	5.1447065e-05	0.00035439586	0.00035372296	-0.0019023467
0.274	1.274	0	0	0	0.6569868	0	0	0	0.66096746	0.55323055	0.0003557114	-3.1179271e-06	9.8528759e-07	-1.9719281e-06	-3.7901974e-07	2.0889649e-08	1.1745096e-07	-6.9634094e-08	-7.4530005e-07	-0.00011819569	5.2157864e-05	0.00035777501	0.00035709583	-0.0019019703
0.276	1.276	0	0	0	0.65328706	0	0	0	0.65729553	0.5479178	0.00035911191	-3.1390489e-06	1.0081036e-06	-1.97448e-06	-3.8460265e-07	2.7095649e-08	1.2799633e-07	-5.8981657e-08	-7.4281192e-07	-0.00011932816	5.2875448e-05	0.00036119305	0.00036050778	-0.0019008441
0.278	1.278	0	0	0	0.64956651	0	0	0	0.65360261	0.54258559	0.00036255243	-3.1600425e-06	1.0314584e-06	-1.9767388e-06	-3.901424e-07	3.2574381e-08	1.3873712e-07	-4.9049317e-08	-7.4023396e-07	-0.00012047402	5.3599895e-05	0.00036465094	0.0003639598	-0.0018989483
0.28	1.28	0	0	0	0.64582512	0	0	0	0.64988865	0.53723445	0.00036603401	-3.1808997e-06	1.0553544e-06	-1.978699e-06	-3.9563551e-07	3.7333579e-08	1.4966788e-07	-3.9831831e-08	-7.3756702e-07	-0.0001216336	5.4331287e-05	0.00036814972	0.00036745293	-0.001896265
0.282	1.282	0	0	0	0.64206287	0	0	0	0.64615362	0.53186494	0.0003695577	-3.2016128e-06	1.0797938e-06	-1.9803556e-06	-4.0107859e-07	4.1381905e-08	1.6078322e-07	-3.1322901e-08	-7.3481197e-07	-0.00012280727	5.5069707e-05	0.00037169042	0.00037098822	-0.0018927778
0.284	1.284	0	0	0	0.63827977	0	0	0	0.64239747	0.52647763	0.0003731246	-3.2221748e-06	1.1047797e-06	-1.9817043e-06	-4.0646844e-07	4.4728813e-08	1.7207788e-07	-2.3515311e-08	-7.3196962e-07	-0.00012399539	5.581524e-05	0.00037527413	0.00037456677	-0.0018884721
0.286	1.286	0	0	0	0.63447582	0	0	0	0.63862019	0.52107314	0.00037673585	-3.2425793e-06	1.1303152e-06	-1.9827413e-06	-4.1180197e-07	4.7384404e-08	1.8354665e-07	-1.640107e-08	-7.2904075e-07	-0.00012519834	5.6567974e-05	0.00037890199	0.00037818973	-0.0018833345
0.288	1.288	0	0	0	0.63065102	0	0	0	0.63482176	0.51565208	0.00038039264	-3.2628205e-06	1.156404e-06	-1.9834634e-06	-4.1707625e-07	4.9359292e-08	1.9518445e-07	-9.9715402e-09	-7.2602611e-07	-0.00012641651	5.7327999e-05	0.00038257514	0.00038185826	-0.0018773532
0.29	1.29	0	0	0	0.62680542	0	0	0	0.63100218	0.5102151	0.00038409616	-3.2828933e-06	1.1830499e-06	-1.983868e-06	-4.2228848e-07	5.0664467e-08	2.0698628e-07	-4.217576e-09	-7.2292639e-07	-0.00012765032	5.8095407e-05	0.00038629479	0.00038557357	-0.0018705178
0.292	1.292	0	0	0	0.62293905	0	0	0	0.62716145	0.50476289	0.00038784769	-3.3027932e-06	1.2102575e-06	-1.9839531e-06	-4.2743602e-07	5.1311173e-08	2.1894723e-07	8.7035219e-10	-7.1974223e-07	-0.00012890017	5.8870293e-05	0.00039006219	0.00038933692	-0.0018628189
0.294	1.294	0	0	0	0.61905196	0	0	0	0.62329959	0.49929615	0.00039164851	-3.3225165e-06	1.2380314e-06	-1.9837173e-06	-4.3251631e-07	5.1310785e-08	2.3106247e-07	5.3020333e-09	-7.1647421e-07	-0.0001301665	5.9652755e-05	0.0003938786	0.0003931496	-0.0018542484
0.296	1.296	0	0	0	0.61514422	0	0	0	0.61941662	0.4938156	0.00039549995	-3.3420601e-06	1.2663766e-06	-1.9831595e-06	-4.3752697e-07	5.0674691e-08	2.4332726e-07	9.0873989e-09	-7.1312286e-07	-0.00013144977	6.0442892e-05	0.00039774534	0.00039701293	-0.0018447993
0.298	1.298	0	0	0	0.6112159	0	0	0	0.61551259	0.48832199	0.00039940339	-3.3614214e-06	1.2952987e-06	-1.9822795e-06	-4.4246568e-07	4.941419e-08	2.5573693e-07	1.2236413e-08	-7.0968862e-07	-0.00013275041	6.1240807e-05	0.00040166378	0.00040092829	-0.0018344656
0.3	1.3	0	0	0	0.60726711	0	0	0	0.61158754	0.4828161	0.00040336024	-3.3805988e-06	1.3248034e-06	-1.9810773e-06	-4.4733026e-07	4.7540386e-08	2.6828689e-07	1.4758967e-08	-7.0617187e-07	-0.00013406891	6.2046605e-05	inf	inf	inf
