lambda	F11	F12	F13	F21	F22	F23	F31	F32	F33	J	P11	P12	P13	P21	P22	P23	P31	P32	P33	p	StrEn	t(1)	t(2)	d
0	1	0	0	0	1	0	0	0	1	1	0	0	0	0	0	0	0	0	0	-0	0	inf	inf	inf
-0.002	1	-0.002	0	0	1	0	0	0	1	1	2.5503222e-07	-7.3650487e-06	-6.7624382e-08	-7.3624345e-06	2.3573146e-07	5.774807e-08	-6.196924e-08	5.9966413e-08	-4.9386038e-08	-1.4712588e-07	7.3552925e-09	-7.3650487e-06	-7.3500014e-06	-0.0020472507
-0.004	1	-0.004	0	0	1	0	0	0	1	1	6.2620228e-07	-1.4710906e-05	-1.2476083e-07	-1.4704497e-05	5.6886307e-07	1.086259e-07	-1.1317055e-07	1.1328614e-07	-3.0434e-08	-3.8821045e-07	2.9400006e-08	-1.4710906e-05	-1.468237e-05	-0.0019435844
-0.006	1	-0.006	0	0	1	0	0	0	1	1	1.1191692e-06	-2.2025237e-05	-1.7127245e-07	-2.2013253e-05	1.0048369e-06	1.5402683e-07	-1.5346343e-07	1.6139798e-07	6.1053387e-08	-7.2835318e-07	6.6084771e-08	-2.2025237e-05	-2.1983551e-05	-0.0018962215
-0.008	1	-0.008	0	0	1	0	0	0	1	1	1.7428425e-06	-2.9293803e-05	-2.0670482e-07	-2.92738e-05	1.5523319e-06	1.9587555e-07	-1.823634e-07	2.0628476e-07	2.3170868e-07	-1.1756277e-06	1.1733421e-07	-2.9293803e-05	-2.9239441e-05	-0.001859199
-0.01	1	-0.01	0	0	1	0	0	0	1	1	2.5103798e-06	-3.6499584e-05	-2.3018301e-07	-3.6468346e-05	2.2242185e-06	2.3664983e-07	-1.9892834e-07	2.5050257e-07	4.9147452e-07	-1.7420243e-06	1.8304254e-07	-3.6499584e-05	-3.6433272e-05	-0.0018201065
-0.012	1	-0.012	0	0	1	0	0	0	1	1	3.4404312e-06	-4.3621737e-05	-2.4053438e-07	-4.3575119e-05	3.0387778e-06	2.7925026e-07	-2.0186864e-07	2.9706187e-07	8.5468831e-07	-2.4446324e-06	2.630673e-07	-4.3621737e-05	-4.3544666e-05	-0.0017699364
-0.014	1	-0.014	0	0	1	0	0	0	1	1	4.5580513e-06	-5.0634853e-05	-2.3691996e-07	-5.0567557e-05	4.0206475e-06	3.2640793e-07	-1.9016986e-07	3.4885055e-07	1.340859e-06	-3.3065193e-06	3.572212e-07	-5.0634853e-05	-5.0549035e-05	-0.0016977252
-0.016	1	-0.016	0	0	1	0	0	0	1	1	5.8934318e-06	-5.7509922e-05	-2.2023858e-07	-5.7415222e-05	5.1997239e-06	3.7927989e-07	-1.6450897e-07	4.0724205e-07	1.9733452e-06	-4.3555003e-06	4.6526344e-07	-5.7509922e-05	-5.7418567e-05	-0.0015910413
-0.018	1	-0.018	0	0	1	0	0	0	1	1	7.4758122e-06	-6.4219032e-05	-1.9482027e-07	-6.4088536e-05	6.6053543e-06	4.3553839e-07	-1.2900529e-07	4.7017197e-07	2.7730033e-06	-5.6180566e-06	5.8689547e-07	-6.4219032e-05	-6.4126223e-05	-0.001447275
-0.02	1	-0.02	0	0	1	0	0	0	1	1	9.3247373e-06	-7.0742007e-05	-1.6857038e-07	-7.056559e-05	8.2576265e-06	4.8871667e-07	-9.1464007e-08	5.3142011e-07	3.747774e-06	-7.1100459e-06	7.2176833e-07	-7.0742007e-05	-7.065084e-05	-0.0012903969
-0.022	1	-0.022	0	0	1	0	0	0	1	1	1.1450263e-05	-7.7065717e-05	-1.5054683e-07	-7.6831545e-05	1.0166907e-05	5.3019388e-07	-6.1039242e-08	5.8249824e-07	4.8883062e-06	-8.835159e-06	8.6949883e-07	-7.7065717e-05	-7.6976309e-05	-0.0011615035
-0.024	1	-0.024	0	0	1	0	0	0	1	1	1.3868327e-05	-8.3170882e-05	-1.4828959e-07	-8.2865224e-05	1.234829e-05	5.5191431e-07	-4.5616979e-08	6.1527409e-07	6.1761129e-06	-1.0797576e-05	1.0296736e-06	-8.3170882e-05	-8.308075e-05	-0.0010848718
-0.026	1	-0.026	0	0	1	0	0	0	1	1	1.6617064e-05	-8.9017848e-05	-1.6670351e-07	-8.8624402e-05	1.4838123e-05	5.4792842e-07	-5.0781638e-08	6.2337814e-07	7.5941555e-06	-1.3016448e-05	1.2018218e-06	-8.9017848e-05	-8.8925071e-05	-0.0010433107
-0.028	1	-0.028	0	0	1	0	0	0	1	1	1.9746577e-05	-9.455541e-05	-2.0676861e-07	-9.4054569e-05	1.7686556e-05	5.1650075e-07	-7.8561613e-08	6.0416388e-07	9.1274202e-06	-1.5520184e-05	1.3853738e-06	-9.455541e-05	-9.4463431e-05	-0.0009736987
-0.03	1	-0.03	0	0	1	0	0	0	1	1	2.3265499e-05	-9.9769675e-05	-2.6378698e-07	-9.9139076e-05	2.0907942e-05	4.6303274e-07	-1.2529472e-07	5.618595e-07	1.0754538e-05	-1.8309326e-05	1.5796756e-06	-9.9769675e-05	-9.9684563e-05	-0.00085380665
-0.032	1	-0.032	0	0	1	0	0	0	1	1	2.7105575e-05	-0.00010471878	-3.2954903e-07	-0.00010393547	2.4443583e-05	3.9785862e-07	-1.8313875e-07	5.060817e-07	1.2447294e-05	-2.1332151e-05	1.7841121e-06	-0.00010471878	-0.00010463917	-0.00076072942
-0.034	1	-0.034	0	0	1	0	0	0	1	1	3.1167153e-05	-0.00010949265	-3.9740455e-07	-0.0001085348	2.8200928e-05	3.2965782e-07	-2.4513364e-07	4.4551122e-07	1.4181814e-05	-2.4516632e-05	1.9982322e-06	-0.00010949265	-0.00010941189	-0.00073816896
-0.036	1	-0.036	0	0	1	0	0	0	1	1	3.5371427e-05	-0.00011416391	-4.6391991e-07	-0.00011301105	3.2103938e-05	2.6302249e-07	-3.073426e-07	3.8507672e-07	1.5943848e-05	-2.7806404e-05	2.2217596e-06	-0.00011416391	-0.00011407687	-0.00076303331
-0.038	1	-0.038	0	0	1	0	0	0	1	1	3.9669394e-05	-0.00011877822	-5.2773459e-07	-0.00011741086	3.6103837e-05	1.9982421e-07	-3.6798458e-07	3.2699755e-07	1.772611e-05	-3.1166447e-05	2.4545397e-06	-0.00011877822	-0.00011868261	-0.00080559057
-0.04	1	-0.04	0	0	1	0	0	0	1	1	4.4032531e-05	-0.00012336227	-5.8842281e-07	-0.00012176156	4.01714e-05	1.4068498e-07	-4.2633559e-07	2.7216225e-07	1.9524902e-05	-3.4576278e-05	2.6964901e-06	-0.00012336227	-0.00012325753	-0.0008498168
-0.042	1	-0.042	0	0	1	0	0	0	1	1	4.8444075e-05	-0.00012793179	-6.4593009e-07	-0.00012607921	4.4288956e-05	8.5720185e-08	-4.8213567e-07	2.2087522e-07	2.1338217e-05	-3.8023749e-05	2.9475698e-06	-0.00012793179	-0.00012781811	-0.00088939413
-0.044	1	-0.044	0	0	1	0	0	0	1	1	5.2893801e-05	-0.00013249631	-7.0034293e-07	-0.00013037355	4.8445426e-05	3.4845817e-08	-5.3532726e-07	1.7318525e-07	2.3164852e-05	-4.150136e-05	3.2077625e-06	-0.00013249631	-0.00013237419	-0.00092253213
-0.046	1	-0.046	0	0	1	0	0	0	1	1	5.7375193e-05	-0.00013706185	-7.5179862e-07	-0.00013465074	5.2633558e-05	-1.2099933e-08	-5.8594357e-07	1.290253e-07	2.5004008e-05	-4.5004253e-05	3.4770666e-06	-0.00013706185	-0.00013693186	-0.00094924754
-0.048	1	-0.048	0	0	1	0	0	0	1	1	6.1883922e-05	-0.00014163236	-8.0044969e-07	-0.00013891479	5.6848405e-05	-5.530765e-08	-6.3405946e-07	8.8273945e-08	2.6855106e-05	-4.8529144e-05	3.75549e-06	-0.00014163236	-0.00014149508	-0.00097018376
-0.05	1	-0.05	0	0	1	0	0	0	1	1	6.6416992e-05	-0.00014621053	-8.4644949e-07	-0.0001431684	6.1086461e-05	-9.497614e-08	-6.7976867e-07	5.0784048e-08	2.8717693e-05	-5.2073716e-05	4.0430469e-06	-0.00014621053	-0.00014606649	-0.0009861347
-0.052	1	-0.052	0	0	1	0	0	0	1	1	7.0972258e-05	-0.00015079824	-8.8994636e-07	-0.00014741346	6.534516e-05	-1.3130336e-07	-7.2317263e-07	1.6397193e-08	3.0591402e-05	-5.5636273e-05	4.3397559e-06	-0.00015079824	-0.00015064792	-0.00099786493
-0.054	1	-0.054	0	0	1	0	0	0	1	1	7.5548133e-05	-0.00015539685	-9.3108128e-07	-0.00015165132	6.9622565e-05	-1.644822e-07	-7.6437463e-07	-1.5048634e-08	3.2475919e-05	-5.9215539e-05	4.6456386e-06	-0.00015539685	-0.00015524067	-0.0010060507
-0.056	1	-0.056	0	0	1	0	0	0	1	1	8.0143413e-05	-0.00016000736	-9.6998706e-07	-0.00015588295	7.3917178e-05	-1.9469852e-07	-8.0347668e-07	-4.3714685e-08	3.4370972e-05	-6.2810521e-05	4.9607186e-06	-0.00016000736	-0.00015984572	-0.0010112688
-0.058	1	-0.058	0	0	1	0	0	0	1	1	8.4757158e-05	-0.00016463053	-1.0067882e-06	-0.00016010908	7.8227815e-05	-2.2213024e-07	-8.4057783e-07	-6.975892e-08	3.6276321e-05	-6.6420432e-05	5.2850214e-06	-0.00016463053	-0.00016446376	-0.0010140038
-0.06	1	-0.06	0	0	1	0	0	0	1	1	8.938862e-05	-0.00016926693	-1.0416012e-06	-0.00016433027	8.2553523e-05	-2.4694695e-07	-8.7577316e-07	-9.3334507e-08	3.8191753e-05	-7.0044632e-05	5.6185737e-06	-0.00016926693	-0.00016909536	-0.0010146599
-0.062	1	-0.062	0	0	1	0	0	0	1	1	9.4037192e-05	-0.00017391704	-1.0745347e-06	-0.00016854694	8.6893521e-05	-2.6930988e-07	-9.0915341e-07	-1.1458898e-07	4.0117075e-05	-7.3682596e-05	5.9614029e-06	-0.00017391704	-0.00017374094	-0.0010135739
-0.064	1	-0.064	0	0	1	0	0	0	1	1	9.8702371e-05	-0.00017858121	-1.1056903e-06	-0.00017275939	9.1247157e-05	-2.8937208e-07	-9.4080472e-07	-1.3366376e-07	4.2052115e-05	-7.7333881e-05	6.3135374e-06	-0.00017858121	-0.00017840084	-0.0010110267
-0.066	1	-0.066	0	0	1	0	0	0	1	1	0.00010338374	-0.00018325974	-1.1351625e-06	-0.00017696791	9.5613885e-05	-3.0727861e-07	-9.7080866e-07	-1.5069401e-07	4.3996717e-05	-8.0998113e-05	6.6750062e-06	-0.00018325974	-0.00018307533	-0.0010072533
-0.068	1	-0.068	0	0	1	0	0	0	1	1	0.00010808093	-0.00018795287	-1.1630397e-06	-0.00018117267	9.9993238e-05	-3.2316688e-07	-9.9924231e-07	-1.6580859e-07	4.5950739e-05	-8.467497e-05	7.0458387e-06	-0.00018795287	-0.00018776465	-0.0010024508
-0.07	1	-0.07	0	0	1	0	0	0	1	1	0.00011279365	-0.00019266081	-1.1894042e-06	-0.00018537385	0.00010438481	-3.3716701e-07	-1.0261784e-06	-1.7913015e-07	4.7914052e-05	-8.8364171e-05	7.4260648e-06	-0.00019266081	-0.00019246896	-0.00099678524
-0.072	1	-0.072	0	0	1	0	0	0	1	1	0.00011752162	-0.00019738374	-1.214333e-06	-0.00018957156	0.00010878826	-3.4940216e-07	-1.0516857e-06	-1.907753e-07	4.9886541e-05	-9.2065472e-05	7.8157146e-06	-0.00019738374	-0.00019718845	-0.00099039671
-0.074	1	-0.074	0	0	1	0	0	0	1	1	0.0001222646	-0.0002021218	-1.2378978e-06	-0.00019376592	0.00011320327	-3.5998889e-07	-1.0758288e-06	-2.0085485e-07	5.18681e-05	-9.5778657e-05	8.2148186e-06	-0.0002021218	-0.00020192323	-0.0009834041
-0.076	1	-0.076	0	0	1	0	0	0	1	1	0.0001270224	-0.00020687511	-1.2601657e-06	-0.00019795699	0.00011762957	-3.6903757e-07	-1.0986687e-06	-2.0947401e-07	5.3858634e-05	-9.9503533e-05	8.6234075e-06	-0.00020687511	-0.00020667342	-0.00097590848
-0.078	1	-0.078	0	0	1	0	0	0	1	1	0.00013179481	-0.0002116438	-1.2811994e-06	-0.00020214485	0.00012206692	-3.7665265e-07	-1.1202631e-06	-2.1673265e-07	5.5858057e-05	-0.00010323993	9.0415123e-06	-0.0002116438	-0.00021143912	-0.00096799606
-0.08	1	-0.08	0	0	1	0	0	0	1	1	0.00013658169	-0.00021642795	-1.3010576e-06	-0.00020632954	0.00012651508	-3.8293305e-07	-1.1406662e-06	-2.2272557e-07	5.7866291e-05	-0.00010698769	9.469164e-06	-0.00021642795	-0.00021622043	-0.00095974058
-0.082	1	-0.082	0	0	1	0	0	0	1	1	0.00014138286	-0.00022122765	-1.3197953e-06	-0.00021051111	0.00013097388	-3.8797246e-07	-1.1599293e-06	-2.2754275e-07	5.9883266e-05	-0.00011074667	9.906394e-06	-0.00022122765	-0.00022101742	-0.00095120527
-0.084	1	-0.084	0	0	1	0	0	0	1	1	0.00014619821	-0.00022604299	-1.3374638e-06	-0.00021468959	0.00013544311	-3.9185962e-07	-1.1781009e-06	-2.3126958e-07	6.1908918e-05	-0.00011451675	1.0353234e-05	-0.00022604299	-0.00022583016	-0.00094244447
-0.086	1	-0.086	0	0	1	0	0	0	1	1	0.00015102759	-0.00023087404	-1.3541114e-06	-0.00021886499	0.00013992261	-3.9467863e-07	-1.1952266e-06	-2.3398711e-07	6.3943192e-05	-0.0001182978	1.0809715e-05	-0.00023087404	-0.00023065872	-0.000933505
-0.088	1	-0.088	0	0	1	0	0	0	1	1	0.0001558709	-0.00023572085	-1.3697832e-06	-0.00022303735	0.00014441223	-3.9650921e-07	-1.2113498e-06	-2.3577229e-07	6.5986036e-05	-0.00012208972	1.1275869e-05	-0.00023572085	-0.00023550315	-0.00092442721
-0.09	1	-0.09	0	0	1	0	0	0	1	1	0.00016072802	-0.0002405835	-1.3845219e-06	-0.00022720666	0.00014891182	-3.9742695e-07	-1.2265115e-06	-2.3669814e-07	6.8037405e-05	-0.00012589242	1.1751727e-05	-0.0002405835	-0.00024036351	-0.00091524601
-0.092	1	-0.092	0	0	1	0	0	0	1	1	0.00016559886	-0.00024546203	-1.3983671e-06	-0.00023137295	0.00015342124	-3.9750351e-07	-1.2407503e-06	-2.3683402e-07	7.009726e-05	-0.00012970579	1.2237323e-05	-0.00024546203	-0.00024523984	-0.00090599159
-0.094	1	-0.094	0	0	1	0	0	0	1	1	0.00017048333	-0.0002503565	-1.4113564e-06	-0.00023553621	0.00015794036	-3.9680692e-07	-1.2541032e-06	-2.3624578e-07	7.2165564e-05	-0.00013352975	1.2732687e-05	-0.0002503565	-0.00025013221	-0.00089669007
-0.096	1	-0.096	0	0	1	0	0	0	1	1	0.00017538133	-0.00025526695	-1.4235249e-06	-0.00023969645	0.00016246907	-3.9540169e-07	-1.2666049e-06	-2.3499598e-07	7.4242286e-05	-0.00013736423	1.3237851e-05	-0.00025526695	-0.00025504064	-0.00088736413
-0.098	1	-0.098	0	0	1	0	0	0	1	1	0.0001802928	-0.00026019344	-1.4349058e-06	-0.00024385367	0.00016700725	-3.9334907e-07	-1.2782885e-06	-2.3314402e-07	7.63274e-05	-0.00014120915	1.3752849e-05	-0.00026019344	-0.00025996518	-0.0008780334
-0.1	1	-0.1	0	0	1	0	0	0	1	1	0.00018521764	-0.00026513599	-1.4455303e-06	-0.00024800786	0.00017155479	-3.9070722e-07	-1.2891855e-06	-2.3074632e-07	7.8420881e-05	-0.00014506444	1.4277712e-05	-0.00026513599	-0.00026490587	-0.00086871493
-0.102	1	-0.102	0	0	1	0	0	0	1	1	0.00019015579	-0.00027009467	-1.4554278e-06	-0.00025215902	0.00017611159	-3.8753134e-07	-1.2993257e-06	-2.2785649e-07	8.0522708e-05	-0.00014893003	1.4812473e-05	-0.00027009467	-0.00026986274	-0.00085942347
-0.104	1	-0.104	0	0	1	0	0	0	1	1	0.00019510718	-0.00027506949	-1.4646258e-06	-0.00025630714	0.00018067756	-3.8387388e-07	-1.3087377e-06	-2.2452547e-07	8.2632865e-05	-0.00015280587	1.5357163e-05	-0.00027506949	-0.00027483583	-0.00085017183
-0.106	1	-0.106	0	0	1	0	0	0	1	1	0.00020007175	-0.00028006051	-1.4731505e-06	-0.00026045222	0.00018525261	-3.7978464e-07	-1.3174483e-06	-2.2080163e-07	8.4751337e-05	-0.0001566919	1.5911816e-05	-0.00028006051	-0.00027982518	-0.00084097107
-0.108	1	-0.108	0	0	1	0	0	0	1	1	0.00020504942	-0.00028506775	-1.4810265e-06	-0.00026459424	0.00018983664	-3.7531093e-07	-1.3254835e-06	-2.1673096e-07	8.6878111e-05	-0.00016058806	1.6476464e-05	-0.00028506775	-0.00028483082	-0.00083183076
-0.11	1	-0.11	0	0	1	0	0	0	1	1	0.00021004016	-0.00029009126	-1.488277e-06	-0.0002687332	0.00019442959	-3.7049771e-07	-1.3328677e-06	-2.1235713e-07	8.9013178e-05	-0.00016449431	1.7051139e-05	-0.00029009126	-0.00028985278	-0.00082275914
-0.112	1	-0.112	0	0	1	0	0	0	1	1	0.00021504389	-0.00029513106	-1.4949239e-06	-0.00027286909	0.00019903136	-3.6538768e-07	-1.3396245e-06	-2.0772164e-07	9.1156531e-05	-0.00016841059	1.7635875e-05	-0.00029513106	-0.00029489109	-0.00081376329
-0.114	1	-0.114	0	0	1	0	0	0	1	1	0.00022006056	-0.00030018719	-1.5009878e-06	-0.00027700189	0.00020364189	-3.6002141e-07	-1.3457761e-06	-2.0286389e-07	9.3308162e-05	-0.00017233687	1.8230704e-05	-0.00030018719	-0.00029994578	-0.00080484927
-0.116	1	-0.116	0	0	1	0	0	0	1	1	0.00022509013	-0.00030525968	-1.5064884e-06	-0.0002811316	0.0002082611	-3.5443745e-07	-1.351344e-06	-1.9782132e-07	9.5468069e-05	-0.0001762731	1.8835658e-05	-0.00030525968	-0.00030501688	-0.00079602224
-0.118	1	-0.118	0	0	1	0	0	0	1	1	0.00023013253	-0.00031034857	-1.511444e-06	-0.0002852582	0.00021288894	-3.486724e-07	-1.3563485e-06	-1.9262949e-07	9.7636248e-05	-0.00018021924	1.9450771e-05	-0.00031034857	-0.00031010443	-0.00078728657
-0.12	1	-0.12	0	0	1	0	0	0	1	1	0.00023518773	-0.00031545388	-1.5158722e-06	-0.00028938167	0.00021752533	-3.4276105e-07	-1.3608093e-06	-1.8732215e-07	9.9812699e-05	-0.00018417525	2.0076076e-05	-0.00031545388	-0.00031520844	-0.00077864593
-0.122	1	-0.122	0	0	1	0	0	0	1	1	0.00024025568	-0.00032057565	-1.5197895e-06	-0.00029350202	0.00022217022	-3.3673641e-07	-1.364745e-06	-1.8193135e-07	0.00010199742	-0.00018814111	2.0711605e-05	-0.00032057565	-0.00032032896	-0.00077010337
-0.124	1	-0.124	0	0	1	0	0	0	1	1	0.00024533633	-0.00032571391	-1.5232114e-06	-0.00029761921	0.00022682355	-3.3062985e-07	-1.3681735e-06	-1.7648749e-07	0.00010419042	-0.00019211676	2.1357392e-05	-0.00032571391	-0.00032546601	-0.0007616614
-0.126	1	-0.126	0	0	1	0	0	0	1	1	0.00025042963	-0.00033086868	-1.5261529e-06	-0.00030173325	0.00023148526	-3.2447112e-07	-1.371112e-06	-1.7101941e-07	0.00010639169	-0.0001961022	2.2013469e-05	-0.00033086868	-0.00033061962	-0.00075332203
-0.128	1	-0.128	0	0	1	0	0	0	1	1	0.00025553555	-0.00033604	-1.5286278e-06	-0.00030584411	0.00023615531	-3.1828847e-07	-1.373577e-06	-1.6555447e-07	0.00010860124	-0.00020009737	2.267987e-05	-0.00033604	-0.00033578981	-0.00074508685
-0.13	1	-0.13	0	0	1	0	0	0	1	1	0.00026065404	-0.0003412279	-1.5306495e-06	-0.00030995179	0.00024083364	-3.1210868e-07	-1.3755841e-06	-1.6011861e-07	0.00011081908	-0.00020410226	2.3356628e-05	-0.0003412279	-0.00034097662	-0.00073695707
-0.132	1	-0.132	0	0	1	0	0	0	1	1	0.00026578507	-0.00034643241	-1.5322306e-06	-0.00031405626	0.00024552021	-3.0595716e-07	-1.3771487e-06	-1.5473638e-07	0.0001130452	-0.00020811683	2.4043776e-05	-0.00034643241	-0.00034618007	-0.00072893357
-0.134	1	-0.134	0	0	1	0	0	0	1	1	0.00027092859	-0.00035165356	-1.5333829e-06	-0.00031815752	0.00025021498	-2.9985798e-07	-1.3782852e-06	-1.4943105e-07	0.00011527962	-0.00021214106	2.4741348e-05	-0.00035165356	-0.00035140019	-0.00072101691
-0.136	1	-0.136	0	0	1	0	0	0	1	1	0.00027608456	-0.00035689138	-1.5341178e-06	-0.00032225556	0.0002549179	-2.9383393e-07	-1.3790075e-06	-1.4422463e-07	0.00011752234	-0.00021617493	2.5449377e-05	-0.00035689138	-0.00035663702	-0.00071320742
-0.138	1	-0.138	0	0	1	0	0	0	1	1	0.00028125295	-0.00036214589	-1.534446e-06	-0.00032635036	0.00025962893	-2.8790661e-07	-1.3793293e-06	-1.3913794e-07	0.00011977337	-0.00022021841	2.6167896e-05	-0.00036214589	-0.00036189057	-0.00070550518
-0.14	1	-0.14	0	0	1	0	0	0	1	1	0.00028643372	-0.00036741713	-1.5343777e-06	-0.0003304419	0.00026434802	-2.8209645e-07	-1.3792634e-06	-1.3419065e-07	0.00012203271	-0.00022427148	2.689694e-05	-0.00036741713	-0.00036716089	-0.00069791005
-0.142	1	-0.142	0	0	1	0	0	0	1	1	0.00029162684	-0.00037270513	-1.5339226e-06	-0.00033453018	0.00026907516	-2.7642273e-07	-1.3788222e-06	-1.2940135e-07	0.00012430037	-0.00022833412	2.763654e-05	-0.00037270513	-0.00037244799	-0.00069042174
-0.144	1	-0.144	0	0	1	0	0	0	1	1	0.00029683226	-0.00037800992	-1.5330899e-06	-0.00033861518	0.00027381029	-2.7090372e-07	-1.3780178e-06	-1.2478756e-07	0.00012657635	-0.0002324063	2.8386732e-05	-0.00037800992	-0.0003777519	-0.00068303978
-0.146	1	-0.146	0	0	1	0	0	0	1	1	0.00030204996	-0.00038333153	-1.5318882e-06	-0.00034269688	0.00027855339	-2.6555661e-07	-1.3768618e-06	-1.2036581e-07	0.00012886068	-0.00023648801	2.9147548e-05	-0.00038333153	-0.00038307266	-0.00067576355
-0.148	1	-0.148	0	0	1	0	0	0	1	1	0.00030727989	-0.00038866998	-1.5303259e-06	-0.00034677528	0.00028330441	-2.6039764e-07	-1.3753652e-06	-1.1615165e-07	0.00013115335	-0.00024057922	2.9919022e-05	-0.00038866998	-0.00038841029	-0.00066859234
-0.15	1	-0.15	0	0	1	0	0	0	1	1	0.00031252204	-0.00039402531	-1.528411e-06	-0.00035085037	0.00028806334	-2.554421e-07	-1.3735389e-06	-1.1215971e-07	0.00013345437	-0.00024467992	3.0701189e-05	-0.00039402531	-0.00039376483	-0.0006615253
-0.152	1	-0.152	0	0	1	0	0	0	1	1	0.00031777636	-0.00039939755	-1.5261509e-06	-0.00035492212	0.00029283014	-2.5070438e-07	-1.3713932e-06	-1.0840373e-07	0.00013576375	-0.00024879008	3.1494081e-05	-0.00039939755	-0.0003991363	-0.00065456151
-0.154	1	-0.154	0	0	1	0	0	0	1	1	0.00032304281	-0.00040478673	-1.5235528e-06	-0.00035899054	0.00029760477	-2.46198e-07	-1.3689381e-06	-1.0489659e-07	0.0001380815	-0.00025290969	3.2297734e-05	-0.00040478673	-0.00040452472	-0.00064769995
-0.156	1	-0.156	0	0	1	0	0	0	1	1	0.00032832138	-0.00041019288	-1.5206235e-06	-0.00036305559	0.00030238721	-2.4193564e-07	-1.3661833e-06	-1.0165039e-07	0.00014040763	-0.00025703874	3.311218e-05	-0.00041019288	-0.00040993014	-0.00064093954
-0.158	1	-0.158	0	0	1	0	0	0	1	1	0.00033361202	-0.00041561603	-1.5173696e-06	-0.00036711729	0.00030717744	-2.3792919e-07	-1.3631383e-06	-9.8676383e-08	0.00014274213	-0.0002611772	3.3937455e-05	-0.00041561603	-0.00041535258	-0.00063427915
-0.16	1	-0.16	0	0	1	0	0	0	1	1	0.00033891471	-0.0004210562	-1.5137973e-06	-0.0003711756	0.00031197542	-2.3418977e-07	-1.3598119e-06	-9.598512e-08	0.00014508504	-0.00026532506	3.4773591e-05	-0.0004210562	-0.00042079206	-0.00062771758
-0.162	1	-0.162	0	0	1	0	0	0	1	1	0.00034422941	-0.00042651344	-1.5099124e-06	-0.00037523053	0.00031678113	-2.3072778e-07	-1.356213e-06	-9.3586406e-08	0.00014743634	-0.00026948229	3.5620623e-05	-0.00042651344	-0.00042624863	-0.00062125359
-0.164	1	-0.164	0	0	1	0	0	0	1	1	0.0003495561	-0.00043198776	-1.5057207e-06	-0.00037928205	0.00032159454	-2.2755287e-07	-1.35235e-06	-9.1489356e-08	0.00014979604	-0.00027364889	3.6478585e-05	-0.00043198776	-0.0004317223	-0.00061488592
-0.166	1	-0.166	0	0	1	0	0	0	1	1	0.00035489474	-0.00043747921	-1.5012276e-06	-0.00038333017	0.00032641563	-2.2467407e-07	-1.3482312e-06	-8.9702419e-08	0.00015216416	-0.00027782484	3.7347512e-05	-0.00043747921	-0.00043721312	-0.00060861326
-0.168	1	-0.168	0	0	1	0	0	0	1	1	0.0003602453	-0.00044298781	-1.4964382e-06	-0.00038737486	0.00033124437	-2.2209971e-07	-1.3438644e-06	-8.8233404e-08	0.0001545407	-0.00028201013	3.8227438e-05	-0.00044298781	-0.0004427211	-0.00060243429
-0.17	1	-0.17	0	0	1	0	0	0	1	1	0.00036560776	-0.00044851359	-1.4913576e-06	-0.00039141611	0.00033608074	-2.1983751e-07	-1.3392575e-06	-8.7089506e-08	0.00015692567	-0.00028620472	3.9118396e-05	-0.00044851359	-0.00044824628	-0.00059634766
-0.172	1	-0.172	0	0	1	0	0	0	1	1	0.00037098208	-0.00045405658	-1.4859905e-06	-0.00039545393	0.00034092472	-2.1789459e-07	-1.3344177e-06	-8.6277331e-08	0.00015931907	-0.00029040862	4.0020423e-05	-0.00045405658	-0.00045378869	-0.00059035201
-0.174	1	-0.174	0	0	1	0	0	0	1	1	0.00037636824	-0.00045961682	-1.4803414e-06	-0.00039948828	0.00034577627	-2.1627751e-07	-1.3293524e-06	-8.5802921e-08	0.00016172091	-0.00029462181	4.0933551e-05	-0.00045961682	-0.00045934836	-0.00058444598
-0.176	1	-0.176	0	0	1	0	0	0	1	1	0.0003817662	-0.00046519433	-1.4744148e-06	-0.00040351917	0.00035063539	-2.1499224e-07	-1.3240686e-06	-8.5671773e-08	0.0001641312	-0.00029884426	4.1857816e-05	-0.00046519433	-0.00046492532	-0.0005786282
-0.178	1	-0.178	0	0	1	0	0	0	1	1	0.00038717594	-0.00047078915	-1.4682147e-06	-0.00040754659	0.00035550204	-2.1404426e-07	-1.318573e-06	-8.5888866e-08	0.00016654993	-0.00030307597	4.2793252e-05	-0.00047078915	-0.00047051959	-0.00057289727
-0.18	1	-0.18	0	0	1	0	0	0	1	1	0.00039259743	-0.00047640131	-1.4617454e-06	-0.00041157052	0.0003603762	-2.134385e-07	-1.3128724e-06	-8.6458679e-08	0.00016897713	-0.00030731692	4.3739895e-05	-0.00047640131	-0.00047613122	-0.00056725184
-0.182	1	-0.182	0	0	1	0	0	0	1	1	0.00039803064	-0.00048203083	-1.4550106e-06	-0.00041559095	0.00036525785	-2.1317942e-07	-1.306973e-06	-8.738521e-08	0.00017141278	-0.00031156709	4.4697777e-05	-0.00048203083	-0.00048176023	-0.00056169051
-0.184	1	-0.184	0	0	1	0	0	0	1	1	0.00040347554	-0.00048767775	-1.4480142e-06	-0.00041960787	0.00037014698	-2.1327102e-07	-1.3008812e-06	-8.8672001e-08	0.00017385689	-0.00031582647	4.5666935e-05	-0.00048767775	-0.00048740664	-0.00055621191
-0.186	1	-0.186	0	0	1	0	0	0	1	1	0.00040893211	-0.00049334209	-1.4407596e-06	-0.00042362128	0.00037504354	-2.1371682e-07	-1.294603e-06	-9.0322154e-08	0.00017630948	-0.00032009504	4.6647404e-05	-0.00049334209	-0.0004930705	-0.00055081469
-0.188	1	-0.188	0	0	1	0	0	0	1	1	0.00041440031	-0.0004990239	-1.4332505e-06	-0.00042763117	0.00037994754	-2.1451995e-07	-1.2881443e-06	-9.2338347e-08	0.00017877053	-0.00032437279	4.7639217e-05	-0.0004990239	-0.00049875183	-0.00054549748
-0.19	1	-0.19	0	0	1	0	0	0	1	1	0.00041988012	-0.0005047232	-1.4254902e-06	-0.00043163752	0.00038485893	-2.1568309e-07	-1.2815108e-06	-9.4722856e-08	0.00018124006	-0.00032865971	4.8642411e-05	-0.0005047232	-0.00050445066	-0.00054025894
-0.192	1	-0.192	0	0	1	0	0	0	1	1	0.00042537152	-0.00051044002	-1.4174819e-06	-0.00043564032	0.00038977771	-2.1720853e-07	-1.2747081e-06	-9.747757e-08	0.00018371807	-0.00033295577	4.965702e-05	-0.00051044002	-0.00051016703	-0.00053509773
-0.194	1	-0.194	0	0	1	0	0	0	1	1	0.00043087447	-0.00051617439	-1.4092288e-06	-0.00043963958	0.00039470384	-2.1909819e-07	-1.2677417e-06	-1.0060401e-07	0.00018620456	-0.00033726096	5.0683079e-05	-0.00051617439	-0.00051590096	-0.00053001253
-0.196	1	-0.196	0	0	1	0	0	0	1	1	0.00043638895	-0.00052192634	-1.4007339e-06	-0.00044363527	0.00039963731	-2.2135362e-07	-1.2606167e-06	-1.0410334e-07	0.00018869952	-0.00034157526	5.1720624e-05	-0.00052192634	-0.00052165247	-0.00052500203
-0.198	1	-0.198	0	0	1	0	0	0	1	1	0.00044191493	-0.00052769591	-1.3920003e-06	-0.00044762739	0.0004045781	-2.2397602e-07	-1.2533383e-06	-1.0797638e-07	0.00019120297	-0.00034589867	5.2769689e-05	-0.00052769591	-0.00052742162	-0.00052006493
-0.2	1	-0.2	0	0	1	0	0	0	1	1	0.00044745238	-0.00053348312	-1.3830308e-06	-0.00045161593	0.00040952618	-2.2696626e-07	-1.2459116e-06	-1.1222364e-07	0.0001937149	-0.00035023115	5.383031e-05	-0.00053348312	-0.00053320841	-0.00051519995
-0.202	1	-0.202	0	0	1	0	0	0	1	1	0.00045300128	-0.00053928801	-1.3738281e-06	-0.00045560088	0.00041448153	-2.3032489e-07	-1.2383413e-06	-1.1684531e-07	0.00019623532	-0.00035457271	5.4902523e-05	-0.00053928801	-0.0005390129	-0.00051040583
-0.204	1	-0.204	0	0	1	0	0	0	1	1	0.00045856159	-0.0005451106	-1.3643951e-06	-0.00045958224	0.00041944414	-2.3405216e-07	-1.2306324e-06	-1.2184129e-07	0.00019876422	-0.00035892332	5.5986362e-05	-0.0005451106	-0.00054483509	-0.00050568133
-0.206	1	-0.206	0	0	1	0	0	0	1	1	0.00046413331	-0.00055095093	-1.3547344e-06	-0.00046355999	0.00042441397	-2.3814801e-07	-1.2227893e-06	-1.2721119e-07	0.00020130159	-0.00036328296	5.7081863e-05	-0.00055095093	-0.00055067503	-0.0005010252
-0.208	1	-0.208	0	0	1	0	0	0	1	1	0.00046971638	-0.00055680903	-1.3448486e-06	-0.00046753413	0.00042939101	-2.4261213e-07	-1.2148166e-06	-1.3295437e-07	0.00020384745	-0.00036765162	5.8189062e-05	-0.00055680903	-0.00055653274	-0.00049643624
-0.21	1	-0.21	0	0	1	0	0	0	1	1	0.0004753108	-0.00056268492	-1.3347401e-06	-0.00047150464	0.00043437523	-2.4744392e-07	-1.2067187e-06	-1.3906991e-07	0.00020640179	-0.00037202928	5.9307994e-05	-0.00056268492	-0.00056240826	-0.00049191326
-0.212	1	-0.212	0	0	1	0	0	0	1	1	0.00048091654	-0.00056857864	-1.3244115e-06	-0.00047547153	0.00043936662	-2.5264254e-07	-1.1984999e-06	-1.4555666e-07	0.00020896461	-0.00037641592	6.0438695e-05	-0.00056857864	-0.00056830161	-0.00048745508
-0.214	1	-0.214	0	0	1	0	0	0	1	1	0.00048653356	-0.00057449021	-1.3138652e-06	-0.00047943478	0.00044436514	-2.582069e-07	-1.1901643e-06	-1.5241324e-07	0.0002115359	-0.00038081153	6.1581201e-05	-0.00057449021	-0.00057421283	-0.00048306053
-0.216	1	-0.216	0	0	1	0	0	0	1	1	0.00049216184	-0.00058041967	-1.3031036e-06	-0.00048339438	0.00044937079	-2.6413569e-07	-1.1817161e-06	-1.5963805e-07	0.00021411566	-0.0003852161	6.2735547e-05	-0.00058041967	-0.00058014194	-0.00047872848
-0.218	1	-0.218	0	0	1	0	0	0	1	1	0.00049780136	-0.00058636705	-1.2921289e-06	-0.00048735034	0.00045438353	-2.7042737e-07	-1.1731592e-06	-1.6722925e-07	0.00021670389	-0.00038962959	6.3901768e-05	-0.00058636705	-0.00058608898	-0.0004744578
-0.22	1	-0.22	0	0	1	0	0	0	1	1	0.00050345209	-0.00059233238	-1.2809436e-06	-0.00049130263	0.00045940334	-2.7708021e-07	-1.1644976e-06	-1.7518485e-07	0.00021930058	-0.000394052	6.5079902e-05	-0.00059233238	-0.00059205397	-0.0004702474
-0.222	1	-0.222	0	0	1	0	0	0	1	1	0.000509114	-0.00059831568	-1.2695497e-06	-0.00049525125	0.0004644302	-2.8409226e-07	-1.155735e-06	-1.8350264e-07	0.00022190574	-0.00039848331	6.6269984e-05	-0.00059831568	-0.00059803694	-0.00046609618
-0.224	1	-0.224	0	0	1	0	0	0	1	1	0.00051478706	-0.00060431699	-1.2579495e-06	-0.0004991962	0.00046946409	-2.9146141e-07	-1.1468751e-06	-1.9218024e-07	0.00022451934	-0.0004029235	6.747205e-05	-0.00060431699	-0.00060403793	-0.00046200309
-0.226	1	-0.226	0	0	1	0	0	0	1	1	0.00052047126	-0.00061033634	-1.2461452e-06	-0.00050313747	0.00047450498	-2.9918534e-07	-1.1379216e-06	-2.0121509e-07	0.0002271414	-0.00040737255	6.8686136e-05	-0.00061033634	-0.00061005695	-0.00045796707
-0.228	1	-0.228	0	0	1	0	0	0	1	1	0.00052616657	-0.00061637375	-1.2341389e-06	-0.00050707505	0.00047955285	-3.0726159e-07	-1.128878e-06	-2.1060449e-07	0.0002297719	-0.00041183044	6.9912278e-05	-0.00061637375	-0.00061609405	-0.0004539871
-0.23	1	-0.23	0	0	1	0	0	0	1	1	0.00053187296	-0.00062242926	-1.2219328e-06	-0.00051100893	0.00048460768	-3.1568752e-07	-1.1197478e-06	-2.2034558e-07	0.00023241084	-0.00041629716	7.1150512e-05	-0.00062242926	-0.00062214925	-0.00045006215
-0.232	1	-0.232	0	0	1	0	0	0	1	1	0.0005375904	-0.00062850289	-1.2095288e-06	-0.0005149391	0.00048966944	-3.2446035e-07	-1.1105342e-06	-2.3043535e-07	0.00023505821	-0.00042077268	7.2400875e-05	-0.00062850289	-0.00062822258	-0.00044619125
-0.234	1	-0.234	0	0	1	0	0	0	1	1	0.00054331887	-0.00063459467	-1.196929e-06	-0.00051886557	0.00049473811	-3.3357717e-07	-1.1012407e-06	-2.4087066e-07	0.000237714	-0.00042525699	7.3663403e-05	-0.00063459467	-0.00063431407	-0.00044237342
-0.236	1	-0.236	0	0	1	0	0	0	1	1	0.00054905834	-0.00064070463	-1.1841356e-06	-0.00052278832	0.00049981366	-3.4303491e-07	-1.0918705e-06	-2.5164824e-07	0.00024037821	-0.00042975007	7.4938131e-05	-0.00064070463	-0.00064042374	-0.00043860769
-0.238	1	-0.238	0	0	1	0	0	0	1	1	0.00055480879	-0.00064683281	-1.1711504e-06	-0.00052670734	0.00050489608	-3.528304e-07	-1.0824267e-06	-2.6276473e-07	0.00024305083	-0.0004342519	7.6225098e-05	-0.00064683281	-0.00064655163	-0.00043489314
-0.24	1	-0.24	0	0	1	0	0	0	1	1	0.00056057019	-0.00065297922	-1.1579755e-06	-0.00053062264	0.00050998534	-3.6296033e-07	-1.0729124e-06	-2.7421663e-07	0.00024573184	-0.00043876246	7.7524338e-05	-0.00065297922	-0.00065269776	-0.00043122883
-0.242	1	-0.242	0	0	1	0	0	0	1	1	0.00056634252	-0.0006591439	-1.1446127e-06	-0.00053453419	0.0005150814	-3.734213e-07	-1.0633306e-06	-2.8600033e-07	0.00024842125	-0.00044328172	7.8835889e-05	-0.0006591439	-0.00065886216	-0.00042761386
-0.244	1	-0.244	0	0	1	0	0	0	1	1	0.00057212575	-0.00066532688	-1.1310642e-06	-0.00053844201	0.00052018426	-3.8420979e-07	-1.0536842e-06	-2.9811215e-07	0.00025111903	-0.00044780968	8.0159786e-05	-0.00066532688	-0.00066504487	-0.00042404735
-0.246	1	-0.246	0	0	1	0	0	0	1	1	0.00057791985	-0.00067152818	-1.1173317e-06	-0.00054234607	0.00052529387	-3.953222e-07	-1.0439762e-06	-3.1054831e-07	0.00025382519	-0.0004523463	8.1496068e-05	-0.00067152818	-0.0006712459	-0.00042052842
-0.248	1	-0.248	0	0	1	0	0	0	1	1	0.00058372481	-0.00067774783	-1.1034173e-06	-0.00054624637	0.00053041023	-4.0675481e-07	-1.0342094e-06	-3.2330495e-07	0.00025653971	-0.00045689158	8.284477e-05	-0.00067774783	-0.00067746529	-0.00041705623
-0.25	1	-0.25	0	0	1	0	0	0	1	1	0.00058954059	-0.00068398586	-1.0893227e-06	-0.00055014292	0.00053553329	-4.1850386e-07	-1.0243865e-06	-3.3637812e-07	0.00025926257	-0.00046144548	8.4205929e-05	-0.00068398586	-0.00068370306	-0.00041362993
-0.252	1	-0.252	0	0	1	0	0	0	1	1	0.00059536717	-0.0006902423	-1.0750499e-06	-0.00055403569	0.00054066304	-4.3056548e-07	-1.0145102e-06	-3.497638e-07	0.00026199378	-0.000466008	8.5579582e-05	-0.0006902423	-0.00068995924	-0.00041024869
-0.254	1	-0.254	0	0	1	0	0	0	1	1	0.00060120452	-0.00069651717	-1.0606008e-06	-0.00055792469	0.00054579946	-4.4293573e-07	-1.0045832e-06	-3.6345793e-07	0.00026473331	-0.0004705791	8.6965766e-05	-0.00069651717	-0.00069623386	-0.00040691173
-0.256	1	-0.256	0	0	1	0	0	0	1	1	0.00060705262	-0.0007028105	-1.0459771e-06	-0.00056180991	0.0005509425	-4.5561063e-07	-9.9460797e-07	-3.7745637e-07	0.00026748116	-0.00047515876	8.8364518e-05	-0.0007028105	-0.00070252695	-0.00040361823
-0.258	1	-0.258	0	0	1	0	0	0	1	1	0.00061291144	-0.00070912233	-1.0311809e-06	-0.00056569134	0.00055609216	-4.6858612e-07	-9.8458715e-07	-3.9175493e-07	0.00027023731	-0.00047974697	8.9775874e-05	-0.00070912233	-0.00070883853	-0.00040036744
-0.26	1	-0.26	0	0	1	0	0	0	1	1	0.00061878097	-0.00071545266	-1.0162138e-06	-0.00056956898	0.0005612484	-4.8185808e-07	-9.7452316e-07	-4.0634936e-07	0.00027300176	-0.00048434371	9.1199872e-05	-0.00071545266	-0.00071516863	-0.00039715859
-0.262	1	-0.262	0	0	1	0	0	0	1	1	0.00062466116	-0.00072180154	-1.0010777e-06	-0.00057344281	0.0005664112	-4.9542235e-07	-9.6441844e-07	-4.2123539e-07	0.00027577448	-0.00048894895	9.2636548e-05	-0.00072180154	-0.00072151727	-0.00039399093
-0.264	1	-0.264	0	0	1	0	0	0	1	1	0.00063055201	-0.00072816899	-9.857744e-07	-0.00057731285	0.00057158052	-5.0927472e-07	-9.5427533e-07	-4.3640868e-07	0.00027855546	-0.00049356266	9.4085941e-05	-0.00072816899	-0.00072788449	-0.00039086373
-0.266	1	-0.266	0	0	1	0	0	0	1	1	0.00063645347	-0.00073455504	-9.7030576e-07	-0.00058117907	0.00057675635	-5.2341096e-07	-9.4409617e-07	-4.5186489e-07	0.00028134469	-0.00049818484	9.5548086e-05	-0.00073455504	-0.0007342703	-0.00038777628
-0.268	1	-0.268	0	0	1	0	0	0	1	1	0.00064236554	-0.0007409597	-9.5467354e-07	-0.00058504148	0.00058193865	-5.3782677e-07	-9.3388322e-07	-4.6759962e-07	0.00028414216	-0.00050281545	9.7023022e-05	-0.0007409597	-0.00074067474	-0.00038472788
-0.27	1	-0.27	0	0	1	0	0	0	1	1	0.00064828817	-0.00074738301	-9.3887953e-07	-0.00058890007	0.00058712741	-5.5251785e-07	-9.2363869e-07	-4.8360847e-07	0.00028694786	-0.00050745448	9.8510785e-05	-0.00074738301	-0.00074709783	-0.00038171783
-0.272	1	-0.272	0	0	1	0	0	0	1	1	0.00065422136	-0.00075382499	-9.2292551e-07	-0.00059275483	0.00059232258	-5.6747986e-07	-9.1336475e-07	-4.9988699e-07	0.00028976175	-0.0005121019	0.00010001141	-0.00075382499	-0.00075353959	-0.00037874546
-0.274	1	-0.274	0	0	1	0	0	0	1	1	0.00066016506	-0.00076028568	-9.0681325e-07	-0.00059660575	0.00059752415	-5.8270843e-07	-9.0306354e-07	-5.1643072e-07	0.00029258384	-0.00051675768	0.00010152494	-0.00076028568	-0.00076000006	-0.00037581011
-0.276	1	-0.276	0	0	1	0	0	0	1	1	0.00066611926	-0.00076676508	-8.9054451e-07	-0.00060045284	0.00060273208	-5.9819919e-07	-8.9273712e-07	-5.3323521e-07	0.00029541411	-0.00052142182	0.00010305141	-0.00076676508	-0.00076647925	-0.00037291114
-0.278	1	-0.278	0	0	1	0	0	0	1	1	0.00067208394	-0.00077326324	-8.7412105e-07	-0.00060429609	0.00060794635	-6.1394773e-07	-8.8238754e-07	-5.5029597e-07	0.00029825253	-0.00052609427	0.00010459086	-0.00077326324	-0.0007729772	-0.00037004789
-0.28	1	-0.28	0	0	1	0	0	0	1	1	0.00067805906	-0.00077978016	-8.5754461e-07	-0.00060813549	0.00061316693	-6.2994964e-07	-8.7201678e-07	-5.676085e-07	0.0003010991	-0.00053077503	0.00010614332	-0.00077978016	-0.00077949392	-0.00036721975
-0.282	1	-0.282	0	0	1	0	0	0	1	1	0.0006840446	-0.00078631589	-8.4081693e-07	-0.00061197103	0.00061839379	-6.4620051e-07	-8.6162679e-07	-5.8516833e-07	0.00030395379	-0.00053546406	0.00010770884	-0.00078631589	-0.00078602944	-0.00036442612
-0.284	1	-0.284	0	0	1	0	0	0	1	1	0.00069004054	-0.00079287044	-8.2393976e-07	-0.00061580272	0.0006236269	-6.6269591e-07	-8.5121947e-07	-6.0297094e-07	0.00030681659	-0.00054016134	0.00010928744	-0.00079287044	-0.00079258378	-0.00036166638
-0.286	1	-0.286	0	0	1	0	0	0	1	1	0.00069604685	-0.00079944383	-8.0691481e-07	-0.00061963054	0.00062886624	-6.7943143e-07	-8.407967e-07	-6.2101186e-07	0.00030968749	-0.00054486686	0.00011087917	-0.00079944383	-0.00079915698	-0.00035893995
-0.288	1	-0.288	0	0	1	0	0	0	1	1	0.00070206351	-0.00080603609	-7.8974381e-07	-0.00062345449	0.00063411177	-6.9640262e-07	-8.303603e-07	-6.3928658e-07	0.00031256646	-0.00054958058	0.00011248407	-0.00080603609	-0.00080574905	-0.00035624625
-0.29	1	-0.29	0	0	1	0	0	0	1	1	0.00070809049	-0.00081264725	-7.7242846e-07	-0.00062727457	0.00063936347	-7.1360508e-07	-8.1991205e-07	-6.5779063e-07	0.00031545348	-0.00055430248	0.00011410217	-0.00081264725	-0.00081236002	-0.00035358473
-0.292	1	-0.292	0	0	1	0	0	0	1	1	0.00071412776	-0.00081927733	-7.5497048e-07	-0.00063109078	0.00064462131	-7.3103438e-07	-8.094537e-07	-6.7651953e-07	0.00031834855	-0.00055903254	0.00011573351	-0.00081927733	-0.0008189899	-0.00035095482
-0.294	1	-0.294	0	0	1	0	0	0	1	1	0.00072017531	-0.00082592635	-7.3737156e-07	-0.0006349031	0.00064988525	-7.4868612e-07	-7.9898696e-07	-6.9546882e-07	0.00032125163	-0.00056377073	0.00011737813	-0.00082592635	-0.00082563873	-0.00034835598
-0.296	1	-0.296	0	0	1	0	0	0	1	1	0.00072623311	-0.00083259433	-7.196334e-07	-0.00063871153	0.00065515527	-7.665559e-07	-7.885135e-07	-7.1463405e-07	0.00032416271	-0.00056851703	0.00011903606	-0.00083259433	-0.00083230653	-0.00034578767
-0.298	1	-0.298	0	0	1	0	0	0	1	1	0.00073230113	-0.00083928131	-7.0175768e-07	-0.00064251606	0.00066043134	-7.8463934e-07	-7.7803496e-07	-7.340108e-07	0.00032708178	-0.00057327142	0.00012070735	-0.00083928131	-0.00083899332	-0.00034324939
-0.3	1	-0.3	0	0	1	0	0	0	1	1	0.00073837934	-0.00084598729	-6.8374607e-07	-0.00064631671	0.00066571343	-8.0293207e-07	-7.6755294e-07	-7.5359464e-07	0.00033000881	-0.00057803386	0.00012239204	inf	inf	inf
