lambda	F11	F12	F13	F21	F22	F23	F31	F32	F33	J	P11	P12	P13	P21	P22	P23	P31	P32	P33	p	StrEn	t(1)	t(2)	d
0	1	0	0	0	1	0	0	0	1	1	0	0	0	0	0	0	0	0	0	-0	0	inf	inf	inf
-0.002	0.998	0	0	0	1	0	0	0	1.0009099	0.99890813	-1.0211239e-05	3.1928377e-07	-1.5763092e-09	3.1988445e-07	-3.0370634e-06	4.1214714e-08	1.3210687e-08	4.2689436e-08	-2.4467713e-11	4.4161089e-06	1.0309321e-08	-1.0211228e-05	-9.8857575e-06	-0.032923178
-0.004	0.996	0	0	0	1	0	0	0	1.001794	0.9977868	-1.8198116e-05	5.5575248e-07	-5.496997e-08	5.5883604e-07	-4.819319e-06	1.292027e-07	1.8496589e-07	1.0578428e-07	2.8338993e-09	7.6715337e-06	3.954303e-08	-1.8199338e-05	-1.7465449e-05	-0.042019463
-0.006	0.994	0	0	0	1	0	0	0	1.0026348	0.99661902	-2.2168466e-05	3.6984334e-07	-1.3371647e-07	3.7429248e-07	-3.7038594e-06	2.2018454e-07	4.208861e-07	1.8566943e-07	7.1772882e-09	8.621716e-06	8.0171117e-08	-2.2171435e-05	-2.2057864e-05	-0.0051487463
-0.008	0.992	0	0	0	1	0	0	0	1.0034485	0.99542095	-2.5364957e-05	3.2526093e-07	-1.9637087e-07	3.3087613e-07	-2.1701421e-06	2.9422516e-07	5.7373843e-07	2.6638131e-07	1.1080763e-08	9.1746727e-06	1.2777449e-07	-2.5369362e-05	-2.5316503e-05	-0.0020879135
-0.01	0.99	0	0	0	1	0	0	0	1.004225	0.99418277	-2.8259047e-05	2.9558094e-07	-2.5643919e-07	3.0121463e-07	-5.1220925e-07	3.8321462e-07	6.8070216e-07	3.6435242e-07	1.5337328e-08	9.5853062e-06	1.8143713e-07	-2.8264843e-05	-2.8219565e-05	-0.0016044884
-0.012	0.988	0	0	0	1	0	0	0	1.0049602	0.99290068	-3.0936873e-05	2.5160695e-07	-3.0953014e-07	2.5683395e-07	1.2100527e-06	4.8504326e-07	7.6560861e-07	4.7625219e-07	2.0226657e-08	9.9021979e-06	2.4065275e-07	-3.0944121e-05	-3.0901707e-05	-0.0013725452
-0.014	0.986	0	0	0	1	0	0	0	1.0056583	0.99157907	-3.3447772e-05	2.0479986e-07	-3.520778e-07	2.1045152e-07	2.9385415e-06	5.8306043e-07	8.4150147e-07	5.8460804e-07	2.5707452e-08	1.0161174e-05	3.0504396e-07	-3.3456503e-05	-3.340962e-05	-0.0014032943
-0.016	0.984	0	0	0	1	0	0	0	1.0063187	0.99021764	-3.5802807e-05	1.6341273e-07	-3.8699424e-07	1.7078136e-07	4.6368387e-06	6.7176952e-07	9.1009482e-07	6.8378737e-07	3.170043e-08	1.0378089e-05	3.7429123e-07	-3.5812938e-05	-3.5757326e-05	-0.0015552843
-0.018	0.982	0	0	0	1	0	0	0	1.0069367	0.9888118	-3.7991923e-05	1.2828867e-07	-4.1836435e-07	1.3879644e-07	6.2799195e-06	7.5179021e-07	9.6980911e-07	7.7451033e-07	3.8157907e-08	1.0557949e-05	4.4807326e-07	-3.8003241e-05	-3.7937213e-05	-0.0017404635
-0.02	0.98	0	0	0	1	0	0	0	1.0075052	0.9873551	-3.9997165e-05	9.8048976e-08	-4.5000889e-07	1.1315426e-07	7.8454218e-06	8.2464265e-07	1.0183745e-06	8.5838553e-07	4.5035512e-08	1.0702236e-05	5.2604008e-07	-4.0009332e-05	-3.9932954e-05	-0.0019126589
-0.022	0.978	0	0	0	1	0	0	0	1.0080173	0.98584089	-4.1799881e-05	7.1160768e-08	-4.8522566e-07	9.2282674e-08	9.3120941e-06	8.9150419e-07	1.0536168e-06	9.3659563e-07	5.226381e-08	1.0811841e-05	6.0780507e-07	-4.1812448e-05	-4.1727444e-05	-0.0020371167
-0.024	0.976	0	0	0	1	0	0	0	1.008467	0.98426382	-4.3386425e-05	4.6499861e-08	-5.2636559e-07	7.4900139e-08	1.0661221e-05	9.5311636e-07	1.0741768e-06	1.0097694e-06	5.971503e-08	1.0888496e-05	6.9294985e-07	-4.3398868e-05	-4.3308591e-05	-0.0020844998
-0.026	0.974	0	0	0	1	0	0	0	1.0088507	0.98262063	-4.4750687e-05	2.3459703e-08	-5.7345824e-07	5.997688e-08	1.1877245e-05	1.0098718e-06	1.081028e-06	1.0779484e-06	6.7081259e-08	1.0935454e-05	7.8103944e-07	-4.476205e-05	-4.4671512e-05	-0.0020267697
-0.028	0.972	0	0	0	1	0	0	0	1.0091446	0.98088858	-4.5823616e-05	3.0526954e-09	-6.0664168e-07	4.5557351e-08	1.2875789e-05	1.0596666e-06	1.0961323e-06	1.1362817e-06	7.1977981e-08	1.0958616e-05	8.716359e-07	-4.5829687e-05	-4.5673635e-05	-0.0034166825
-0.03	0.97	0	0	0	1	0	0	0	1.0091881	0.9789125	-4.6099209e-05	-7.2504927e-09	-5.7292753e-07	3.1322321e-08	1.3102464e-05	1.0844065e-06	1.1906069e-06	1.1598261e-06	6.9306233e-08	1.0975813e-05	9.6373398e-07	-4.6099643e-05	-4.611714e-05	0.00037940433
-0.032	0.968	0	0	0	1	0	0	0	1.0091696	0.97687621	-4.6175178e-05	-1.4395086e-08	-5.5357622e-07	2.1417085e-08	1.3134211e-05	1.1017346e-06	1.2756022e-06	1.1769166e-06	6.8136145e-08	1.0990944e-05	1.0561045e-06	-4.617443e-05	-4.6215569e-05	0.00089015595
-0.034	0.966	0	0	0	1	0	0	0	1.0091442	0.97483332	-4.6227637e-05	-2.0358188e-08	-5.4553528e-07	1.3821417e-08	1.3148169e-05	1.1175879e-06	1.3485878e-06	1.1933677e-06	6.7944623e-08	1.1003841e-05	1.1485963e-06	-4.6226729e-05	-4.6269733e-05	0.00092941337
-0.036	0.964	0	0	0	1	0	0	0	1.0091162	0.97278804	-4.6270889e-05	-2.546541e-08	-5.4452892e-07	7.7210119e-09	1.3157708e-05	1.1325717e-06	1.413249e-06	1.2093428e-06	6.8255755e-08	1.1014975e-05	1.2411834e-06	-4.6269909e-05	-4.6314194e-05	0.00095618593
-0.038	0.962	0	0	0	1	0	0	0	1.0090868	0.97074149	-4.6308787e-05	-2.9919214e-08	-5.4860919e-07	2.6927942e-09	1.3165864e-05	1.1469048e-06	1.4714363e-06	1.2248778e-06	6.8869312e-08	1.1024685e-05	1.333853e-06	-4.6307756e-05	-4.6353321e-05	0.00098299932
-0.04	0.96	0	0	0	1	0	0	0	1.0090563	0.96869408	-4.6342997e-05	-3.3864625e-08	-5.5667985e-07	-1.5279734e-09	1.3173662e-05	1.1607091e-06	1.5242617e-06	1.240004e-06	6.9682175e-08	1.1033218e-05	1.4265967e-06	-4.6341923e-05	-4.6388758e-05	0.0010096181
-0.042	0.958	0	0	0	1	0	0	0	1.0090251	0.96664607	-4.6374434e-05	-3.7408597e-08	-5.6803401e-07	-5.1216664e-09	1.3181515e-05	1.174065e-06	1.5724821e-06	1.2547517e-06	7.0634105e-08	1.1040762e-05	1.5194081e-06	-4.637332e-05	-4.6421383e-05	0.0010353624
-0.044	0.956	0	0	0	1	0	0	0	1.0089933	0.96459759	-4.6403673e-05	-4.0631261e-08	-5.8217316e-07	-8.2172821e-09	1.31896e-05	1.1870305e-06	1.6166569e-06	1.2691489e-06	7.1686875e-08	1.1047462e-05	1.6122822e-06	-4.6402522e-05	-4.6451753e-05	0.0010598362
-0.046	0.954	0	0	0	1	0	0	0	1.0089609	0.96254872	-4.6431112e-05	-4.359346e-08	-5.9872339e-07	-1.0910118e-08	1.3197994e-05	1.1996499e-06	1.657222e-06	1.2832206e-06	7.2814759e-08	1.1053434e-05	1.7052151e-06	-4.6429925e-05	-4.6480257e-05	0.0010828578
-0.048	0.952	0	0	0	1	0	0	0	1.0089281	0.96049953	-4.6457042e-05	-4.634197e-08	-6.1739162e-07	-1.3272308e-08	1.3206723e-05	1.2119577e-06	1.6945305e-06	1.2969888e-06	7.3999672e-08	1.1058773e-05	1.7982032e-06	-4.6455819e-05	-4.650718e-05	0.0011043691
-0.05	0.95	0	0	0	1	0	0	0	1.0088948	0.95845007	-4.6481682e-05	-4.891318e-08	-6.3794054e-07	-1.5359533e-08	1.3215789e-05	1.2239819e-06	1.7288764e-06	1.3104732e-06	7.5228466e-08	1.1063555e-05	1.8912438e-06	-4.6480423e-05	-4.6532743e-05	0.0011243789
-0.052	0.948	0	0	0	1	0	0	0	1.0088612	0.95640037	-4.6505205e-05	-5.133572e-08	-6.6017324e-07	-1.721549e-08	1.3225183e-05	1.2357458e-06	1.7605094e-06	1.3236912e-06	7.6491318e-08	1.1067843e-05	1.9843342e-06	-4.6503911e-05	-4.6557122e-05	0.001142931
-0.054	0.946	0	0	0	1	0	0	0	1.0088271	0.95435046	-4.6527751e-05	-5.3632358e-08	-6.8392316e-07	-1.8874971e-08	1.323489e-05	1.2472688e-06	1.7896448e-06	1.336658e-06	7.7780726e-08	1.1071693e-05	2.0774723e-06	-4.6526421e-05	-4.6580458e-05	0.001160086
-0.056	0.944	0	0	0	1	0	0	0	1.0087927	0.95230035	-4.6549433e-05	-5.5821386e-08	-7.0904729e-07	-2.0366037e-08	1.324489e-05	1.2585675e-06	1.8164707e-06	1.3493875e-06	7.9090853e-08	1.107515e-05	2.170656e-06	-4.6548067e-05	-4.6602867e-05	0.0011759119
-0.058	0.942	0	0	0	1	0	0	0	1.008758	0.95025007	-4.6570344e-05	-5.7917642e-08	-7.3542131e-07	-2.1711584e-08	1.3255166e-05	1.2696564e-06	1.841153e-06	1.3618922e-06	8.0417089e-08	1.1078254e-05	2.2638837e-06	-4.6568942e-05	-4.6624448e-05	0.0011904783
-0.06	0.94	0	0	0	1	0	0	0	1.008723	0.94819964	-4.6590565e-05	-5.9933276e-08	-7.6293607e-07	-2.2930493e-08	1.3265697e-05	1.280548e-06	1.8638393e-06	1.3741832e-06	8.1755737e-08	1.1081038e-05	2.3571538e-06	-4.6589127e-05	-4.6645281e-05	0.0012038537
-0.062	0.938	0	0	0	1	0	0	0	1.0086877	0.94614905	-4.6610163e-05	-6.1878325e-08	-7.9149494e-07	-2.4038492e-08	1.3276465e-05	1.2912536e-06	1.8846617e-06	1.3862709e-06	8.3103802e-08	1.1083531e-05	2.4504649e-06	-4.6608689e-05	-4.6665439e-05	0.0012161038
-0.064	0.936	0	0	0	1	0	0	0	1.0086521	0.94409833	-4.6629195e-05	-6.3761149e-08	-8.2101174e-07	-2.5048796e-08	1.3287453e-05	1.3017832e-06	1.9037392e-06	1.3981645e-06	8.4458833e-08	1.1085761e-05	2.5438156e-06	-4.6627684e-05	-4.668498e-05	0.0012272908
-0.066	0.934	0	0	0	1	0	0	0	1.0086161	0.94204748	-4.6647711e-05	-6.558877e-08	-8.5140917e-07	-2.5972611e-08	1.3298644e-05	1.3121456e-06	1.9211796e-06	1.4098727e-06	8.58188e-08	1.1087749e-05	2.6372048e-06	-4.6646164e-05	-4.6703959e-05	0.001237473
-0.068	0.932	0	0	0	1	0	0	0	1.0085799	0.93999651	-4.6665755e-05	-6.7367133e-08	-8.8261748e-07	-2.6819508e-08	1.3310023e-05	1.3223492e-06	1.9370809e-06	1.4214035e-06	8.7182014e-08	1.1089517e-05	2.7306314e-06	-4.6664171e-05	-4.672242e-05	0.0012467048
-0.07	0.93	0	0	0	1	0	0	0	1.0085435	0.93794542	-4.6683365e-05	-6.9101307e-08	-9.145735e-07	-2.7597728e-08	1.3321574e-05	1.3324014e-06	1.9515324e-06	1.4327642e-06	8.8547055e-08	1.1091081e-05	2.8240945e-06	-4.6681744e-05	-4.6740405e-05	0.001255037
-0.072	0.928	0	0	0	1	0	0	0	1.0085067	0.93589423	-4.6700575e-05	-7.0795644e-08	-9.4721973e-07	-2.8314412e-08	1.3333285e-05	1.3423089e-06	1.9646163e-06	1.4439617e-06	8.9912724e-08	1.1092459e-05	2.917593e-06	-4.6698917e-05	-4.6757949e-05	0.0012625171
-0.074	0.926	0	0	0	1	0	0	0	1.0084697	0.93384294	-4.6717414e-05	-7.2453909e-08	-9.8050367e-07	-2.8975793e-08	1.3345143e-05	1.3520782e-06	1.976408e-06	1.4550024e-06	9.1278001e-08	1.1093664e-05	3.0111263e-06	-4.6715718e-05	-4.6775085e-05	0.0012691888
-0.076	0.924	0	0	0	1	0	0	0	1.0084324	0.93179155	-4.6733909e-05	-7.4079378e-08	-1.0143772e-06	-2.9587342e-08	1.3357137e-05	1.361715e-06	1.9869769e-06	1.4658923e-06	9.2642011e-08	1.109471e-05	3.1046934e-06	-4.6732176e-05	-4.679184e-05	0.0012750933
-0.078	0.922	0	0	0	1	0	0	0	1.0083949	0.92974007	-4.6750085e-05	-7.5674919e-08	-1.0487962e-06	-3.0153886e-08	1.3369254e-05	1.3712249e-06	1.9963872e-06	1.4766371e-06	9.4004004e-08	1.1095609e-05	3.1982936e-06	-4.6748314e-05	-4.6808241e-05	0.0012802688
-0.08	0.92	0	0	0	1	0	0	0	1.0083571	0.9276885	-4.6765962e-05	-7.7243058e-08	-1.0837198e-06	-3.0679713e-08	1.3381486e-05	1.3806128e-06	2.0046986e-06	1.4872419e-06	9.5363331e-08	1.1096371e-05	3.2919263e-06	-4.6764153e-05	-4.6824311e-05	0.0012847509
-0.082	0.918	0	0	0	1	0	0	0	1.008319	0.92563684	-4.678156e-05	-7.878603e-08	-1.1191104e-06	-3.1168646e-08	1.3393822e-05	1.3898837e-06	2.0119664e-06	1.4977119e-06	9.6719428e-08	1.1097006e-05	3.3855909e-06	-4.6779713e-05	-4.684007e-05	0.001288573
-0.084	0.916	0	0	0	1	0	0	0	1.0082807	0.92358511	-4.6796897e-05	-8.0305823e-08	-1.1549333e-06	-3.1624108e-08	1.3406254e-05	1.3990418e-06	2.0182422e-06	1.5080517e-06	9.8071806e-08	1.1097524e-05	3.4792866e-06	-4.6795011e-05	-4.6855538e-05	0.0012917662
-0.086	0.914	0	0	0	1	0	0	0	1.0082421	0.92153329	-4.6811988e-05	-8.1804215e-08	-1.1911561e-06	-3.2049183e-08	1.3418773e-05	1.4080915e-06	2.0235738e-06	1.5182658e-06	9.9420034e-08	1.1097932e-05	3.573013e-06	-4.6810065e-05	-4.6870732e-05	0.00129436
-0.088	0.912	0	0	0	1	0	0	0	1.0082033	0.91948141	-4.6826849e-05	-8.3282798e-08	-1.2277487e-06	-3.2446651e-08	1.3431371e-05	1.4170367e-06	2.0280064e-06	1.5283584e-06	1.0076373e-07	1.1098238e-05	3.6667696e-06	-4.6824887e-05	-4.6885669e-05	0.0012963816
-0.09	0.91	0	0	0	1	0	0	0	1.0081642	0.91742945	-4.6841493e-05	-8.4743007e-08	-1.2646831e-06	-3.2819035e-08	1.3444041e-05	1.4258811e-06	2.0315818e-06	1.5383335e-06	1.0210258e-07	1.109845e-05	3.7605557e-06	-4.6839492e-05	-4.6900362e-05	0.0012978571
-0.092	0.908	0	0	0	1	0	0	0	1.0081249	0.91537742	-4.6855932e-05	-8.6186136e-08	-1.3019334e-06	-3.3168627e-08	1.3456776e-05	1.4346283e-06	2.0343396e-06	1.548195e-06	1.0343627e-07	1.1098573e-05	3.854371e-06	-4.6853893e-05	-4.6914826e-05	0.0012988108
-0.094	0.906	0	0	0	1	0	0	0	1.0080853	0.91332533	-4.6870179e-05	-8.7613359e-08	-1.339475e-06	-3.3497515e-08	1.346957e-05	1.4432816e-06	2.0363167e-06	1.5579463e-06	1.0476455e-07	1.1098615e-05	3.948215e-06	-4.68681e-05	-4.6929073e-05	0.0012992657
-0.096	0.904	0	0	0	1	0	0	0	1.0080455	0.91127317	-4.6884242e-05	-8.9025738e-08	-1.3772852e-06	-3.3807609e-08	1.3482416e-05	1.4518442e-06	2.037548e-06	1.5675911e-06	1.0608718e-07	1.109858e-05	4.0420873e-06	-4.6882124e-05	-4.6943115e-05	0.0012992436
-0.098	0.902	0	0	0	1	0	0	0	1.0080055	0.90922096	-4.6898133e-05	-9.0424241e-08	-1.4153427e-06	-3.4100657e-08	1.3495309e-05	1.4603192e-06	2.0380664e-06	1.5771324e-06	1.0740397e-07	1.1098473e-05	4.1359875e-06	-4.6895976e-05	-4.6956962e-05	0.001298765
-0.1	0.9	0	0	0	1	0	0	0	1.0079652	0.90716868	-4.6911861e-05	-9.1809748e-08	-1.4536273e-06	-3.4378262e-08	1.3508243e-05	1.4687094e-06	2.0379026e-06	1.5865735e-06	1.0871473e-07	1.1098301e-05	4.2299151e-06	-4.6909664e-05	-4.6970625e-05	0.0012978494
-0.102	0.898	0	0	0	1	0	0	0	1.0079247	0.90511636	-4.6925433e-05	-9.3183061e-08	-1.4921203e-06	-3.4641897e-08	1.3521212e-05	1.4770174e-06	2.037086e-06	1.5959172e-06	1.100193e-07	1.1098067e-05	4.32387e-06	-4.6923197e-05	-4.6984113e-05	0.0012965154
-0.104	0.896	0	0	0	1	0	0	0	1.0078839	0.90306397	-4.6938859e-05	-9.4544912e-08	-1.530804e-06	-3.4892918e-08	1.3534213e-05	1.4852459e-06	2.0356441e-06	1.6051664e-06	1.1131753e-07	1.1097776e-05	4.4178516e-06	-4.6936583e-05	-4.6997434e-05	0.0012947806
-0.106	0.894	0	0	0	1	0	0	0	1.0078429	0.90101154	-4.6952145e-05	-9.5895967e-08	-1.5696617e-06	-3.5132575e-08	1.3547239e-05	1.4933973e-06	2.0336031e-06	1.6143238e-06	1.1260929e-07	1.1097432e-05	4.5118597e-06	-4.6949829e-05	-4.7010598e-05	0.0012926617
-0.108	0.892	0	0	0	1	0	0	0	1.0078016	0.89895907	-4.6965299e-05	-9.7236836e-08	-1.6086778e-06	-3.5362016e-08	1.3560288e-05	1.501474e-06	2.0309878e-06	1.623392e-06	1.1389446e-07	1.1097039e-05	4.605894e-06	-4.6962943e-05	-4.7023612e-05	0.0012901747
-0.11	0.89	0	0	0	1	0	0	0	1.0077602	0.89690654	-4.6978327e-05	-9.8568072e-08	-1.6478375e-06	-3.5582305e-08	1.3573354e-05	1.5094781e-06	2.0278215e-06	1.6323733e-06	1.1517294e-07	1.10966e-05	4.6999542e-06	-4.6975931e-05	-4.7036483e-05	0.0012873347
-0.112	0.888	0	0	0	1	0	0	0	1.0077184	0.89485398	-4.6991235e-05	-9.9890181e-08	-1.6871268e-06	-3.5794421e-08	1.3586433e-05	1.5174118e-06	2.0241267e-06	1.64127e-06	1.1644464e-07	1.1096119e-05	4.7940399e-06	-4.69888e-05	-4.7049218e-05	0.0012841563
-0.114	0.886	0	0	0	1	0	0	0	1.0076765	0.89280137	-4.700403e-05	-1.0120362e-07	-1.7265325e-06	-3.5999268e-08	1.3599522e-05	1.525277e-06	2.0199244e-06	1.6500845e-06	1.1770947e-07	1.10956e-05	4.888151e-06	-4.7001554e-05	-4.7061824e-05	0.0012806533
-0.116	0.884	0	0	0	1	0	0	0	1.0076343	0.89074872	-4.7016717e-05	-1.0250882e-07	-1.7660423e-06	-3.619768e-08	1.3612617e-05	1.5330756e-06	2.0152348e-06	1.6588187e-06	1.1896735e-07	1.1095044e-05	4.9822872e-06	-4.7014201e-05	-4.7074307e-05	0.001276839
-0.118	0.882	0	0	0	1	0	0	0	1.0075919	0.88869604	-4.7029301e-05	-1.0380614e-07	-1.8056443e-06	-3.6390428e-08	1.3625715e-05	1.5408095e-06	2.010077e-06	1.6674747e-06	1.2021823e-07	1.1094456e-05	5.0764483e-06	-4.7026744e-05	-4.7086673e-05	0.0012727261
-0.12	0.88	0	0	0	1	0	0	0	1.0075492	0.88664332	-4.7041787e-05	-1.0509594e-07	-1.8453275e-06	-3.6578223e-08	1.3638811e-05	1.5484803e-06	2.0044694e-06	1.6760543e-06	1.2146203e-07	1.1093838e-05	5.1706339e-06	-4.703919e-05	-4.7098927e-05	0.0012683266
-0.122	0.878	0	0	0	1	0	0	0	1.0075064	0.88459058	-4.7054181e-05	-1.0637852e-07	-1.8850811e-06	-3.676172e-08	1.3651904e-05	1.5560897e-06	1.9984292e-06	1.6845595e-06	1.2269872e-07	1.1093193e-05	5.264844e-06	-4.7051543e-05	-4.7111075e-05	0.0012636522
-0.124	0.876	0	0	0	1	0	0	0	1.0074632	0.8825378	-4.7066485e-05	-1.0765416e-07	-1.9248954e-06	-3.6941523e-08	1.3664989e-05	1.5636391e-06	1.9919731e-06	1.6929919e-06	1.2392823e-07	1.1092523e-05	5.3590782e-06	-4.7063807e-05	-4.7123121e-05	0.001258714
-0.126	0.874	0	0	0	1	0	0	0	1.0074199	0.88048499	-4.7078706e-05	-1.0892312e-07	-1.9647608e-06	-3.7118189e-08	1.3678065e-05	1.5711302e-06	1.9851169e-06	1.7013531e-06	1.2515053e-07	1.109183e-05	5.4533364e-06	-4.7075987e-05	-4.7135072e-05	0.0012535226
-0.128	0.872	0	0	0	1	0	0	0	1.0073763	0.87843216	-4.7090846e-05	-1.1018561e-07	-2.0046684e-06	-3.7292229e-08	1.3691128e-05	1.5785641e-06	1.9778757e-06	1.7096448e-06	1.2636558e-07	1.1091118e-05	5.5476185e-06	-4.7088087e-05	-4.714693e-05	0.0012480883
-0.13	0.87	0	0	0	1	0	0	0	1.0073325	0.87637931	-4.7102911e-05	-1.1144184e-07	-2.0446096e-06	-3.7464114e-08	1.3704175e-05	1.5859423e-06	1.9702639e-06	1.7178683e-06	1.2757335e-07	1.1090388e-05	5.6419242e-06	-4.710011e-05	-4.7158701e-05	0.001242421
-0.132	0.868	0	0	0	1	0	0	0	1.0072885	0.87432644	-4.7114903e-05	-1.1269199e-07	-2.0845763e-06	-3.7634277e-08	1.3717204e-05	1.593266e-06	1.9622954e-06	1.7260252e-06	1.2877382e-07	1.1089642e-05	5.7362533e-06	-4.7112061e-05	-4.7170389e-05	0.00123653
-0.134	0.866	0	0	0	1	0	0	0	1.0072443	0.87227354	-4.7126826e-05	-1.1393621e-07	-2.1245609e-06	-3.7803112e-08	1.3730213e-05	1.6005364e-06	1.9539834e-06	1.7341168e-06	1.2996695e-07	1.1088882e-05	5.8306057e-06	-4.7123944e-05	-4.7181998e-05	0.0012304243
-0.136	0.864	0	0	0	1	0	0	0	1.0071998	0.87022064	-4.7138684e-05	-1.1517463e-07	-2.1645562e-06	-3.7970983e-08	1.3743199e-05	1.6077545e-06	1.9453405e-06	1.7421443e-06	1.3115273e-07	1.1088111e-05	5.9249813e-06	-4.713576e-05	-4.7193531e-05	0.0012241127
-0.138	0.862	0	0	0	1	0	0	0	1.0071551	0.86816771	-4.715048e-05	-1.1640738e-07	-2.2045551e-06	-3.8138221e-08	1.3756159e-05	1.6149215e-06	1.9363788e-06	1.750109e-06	1.3233114e-07	1.108733e-05	6.0193798e-06	-4.7147515e-05	-4.7204992e-05	0.0012176035
-0.14	0.86	0	0	0	1	0	0	0	1.0071102	0.86611478	-4.7162216e-05	-1.1763455e-07	-2.2445511e-06	-3.8305126e-08	1.3769093e-05	1.6220383e-06	1.92711e-06	1.758012e-06	1.3350216e-07	1.108654e-05	6.1138013e-06	-4.7159211e-05	-4.7216385e-05	0.0012109048
-0.142	0.858	0	0	0	1	0	0	0	1.0070651	0.86406183	-4.7173897e-05	-1.1885623e-07	-2.284538e-06	-3.8471974e-08	1.3781997e-05	1.6291058e-06	1.9175452e-06	1.7658545e-06	1.346658e-07	1.1085745e-05	6.2082454e-06	-4.7170851e-05	-4.7227714e-05	0.0012040242
-0.144	0.856	0	0	0	1	0	0	0	1.0070197	0.86200888	-4.7185525e-05	-1.200725e-07	-2.3245098e-06	-3.8639013e-08	1.379487e-05	1.6361251e-06	1.907695e-06	1.7736374e-06	1.3582203e-07	1.1084944e-05	6.3027121e-06	-4.7182437e-05	-4.7238981e-05	0.0011969691
-0.146	0.854	0	0	0	1	0	0	0	1.0069741	0.85995592	-4.7197102e-05	-1.2128341e-07	-2.3644609e-06	-3.8806469e-08	1.3807709e-05	1.6430968e-06	1.8975696e-06	1.7813618e-06	1.3697085e-07	1.1084141e-05	6.3972013e-06	-4.7193974e-05	-4.7250189e-05	0.0011897468
-0.148	0.852	0	0	0	1	0	0	0	1.0069283	0.85790295	-4.7208632e-05	-1.2248901e-07	-2.4043859e-06	-3.8974544e-08	1.3820513e-05	1.6500219e-06	1.887179e-06	1.7890286e-06	1.3811225e-07	1.1083336e-05	6.4917129e-06	-4.7205463e-05	-4.7261343e-05	0.0011823641
-0.15	0.85	0	0	0	1	0	0	0	1.0068823	0.85584999	-4.7220117e-05	-1.2368934e-07	-2.4442797e-06	-3.914342e-08	1.3833281e-05	1.656901e-06	1.8765326e-06	1.7966387e-06	1.3924625e-07	1.108253e-05	6.5862467e-06	-4.7216906e-05	-4.7272443e-05	0.0011748275
-0.152	0.848	0	0	0	1	0	0	0	1.0068361	0.85379702	-4.723156e-05	-1.2488442e-07	-2.4841375e-06	-3.9313261e-08	1.3846009e-05	1.6637349e-06	1.8656394e-06	1.8041929e-06	1.4037283e-07	1.1081726e-05	6.6808026e-06	-4.7228308e-05	-4.7283494e-05	0.0011671435
-0.154	0.846	0	0	0	1	0	0	0	1.0067897	0.85174406	-4.7242962e-05	-1.2607426e-07	-2.5239545e-06	-3.948421e-08	1.3858697e-05	1.6705242e-06	1.8545081e-06	1.8116922e-06	1.41492e-07	1.1080924e-05	6.7753807e-06	-4.7239669e-05	-4.7294499e-05	0.0011593182
-0.156	0.844	0	0	0	1	0	0	0	1.006743	0.8496911	-4.7254327e-05	-1.2725888e-07	-2.5637265e-06	-3.9656397e-08	1.3871344e-05	1.6772696e-06	1.8431471e-06	1.8191372e-06	1.4260376e-07	1.1080127e-05	6.8699806e-06	-4.7250993e-05	-4.7305458e-05	0.0011513574
-0.158	0.842	0	0	0	1	0	0	0	1.0066961	0.84763815	-4.7265656e-05	-1.2843828e-07	-2.6034491e-06	-3.9829932e-08	1.3883947e-05	1.6839717e-06	1.8315646e-06	1.8265286e-06	1.4370812e-07	1.1079334e-05	6.9646025e-06	-4.7262281e-05	-4.7316376e-05	0.0011432669
-0.16	0.84	0	0	0	1	0	0	0	1.0066491	0.84558521	-4.7276952e-05	-1.2961245e-07	-2.6431185e-06	-4.0004914e-08	1.3896505e-05	1.6906311e-06	1.8197682e-06	1.8338673e-06	1.4480509e-07	1.1078547e-05	7.0592461e-06	-4.7273536e-05	-4.7327254e-05	0.0011350522
-0.162	0.838	0	0	0	1	0	0	0	1.0066018	0.84353228	-4.7288217e-05	-1.3078138e-07	-2.6827309e-06	-4.0181427e-08	1.3909016e-05	1.6972482e-06	1.8077654e-06	1.8411538e-06	1.4589467e-07	1.1077769e-05	7.1539115e-06	-4.7284759e-05	-4.7338096e-05	0.0011267184
-0.164	0.836	0	0	0	1	0	0	0	1.0065543	0.84147936	-4.7299452e-05	-1.3194505e-07	-2.7222826e-06	-4.0359541e-08	1.392148e-05	1.7038236e-06	1.7955634e-06	1.8483887e-06	1.4697687e-07	1.1076998e-05	7.2485985e-06	-4.7295953e-05	-4.7348902e-05	0.0011182708
-0.166	0.834	0	0	0	1	0	0	0	1.0065065	0.83942646	-4.731066e-05	-1.3310344e-07	-2.7617702e-06	-4.0539318e-08	1.3933895e-05	1.7103578e-06	1.7831691e-06	1.8555728e-06	1.4805171e-07	1.1076238e-05	7.3433071e-06	-4.730712e-05	-4.7359676e-05	0.0011097141
-0.168	0.832	0	0	0	1	0	0	0	1.0064586	0.83737357	-4.7321843e-05	-1.3425652e-07	-2.8011905e-06	-4.0720804e-08	1.394626e-05	1.7168512e-06	1.7705893e-06	1.8627064e-06	1.4911919e-07	1.1075488e-05	7.4380372e-06	-4.7318262e-05	-4.737042e-05	0.0011010532
-0.17	0.83	0	0	0	1	0	0	0	1.0064105	0.83532071	-4.7333003e-05	-1.3540426e-07	-2.8405403e-06	-4.0904039e-08	1.3958573e-05	1.7233042e-06	1.7578303e-06	1.8697903e-06	1.5017934e-07	1.107475e-05	7.5327888e-06	-4.7329381e-05	-4.7381135e-05	0.0010922926
-0.172	0.828	0	0	0	1	0	0	0	1.0063622	0.83326786	-4.734414e-05	-1.3654663e-07	-2.8798167e-06	-4.1089051e-08	1.3970833e-05	1.7297172e-06	1.7448983e-06	1.8768248e-06	1.5123216e-07	1.1074025e-05	7.6275618e-06	-4.7340477e-05	-4.7391823e-05	0.0010834367
-0.174	0.826	0	0	0	1	0	0	0	1.0063136	0.83121504	-4.7355258e-05	-1.3768358e-07	-2.9190168e-06	-4.127586e-08	1.398304e-05	1.7360907e-06	1.7317994e-06	1.8838105e-06	1.5227767e-07	1.1073313e-05	7.7223561e-06	-4.7351554e-05	-4.7402488e-05	0.0010744897
-0.176	0.824	0	0	0	1	0	0	0	1.0062649	0.82916224	-4.7366358e-05	-1.3881509e-07	-2.9581381e-06	-4.1464479e-08	1.3995192e-05	1.7424249e-06	1.7185393e-06	1.8907479e-06	1.5331589e-07	1.1072617e-05	7.8171717e-06	-4.7362613e-05	-4.7413129e-05	0.0010654557
-0.178	0.822	0	0	0	1	0	0	0	1.0062159	0.82710947	-4.7377441e-05	-1.3994111e-07	-2.9971779e-06	-4.1654912e-08	1.4007288e-05	1.7487201e-06	1.7051235e-06	1.8976374e-06	1.5434683e-07	1.1071935e-05	7.9120086e-06	-4.7373655e-05	-4.742375e-05	0.0010563387
-0.18	0.82	0	0	0	1	0	0	0	1.0061667	0.82505673	-4.7388509e-05	-1.4106158e-07	-3.0361339e-06	-4.1847155e-08	1.4019326e-05	1.7549768e-06	1.6915574e-06	1.9044794e-06	1.5537051e-07	1.1071271e-05	8.0068667e-06	-4.7384682e-05	-4.7434353e-05	0.0010471425
-0.182	0.818	0	0	0	1	0	0	0	1.0061174	0.82300403	-4.7399563e-05	-1.4217648e-07	-3.0750037e-06	-4.2041201e-08	1.4031307e-05	1.7611952e-06	1.6778463e-06	1.9112744e-06	1.5638695e-07	1.1070623e-05	8.101746e-06	-4.7395696e-05	-4.7444937e-05	0.0010378708
-0.184	0.816	0	0	0	1	0	0	0	1.0060678	0.82095135	-4.7410606e-05	-1.4328575e-07	-3.1137852e-06	-4.2237032e-08	1.4043229e-05	1.7673756e-06	1.6639951e-06	1.9180227e-06	1.5739618e-07	1.1069994e-05	8.1966465e-06	-4.7406698e-05	-4.7455507e-05	0.0010285271
-0.186	0.814	0	0	0	1	0	0	0	1.0060181	0.81889871	-4.7421638e-05	-1.4438934e-07	-3.1524763e-06	-4.243463e-08	1.4055091e-05	1.7735182e-06	1.6500086e-06	1.9247246e-06	1.583982e-07	1.1069383e-05	8.291568e-06	-4.7417689e-05	-4.7466063e-05	0.001019115
-0.188	0.812	0	0	0	1	0	0	0	1.0059681	0.81684611	-4.7432661e-05	-1.454872e-07	-3.191075e-06	-4.2633967e-08	1.4066892e-05	1.7796234e-06	1.6358916e-06	1.9313806e-06	1.5939304e-07	1.1068792e-05	8.3865107e-06	-4.7428672e-05	-4.7476606e-05	0.0010096376
-0.19	0.81	0	0	0	1	0	0	0	1.005918	0.81479354	-4.7443677e-05	-1.465793e-07	-3.2295795e-06	-4.2835013e-08	1.4078631e-05	1.7856912e-06	1.6216486e-06	1.9379909e-06	1.6038072e-07	1.1068222e-05	8.4814745e-06	-4.7439647e-05	-4.7487139e-05	0.0010000982
-0.192	0.808	0	0	0	1	0	0	0	1.0058676	0.81274102	-4.7454687e-05	-1.4766556e-07	-3.2679879e-06	-4.3037732e-08	1.4090308e-05	1.791722e-06	1.6072839e-06	1.9445559e-06	1.6136127e-07	1.1067672e-05	8.5764593e-06	-4.7450617e-05	-4.7497663e-05	0.00099049995
-0.194	0.806	0	0	0	1	0	0	0	1.0058171	0.81068855	-4.7465692e-05	-1.4874596e-07	-3.3062987e-06	-4.3242085e-08	1.4101922e-05	1.7977159e-06	1.5928018e-06	1.951076e-06	1.623347e-07	1.1067145e-05	8.6714651e-06	-4.7461581e-05	-4.7508179e-05	0.00098084581
-0.196	0.804	0	0	0	1	0	0	0	1.0057663	0.80863611	-4.7476693e-05	-1.4982044e-07	-3.3445103e-06	-4.3448029e-08	1.4113472e-05	1.8036732e-06	1.5782063e-06	1.9575513e-06	1.6330104e-07	1.106664e-05	8.766492e-06	-4.7472542e-05	-4.7518689e-05	0.00097113869
-0.198	0.802	0	0	0	1	0	0	0	1.0057154	0.80658373	-4.7487693e-05	-1.5088894e-07	-3.382621e-06	-4.3655517e-08	1.4124958e-05	1.8095941e-06	1.5635013e-06	1.9639821e-06	1.6426031e-07	1.1066158e-05	8.8615399e-06	-4.7483501e-05	-4.7529195e-05	0.00096138139
-0.2	0.8	0	0	0	1	0	0	0	1.0056642	0.80453139	-4.7498691e-05	-1.5195142e-07	-3.4206296e-06	-4.38645e-08	1.4136378e-05	1.8154787e-06	1.5486908e-06	1.9703688e-06	1.6521254e-07	1.10657e-05	8.9566088e-06	-4.749446e-05	-4.7539697e-05	0.00095157662
-0.202	0.798	0	0	0	1	0	0	0	1.0056129	0.80247911	-4.750969e-05	-1.5300784e-07	-3.4585346e-06	-4.4074924e-08	1.4147731e-05	1.8213271e-06	1.5337784e-06	1.9767116e-06	1.6615775e-07	1.1065267e-05	9.0516987e-06	-4.7505418e-05	-4.7550198e-05	0.00094172701
-0.204	0.796	0	0	0	1	0	0	0	1.0055614	0.80042688	-4.7520691e-05	-1.5405814e-07	-3.4963348e-06	-4.4286735e-08	1.4159018e-05	1.8271396e-06	1.5187678e-06	1.9830107e-06	1.6709596e-07	1.1064859e-05	9.1468096e-06	-4.7516379e-05	-4.7560698e-05	0.0009318351
-0.206	0.794	0	0	0	1	0	0	0	1.0055097	0.7983747	-4.7531694e-05	-1.5510227e-07	-3.5340289e-06	-4.4499873e-08	1.4170238e-05	1.8329162e-06	1.5036622e-06	1.9892663e-06	1.680272e-07	1.1064476e-05	9.2419415e-06	-4.7527342e-05	-4.7571198e-05	0.00092190335
-0.208	0.792	0	0	0	1	0	0	0	1.0054578	0.79632258	-4.7542701e-05	-1.561402e-07	-3.5716159e-06	-4.4714279e-08	1.4181389e-05	1.8386572e-06	1.4884652e-06	1.9954788e-06	1.689515e-07	1.106412e-05	9.3370944e-06	-4.753831e-05	-4.7581701e-05	0.00091193414
-0.21	0.79	0	0	0	1	0	0	0	1.0054057	0.79427052	-4.7553714e-05	-1.5717187e-07	-3.6090947e-06	-4.492989e-08	1.4192472e-05	1.8443627e-06	1.47318e-06	2.0016483e-06	1.6986887e-07	1.1063791e-05	9.4322683e-06	-4.7549282e-05	-4.7592207e-05	0.00090192978
-0.212	0.788	0	0	0	1	0	0	0	1.0053535	0.79221853	-4.7564732e-05	-1.5819724e-07	-3.6464642e-06	-4.5146642e-08	1.4203486e-05	1.8500327e-06	1.4578096e-06	2.0077749e-06	1.7077936e-07	1.1063489e-05	9.5274632e-06	-4.7560261e-05	-4.7602718e-05	0.00089189249
-0.214	0.786	0	0	0	1	0	0	0	1.005301	0.79016659	-4.7575759e-05	-1.5921627e-07	-3.6837235e-06	-4.5364468e-08	1.421443e-05	1.8556674e-06	1.4423573e-06	2.013859e-06	1.7168298e-07	1.1063215e-05	9.6226791e-06	-4.7571248e-05	-4.7613234e-05	0.00088182445
-0.216	0.784	0	0	0	1	0	0	0	1.0052484	0.78811472	-4.7586793e-05	-1.6022891e-07	-3.7208718e-06	-4.5583301e-08	1.4225304e-05	1.861267e-06	1.4268259e-06	2.0199007e-06	1.7257976e-07	1.106297e-05	9.7179161e-06	-4.7582243e-05	-4.7623758e-05	0.00087172775
-0.218	0.782	0	0	0	1	0	0	0	1.0051955	0.78606292	-4.7597837e-05	-1.6123513e-07	-3.7579082e-06	-4.5803071e-08	1.4236107e-05	1.8668314e-06	1.4112183e-06	2.0259001e-06	1.7346973e-07	1.1062753e-05	9.8131742e-06	-4.7593248e-05	-4.763429e-05	0.00086160441
-0.22	0.78	0	0	0	1	0	0	0	1.0051425	0.78401118	-4.7608892e-05	-1.6223487e-07	-3.7948318e-06	-4.6023708e-08	1.4246839e-05	1.8723609e-06	1.3955372e-06	2.0318576e-06	1.7435291e-07	1.1062567e-05	9.9084533e-06	-4.7604264e-05	-4.7644831e-05	0.00085145642
-0.222	0.778	0	0	0	1	0	0	0	1.0050894	0.78195952	-4.7619959e-05	-1.6322811e-07	-3.8316421e-06	-4.6245139e-08	1.42575e-05	1.8778555e-06	1.3797854e-06	2.0377731e-06	1.7522933e-07	1.106241e-05	1.0003753e-05	-4.7615291e-05	-4.7655383e-05	0.00084128568
-0.224	0.776	0	0	0	1	0	0	0	1.005036	0.77990793	-4.7631038e-05	-1.6421481e-07	-3.8683382e-06	-4.6467292e-08	1.4268088e-05	1.8833154e-06	1.3639655e-06	2.043647e-06	1.7609903e-07	1.1062284e-05	1.0099075e-05	-4.7626331e-05	-4.7665946e-05	0.00083109405
-0.226	0.774	0	0	0	1	0	0	0	1.0049825	0.77785642	-4.7642131e-05	-1.6519492e-07	-3.9049196e-06	-4.6690091e-08	1.4278603e-05	1.8887405e-06	1.34808e-06	2.0494794e-06	1.7696202e-07	1.1062189e-05	1.0194417e-05	-4.7637386e-05	-4.7676522e-05	0.00082088331
-0.228	0.772	0	0	0	1	0	0	0	1.0049287	0.77580498	-4.7653239e-05	-1.6616841e-07	-3.9413857e-06	-4.6913462e-08	1.4289046e-05	1.894131e-06	1.3321314e-06	2.0552703e-06	1.7781834e-07	1.1062125e-05	1.0289781e-05	-4.7648455e-05	-4.7687113e-05	0.00081065522
-0.23	0.77	0	0	0	1	0	0	0	1.0048748	0.77375362	-4.7664363e-05	-1.6713525e-07	-3.9777359e-06	-4.7137329e-08	1.4299415e-05	1.8994869e-06	1.3161221e-06	2.0610201e-06	1.7866802e-07	1.1062093e-05	1.0385166e-05	-4.765954e-05	-4.7697717e-05	0.00080041147
-0.232	0.768	0	0	0	1	0	0	0	1.0048208	0.77170234	-4.7675503e-05	-1.680954e-07	-4.0139697e-06	-4.7361616e-08	1.4309711e-05	1.9048085e-06	1.3000543e-06	2.0667287e-06	1.7951108e-07	1.1062094e-05	1.0480572e-05	-4.7670641e-05	-4.7708338e-05	0.00079015371
-0.234	0.766	0	0	0	1	0	0	0	1.0047665	0.76965114	-4.7686661e-05	-1.6904884e-07	-4.0500867e-06	-4.7586243e-08	1.4319932e-05	1.9100956e-06	1.2839303e-06	2.0723965e-06	1.8034756e-07	1.1062127e-05	1.0575999e-05	-4.7681761e-05	-4.7718976e-05	0.00077988352
-0.236	0.764	0	0	0	1	0	0	0	1.0047121	0.76760003	-4.7697838e-05	-1.6999553e-07	-4.0860864e-06	-4.7811134e-08	1.4330079e-05	1.9153484e-06	1.2677523e-06	2.0780234e-06	1.8117747e-07	1.1062194e-05	1.0671448e-05	-4.7692899e-05	-4.7729632e-05	0.00076960247
-0.238	0.762	0	0	0	1	0	0	0	1.0046575	0.765549	-4.7709034e-05	-1.7093543e-07	-4.1219684e-06	-4.8036209e-08	1.4340151e-05	1.9205669e-06	1.2515224e-06	2.0836096e-06	1.8200086e-07	1.1062294e-05	1.0766918e-05	-4.7704058e-05	-4.7740307e-05	0.00075931205
-0.24	0.76	0	0	0	1	0	0	0	1.0046027	0.76349806	-4.7720251e-05	-1.7186853e-07	-4.1577324e-06	-4.8261389e-08	1.4350149e-05	1.9257513e-06	1.2352427e-06	2.0891554e-06	1.8281776e-07	1.1062428e-05	1.0862409e-05	-4.7715236e-05	-4.7751003e-05	0.00074901375
-0.242	0.758	0	0	0	1	0	0	0	1.0045478	0.76144721	-4.7731489e-05	-1.727948e-07	-4.1933781e-06	-4.8486593e-08	1.436007e-05	1.9309015e-06	1.2189151e-06	2.0946607e-06	1.8362818e-07	1.1062597e-05	1.0957922e-05	-4.7726437e-05	-4.7761719e-05	0.00073870898
-0.244	0.756	0	0	0	1	0	0	0	1.0044927	0.75939646	-4.7742749e-05	-1.7371421e-07	-4.2289051e-06	-4.8711742e-08	1.4369917e-05	1.9360177e-06	1.2025416e-06	2.1001257e-06	1.8443216e-07	1.10628e-05	1.1053456e-05	-4.773766e-05	-4.7772457e-05	0.00072839912
-0.246	0.754	0	0	0	1	0	0	0	1.0044374	0.75734579	-4.7754033e-05	-1.7462673e-07	-4.2643133e-06	-4.8936755e-08	1.4379687e-05	1.9410999e-06	1.1861241e-06	2.1055505e-06	1.8522974e-07	1.1063039e-05	1.1149011e-05	-4.7748906e-05	-4.7783218e-05	0.00071808554
-0.248	0.752	0	0	0	1	0	0	0	1.0043819	0.75529522	-4.7765341e-05	-1.7553234e-07	-4.2996024e-06	-4.9161551e-08	1.4389381e-05	1.9461481e-06	1.1696644e-06	2.1109353e-06	1.8602094e-07	1.1063313e-05	1.1244589e-05	-4.7760176e-05	-4.7794003e-05	0.00070776955
-0.25	0.75	0	0	0	1	0	0	0	1.0043263	0.75324475	-4.7776674e-05	-1.7643102e-07	-4.3347721e-06	-4.9386047e-08	1.4398999e-05	1.9511625e-06	1.1531642e-06	2.1162802e-06	1.868058e-07	1.1063623e-05	1.1340187e-05	-4.7771472e-05	-4.7804814e-05	0.00069745242
-0.252	0.748	0	0	0	1	0	0	0	1.0042706	0.75119438	-4.7788032e-05	-1.7732274e-07	-4.3698224e-06	-4.9610162e-08	1.440854e-05	1.956143e-06	1.1366254e-06	2.1215853e-06	1.8758433e-07	1.1063969e-05	1.1435808e-05	-4.7782794e-05	-4.7815649e-05	0.00068713541
-0.254	0.746	0	0	0	1	0	0	0	1.0042146	0.74914411	-4.7799418e-05	-1.782075e-07	-4.4047531e-06	-4.9833814e-08	1.4418004e-05	1.9610897e-06	1.1200495e-06	2.1268506e-06	1.8835658e-07	1.1064352e-05	1.153145e-05	-4.7794142e-05	-4.7826512e-05	0.00067681974
-0.256	0.744	0	0	0	1	0	0	0	1.0041585	0.74709394	-4.7810831e-05	-1.7908526e-07	-4.439564e-06	-5.0056921e-08	1.4427392e-05	1.9660027e-06	1.1034382e-06	2.1320764e-06	1.8912258e-07	1.1064772e-05	1.1627114e-05	-4.7805518e-05	-4.7837402e-05	0.00066650659
-0.258	0.742	0	0	0	1	0	0	0	1.0041023	0.74504388	-4.7822272e-05	-1.7995601e-07	-4.4742551e-06	-5.0279399e-08	1.4436702e-05	1.970882e-06	1.086793e-06	2.1372626e-06	1.8988235e-07	1.1065229e-05	1.17228e-05	-4.7816923e-05	-4.7848321e-05	0.00065619712
-0.26	0.74	0	0	0	1	0	0	0	1.0040458	0.74299392	-4.7833743e-05	-1.8081974e-07	-4.5088263e-06	-5.0501165e-08	1.4445934e-05	1.9757277e-06	1.0701156e-06	2.1424095e-06	1.9063593e-07	1.1065724e-05	1.1818507e-05	-4.7828357e-05	-4.7859269e-05	0.00064589246
-0.262	0.738	0	0	0	1	0	0	0	1.0039893	0.74094407	-4.7845244e-05	-1.8167642e-07	-4.5432776e-06	-5.0722137e-08	1.445509e-05	1.9805398e-06	1.0534074e-06	2.1475171e-06	1.9138334e-07	1.1066257e-05	1.1914237e-05	-4.7839822e-05	-4.7870248e-05	0.00063559373
-0.264	0.736	0	0	0	1	0	0	0	1.0039325	0.73889433	-4.7856775e-05	-1.8252604e-07	-4.5776089e-06	-5.0942231e-08	1.4464167e-05	1.9853183e-06	1.0366698e-06	2.1525855e-06	1.9212463e-07	1.1066828e-05	1.2009988e-05	-4.7851317e-05	-4.7881257e-05	0.00062530201
-0.266	0.734	0	0	0	1	0	0	0	1.0038756	0.7368447	-4.7868338e-05	-1.8336859e-07	-4.6118202e-06	-5.1161363e-08	1.4473167e-05	1.9900634e-06	1.0199042e-06	2.1576148e-06	1.9285982e-07	1.1067437e-05	1.2105762e-05	-4.7862844e-05	-4.7892299e-05	0.00061501834
-0.268	0.732	0	0	0	1	0	0	0	1.0038186	0.73479519	-4.7879934e-05	-1.8420405e-07	-4.6459116e-06	-5.1379449e-08	1.4482089e-05	1.994775e-06	1.0031122e-06	2.1626052e-06	1.9358894e-07	1.1068086e-05	1.2201557e-05	-4.7874404e-05	-4.7903374e-05	0.00060474379
-0.27	0.73	0	0	0	1	0	0	0	1.0037614	0.73274579	-4.7891563e-05	-1.8503242e-07	-4.679883e-06	-5.1596406e-08	1.4490932e-05	1.9994532e-06	9.8629484e-07	2.1675566e-06	1.9431203e-07	1.1068773e-05	1.2297375e-05	-4.7885998e-05	-4.7914482e-05	0.00059447935
-0.272	0.728	0	0	0	1	0	0	0	1.003704	0.73069651	-4.7903226e-05	-1.8585368e-07	-4.7137346e-06	-5.1812148e-08	1.4499698e-05	2.0040981e-06	9.6945358e-07	2.1724693e-06	1.9502911e-07	1.10695e-05	1.2393215e-05	-4.7897625e-05	-4.7925624e-05	0.00058422602
-0.274	0.726	0	0	0	1	0	0	0	1.0036465	0.72864735	-4.7914924e-05	-1.8666781e-07	-4.7474665e-06	-5.2026593e-08	1.4508385e-05	2.0087097e-06	9.5258965e-07	2.1773432e-06	1.9574022e-07	1.1070266e-05	1.2489078e-05	-4.7909288e-05	-4.7936803e-05	0.0005739848
-0.276	0.724	0	0	0	1	0	0	0	1.0035888	0.7265983	-4.7926657e-05	-1.8747482e-07	-4.7810786e-06	-5.2239654e-08	1.4516994e-05	2.013288e-06	9.3570428e-07	2.1821786e-06	1.964454e-07	1.1071073e-05	1.2584963e-05	-4.7920986e-05	-4.7948017e-05	0.00056375663
-0.278	0.722	0	0	0	1	0	0	0	1.003531	0.72454938	-4.7938427e-05	-1.8827469e-07	-4.8145712e-06	-5.2451247e-08	1.4525525e-05	2.017833e-06	9.1879866e-07	2.1869755e-06	1.9714466e-07	1.1071919e-05	1.268087e-05	-4.7932721e-05	-4.7959268e-05	0.00055354246
-0.28	0.72	0	0	0	1	0	0	0	1.003473	0.72250059	-4.7950234e-05	-1.8906742e-07	-4.8479443e-06	-5.2661288e-08	1.4533977e-05	2.0223449e-06	9.0187394e-07	2.1917339e-06	1.9783806e-07	1.1072806e-05	1.27768e-05	-4.7944493e-05	-4.7970557e-05	0.00054334323
-0.282	0.718	0	0	0	1	0	0	0	1.0034149	0.72045192	-4.7962078e-05	-1.8985299e-07	-4.8811981e-06	-5.286969e-08	1.454235e-05	2.0268237e-06	8.8493126e-07	2.1964541e-06	1.985256e-07	1.1073734e-05	1.2872752e-05	-4.7956303e-05	-4.7981885e-05	0.00053315985
-0.284	0.716	0	0	0	1	0	0	0	1.0033567	0.71840338	-4.7973961e-05	-1.9063141e-07	-4.9143327e-06	-5.3076369e-08	1.4550645e-05	2.0312693e-06	8.6797172e-07	2.201136e-06	1.9920734e-07	1.1074703e-05	1.2968727e-05	-4.7968151e-05	-4.7993251e-05	0.00052299323
-0.286	0.714	0	0	0	1	0	0	0	1.0032983	0.71635496	-4.7985884e-05	-1.9140266e-07	-4.9473483e-06	-5.3281239e-08	1.4558862e-05	2.035682e-06	8.5099638e-07	2.2057797e-06	1.9988331e-07	1.1075713e-05	1.3064725e-05	-4.7980039e-05	-4.8004658e-05	0.00051284426
-0.288	0.712	0	0	0	1	0	0	0	1.0032397	0.71430668	-4.7997846e-05	-1.9216674e-07	-4.9802452e-06	-5.3484214e-08	1.4567e-05	2.0400616e-06	8.3400629e-07	2.2103854e-06	2.0055352e-07	1.1076764e-05	1.3160746e-05	-4.7991968e-05	-4.8016106e-05	0.00050271382
-0.29	0.71	0	0	0	1	0	0	0	1.003181	0.71225853	-4.8009849e-05	-1.9292364e-07	-5.0130234e-06	-5.3685208e-08	1.4575059e-05	2.0444083e-06	8.1700246e-07	2.2149532e-06	2.0121803e-07	1.1077857e-05	1.3256789e-05	-4.8003937e-05	-4.8027596e-05	0.00049260279
-0.292	0.708	0	0	0	1	0	0	0	1.0031222	0.71021052	-4.8021893e-05	-1.9367337e-07	-5.0456832e-06	-5.3884134e-08	1.458304e-05	2.048722e-06	7.9998587e-07	2.219483e-06	2.0187685e-07	1.1078992e-05	1.3352856e-05	-4.8015948e-05	-4.8039127e-05	0.00048251204
-0.294	0.706	0	0	0	1	0	0	0	1.0030632	0.70816264	-4.803398e-05	-1.9441591e-07	-5.0782248e-06	-5.4080907e-08	1.4590942e-05	2.0530029e-06	7.8295749e-07	2.2239751e-06	2.0253003e-07	1.1080169e-05	1.3448946e-05	-4.8028001e-05	-4.8050702e-05	0.00047244241
-0.296	0.704	0	0	0	1	0	0	0	1.0030041	0.7061149	-4.8046109e-05	-1.9515128e-07	-5.1106484e-06	-5.4275438e-08	1.4598766e-05	2.0572509e-06	7.6591824e-07	2.2284295e-06	2.0317759e-07	1.1081389e-05	1.3545059e-05	-4.8040097e-05	-4.8062321e-05	0.00046239478
-0.298	0.702	0	0	0	1	0	0	0	1.0029449	0.7040673	-4.8058282e-05	-1.9587946e-07	-5.1429544e-06	-5.4467643e-08	1.4606511e-05	2.0614662e-06	7.4886904e-07	2.2328463e-06	2.0381958e-07	1.1082651e-05	1.3641195e-05	-4.8052237e-05	-4.8073985e-05	0.00045236997
-0.3	0.7	0	0	0	1	0	0	0	1.0028855	0.70201984	-4.8070499e-05	-1.9660045e-07	-5.1751429e-06	-5.4657432e-08	1.4614178e-05	2.0656487e-06	7.3181077e-07	2.2372255e-06	2.0445601e-07	1.1083955e-05	1.3737355e-05	inf	inf	inf
