lambda	F11	F12	F13	F21	F22	F23	F31	F32	F33	J	P11	P12	P13	P21	P22	P23	P31	P32	P33	p	StrEn	t(1)	t(2)	d
0	1	0	0	0	1	0	0	0	1	1	0	0	0	0	0	0	0	0	0	-0	0	inf	inf	inf
-0.002	0.998	0	0	0	1	0	0	0	1.0005587	0.99855758	-3.3927753e-05	1.7510059e-07	-1.3883527e-07	1.7275219e-07	-7.7587753e-06	3.330398e-08	-1.2505481e-07	4.6479967e-08	5.6907514e-09	1.3893613e-05	3.3950051e-08	-3.3929336e-05	-3.3869411e-05	-0.0017692744
-0.004	0.996	0	0	0	1	0	0	0	1.0011123	0.9971078	-6.7581514e-05	4.2513406e-07	-3.3894087e-07	4.2192337e-07	-1.5470117e-05	4.3513308e-08	-2.5547689e-07	9.420427e-08	1.0762386e-08	2.768029e-05	1.3547765e-07	-6.7584463e-05	-6.744832e-05	-0.002018474
-0.006	0.994	0	0	0	1	0	0	0	1.0016547	0.99564472	-0.00010054292	9.865477e-07	-7.4043184e-07	9.8717355e-07	-2.2822833e-05	-7.0612305e-09	-3.8804104e-07	1.3945562e-07	1.4019419e-08	4.1117246e-05	3.0374333e-07	-0.0001005466	-9.9880823e-05	-0.006665731
-0.008	0.992	0	0	0	1	0	0	0	1.0021613	0.99414402	-0.00012951951	1.705143e-06	-1.9043124e-06	1.7209185e-06	-2.6834491e-05	-3.6176295e-08	-5.0032586e-07	3.2765166e-08	9.3383091e-09	5.2114886e-05	5.3500094e-07	-0.00012952182	-0.00012848258	-0.0080886381
-0.01	0.99	0	0	0	1	0	0	0	1.0026482	0.99262176	-0.00015283975	1.3453247e-06	-3.2598793e-06	1.3711538e-06	-2.5773523e-05	-5.0217139e-08	-6.5785289e-07	-1.1825191e-07	2.666509e-09	5.9536868e-05	8.1767363e-07	-0.00015284039	-0.00015255168	-0.0018925945
-0.012	0.988	0	0	0	1	0	0	0	1.0031336	0.99109599	-0.00017465814	1.1292135e-06	-4.3828404e-06	1.1639414e-06	-2.3673449e-05	-9.6500374e-08	-8.865295e-07	-2.0782401e-07	-1.7258732e-09	6.6111104e-05	1.1452076e-06	-0.00017465772	-0.00017442806	-0.0013166707
-0.014	0.986	0	0	0	1	0	0	0	1.003612	0.98956142	-0.00019554077	1.003556e-06	-5.3946613e-06	1.0473033e-06	-2.1307636e-05	-1.4479908e-07	-1.1763406e-06	-2.7616067e-07	-5.4551795e-09	7.2284619e-05	1.5153859e-06	-0.00019553948	-0.00019525443	-0.0014598782
-0.016	0.984	0	0	0	1	0	0	0	1.004079	0.98801373	-0.00021533622	9.1786593e-07	-6.3533073e-06	9.7097866e-07	-1.8856983e-05	-1.925562e-07	-1.5240771e-06	-3.3595445e-07	-9.2550163e-09	7.8067485e-05	1.9262254e-06	-0.00021533409	-0.00021494601	-0.001805478
-0.018	0.982	0	0	0	1	0	0	0	1.0045307	0.98644912	-0.00023363706	8.5099678e-07	-7.2847416e-06	9.1376073e-07	-1.6401631e-05	-2.4024149e-07	-1.9247455e-06	-3.9226878e-07	-1.3506614e-08	8.3350734e-05	2.3751699e-06	-0.00023363408	-0.0002331176	-0.0022155332
-0.02	0.98	0	0	0	1	0	0	0	1.0049634	0.98486409	-0.00024989663	7.9335886e-07	-8.1954802e-06	8.6575363e-07	-1.399687e-05	-2.8785152e-07	-2.3661187e-06	-4.469021e-07	-1.8399417e-08	8.7970632e-05	2.8586957e-06	-0.00024989275	-0.00024927713	-0.0024696004
-0.022	0.978	0	0	0	1	0	0	0	1.0053736	0.98325537	-0.00026369776	7.4070288e-07	-9.0797562e-06	8.2233045e-07	-1.1689738e-05	-3.3459178e-07	-2.8289325e-06	-4.9993054e-07	-2.4022967e-08	9.180384e-05	3.3722784e-06	-0.00026369299	-0.0002630705	-0.0023662505
-0.024	0.976	0	0	0	1	0	0	0	1.0057576	0.98161938	-0.00027505607	6.9120158e-07	-9.9302385e-06	7.8148682e-07	-9.5192718e-06	-3.7977638e-07	-3.2954856e-06	-5.512116e-07	-3.0480413e-08	9.4868606e-05	3.9109777e-06	-0.00027505045	-0.00027450242	-0.0019964376
-0.026	0.974	0	0	0	1	0	0	0	1.0061109	0.97995205	-0.00028435492	6.4383375e-07	-1.0745127e-05	7.422502e-07	-7.5159013e-06	-4.2355885e-07	-3.7564507e-06	-6.0127568e-07	-3.7922408e-08	9.7302915e-05	4.4702881e-06	-0.00028434855	-0.00028389533	-0.0015964344
-0.028	0.972	0	0	0	1	0	0	0	1.0064295	0.97824944	-0.00029204019	5.9789153e-07	-1.1526311e-05	7.0400293e-07	-5.7030433e-06	-4.6665447e-07	-4.2083922e-06	-6.5104763e-07	-4.6470509e-08	9.9263235e-05	5.0465591e-06	-0.00029203323	-0.00029166005	-0.0012795157
-0.03	0.97	0	0	0	1	0	0	0	1.0067102	0.97650885	-0.00029845832	5.5296849e-07	-1.2275598e-05	6.6636821e-07	-4.0962441e-06	-5.097825e-07	-4.649085e-06	-7.0129293e-07	-5.6140295e-08	0.00010087023	5.6369283e-06	-0.00029845098	-0.00029813841	-0.001048418
-0.032	0.968	0	0	0	1	0	0	0	1.0069521	0.97472961	-0.00030385414	5.0893317e-07	-1.2993488e-05	6.2919379e-07	-2.7003384e-06	-5.5338911e-07	-5.0757469e-06	-7.5237721e-07	-6.6822042e-08	0.0001022071	6.2391127e-06	-0.00030384669	-0.00030357995	-0.0008786265
-0.034	0.966	0	0	0	1	0	0	0	1.0071566	0.97291328	-0.00030840975	4.6582913e-07	-1.3679711e-05	5.9249032e-07	-1.508221e-06	-5.9761661e-07	-5.4853746e-06	-8.042885e-07	-7.8310412e-08	0.00010333209	6.8512481e-06	-0.00030840241	-0.00030817101	-0.00075088344
-0.036	0.964	0	0	0	1	0	0	0	1.007327	0.97106319	-0.00031227209	4.2376371e-07	-1.4334069e-05	5.5634561e-07	-5.0282078e-07	-6.4238435e-07	-5.8755475e-06	-8.5677152e-07	-9.0357491e-08	0.00010428842	7.4717967e-06	-0.00031226507	-0.00031206095	-0.00065410818
-0.038	0.962	0	0	0	1	0	0	0	1.0074674	0.96918364	-0.00031556505	3.828298e-07	-1.495696e-05	5.2085396e-07	3.388076e-07	-6.8749442e-07	-6.2449024e-06	-9.094724e-07	-1.0272268e-07	0.00010510966	8.0994919e-06	-0.00031555849	-0.00031537502	-0.00058174028
-0.04	0.96	0	0	0	1	0	0	0	1.0075825	0.96727916	-0.00031839314	3.4307077e-07	-1.5549461e-05	4.8607735e-07	1.0412951e-06	-7.3271613e-07	-6.5931605e-06	-9.6204248e-07	-1.1520362e-07	0.00010582235	8.7332968e-06	-0.00031838712	-0.00031821879	-0.00052897668
-0.042	0.958	0	0	0	1	0	0	0	1.0076764	0.96535397	-0.00032084298	3.0447691e-07	-1.611318e-05	4.5203469e-07	1.627981e-06	-7.7783596e-07	-6.9208857e-06	-1.0141909e-06	-1.2764678e-07	0.00010644755	9.3723671e-06	-0.00032083754	-0.00032067986	-0.00049172917
-0.044	0.956	0	0	0	1	0	0	0	1.0077529	0.96341176	-0.00032298502	2.6699685e-07	-1.6650025e-05	4.1870698e-07	2.1193799e-06	-8.2267857e-07	-7.2291764e-06	-1.0656994e-06	-1.3994469e-07	0.00010700186	1.0016016e-05	-0.00032298017	-0.00032282958	-0.0004664692
-0.046	0.954	0	0	0	1	0	0	0	1.0078151	0.96145559	-0.00032487572	2.3055253e-07	-1.7162009e-05	3.8604814e-07	2.532726e-06	-8.6711021e-07	-7.5194052e-06	-1.1164169e-06	-1.5202739e-07	0.00010749834	1.0663685e-05	-0.00032487144	-0.00032472522	-0.00045027888
-0.048	0.952	0	0	0	1	0	0	0	1.0078655	0.95948795	-0.00032656	1.9505193e-07	-1.7651117e-05	3.5399553e-07	2.882124e-06	-9.1103401e-07	-7.793036e-06	-1.1662463e-06	-1.6385284e-07	0.00010794724	1.1314917e-05	-0.00032655627	-0.00032641237	-0.00044085423
-0.05	0.95	0	0	0	1	0	0	0	1.0079062	0.95751087	-0.00032807356	1.6039822e-07	-1.8119227e-05	3.2247831e-07	3.1789598e-06	-9.5438274e-07	-8.0515129e-06	-1.2151311e-06	-1.753988e-07	0.00010835667	1.1969335e-05	-0.00032807035	-0.00032792723	-0.00043643752
-0.052	0.948	0	0	0	1	0	0	0	1.0079388	0.95552594	-0.00032944476	1.2649567e-07	-1.8568076e-05	2.9142318e-07	3.4323721e-06	-9.9711174e-07	-8.2962009e-06	-1.2630438e-06	-1.8665642e-07	0.00010873302	1.2626626e-05	-0.00032944204	-0.00032929856	-0.00043571682
-0.054	0.946	0	0	0	1	0	0	0	1.0079645	0.95353446	-0.0003306963	9.3253005e-08	-1.8999243e-05	2.6075804e-07	3.6496914e-06	-1.039193e-06	-8.528358e-06	-1.3099764e-06	-1.9762572e-07	0.00010908141	1.3286529e-05	-0.00033069404	-0.00033054935	-0.00043772457
-0.056	0.944	0	0	0	1	0	0	0	1.0079846	0.95153745	-0.00033184642	6.0585213e-08	-1.9414154e-05	2.3041409e-07	3.8368129e-06	-1.0806103e-06	-8.7491276e-06	-1.3559346e-06	-2.0831235e-07	0.00010940597	1.3948823e-05	-0.00033184459	-0.00033169806	-0.00044175076
-0.058	0.942	0	0	0	1	0	0	0	1.0079998	0.94953577	-0.0003329099	2.8414209e-08	-1.9814095e-05	2.0032699e-07	3.9984992e-06	-1.1213563e-06	-8.9595406e-06	-1.4009323e-06	-2.1872544e-07	0.00010971004	1.4613321e-05	-0.00033290847	-0.00033275964	-0.00044727451
-0.06	0.94	0	0	0	1	0	0	0	1.0080107	0.94753007	-0.0003338988	-3.3310554e-09	-2.020022e-05	1.7043727e-07	4.1386196e-06	-1.1614293e-06	-9.160524e-06	-1.4449891e-06	-2.2887613e-07	0.00010999635	1.5279862e-05	-0.00033389776	-0.00033374626	-0.00045391263
-0.062	0.938	0	0	0	1	0	0	0	1.008018	0.94552092	-0.00033482305	-3.4714851e-08	-2.0573568e-05	1.4069046e-07	4.2603373e-06	-1.2008316e-06	-9.3529095e-06	-1.4881275e-06	-2.3877662e-07	0.00011026716	1.5948306e-05	-0.00033482236	-0.00033466795	-0.00046138195
-0.064	0.936	0	0	0	1	0	0	0	1.0080222	0.94350877	-0.00033569086	-6.5795107e-08	-2.0935073e-05	1.1103693e-07	4.3662552e-06	-1.2395686e-06	-9.5374448e-06	-1.5303715e-06	-2.4843948e-07	0.00011052435	1.6618534e-05	-0.00033569052	-0.000335533	-0.00046947201
-0.066	0.934	0	0	0	1	0	0	0	1.0080236	0.94149401	-0.00033650911	-9.6623923e-08	-2.128558e-05	8.1431575e-08	4.458529e-06	-1.2776472e-06	-9.7148027e-06	-1.571746e-06	-2.5787734e-07	0.00011076949	1.7290438e-05	-0.00033650909	-0.00033634831	-0.00047802545
-0.068	0.932	0	0	0	1	0	0	0	1.0080225	0.93947694	-0.00033728356	-1.2724809e-07	-2.1625853e-05	5.1833539e-08	4.5389558e-06	-1.3150756e-06	-9.8855906e-06	-1.6122755e-06	-2.6710255e-07	0.0001110039	1.7963927e-05	-0.00033728385	-0.0003371197	-0.0004869239
-0.07	0.93	0	0	0	1	0	0	0	1.0080192	0.93745783	-0.00033801909	-1.5770959e-07	-2.1956588e-05	2.2205844e-08	4.6090425e-06	-1.3518626e-06	-1.0050358e-05	-1.651984e-06	-2.7612705e-07	0.00011122873	1.8638917e-05	-0.00033801968	-0.00033785208	-0.00049607778
-0.072	0.928	0	0	0	1	0	0	0	1.0080139	0.93543691	-0.00033871987	-1.8804607e-07	-2.2278416e-05	-7.4849354e-09	4.6700608e-06	-1.3880173e-06	-1.0209604e-05	-1.6908947e-06	-2.8496233e-07	0.00011144492	1.9315335e-05	-0.00033872075	-0.00033854964	-0.00050541896
-0.074	0.926	0	0	0	1	0	0	0	1.0080069	0.93341437	-0.00033938945	-2.1829129e-07	-2.2591915e-05	-3.7268992e-08	4.7230896e-06	-1.4235488e-06	-1.0363784e-05	-1.7290299e-06	-2.936193e-07	0.00011165333	1.9993116e-05	-0.00033939061	-0.00033921594	-0.00051489533
-0.076	0.924	0	0	0	1	0	0	0	1.0079982	0.93139036	-0.00034003091	-2.4847547e-07	-2.2897613e-05	-6.7173576e-08	4.7690494e-06	-1.4584662e-06	-1.0513312e-05	-1.7664108e-06	-3.0210838e-07	0.00011185466	2.0672199e-05	-0.00034003233	-0.00033985409	-0.00052446693
-0.078	0.922	0	0	0	1	0	0	0	1.0079881	0.92936502	-0.00034064691	-2.7862565e-07	-2.3195997e-05	-9.7223262e-08	4.8087295e-06	-1.4927785e-06	-1.0658571e-05	-1.8030575e-06	-3.104394e-07	0.00011204954	2.1352532e-05	-0.00034064858	-0.00034046674	-0.00053410299
-0.08	0.92	0	0	0	1	0	0	0	1.0079766	0.92733849	-0.00034123974	-3.08766e-07	-2.3487515e-05	-1.2744018e-07	4.84281e-06	-1.5264943e-06	-1.0799911e-05	-1.8389891e-06	-3.186217e-07	0.00011223852	2.2034066e-05	-0.00034124167	-0.00034105621	-0.00054377979
-0.082	0.918	0	0	0	1	0	0	0	1.0079639	0.92531085	-0.00034181144	-3.3891809e-07	-2.3772581e-05	-1.5784422e-07	4.8718793e-06	-1.559622e-06	-1.0937655e-05	-1.8742236e-06	-3.2666412e-07	0.00011242208	2.2716757e-05	-0.00034181362	-0.00034162454	-0.00055347901
-0.084	0.916	0	0	0	1	0	0	0	1.00795	0.9232822	-0.00034236378	-3.6910107e-07	-2.4051576e-05	-1.8845325e-07	4.8964493e-06	-1.5921695e-06	-1.1072104e-05	-1.9087781e-06	-3.34575e-07	0.00011260064	2.3400564e-05	-0.0003423662	-0.00034217349	-0.00056318654
-0.086	0.914	0	0	0	1	0	0	0	1.007935	0.92125262	-0.00034289833	-3.9933197e-07	-2.4324858e-05	-2.1928323e-07	4.9169665e-06	-1.6241446e-06	-1.1203535e-05	-1.9426686e-06	-3.4236228e-07	0.00011277457	2.4085451e-05	-0.00034290098	-0.00034270465	-0.00057289155
-0.088	0.912	0	0	0	1	0	0	0	1.007919	0.91922217	-0.00034341646	-4.2962579e-07	-2.4592756e-05	-2.503484e-07	4.933822e-06	-1.6555548e-06	-1.1332207e-05	-1.9759105e-06	-3.5003343e-07	0.00011294422	2.4771383e-05	-0.00034341934	-0.00034321938	-0.00058258576
-0.09	0.91	0	0	0	1	0	0	0	1.0079021	0.91719092	-0.0003439194	-4.5999571e-07	-2.4855579e-05	-2.8166137e-07	4.9473601e-06	-1.6864071e-06	-1.1458363e-05	-2.008518e-06	-3.5759558e-07	0.00011310988	2.5458328e-05	-0.00034392251	-0.00034371894	-0.00059226289
-0.092	0.908	0	0	0	1	0	0	0	1.0078843	0.91515892	-0.00034440825	-4.904532e-07	-2.5113615e-05	-3.1323329e-07	4.9578841e-06	-1.7167084e-06	-1.1582228e-05	-2.0405048e-06	-3.6505547e-07	0.00011327181	2.6146259e-05	-0.00034441159	-0.0003442044	-0.00060191828
-0.094	0.906	0	0	0	1	0	0	0	1.0078656	0.91312621	-0.00034488399	-5.2100819e-07	-2.5367133e-05	-3.4507387e-07	4.9656627e-06	-1.7464653e-06	-1.1704015e-05	-2.071884e-06	-3.724195e-07	0.00011343025	2.6835146e-05	-0.00034488755	-0.00034467676	-0.00061154851
-0.096	0.904	0	0	0	1	0	0	0	1.0078461	0.91109284	-0.00034534749	-5.516691e-07	-2.5616386e-05	-3.7719153e-07	4.9709344e-06	-1.775684e-06	-1.1823924e-05	-2.1026677e-06	-3.7969378e-07	0.00011358542	2.7524966e-05	-0.00034535127	-0.00034513688	-0.00062115117
-0.098	0.902	0	0	0	1	0	0	0	1.0078258	0.90905884	-0.00034579953	-5.8244302e-07	-2.5861612e-05	-4.0959346e-07	4.9739115e-06	-1.8043706e-06	-1.1942142e-05	-2.1328678e-06	-3.868841e-07	0.0001137375	2.8215694e-05	-0.00034580353	-0.00034558556	-0.00063072468
-0.1	0.9	0	0	0	1	0	0	0	1.0078047	0.90702425	-0.00034624083	-6.1333575e-07	-2.6103033e-05	-4.4228566e-07	4.9747835e-06	-1.8325312e-06	-1.2058848e-05	-2.1624954e-06	-3.9399599e-07	0.00011388668	2.8907308e-05	-0.00034624505	-0.0003460235	-0.00064026806
-0.102	0.898	0	0	0	1	0	0	0	1.007783	0.90498909	-0.00034667203	-6.4435188e-07	-2.634086e-05	-4.7527306e-07	4.9737199e-06	-1.8601715e-06	-1.2174208e-05	-2.1915612e-06	-4.0103473e-07	0.00011403311	2.9599788e-05	-0.00034667646	-0.00034645135	-0.00064978088
-0.104	0.896	0	0	0	1	0	0	0	1.0077605	0.90295339	-0.0003470937	-6.7549486e-07	-2.657529e-05	-5.0855951e-07	4.970873e-06	-1.8872971e-06	-1.2288382e-05	-2.2200755e-06	-4.0800535e-07	0.00011417694	3.0293113e-05	-0.00034709835	-0.00034686967	-0.0006592631
-0.106	0.894	0	0	0	1	0	0	0	1.0077373	0.90091718	-0.00034750637	-7.0676707e-07	-2.6806511e-05	-5.4214788e-07	4.9663794e-06	-1.9139135e-06	-1.2401521e-05	-2.2480482e-06	-4.1491267e-07	0.0001143183	3.0987266e-05	-0.00034751124	-0.00034727901	-0.00066871504
-0.108	0.892	0	0	0	1	0	0	0	1.0077135	0.89888047	-0.00034791052	-7.381699e-07	-2.70347e-05	-5.7604005e-07	4.9603623e-06	-1.9400261e-06	-1.2513767e-05	-2.2754888e-06	-4.217613e-07	0.00011445731	3.1682229e-05	-0.00034791561	-0.00034767984	-0.00067813725
-0.11	0.89	0	0	0	1	0	0	0	1.0076891	0.89684328	-0.00034830659	-7.6970373e-07	-2.7260023e-05	-6.1023703e-07	4.9529328e-06	-1.9656403e-06	-1.2625259e-05	-2.3024065e-06	-4.2855563e-07	0.00011459407	3.2377986e-05	-0.00034831189	-0.00034807258	-0.00068753053
-0.112	0.888	0	0	0	1	0	0	0	1.007664	0.89480562	-0.00034869496	-8.0136807e-07	-2.7482639e-05	-6.4473893e-07	4.9441915e-06	-1.9907615e-06	-1.2736125e-05	-2.3288102e-06	-4.352999e-07	0.00011472869	3.307452e-05	-0.00034870049	-0.00034845765	-0.00069689582
-0.114	0.886	0	0	0	1	0	0	0	1.0076383	0.89276752	-0.000349076	-8.3316154e-07	-2.7702698e-05	-6.79545e-07	4.9342294e-06	-2.0153949e-06	-1.2846489e-05	-2.3547087e-06	-4.4199816e-07	0.00011486126	3.3771816e-05	-0.00034908175	-0.00034883539	-0.00070623422
-0.116	0.884	0	0	0	1	0	0	0	1.007612	0.89072899	-0.00034945005	-8.6508192e-07	-2.7920343e-05	-7.1465371e-07	4.923129e-06	-2.0395457e-06	-1.295647e-05	-2.3801105e-06	-4.486543e-07	0.00011499186	3.4469861e-05	-0.00034945602	-0.00034920615	-0.0007155469
-0.118	0.882	0	0	0	1	0	0	0	1.0075851	0.88869003	-0.00034981741	-8.9712623e-07	-2.8135708e-05	-7.5006274e-07	4.9109653e-06	-2.0632194e-06	-1.306618e-05	-2.4050237e-06	-4.5527203e-07	0.00011512057	3.5168641e-05	-0.0003498236	-0.00034957022	-0.00072483513
-0.12	0.88	0	0	0	1	0	0	0	1.0075576	0.88665066	-0.00035017835	-9.2929073e-07	-2.8348923e-05	-7.8576902e-07	4.8978066e-06	-2.0864212e-06	-1.3175729e-05	-2.4294566e-06	-4.6185495e-07	0.00011524747	3.5868142e-05	-0.00035018477	-0.00034992789	-0.00073410024
-0.122	0.878	0	0	0	1	0	0	0	1.0075295	0.88461089	-0.00035053314	-9.6157097e-07	-2.8560108e-05	-8.2176876e-07	4.8837149e-06	-2.1091565e-06	-1.3285218e-05	-2.4534172e-06	-4.6840649e-07	0.00011537261	3.6568352e-05	-0.00035053979	-0.00035027941	-0.00074334358
-0.124	0.876	0	0	0	1	0	0	0	1.0075008	0.88257072	-0.00035088201	-9.9396182e-07	-2.876938e-05	-8.580575e-07	4.8687469e-06	-2.1314307e-06	-1.3394748e-05	-2.4769133e-06	-4.7492996e-07	0.00011549606	3.726926e-05	-0.00035088888	-0.00035062501	-0.00075256655
-0.126	0.874	0	0	0	1	0	0	0	1.0074716	0.88053016	-0.00035122517	-1.0264575e-06	-2.8976849e-05	-8.946301e-07	4.8529543e-06	-2.1532494e-06	-1.3504412e-05	-2.4999528e-06	-4.8142853e-07	0.00011561788	3.7970852e-05	-0.00035123228	-0.00035096493	-0.00076177055
-0.128	0.872	0	0	0	1	0	0	0	1.0074418	0.87848923	-0.00035156284	-1.0590517e-06	-2.9182619e-05	-9.314808e-07	4.8363842e-06	-2.1746182e-06	-1.3614302e-05	-2.5225434e-06	-4.8790526e-07	0.00011573812	3.8673119e-05	-0.00035157018	-0.00035129934	-0.00077095696
-0.13	0.87	0	0	0	1	0	0	0	1.0074114	0.87644792	-0.00035189519	-1.0917375e-06	-2.9386791e-05	-9.6860323e-07	4.8190798e-06	-2.1955427e-06	-1.3724505e-05	-2.5446929e-06	-4.9436307e-07	0.00011585682	3.937605e-05	-0.00035190277	-0.00035162845	-0.00078012719
-0.132	0.868	0	0	0	1	0	0	0	1.0073805	0.87440625	-0.0003522224	-1.1245074e-06	-2.9589459e-05	-1.0059905e-06	4.8010806e-06	-2.2160288e-06	-1.3835105e-05	-2.5664088e-06	-5.0080478e-07	0.00011597404	4.0079633e-05	-0.00035223022	-0.00035195243	-0.0007892826
-0.134	0.866	0	0	0	1	0	0	0	1.007349	0.87236421	-0.00035254463	-1.1573533e-06	-2.9790714e-05	-1.043635e-06	4.7824226e-06	-2.2360823e-06	-1.394618e-05	-2.5876987e-06	-5.072331e-07	0.00011608981	4.078386e-05	-0.00035255269	-0.00035227143	-0.00079842453
-0.136	0.864	0	0	0	1	0	0	0	1.0073169	0.87032181	-0.00035286202	-1.190267e-06	-2.9990641e-05	-1.0815289e-06	4.7631389e-06	-2.2557094e-06	-1.4057808e-05	-2.6085704e-06	-5.1365063e-07	0.00011620418	4.1488719e-05	-0.00035287033	-0.0003525856	-0.0008075543
-0.138	0.862	0	0	0	1	0	0	0	1.0072843	0.86827906	-0.00035317472	-1.2232395e-06	-3.0189322e-05	-1.1196636e-06	4.7432598e-06	-2.2749162e-06	-1.4170062e-05	-2.6290314e-06	-5.2005985e-07	0.00011631717	4.2194202e-05	-0.00035318327	-0.00035289507	-0.00081667317
-0.14	0.86	0	0	0	1	0	0	0	1.0072511	0.86623596	-0.00035348285	-1.2562616e-06	-3.0386834e-05	-1.1580302e-06	4.7228131e-06	-2.2937091e-06	-1.4283013e-05	-2.6490894e-06	-5.2646317e-07	0.00011642883	4.2900299e-05	-0.00035349166	-0.00035319999	-0.00082578237
-0.142	0.858	0	0	0	1	0	0	0	1.0072174	0.86419251	-0.00035378653	-1.2893236e-06	-3.0583253e-05	-1.1966194e-06	4.701824e-06	-2.3120944e-06	-1.4396728e-05	-2.668752e-06	-5.3286287e-07	0.00011653919	4.3607002e-05	-0.00035379559	-0.00035350046	-0.00083488306
-0.144	0.856	0	0	0	1	0	0	0	1.0071831	0.86214872	-0.00035408587	-1.3224157e-06	-3.0778647e-05	-1.2354214e-06	4.680316e-06	-2.3300787e-06	-1.4511272e-05	-2.6880268e-06	-5.3926115e-07	0.00011664827	4.4314301e-05	-0.0003540952	-0.0003537966	-0.00084397636
-0.146	0.854	0	0	0	1	0	0	0	1.0071482	0.86010458	-0.00035438099	-1.3555275e-06	-3.0973084e-05	-1.2744262e-06	4.6583104e-06	-2.3476689e-06	-1.4626706e-05	-2.7069215e-06	-5.4566012e-07	0.00011675611	4.5022188e-05	-0.00035439057	-0.00035408851	-0.00085306332
-0.148	0.852	0	0	0	1	0	0	0	1.0071128	0.85806011	-0.00035467196	-1.3886486e-06	-3.1166627e-05	-1.3136232e-06	4.6358267e-06	-2.3648716e-06	-1.4743089e-05	-2.725444e-06	-5.520618e-07	0.00011686273	4.5730655e-05	-0.00035468181	-0.00035437629	-0.00086214491
-0.15	0.85	0	0	0	1	0	0	0	1.0070768	0.85601531	-0.00035495889	-1.4217683e-06	-3.1359336e-05	-1.3530018e-06	4.6128829e-06	-2.381694e-06	-1.4860479e-05	-2.7436019e-06	-5.584681e-07	0.00011696816	4.6439693e-05	-0.00035496902	-0.00035466003	-0.00087122205
-0.152	0.848	0	0	0	1	0	0	0	1.0070403	0.85397017	-0.00035524186	-1.4548755e-06	-3.155127e-05	-1.3925511e-06	4.5894952e-06	-2.3981432e-06	-1.4978929e-05	-2.7614031e-06	-5.6488087e-07	0.00011707242	4.7149295e-05	-0.00035525226	-0.00035493981	-0.00088029559
-0.154	0.846	0	0	0	1	0	0	0	1.0070032	0.85192471	-0.00035552096	-1.4879594e-06	-3.1742481e-05	-1.4322597e-06	4.5656788e-06	-2.4142264e-06	-1.509849e-05	-2.7788553e-06	-5.7130185e-07	0.00011717553	4.7859453e-05	-0.00035553164	-0.00035521572	-0.00088936627
-0.156	0.844	0	0	0	1	0	0	0	1.0069655	0.84987891	-0.00035579625	-1.5210086e-06	-3.1933022e-05	-1.4721164e-06	4.5414474e-06	-2.429951e-06	-1.5219213e-05	-2.7959665e-06	-5.7773271e-07	0.00011727751	4.8570158e-05	-0.00035580721	-0.00035548783	-0.00089843477
-0.158	0.842	0	0	0	1	0	0	0	1.0069273	0.84783279	-0.00035606781	-1.554012e-06	-3.212294e-05	-1.5121095e-06	4.5168134e-06	-2.4453246e-06	-1.5341143e-05	-2.8127446e-06	-5.8417506e-07	0.00011737839	4.9281404e-05	-0.00035607906	-0.00035575621	-0.00090750169
-0.16	0.84	0	0	0	1	0	0	0	1.0068885	0.84578635	-0.0003563357	-1.5869581e-06	-3.2312283e-05	-1.5522274e-06	4.4917885e-06	-2.4603548e-06	-1.5464326e-05	-2.8291975e-06	-5.9063038e-07	0.00011747818	4.9993183e-05	-0.00035634724	-0.00035602093	-0.00091656754
-0.162	0.838	0	0	0	1	0	0	0	1.0068491	0.84373958	-0.0003566	-1.6198357e-06	-3.2501095e-05	-1.5924583e-06	4.466383e-06	-2.4750492e-06	-1.5588805e-05	-2.8453332e-06	-5.9710012e-07	0.00011757691	5.0705488e-05	-0.00035661184	-0.00035628205	-0.00092563273
-0.164	0.836	0	0	0	1	0	0	0	1.0068092	0.8416925	-0.00035686075	-1.6526333e-06	-3.2689415e-05	-1.6327903e-06	4.4406066e-06	-2.4894158e-06	-1.5714618e-05	-2.8611597e-06	-6.0358563e-07	0.00011767458	5.1418311e-05	-0.00035687289	-0.00035653963	-0.00093469761
-0.166	0.834	0	0	0	1	0	0	0	1.0067687	0.8396451	-0.00035711802	-1.6853397e-06	-3.2877283e-05	-1.6732116e-06	4.4144679e-06	-2.5034626e-06	-1.5841806e-05	-2.876685e-06	-6.1008818e-07	0.00011777121	5.2131646e-05	-0.00035713047	-0.00035679374	-0.0009437624
-0.168	0.832	0	0	0	1	0	0	0	1.0067276	0.83759739	-0.00035737186	-1.7179436e-06	-3.3064737e-05	-1.7137103e-06	4.3879748e-06	-2.5171974e-06	-1.5970404e-05	-2.8919171e-06	-6.16609e-07	0.00011786683	5.2845486e-05	-0.00035738462	-0.00035704441	-0.00095282725
-0.17	0.83	0	0	0	1	0	0	0	1.006686	0.83554936	-0.00035762232	-1.7504338e-06	-3.325181e-05	-1.7542745e-06	4.3611347e-06	-2.5306284e-06	-1.6100447e-05	-2.9068641e-06	-6.231492e-07	0.00011796145	5.3559824e-05	-0.00035763539	-0.00035729172	-0.00096189223
-0.172	0.828	0	0	0	1	0	0	0	1.0066438	0.83350103	-0.00035786946	-1.7827993e-06	-3.3438536e-05	-1.7948925e-06	4.333954e-06	-2.5437638e-06	-1.6231966e-05	-2.9215341e-06	-6.2970987e-07	0.00011805507	5.4274653e-05	-0.00035788284	-0.00035753569	-0.00097095728
-0.174	0.826	0	0	0	1	0	0	0	1.0066009	0.83145238	-0.00035811331	-1.8150293e-06	-3.3624944e-05	-1.8355526e-06	4.3064387e-06	-2.5566117e-06	-1.6364994e-05	-2.9359351e-06	-6.3629201e-07	0.00011814772	5.4989967e-05	-0.00035812702	-0.00035777639	-0.0009800223
-0.176	0.824	0	0	0	1	0	0	0	1.0065576	0.82940344	-0.00035835392	-1.847113e-06	-3.3811064e-05	-1.876243e-06	4.2785942e-06	-2.5691805e-06	-1.6499559e-05	-2.9500751e-06	-6.4289654e-07	0.00011823941	5.5705758e-05	-0.00035836796	-0.00035801385	-0.00098908706
-0.178	0.822	0	0	0	1	0	0	0	1.0065136	0.82735418	-0.00035859134	-1.8790399e-06	-3.3996922e-05	-1.9169525e-06	4.2504255e-06	-2.5814784e-06	-1.6635688e-05	-2.9639622e-06	-6.4952434e-07	0.00011833015	5.6422022e-05	-0.00035860571	-0.00035824813	-0.00099815124
-0.18	0.82	0	0	0	1	0	0	0	1.0064691	0.82530463	-0.00035882561	-1.9107997e-06	-3.4182544e-05	-1.9576696e-06	4.2219369e-06	-2.5935137e-06	-1.6773406e-05	-2.9776044e-06	-6.5617621e-07	0.00011841995	5.7138751e-05	-0.00035884032	-0.00035847925	-0.0010072145
-0.182	0.818	0	0	0	1	0	0	0	1.0064239	0.82325479	-0.00035905676	-1.9423823e-06	-3.4367953e-05	-1.9983833e-06	4.1931326e-06	-2.6052948e-06	-1.6912738e-05	-2.9910096e-06	-6.6285291e-07	0.00011850883	5.7855939e-05	-0.00035907181	-0.00035870727	-0.0010162762
-0.184	0.816	0	0	0	1	0	0	0	1.0063782	0.82120464	-0.00035928484	-1.9737779e-06	-3.4553172e-05	-2.0390826e-06	4.1640161e-06	-2.6168299e-06	-1.7053706e-05	-3.0041857e-06	-6.6955513e-07	0.00011859679	5.857358e-05	-0.00035930023	-0.00035893221	-0.001025336
-0.186	0.814	0	0	0	1	0	0	0	1.006332	0.81915421	-0.00035950987	-2.0049769e-06	-3.473822e-05	-2.0797569e-06	4.1345908e-06	-2.6281275e-06	-1.7196331e-05	-3.0171408e-06	-6.7628349e-07	0.00011868385	5.9291668e-05	-0.00035952562	-0.00035915412	-0.001034393
-0.188	0.812	0	0	0	1	0	0	0	1.0062851	0.81710348	-0.0003597319	-2.0359701e-06	-3.4923117e-05	-2.1203957e-06	4.1048596e-06	-2.6391957e-06	-1.7340633e-05	-3.0298825e-06	-6.8303858e-07	0.00011877003	6.0010197e-05	-0.00035974801	-0.00035937302	-0.0010434467
-0.19	0.81	0	0	0	1	0	0	0	1.0062376	0.81505248	-0.00035995096	-2.0667485e-06	-3.510788e-05	-2.1609888e-06	4.0748252e-06	-2.650043e-06	-1.7486628e-05	-3.0424187e-06	-6.8982091e-07	0.00011885532	6.072916e-05	-0.00035996743	-0.00035958897	-0.0010524962
-0.192	0.808	0	0	0	1	0	0	0	1.0061896	0.81300118	-0.00036016709	-2.0973036e-06	-3.5292526e-05	-2.2015263e-06	4.0444901e-06	-2.6606773e-06	-1.7634335e-05	-3.054757e-06	-6.9663096e-07	0.00011893974	6.1448552e-05	-0.00036018392	-0.00035980198	-0.0010615405
-0.194	0.806	0	0	0	1	0	0	0	1.006141	0.81094961	-0.00036038031	-2.1276269e-06	-3.5477069e-05	-2.2419987e-06	4.0138566e-06	-2.6711071e-06	-1.7783767e-05	-3.0669051e-06	-7.0346915e-07	0.00011902331	6.2168368e-05	-0.00036039751	-0.00036001209	-0.0010705789
-0.196	0.804	0	0	0	1	0	0	0	1.0060918	0.80889777	-0.00036059065	-2.1577104e-06	-3.5661523e-05	-2.2823965e-06	3.9829266e-06	-2.6813403e-06	-1.793494e-05	-3.0788706e-06	-7.1033586e-07	0.00011910602	6.2888601e-05	-0.00036060823	-0.00036021934	-0.0010796102
-0.198	0.802	0	0	0	1	0	0	0	1.006042	0.80684565	-0.00036079815	-2.1875466e-06	-3.5845902e-05	-2.3227109e-06	3.951702e-06	-2.691385e-06	-1.8087866e-05	-3.0906608e-06	-7.1723141e-07	0.00011918789	6.3609245e-05	-0.00036081611	-0.00036042374	-0.0010886333
-0.2	0.8	0	0	0	1	0	0	0	1.0059916	0.80479326	-0.00036100284	-2.2171281e-06	-3.6030215e-05	-2.3629331e-06	3.9201845e-06	-2.7012491e-06	-1.8242557e-05	-3.1022831e-06	-7.2415608e-07	0.00011926894	6.4330296e-05	-0.00036102118	-0.00036062534	-0.0010976472
-0.202	0.798	0	0	0	1	0	0	0	1.0059406	0.80274061	-0.00036120474	-2.246448e-06	-3.6214474e-05	-2.4030548e-06	3.8883757e-06	-2.7109406e-06	-1.8399024e-05	-3.1137447e-06	-7.3111012e-07	0.00011934916	6.5051747e-05	-0.00036122347	-0.00036082417	-0.0011066506
-0.204	0.796	0	0	0	1	0	0	0	1.0058891	0.80068769	-0.00036140388	-2.2754997e-06	-3.6398688e-05	-2.443068e-06	3.8562769e-06	-2.7204671e-06	-1.8557275e-05	-3.1250529e-06	-7.3809372e-07	0.00011942856	6.5773592e-05	-0.00036142301	-0.00036102024	-0.0011156423
-0.206	0.794	0	0	0	1	0	0	0	1.0058369	0.79863452	-0.00036160028	-2.3042769e-06	-3.6582865e-05	-2.482965e-06	3.8238897e-06	-2.7298363e-06	-1.8717319e-05	-3.1362145e-06	-7.4510703e-07	0.00011950717	6.6495828e-05	-0.00036161981	-0.00036121359	-0.001124621
-0.208	0.792	0	0	0	1	0	0	0	1.0057842	0.7965811	-0.00036179399	-2.3327738e-06	-3.6767013e-05	-2.5227387e-06	3.7912152e-06	-2.7390558e-06	-1.8879164e-05	-3.1472365e-06	-7.5215019e-07	0.00011958497	6.7218447e-05	-0.00036181392	-0.00036140424	-0.0011335854
-0.21	0.79	0	0	0	1	0	0	0	1.0057309	0.79452742	-0.00036198501	-2.360985e-06	-3.6951139e-05	-2.5623819e-06	3.7582546e-06	-2.748133e-06	-1.9042815e-05	-3.1581257e-06	-7.5922327e-07	0.00011966199	6.7941445e-05	-0.00036200536	-0.00036159222	-0.0011425341
-0.212	0.788	0	0	0	1	0	0	0	1.005677	0.7924735	-0.00036217338	-2.3889051e-06	-3.7135248e-05	-2.6018882e-06	3.7250092e-06	-2.7570752e-06	-1.920828e-05	-3.1688887e-06	-7.6632632e-07	0.00011973823	6.8664816e-05	-0.00036219414	-0.00036177756	-0.0011514657
-0.214	0.786	0	0	0	1	0	0	0	1.0056226	0.79041934	-0.00036235913	-2.4165295e-06	-3.7319345e-05	-2.6412513e-06	3.6914801e-06	-2.7658895e-06	-1.9375562e-05	-3.1795319e-06	-7.7345936e-07	0.0001198137	6.9388555e-05	-0.0003623803	-0.00036196029	-0.0011603787
-0.216	0.784	0	0	0	1	0	0	0	1.0055675	0.78836495	-0.00036254226	-2.4438538e-06	-3.7503434e-05	-2.6804654e-06	3.6576683e-06	-2.774583e-06	-1.9544665e-05	-3.1900617e-06	-7.8062236e-07	0.00011988841	7.0112657e-05	-0.00036256386	-0.00036214042	-0.0011692718
-0.218	0.782	0	0	0	1	0	0	0	1.0055119	0.78631032	-0.00036272282	-2.4708737e-06	-3.768752e-05	-2.7195248e-06	3.623575e-06	-2.7831625e-06	-1.9715592e-05	-3.2004843e-06	-7.878153e-07	0.00011996235	7.0837116e-05	-0.00036274484	-0.00036231798	-0.0011781434
-0.22	0.78	0	0	0	1	0	0	0	1.0054557	0.78425547	-0.00036290082	-2.4975857e-06	-3.7871604e-05	-2.7584246e-06	3.5892013e-06	-2.7916347e-06	-1.9888345e-05	-3.2108058e-06	-7.9503808e-07	0.00012003555	7.1561929e-05	-0.00036292327	-0.000362493	-0.0011869921
-0.222	0.778	0	0	0	1	0	0	0	1.005399	0.78220039	-0.00036307629	-2.5239863e-06	-3.805569e-05	-2.7971597e-06	3.5545482e-06	-2.8000063e-06	-2.0062927e-05	-3.2210321e-06	-8.0229061e-07	0.00012010801	7.2287088e-05	-0.00036309917	-0.00036266549	-0.0011958162
-0.224	0.776	0	0	0	1	0	0	0	1.0053416	0.7801451	-0.00036324924	-2.5500724e-06	-3.8239778e-05	-2.8357259e-06	3.5196169e-06	-2.8082835e-06	-2.0239337e-05	-3.2311689e-06	-8.0957275e-07	0.00012017973	7.3012591e-05	-0.00036327257	-0.00036283549	-0.0012046144
-0.226	0.774	0	0	0	1	0	0	0	1.0052837	0.77808959	-0.00036341971	-2.5758413e-06	-3.8423869e-05	-2.8741189e-06	3.4844086e-06	-2.8164727e-06	-2.0417577e-05	-3.2412218e-06	-8.1688436e-07	0.00012025073	7.373843e-05	-0.00036344348	-0.00036300302	-0.001213385
-0.228	0.772	0	0	0	1	0	0	0	1.0052252	0.77603388	-0.00036358771	-2.6012906e-06	-3.8607965e-05	-2.912335e-06	3.4489244e-06	-2.8245799e-06	-2.0597645e-05	-3.2511962e-06	-8.2422525e-07	0.000120321	7.4464603e-05	-0.00036361193	-0.00036316809	-0.0012221266
-0.23	0.77	0	0	0	1	0	0	0	1.0051662	0.77397796	-0.00036375327	-2.6264183e-06	-3.8792064e-05	-2.9503707e-06	3.4131655e-06	-2.8326111e-06	-2.0779541e-05	-3.2610974e-06	-8.3159524e-07	0.00012039057	7.5191103e-05	-0.00036377794	-0.00036333074	-0.0012308376
-0.232	0.768	0	0	0	1	0	0	0	1.0051066	0.77192185	-0.0003639164	-2.6512224e-06	-3.8976167e-05	-2.9882229e-06	3.3771332e-06	-2.8405719e-06	-2.0963263e-05	-3.2709305e-06	-8.3899409e-07	0.00012045942	7.5917926e-05	-0.00036394153	-0.00036349097	-0.0012395165
-0.234	0.766	0	0	0	1	0	0	0	1.0050464	0.76986554	-0.00036407713	-2.6757016e-06	-3.9160272e-05	-3.0258887e-06	3.3408288e-06	-2.8484679e-06	-2.1148809e-05	-3.2807005e-06	-8.4642157e-07	0.00012052758	7.6645067e-05	-0.00036410272	-0.00036364883	-0.0012481618
-0.236	0.764	0	0	0	1	0	0	0	1.0049857	0.76780905	-0.00036423549	-2.6998546e-06	-3.9344377e-05	-3.0633657e-06	3.3042537e-06	-2.8563046e-06	-2.1336176e-05	-3.2904121e-06	-8.5387741e-07	0.00012059504	7.7372521e-05	-0.00036426153	-0.00036380431	-0.001256772
-0.238	0.762	0	0	0	1	0	0	0	1.0049244	0.76575238	-0.00036439148	-2.7236804e-06	-3.9528482e-05	-3.1006517e-06	3.2674093e-06	-2.8640872e-06	-2.1525362e-05	-3.3000699e-06	-8.6136136e-07	0.00012066181	7.8100284e-05	-0.00036441799	-0.00036395746	-0.0012653455
-0.24	0.76	0	0	0	1	0	0	0	1.0048625	0.76369553	-0.00036454513	-2.7471785e-06	-3.9712583e-05	-3.1377447e-06	3.2302971e-06	-2.8718206e-06	-2.1716363e-05	-3.3096784e-06	-8.688731e-07	0.0001207279	7.8828351e-05	-0.00036457211	-0.00036410828	-0.001273881
-0.242	0.758	0	0	0	1	0	0	0	1.0048001	0.76163851	-0.00036469646	-2.7703484e-06	-3.9896678e-05	-3.1746432e-06	3.1929186e-06	-2.8795099e-06	-2.1909174e-05	-3.319242e-06	-8.7641234e-07	0.00012079332	7.9556717e-05	-0.00036472392	-0.0003642568	-0.0012823769
-0.244	0.756	0	0	0	1	0	0	0	1.0047372	0.75958133	-0.00036484549	-2.79319e-06	-4.0080764e-05	-3.2113458e-06	3.1552755e-06	-2.8871596e-06	-2.2103792e-05	-3.3287646e-06	-8.8397876e-07	0.00012085806	8.0285378e-05	-0.00036487342	-0.00036440304	-0.0012908318
-0.246	0.754	0	0	0	1	0	0	0	1.0046737	0.75752399	-0.00036499224	-2.8157033e-06	-4.0264838e-05	-3.2478513e-06	3.1173695e-06	-2.8947743e-06	-2.2300212e-05	-3.3382504e-06	-8.9157201e-07	0.00012092215	8.1014329e-05	-0.00036502066	-0.00036454702	-0.0012992443
-0.248	0.752	0	0	0	1	0	0	0	1.0046097	0.75546649	-0.00036513673	-2.8378887e-06	-4.0448895e-05	-3.2841591e-06	3.0792022e-06	-2.9023584e-06	-2.2498428e-05	-3.347703e-06	-8.9919176e-07	0.00012098557	8.1743566e-05	-0.00036516563	-0.00036468876	-0.0013076129
-0.25	0.75	0	0	0	1	0	0	0	1.0045451	0.75340885	-0.00036527897	-2.8597468e-06	-4.0632933e-05	-3.3202685e-06	3.0407756e-06	-2.909916e-06	-2.2698436e-05	-3.3571262e-06	-9.0683764e-07	0.00012104835	8.2473084e-05	-0.00036530837	-0.00036482828	-0.0013159364
-0.252	0.748	0	0	0	1	0	0	0	1.00448	0.75135106	-0.000365419	-2.8812781e-06	-4.0816946e-05	-3.3561793e-06	3.0020916e-06	-2.9174512e-06	-2.2900229e-05	-3.3665235e-06	-9.1450928e-07	0.00012111047	8.3202879e-05	-0.00036544889	-0.0003649656	-0.0013242134
-0.254	0.746	0	0	0	1	0	0	0	1.0044144	0.74929314	-0.00036555682	-2.9024838e-06	-4.1000931e-05	-3.3918913e-06	2.9631521e-06	-2.9249678e-06	-2.3103802e-05	-3.3758981e-06	-9.222063e-07	0.00012117196	8.3932947e-05	-0.00036558721	-0.00036510073	-0.0013324425
-0.256	0.744	0	0	0	1	0	0	0	1.0043482	0.74723509	-0.00036569246	-2.9233649e-06	-4.1184883e-05	-3.4274046e-06	2.9239591e-06	-2.9324695e-06	-2.3309148e-05	-3.3852533e-06	-9.2992832e-07	0.00012123281	8.4663282e-05	-0.00036572334	-0.0003652337	-0.0013406226
-0.258	0.742	0	0	0	1	0	0	0	1.0042816	0.74517692	-0.00036582593	-2.9439228e-06	-4.1368796e-05	-3.4627196e-06	2.8845149e-06	-2.9399599e-06	-2.3516261e-05	-3.3945921e-06	-9.3767493e-07	0.00012129303	8.5393881e-05	-0.00036585732	-0.00036536453	-0.0013487523
-0.26	0.74	0	0	0	1	0	0	0	1.0042144	0.74311863	-0.00036595726	-2.9641589e-06	-4.1552666e-05	-3.4978369e-06	2.8448216e-06	-2.9474422e-06	-2.3725134e-05	-3.4039174e-06	-9.4544573e-07	0.00012135263	8.612474e-05	-0.00036598915	-0.00036549324	-0.0013568304
-0.262	0.738	0	0	0	1	0	0	0	1.0041466	0.74106023	-0.00036608646	-2.9840749e-06	-4.1736488e-05	-3.5327573e-06	2.8048814e-06	-2.9549198e-06	-2.393576e-05	-3.413232e-06	-9.5324032e-07	0.0001214116	8.6855854e-05	-0.00036611885	-0.00036561983	-0.0013648557
-0.264	0.736	0	0	0	1	0	0	0	1.0040784	0.73900172	-0.00036621354	-3.0036727e-06	-4.1920255e-05	-3.5674815e-06	2.7646968e-06	-2.9623956e-06	-2.4148133e-05	-3.4225383e-06	-9.6105827e-07	0.00012146997	8.758722e-05	-0.00036624645	-0.00036574434	-0.0013728272
-0.266	0.734	0	0	0	1	0	0	0	1.0040097	0.73694311	-0.00036633853	-3.0229541e-06	-4.2103963e-05	-3.6020109e-06	2.7242702e-06	-2.9698725e-06	-2.4362244e-05	-3.4318391e-06	-9.6889915e-07	0.00012152772	8.8318832e-05	-0.00036637195	-0.00036586679	-0.0013807436
-0.268	0.732	0	0	0	1	0	0	0	1.0039404	0.73488441	-0.00036646145	-3.0419213e-06	-4.2287606e-05	-3.6363466e-06	2.6836039e-06	-2.9773533e-06	-2.4578087e-05	-3.4411364e-06	-9.7676255e-07	0.00012158487	8.9050687e-05	-0.00036649539	-0.00036598718	-0.001388604
-0.27	0.73	0	0	0	1	0	0	0	1.0038707	0.73282562	-0.00036658231	-3.0605764e-06	-4.2471177e-05	-3.67049e-06	2.6427007e-06	-2.9848407e-06	-2.4795653e-05	-3.4504325e-06	-9.8464802e-07	0.00012164142	8.9782781e-05	-0.00036661677	-0.00036610554	-0.0013964072
-0.272	0.728	0	0	0	1	0	0	0	1.0038005	0.73076675	-0.00036670113	-3.0789218e-06	-4.2654671e-05	-3.7044429e-06	2.6015631e-06	-2.9923369e-06	-2.5014936e-05	-3.4597296e-06	-9.9255513e-07	0.00012169738	9.0515109e-05	-0.00036673611	-0.00036622188	-0.0014041523
-0.274	0.726	0	0	0	1	0	0	0	1.0037298	0.7287078	-0.00036681793	-3.0969599e-06	-4.2838081e-05	-3.7382069e-06	2.5601938e-06	-2.9998445e-06	-2.5235927e-05	-3.4690294e-06	-1.0004834e-06	0.00012175274	9.1247668e-05	-0.00036685343	-0.00036633622	-0.0014118383
-0.276	0.724	0	0	0	1	0	0	0	1.0036585	0.72664879	-0.00036693272	-3.1146934e-06	-4.3021401e-05	-3.771784e-06	2.5185955e-06	-3.0073655e-06	-2.5458618e-05	-3.4783339e-06	-1.0084325e-06	0.00012180752	9.1980454e-05	-0.00036696875	-0.00036644859	-0.0014194643
-0.278	0.722	0	0	0	1	0	0	0	1.0035869	0.72458971	-0.00036704553	-3.1321247e-06	-4.3204626e-05	-3.8051761e-06	2.4767711e-06	-3.0149021e-06	-2.5683001e-05	-3.4876447e-06	-1.0164019e-06	0.00012186172	9.2713462e-05	-0.00036708208	-0.00036655899	-0.0014270293
-0.28	0.72	0	0	0	1	0	0	0	1.0035147	0.72253058	-0.00036715636	-3.1492567e-06	-4.3387747e-05	-3.8383853e-06	2.4347235e-06	-3.022456e-06	-2.5909069e-05	-3.4969634e-06	-1.0243911e-06	0.00012191534	9.344669e-05	-0.00036719345	-0.00036666745	-0.0014345325
-0.282	0.718	0	0	0	1	0	0	0	1.0034421	0.72047139	-0.00036726524	-3.1660922e-06	-4.357076e-05	-3.871414e-06	2.3924555e-06	-3.0300293e-06	-2.6136812e-05	-3.5062915e-06	-1.0323997e-06	0.0001219684	9.4180132e-05	-0.00036730286	-0.00036677398	-0.0014419732
-0.284	0.716	0	0	0	1	0	0	0	1.0033689	0.71841217	-0.00036737219	-3.182634e-06	-4.3753657e-05	-3.9042645e-06	2.3499702e-06	-3.0376234e-06	-2.6366224e-05	-3.5156303e-06	-1.0404273e-06	0.00012202088	9.4913786e-05	-0.00036741034	-0.0003668786	-0.0014493504
-0.286	0.714	0	0	0	1	0	0	0	1.0032954	0.7163529	-0.00036747721	-3.198885e-06	-4.3936432e-05	-3.9369392e-06	2.3072707e-06	-3.0452401e-06	-2.6597296e-05	-3.524981e-06	-1.0484734e-06	0.0001220728	9.5647647e-05	-0.0003675159	-0.00036698133	-0.0014566636
-0.288	0.712	0	0	0	1	0	0	0	1.0032214	0.71429361	-0.00036758033	-3.2148484e-06	-4.4119077e-05	-3.9694407e-06	2.2643599e-06	-3.0528806e-06	-2.6830019e-05	-3.5343448e-06	-1.0565375e-06	0.00012212417	9.6381711e-05	-0.00036761955	-0.00036708218	-0.0014639119
-0.29	0.71	0	0	0	1	0	0	0	1.0031469	0.71223428	-0.00036768156	-3.2305271e-06	-4.4301588e-05	-4.0017717e-06	2.2212411e-06	-3.0605465e-06	-2.7064386e-05	-3.5437227e-06	-1.0646193e-06	0.00012217498	9.7115975e-05	-0.00036772132	-0.00036718116	-0.0014710946
-0.292	0.708	0	0	0	1	0	0	0	1.003072	0.71017494	-0.00036778092	-3.2459243e-06	-4.4483955e-05	-4.0339348e-06	2.1779174e-06	-3.0682388e-06	-2.7300388e-05	-3.5531157e-06	-1.0727181e-06	0.00012222524	9.7850436e-05	-0.00036782122	-0.00036727831	-0.0014782112
-0.294	0.706	0	0	0	1	0	0	0	1.0029966	0.70811559	-0.00036787842	-3.2610432e-06	-4.4666174e-05	-4.0659328e-06	2.1343921e-06	-3.0759588e-06	-2.7538017e-05	-3.5625246e-06	-1.0808337e-06	0.00012227495	9.8585089e-05	-0.00036791927	-0.00036737362	-0.0014852611
-0.296	0.704	0	0	0	1	0	0	0	1.0029208	0.70605623	-0.00036797408	-3.2758868e-06	-4.4848236e-05	-4.0977687e-06	2.0906684e-06	-3.0837074e-06	-2.7777265e-05	-3.5719502e-06	-1.0889655e-06	0.00012232413	9.931993e-05	-0.00036801547	-0.00036746712	-0.0014922436
-0.298	0.702	0	0	0	1	0	0	0	1.0028445	0.70399687	-0.00036806792	-3.2904585e-06	-4.5030136e-05	-4.1294453e-06	2.0467497e-06	-3.0914857e-06	-2.8018123e-05	-3.5813931e-06	-1.0971131e-06	0.00012237276	0.00010005496	-0.00036810986	-0.00036755883	-0.0014991582
-0.3	0.7	0	0	0	1	0	0	0	1.0027679	0.70193751	-0.00036815995	-3.3047615e-06	-4.5211866e-05	-4.1609657e-06	2.0026393e-06	-3.0992944e-06	-2.8260584e-05	-3.5908541e-06	-1.1052761e-06	0.00012242086	0.00010079017	inf	inf	inf
