lambda	F11	F12	F13	F21	F22	F23	F31	F32	F33	J	P11	P12	P13	P21	P22	P23	P31	P32	P33	p	StrEn	t(1)	t(2)	d
0	1	0	0	0	1	0	0	0	1	1	0	0	0	0	0	0	0	0	0	-0	0	inf	inf	inf
-0.002	0.998	0	0	0	1.0010409	0	0	0	1.00081	0.999848	-1.250132e-06	5.3465157e-08	-5.8270773e-09	5.2550553e-08	8.8249986e-10	-2.9043501e-08	-7.5260098e-09	-2.9365844e-08	-1.1496626e-10	4.1645484e-07	1.2711724e-09	-1.2505513e-06	-1.2442194e-06	-0.0050890477
-0.004	0.996	0	0	0	1.0021028	0	0	0	1.0015556	0.99964706	-2.4476993e-06	1.3835464e-07	1.2512641e-08	1.3635607e-07	2.8155791e-09	-4.288022e-08	7.4285116e-09	-4.4576077e-08	-1.4334827e-09	8.1543907e-07	4.9768775e-09	-2.4487294e-06	-2.4382589e-06	-0.0042942761
-0.006	0.994	0	0	0	1.0032178	0	0	0	1.0022114	0.99940365	-3.5925891e-06	2.26627e-07	2.2456678e-08	2.2618403e-07	4.8689239e-09	-5.2427635e-08	1.2172727e-08	-5.2324955e-08	-3.8513664e-09	1.1971905e-06	1.1024208e-08	-3.5939245e-06	-3.5899968e-06	-0.0010940798
-0.008	0.992	0	0	0	1.0042701	0	0	0	1.0029086	0.99913359	-4.7123347e-06	2.8804201e-07	2.4380131e-08	2.897996e-07	6.992638e-09	-5.6152441e-08	1.0120777e-08	-5.5624976e-08	-5.7007161e-09	1.5703476e-06	1.9336865e-08	-4.7137505e-06	-4.7122979e-06	-0.00030826524
-0.01	0.99	0	0	0	1.0052291	0	0	0	1.003685	0.99884411	-5.8163487e-06	3.2282343e-07	2.7349908e-08	3.2669467e-07	9.062689e-09	-5.585331e-08	9.8165498e-09	-5.589872e-08	-7.1177917e-09	1.9381346e-06	2.98734e-08	-5.8177398e-06	-5.8177278e-06	-2.0601978e-06
-0.012	0.988	0	0	0	1.0061364	0	0	0	1.0045031	0.99853914	-6.910232e-06	3.4406168e-07	3.1129358e-08	3.4983315e-07	1.0883265e-08	-5.3787584e-08	1.071296e-08	-5.4628684e-08	-8.3135931e-09	2.3025541e-06	4.2607776e-08	-6.9116625e-06	-6.912356e-06	0.00010032429
-0.014	0.986	0	0	0	1.0070181	0	0	0	1.0053387	0.9982208	-7.9964982e-06	3.5945635e-07	3.5370653e-08	3.6696766e-07	1.2452629e-08	-5.1018763e-08	1.2350977e-08	-5.2641516e-08	-9.3806113e-09	2.6644754e-06	5.7522823e-08	-7.9980052e-06	-7.9990624e-06	0.00013216764
-0.016	0.984	0	0	0	1.0078852	0	0	0	1.006182	0.99789013	-9.0756375e-06	3.7208618e-07	3.9927925e-08	3.812378e-07	1.3816858e-08	-4.7988049e-08	1.4527611e-08	-5.0335504e-08	-1.0362346e-08	3.024061e-06	7.4604026e-08	-9.077217e-06	-9.0785661e-06	0.00014859765
-0.018	0.982	0	0	0	1.0087427	0	0	0	1.0070285	0.9975477	-1.014754e-05	3.8325972e-07	4.4742275e-08	3.9399405e-07	1.5017183e-08	-4.4896645e-08	1.7147073e-08	-4.7912652e-08	-1.1282553e-08	3.3812683e-06	9.3837088e-08	-1.0149173e-05	-1.0150823e-05	0.00016258379
-0.02	0.98	0	0	0	1.0095931	0	0	0	1.0078761	0.99719386	-1.121197e-05	3.936082e-07	4.978983e-08	4.058954e-07	1.6084254e-08	-4.1844935e-08	2.0159925e-08	-4.5481813e-08	-1.2155791e-08	3.7360139e-06	1.1520732e-07	-1.1213635e-05	-1.1215616e-05	0.00017659853
-0.022	0.978	0	0	0	1.0104378	0	0	0	1.0087236	0.99682886	-1.2268702e-05	4.0347224e-07	5.5062083e-08	4.1730133e-07	1.7040247e-08	-3.8885877e-08	2.353942e-08	-4.3104134e-08	-1.2991734e-08	4.0882178e-06	1.3869955e-07	-1.2270376e-05	-1.2272718e-05	0.00019083034
-0.024	0.976	0	0	0	1.0112777	0	0	0	1.0095702	0.99645284	-1.3317547e-05	4.1305311e-07	6.0557869e-08	4.2842643e-07	1.7901339e-08	-3.6048233e-08	2.7271161e-08	-4.0814833e-08	-1.379721e-08	4.4378142e-06	1.6429819e-07	-1.331921e-05	-1.3321942e-05	0.00020506062
-0.026	0.974	0	0	0	1.0121134	0	0	0	1.0104154	0.99606595	-1.4358357e-05	4.2247878e-07	6.6279781e-08	4.3940857e-07	1.867953e-08	-3.3347727e-08	3.1348043e-08	-3.8634431e-08	-1.4577274e-08	4.7847516e-06	1.9198732e-07	-1.4359989e-05	-1.4363136e-05	0.00021907415
-0.028	0.972	0	0	0	1.0129452	0	0	0	1.0112591	0.99566826	-1.5391021e-05	4.318358e-07	7.2232451e-08	4.5034192e-07	1.9383891e-08	-3.0792789e-08	3.5767569e-08	-3.6574857e-08	-1.5335816e-08	5.1289909e-06	2.2175074e-07	-1.5392604e-05	-1.5396187e-05	0.00023272745
-0.03	0.97	0	0	0	1.0137735	0	0	0	1.0121009	0.99525984	-1.6415455e-05	4.4118585e-07	7.8421667e-08	4.6129431e-07	2.0021415e-08	-2.8387675e-08	4.0530319e-08	-3.4642912e-08	-1.6075935e-08	5.4705031e-06	2.5357207e-07	-1.6416972e-05	-1.642101e-05	0.00024594128
-0.032	0.968	0	0	0	1.0145985	0	0	0	1.0129407	0.99484077	-1.74316e-05	4.5057492e-07	8.4853913e-08	4.7231691e-07	2.0597594e-08	-2.6134217e-08	4.5639037e-08	-3.2842297e-08	-1.6800172e-08	5.8092675e-06	2.8743478e-07	-1.7433034e-05	-1.7437544e-05	0.00025868165
-0.034	0.966	0	0	0	1.0154202	0	0	0	1.0137784	0.99441108	-1.8439414e-05	4.6003875e-07	9.1536113e-08	4.8345001e-07	2.1116815e-08	-2.4032837e-08	5.1098057e-08	-3.1174825e-08	-1.7510664e-08	6.1452694e-06	3.2332224e-07	-1.844075e-05	-1.8445747e-05	0.00027094358
-0.036	0.964	0	0	0	1.0162389	0	0	0	1.0146139	0.99397082	-1.9438872e-05	4.6960614e-07	9.84755e-08	4.9472653e-07	2.1582647e-08	-2.2083151e-08	5.6912944e-08	-2.9641173e-08	-1.820925e-08	6.4784996e-06	3.6121777e-07	-1.9440094e-05	-1.9445592e-05	0.00028273972
-0.038	0.962	0	0	0	1.0170545	0	0	0	1.0154471	0.99352002	-2.0429958e-05	4.7930109e-07	1.0567954e-07	5.0617435e-07	2.1998037e-08	-2.028433e-08	6.3090248e-08	-2.8241339e-08	-1.8897543e-08	6.8089526e-06	4.0110461e-07	-2.0431051e-05	-2.0437062e-05	0.0002940927
-0.04	0.96	0	0	0	1.0178673	0	0	0	1.0162781	0.99305871	-2.1412668e-05	4.8914421e-07	1.131559e-07	5.1781776e-07	2.2365454e-08	-1.863532e-08	6.9637353e-08	-2.6974942e-08	-1.9576983e-08	7.1366265e-06	4.4296601e-07	-2.1413618e-05	-2.1420152e-05	0.00030503036
-0.042	0.958	0	0	0	1.0186771	0	0	0	1.0171066	0.99258691	-2.2387004e-05	4.9915368e-07	1.2091243e-07	5.2967856e-07	2.2686998e-08	-1.7134982e-08	7.6562368e-08	-2.5841407e-08	-2.0248876e-08	7.4615218e-06	4.8678522e-07	-2.2387797e-05	-2.2394864e-05	0.00031558269
-0.044	0.956	0	0	0	1.0194841	0	0	0	1.0179329	0.99210466	-2.3352973e-05	5.0934591e-07	1.2895719e-07	5.417768e-07	2.2964478e-08	-1.5782175e-08	8.3874057e-08	-2.484009e-08	-2.0914422e-08	7.7836411e-06	5.3254547e-07	-2.3353597e-05	-2.3361207e-05	0.00032578003
-0.046	0.954	0	0	0	1.0202883	0	0	0	1.0187567	0.99161196	-2.4310591e-05	5.1973608e-07	1.3729841e-07	5.5413125e-07	2.3199467e-08	-1.4575814e-08	9.1581797e-08	-2.3970351e-08	-2.1574738e-08	8.1029889e-06	5.8023005e-07	-2.4311031e-05	-2.4319194e-05	0.00033565195
-0.048	0.952	0	0	0	1.0210898	0	0	0	1.019578	0.99110885	-2.5259875e-05	5.3033845e-07	1.4594456e-07	5.6675988e-07	2.3393352e-08	-1.3514902e-08	9.9695551e-08	-2.3231616e-08	-2.2230877e-08	8.419571e-06	6.2982225e-07	-2.5260118e-05	-2.5268841e-05	0.00034522667
-0.05	0.95	0	0	0	1.0218885	0	0	0	1.0203969	0.99059533	-2.6200846e-05	5.4116665e-07	1.5490434e-07	5.7968007e-07	2.3547363e-08	-1.2598558e-08	1.0822586e-07	-2.2623406e-08	-2.2883838e-08	8.7333943e-06	6.8130541e-07	-2.6200878e-05	-2.6210171e-05	0.00035453077
-0.052	0.948	0	0	0	1.0226845	0	0	0	1.0212134	0.99007143	-2.7133528e-05	5.5223392e-07	1.6418668e-07	5.9290892e-07	2.3662604e-08	-1.182603e-08	1.1718382e-07	-2.2145367e-08	-2.3534579e-08	9.0444668e-06	7.3466293e-07	-2.7133338e-05	-2.7143206e-05	0.00036358905
-0.054	0.946	0	0	0	1.0234779	0	0	0	1.0220274	0.98953716	-2.8057948e-05	5.6355322e-07	1.7380083e-07	6.0646339e-07	2.3740071e-08	-1.119671e-08	1.2658113e-07	-2.1797285e-08	-2.4184027e-08	9.3527973e-06	7.8987824e-07	-2.8057521e-05	-2.8067974e-05	0.00037242453
-0.056	0.944	0	0	0	1.0242685	0	0	0	1.0228388	0.98899253	-2.8974133e-05	5.7513743e-07	1.8375631e-07	6.2036048e-07	2.378067e-08	-1.0710146e-08	1.3643007e-07	-2.1579108e-08	-2.4833085e-08	9.6583952e-06	8.4693483e-07	-2.8973458e-05	-2.8984503e-05	0.00038105853
-0.058	0.942	0	0	0	1.0250564	0	0	0	1.0236478	0.98843755	-2.9882114e-05	5.8699943e-07	1.9406298e-07	6.3461734e-07	2.3785227e-08	-1.0366048e-08	1.4674351e-07	-2.1490951e-08	-2.5482641e-08	9.9612704e-06	9.0581625e-07	-2.9881177e-05	-2.9892821e-05	0.00038951078
-0.06	0.94	0	0	0	1.0258417	0	0	0	1.0244542	0.98787224	-3.0781921e-05	5.9915218e-07	2.0473109e-07	6.492514e-07	2.3754501e-08	-1.0164307e-08	1.5753499e-07	-2.1533115e-08	-2.6133569e-08	1.0261433e-05	9.6650611e-07	-3.0780711e-05	-3.079296e-05	0.00039779949
-0.062	0.938	0	0	0	1.0266244	0	0	0	1.0252582	0.98729662	-3.1673587e-05	6.1160884e-07	2.1577124e-07	6.6428044e-07	2.3689193e-08	-1.0104997e-08	1.6881866e-07	-2.1706097e-08	-2.678674e-08	1.0558895e-05	1.0289881e-06	-3.1672091e-05	-3.1684953e-05	0.00040594155
-0.064	0.936	0	0	0	1.0274044	0	0	0	1.0260596	0.98671068	-3.2557144e-05	6.2438286e-07	2.2719447e-07	6.7972272e-07	2.3589949e-08	-1.0188395e-08	1.8060941e-07	-2.2010606e-08	-2.7443024e-08	1.0853666e-05	1.0932459e-06	-3.255535e-05	-3.2568832e-05	0.00041395261
-0.066	0.934	0	0	0	1.0281817	0	0	0	1.0268584	0.98611445	-3.3432627e-05	6.3748797e-07	2.3901228e-07	6.9559704e-07	2.345737e-08	-1.0414992e-08	1.9292284e-07	-2.2447579e-08	-2.8103293e-08	1.1145758e-05	1.1592634e-06	-3.3430522e-05	-3.344463e-05	0.00042184721
-0.068	0.932	0	0	0	1.0289564	0	0	0	1.0276547	0.98550792	-3.4300069e-05	6.5093836e-07	2.5123667e-07	7.1192281e-07	2.3292014e-08	-1.0785513e-08	2.057753e-07	-2.3018195e-08	-2.8768432e-08	1.1435182e-05	1.2270244e-06	-3.4297641e-05	-3.4312383e-05	0.0004296389
-0.07	0.93	0	0	0	1.0297285	0	0	0	1.0284484	0.98489112	-3.5159506e-05	6.6474864e-07	2.6388016e-07	7.2872016e-07	2.3094402e-08	-1.1300932e-08	2.1918399e-07	-2.3723899e-08	-2.9439334e-08	1.172195e-05	1.2965129e-06	-3.5156742e-05	-3.5172124e-05	0.00043734036
-0.072	0.928	0	0	0	1.030498	0	0	0	1.0292396	0.98426404	-3.6010972e-05	6.7893396e-07	2.7695585e-07	7.4601002e-07	2.2865017e-08	-1.1962498e-08	2.3316695e-07	-2.4566423e-08	-3.0116913e-08	1.2006075e-05	1.3677129e-06	-3.6007859e-05	-3.6023889e-05	0.0004449635
-0.074	0.926	0	0	0	1.0312648	0	0	0	1.0300282	0.9836267	-3.6854501e-05	6.9351007e-07	2.9047746e-07	7.6381415e-07	2.2604312e-08	-1.2771756e-08	2.4774314e-07	-2.5547812e-08	-3.0802101e-08	1.2287566e-05	1.4406085e-06	-3.6851028e-05	-3.6867712e-05	0.00045251955
-0.076	0.924	0	0	0	1.032029	0	0	0	1.0308142	0.98297911	-3.769013e-05	7.0849336e-07	3.0445938e-07	7.8215529e-07	2.2312708e-08	-1.373058e-08	2.6293251e-07	-2.6670452e-08	-3.1495857e-08	1.2566438e-05	1.5151838e-06	-3.7686284e-05	-3.7703628e-05	0.00046001913
-0.078	0.922	0	0	0	1.0327906	0	0	0	1.0315976	0.98232126	-3.8517894e-05	7.2390094e-07	3.189167e-07	8.0105717e-07	2.1990599e-08	-1.4841201e-08	2.7875605e-07	-2.7937108e-08	-3.2199169e-08	1.2842701e-05	1.591423e-06	-3.8513661e-05	-3.8531674e-05	0.00046747236
-0.08	0.92	0	0	0	1.0335496	0	0	0	1.0323784	0.98165317	-3.9337826e-05	7.3975071e-07	3.3386531e-07	8.2054469e-07	2.163835e-08	-1.6106247e-08	2.9523585e-07	-2.9350956e-08	-3.2913061e-08	1.3116367e-05	1.6693105e-06	-3.9333195e-05	-3.9351883e-05	0.00047488894
-0.082	0.918	0	0	0	1.0343059	0	0	0	1.0331566	0.98097483	-4.0149963e-05	7.5606141e-07	3.4932191e-07	8.4064392e-07	2.1256303e-08	-1.752878e-08	3.1239521e-07	-3.0915631e-08	-3.3638593e-08	1.3387448e-05	1.7488305e-06	-4.0144921e-05	-4.0164291e-05	0.00048227819
-0.084	0.916	0	0	0	1.0350597	0	0	0	1.0339322	0.98028627	-4.0954338e-05	7.728527e-07	3.6530411e-07	8.6138225e-07	2.0844775e-08	-1.911235e-08	3.3025869e-07	-3.2635271e-08	-3.4376872e-08	1.3655957e-05	1.8299676e-06	-4.0948872e-05	-4.0968932e-05	0.00048964913
-0.086	0.914	0	0	0	1.0358107	0	0	0	1.0347052	0.97958747	-4.1750987e-05	7.9014526e-07	3.8183049e-07	8.8278849e-07	2.0404059e-08	-2.086104e-08	3.4885223e-07	-3.4514574e-08	-3.5129051e-08	1.3921904e-05	1.9127063e-06	-4.1745083e-05	-4.1765841e-05	0.00049701056
-0.088	0.912	0	0	0	1.0365592	0	0	0	1.0354755	0.97887843	-4.2539942e-05	8.0796082e-07	3.9892065e-07	9.0489296e-07	1.9934424e-08	-2.2779531e-08	3.6820323e-07	-3.655886e-08	-3.5896339e-08	1.4185301e-05	1.997031e-06	-4.2533587e-05	-4.2555051e-05	0.00050437112
-0.09	0.91	0	0	0	1.037305	0	0	0	1.0362431	0.97815917	-4.3321238e-05	8.2632229e-07	4.1659533e-07	9.2772761e-07	1.9436119e-08	-2.4873165e-08	3.8834066e-07	-3.8774142e-08	-3.6680005e-08	1.4446161e-05	2.0829265e-06	-4.3314419e-05	-4.3336596e-05	0.0005117393
-0.092	0.908	0	0	0	1.0380482	0	0	0	1.0370081	0.97742968	-4.4094907e-05	8.4525384e-07	4.3487649e-07	9.5132616e-07	1.8909371e-08	-2.7148027e-08	4.092952e-07	-4.1167197e-08	-3.7481386e-08	1.4704493e-05	2.1703774e-06	-4.4087609e-05	-4.4110508e-05	0.00051912358
-0.094	0.906	0	0	0	1.0387888	0	0	0	1.0377704	0.97668996	-4.4860981e-05	8.6478097e-07	4.537874e-07	9.7572421e-07	1.8354383e-08	-2.9611019e-08	4.3109933e-07	-4.3745661e-08	-3.830189e-08	1.4960309e-05	2.2593685e-06	-4.4853192e-05	-4.4876821e-05	0.00052653243
-0.096	0.904	0	0	0	1.0395267	0	0	0	1.03853	0.97594001	-4.5619492e-05	8.8493062e-07	4.7335273e-07	1.0009594e-06	1.777134e-08	-3.2269967e-08	4.5378753e-07	-4.6518125e-08	-3.914301e-08	1.5213621e-05	2.3498847e-06	-4.5611196e-05	-4.5635565e-05	0.00053397439
-0.098	0.902	0	0	0	1.0402619	0	0	0	1.0392869	0.97517982	-4.637047e-05	9.0573132e-07	4.9359873e-07	1.0270715e-06	1.7160404e-08	-3.5133718e-08	4.7739639e-07	-4.9494243e-08	-4.0006323e-08	1.5464439e-05	2.4419108e-06	-4.6361654e-05	-4.6386771e-05	0.00054145811
-0.1	0.9	0	0	0	1.0409945	0	0	0	1.0400411	0.97440938	-4.7113947e-05	9.2721324e-07	5.1455328e-07	1.0541028e-06	1.6521713e-08	-3.8212262e-08	5.0196482e-07	-5.2684856e-08	-4.089351e-08	1.5712773e-05	2.5354318e-06	-4.7104595e-05	-4.7130469e-05	0.00054899245
-0.102	0.898	0	0	0	1.0417244	0	0	0	1.0407926	0.9736287	-4.7849949e-05	9.4940835e-07	5.3624609e-07	1.0820978e-06	1.5855386e-08	-4.1516867e-08	5.2753421e-07	-5.6102127e-08	-4.1806356e-08	1.5958633e-05	2.6304326e-06	-4.7840047e-05	-4.7866689e-05	0.00055658649
-0.104	0.896	0	0	0	1.0424517	0	0	0	1.0415412	0.97283775	-4.8578505e-05	9.7235055e-07	5.5870887e-07	1.1111039e-06	1.5161517e-08	-4.506022e-08	5.5414868e-07	-5.9759697e-08	-4.2746766e-08	1.620203e-05	2.7268985e-06	-4.8568037e-05	-4.8595456e-05	0.00056424964
-0.106	0.894	0	0	0	1.0431763	0	0	0	1.0422871	0.97203652	-4.9299642e-05	9.9607579e-07	5.8197545e-07	1.1411714e-06	1.4440178e-08	-4.8856598e-08	5.8185531e-07	-6.367285e-08	-4.3716774e-08	1.6442973e-05	2.8248145e-06	-4.9288591e-05	-4.93168e-05	0.00057199169
-0.108	0.892	0	0	0	1.0438981	0	0	0	1.0430302	0.97122501	-5.0013385e-05	1.0206222e-06	6.0608204e-07	1.1723537e-06	1.3691415e-08	-5.2922043e-08	6.1070437e-07	-6.7858702e-08	-4.471856e-08	1.6681471e-05	2.9241657e-06	-5.0001734e-05	-5.0030743e-05	0.00057982288
-0.11	0.89	0	0	0	1.0446173	0	0	0	1.0437704	0.97040318	-5.0719756e-05	1.0460304e-06	6.3106744e-07	1.2047073e-06	1.2915247e-08	-5.7274567e-08	6.4074971e-07	-7.2336409e-08	-4.575446e-08	1.6917532e-05	3.0249374e-06	-5.070749e-05	-5.0737311e-05	0.00058775397
-0.112	0.888	0	0	0	1.0453338	0	0	0	1.0445078	0.96957103	-5.1418778e-05	1.0723434e-06	6.5697328e-07	1.2382926e-06	1.2111665e-08	-6.1934374e-08	6.72049e-07	-7.7127398e-08	-4.6826985e-08	1.7151165e-05	3.127115e-06	-5.1405878e-05	-5.1436524e-05	0.00059579632
-0.114	0.886	0	0	0	1.0460475	0	0	0	1.0452423	0.96872851	-5.2110471e-05	1.0996069e-06	6.8384432e-07	1.2731736e-06	1.128063e-08	-6.6924103e-08	7.0466419e-07	-8.2255618e-08	-4.7938839e-08	1.7382377e-05	3.2306835e-06	-5.209692e-05	-5.2128403e-05	0.000603962
-0.116	0.884	0	0	0	1.0467585	0	0	0	1.0459738	0.96787561	-5.2794853e-05	1.1278696e-06	7.1172878e-07	1.3094183e-06	1.0422069e-08	-7.2269104e-08	7.3866192e-07	-8.7747825e-08	-4.9092938e-08	1.7611175e-05	3.3356286e-06	-5.278063e-05	-5.2812966e-05	0.00061226382
-0.118	0.882	0	0	0	1.0474667	0	0	0	1.0467024	0.96701229	-5.3471938e-05	1.1571833e-06	7.4067869e-07	1.3470993e-06	9.5358722e-09	-7.7997736e-08	7.7411397e-07	-9.363389e-08	-5.0292435e-08	1.7837565e-05	3.4419354e-06	-5.3457026e-05	-5.3490228e-05	0.00062071552
-0.12	0.88	0	0	0	1.0481721	0	0	0	1.0474279	0.9661385	-5.414174e-05	1.1876029e-06	7.7075034e-07	1.3862937e-06	8.6218885e-09	-8.4141699e-08	8.1109789e-07	-9.9947147e-08	-5.1540742e-08	1.8061553e-05	3.5495895e-06	-5.4126117e-05	-5.4160202e-05	0.00062933179
-0.122	0.878	0	0	0	1.0488747	0	0	0	1.0481504	0.9652542	-5.4804268e-05	1.2191869e-06	8.0200471e-07	1.4270835e-06	7.6799209e-09	-9.0736406e-08	8.4969756e-07	-1.0672477e-07	-5.2841567e-08	1.8283143e-05	3.6585762e-06	-5.4787913e-05	-5.4822897e-05	0.00063812844
-0.124	0.876	0	0	0	1.0495744	0	0	0	1.0488697	0.96435933	-5.5459527e-05	1.2519976e-06	8.3450804e-07	1.469556e-06	6.7097204e-09	-9.7821388e-08	8.9000398e-07	-1.1400821e-07	-5.4198939e-08	1.8502339e-05	3.7688811e-06	-5.5442419e-05	-5.547832e-05	0.00064712255
-0.126	0.874	0	0	0	1.0502713	0	0	0	1.0495859	0.96345383	-5.6107521e-05	1.2861009e-06	8.6833244e-07	1.5138039e-06	5.7109788e-09	-1.0544076e-07	9.32116e-07	-1.2184366e-07	-5.561725e-08	1.8719142e-05	3.8804895e-06	-5.6089636e-05	-5.6126474e-05	0.00065633258
-0.128	0.872	0	0	0	1.0509653	0	0	0	1.0502988	0.96253763	-5.6748246e-05	1.3215669e-06	9.0355654e-07	1.5599258e-06	4.6833201e-09	-1.1364371e-07	9.761413e-07	-1.3028257e-07	-5.7101302e-08	1.8933555e-05	3.993387e-06	-5.6729561e-05	-5.6767355e-05	0.0006657786
-0.13	0.87	0	0	0	1.0516563	0	0	0	1.0510084	0.96161064	-5.7381695e-05	1.3584698e-06	9.4026633e-07	1.6080263e-06	3.626291e-09	-1.2248509e-07	1.0221974e-06	-1.3938228e-07	-5.8656351e-08	1.9145575e-05	4.1075589e-06	-5.7362185e-05	-5.7400958e-05	0.00067548248
-0.132	0.868	0	0	0	1.0523443	0	0	0	1.0517146	0.96067277	-5.8007855e-05	1.3968881e-06	9.78556e-07	1.6582162e-06	2.5393482e-09	-1.3202603e-07	1.0704129e-06	-1.4920661e-07	-6.0288166e-08	1.9355201e-05	4.2229908e-06	-5.7987493e-05	-5.8027269e-05	0.00068546817
-0.134	0.866	0	0	0	1.0530293	0	0	0	1.0524172	0.9597239	-5.8626706e-05	1.4369044e-06	1.018529e-06	1.7106123e-06	1.4218444e-09	-1.4233465e-07	1.1209287e-06	-1.5982666e-07	-6.2003099e-08	1.9562429e-05	4.339668e-06	-5.8605464e-05	-5.8646268e-05	0.00069576195
-0.136	0.864	0	0	0	1.0537113	0	0	0	1.0531163	0.9587639	-5.9238219e-05	1.4786056e-06	1.060299e-06	1.7653378e-06	2.7301129e-10	-1.534868e-07	1.1738998e-06	-1.7132157e-07	-6.3808156e-08	1.9767251e-05	4.4575759e-06	-5.921607e-05	-5.9257929e-05	0.0007063928
-0.138	0.862	0	0	0	1.05439	0	0	0	1.0538115	0.95779263	-5.9842357e-05	1.5220821e-06	1.1039914e-06	1.8225215e-06	-9.0806082e-10	-1.6556695e-07	1.2294965e-06	-1.8377941e-07	-6.5711085e-08	1.9969659e-05	4.5766997e-06	-5.981927e-05	-5.9862215e-05	0.0007173928
-0.14	0.86	0	0	0	1.0550655	0	0	0	1.0545029	0.95680991	-6.0439073e-05	1.5674277e-06	1.1497449e-06	1.8822974e-06	-2.1224476e-09	-1.7866906e-07	1.2879072e-06	-1.9729816e-07	-6.7720483e-08	2.0169639e-05	4.6970247e-06	-6.0415017e-05	-6.0459079e-05	0.00072879758
-0.142	0.858	0	0	0	1.0557377	0	0	0	1.0551902	0.95581553	-6.1028307e-05	1.6147385e-06	1.1977127e-06	1.9448035e-06	-3.3714202e-09	-1.9289756e-07	1.3493396e-06	-2.1198667e-07	-6.9845903e-08	2.0367175e-05	4.818536e-06	-6.1003248e-05	-6.1048464e-05	0.00074064684
-0.144	0.856	0	0	0	1.0564065	0	0	0	1.0558733	0.95480928	-6.1609984e-05	1.6641116e-06	1.2480647e-06	2.0101805e-06	-4.65648e-09	-2.0836835e-07	1.4140241e-06	-2.2796578e-07	-7.2098e-08	2.0562246e-05	4.9412186e-06	-6.1583888e-05	-6.1630295e-05	0.00075298495
-0.146	0.854	0	0	0	1.0570718	0	0	0	1.0565518	0.95379086	-6.2184011e-05	1.7156428e-06	1.3009896e-06	2.0785685e-06	-5.979402e-09	-2.252097e-07	1.4822164e-06	-2.4536929e-07	-7.4488681e-08	2.0754827e-05	5.0650572e-06	-6.2156844e-05	-6.2204484e-05	0.00076586166
-0.148	0.852	0	0	0	1.0577334	0	0	0	1.0572256	0.95275997	-6.2750278e-05	1.769424e-06	1.3566973e-06	2.1501041e-06	-7.3422857e-09	-2.4356322e-07	1.5542004e-06	-2.6434493e-07	-7.7031292e-08	2.0944884e-05	5.1900365e-06	-6.2722001e-05	-6.277092e-05	0.00077933275
-0.15	0.85	0	0	0	1.0583912	0	0	0	1.0578944	0.95171622	-6.3308648e-05	1.8255391e-06	1.4154215e-06	2.2249146e-06	-8.7476166e-09	-2.6358444e-07	1.6302923e-06	-2.8505514e-07	-7.9740827e-08	2.1132379e-05	5.3161409e-06	-6.3279223e-05	-6.3329472e-05	0.00079346089
-0.152	0.848	0	0	0	1.059045	0	0	0	1.0585578	0.95065918	-6.3858956e-05	1.884058e-06	1.4774226e-06	2.3031107e-06	-1.0198341e-08	-2.8544319e-07	1.7108441e-06	-3.076775e-07	-8.2634173e-08	2.1317263e-05	5.4433544e-06	-6.3828343e-05	-6.3879978e-05	0.00080831645
-0.154	0.846	0	0	0	1.0596946	0	0	0	1.0592154	0.94958832	-6.4401001e-05	1.9450286e-06	1.5429907e-06	2.3847766e-06	-1.1697954e-08	-3.093233e-07	1.7962482e-06	-3.3240453e-07	-8.5730393e-08	2.1499476e-05	5.5716608e-06	-6.4369162e-05	-6.4422244e-05	0.00082397821
-0.156	0.844	0	0	0	1.0603397	0	0	0	1.0598667	0.94850303	-6.4934542e-05	2.0084661e-06	1.6124492e-06	2.4699548e-06	-1.3250603e-08	-3.3542135e-07	1.8869419e-06	-3.5944263e-07	-8.9051045e-08	2.1678948e-05	5.7010434e-06	-6.4901437e-05	-6.4956035e-05	0.00084053406
-0.158	0.842	0	0	0	1.0609801	0	0	0	1.0605111	0.94740256	-6.5459286e-05	2.0743381e-06	1.6861577e-06	2.5586275e-06	-1.486121e-08	-3.6394413e-07	1.9834115e-06	-3.8900965e-07	-9.2620544e-08	2.1855589e-05	5.8314849e-06	-6.5424878e-05	-6.5481066e-05	0.00085808132
-0.16	0.84	0	0	0	1.0616153	0	0	0	1.061148	0.94628605	-6.5974879e-05	2.1425439e-06	1.7645146e-06	2.6506895e-06	-1.6535611e-08	-3.9510389e-07	2.0861965e-06	-4.2133032e-07	-9.646656e-08	2.2029294e-05	5.9629676e-06	-6.5939133e-05	-6.5996994e-05	0.00087672646
-0.162	0.838	0	0	0	1.0622451	0	0	0	1.0617765	0.94515242	-6.6480891e-05	2.2128881e-06	1.8479589e-06	2.7459126e-06	-1.8280702e-08	-4.2911076e-07	2.1958917e-06	-4.566288e-07	-1.0062043e-07	2.2199931e-05	6.0954729e-06	-6.6443779e-05	-6.6503405e-05	0.00089658386
-0.164	0.836	0	0	0	1.0628687	0	0	0	1.0623956	0.94400043	-6.6976804e-05	2.2850445e-06	1.9369694e-06	2.8438983e-06	-2.0104599e-08	-4.6616092e-07	2.3131475e-06	-4.9511707e-07	-1.0511759e-07	2.2367342e-05	6.2289813e-06	-6.6938305e-05	-6.6999796e-05	0.00091777295
-0.166	0.834	0	0	0	1.0634857	0	0	0	1.0630042	0.94282852	-6.7461987e-05	2.3585094e-06	2.0320599e-06	2.9440155e-06	-2.2016772e-08	-5.0641915e-07	2.4386636e-06	-5.3697749e-07	-1.0999786e-07	2.2531334e-05	6.3634721e-06	-6.7422094e-05	-6.7485558e-05	0.00094041279
-0.168	0.832	0	0	0	1.0640953	0	0	0	1.0636008	0.94163488	-6.7935679e-05	2.4325432e-06	2.1337682e-06	3.0453226e-06	-2.402814e-08	-5.4999384e-07	2.573176e-06	-5.8233795e-07	-1.1530568e-07	2.2691671e-05	6.4989235e-06	-6.7894403e-05	-6.7959958e-05	0.00096461299
-0.17	0.83	0	0	0	1.0646966	0	0	0	1.0641838	0.94041729	-6.8396964e-05	2.5060991e-06	2.2426343e-06	3.1464714e-06	-2.6151054e-08	-5.9690264e-07	2.7174293e-06	-6.3123725e-07	-1.2108987e-07	2.2848068e-05	6.6353119e-06	-6.8354343e-05	-6.8422112e-05	0.00099045961
-0.172	0.828	0	0	0	1.0652885	0	0	0	1.0647511	0.93917313	-6.8844747e-05	2.577743e-06	2.3591627e-06	3.2455989e-06	-2.8399089e-08	-6.4702711e-07	2.8721283e-06	-6.8357936e-07	-1.2740286e-07	2.3000183e-05	6.7726119e-06	-6.8800856e-05	-6.8870966e-05	0.0010179946
-0.174	0.826	0	0	0	1.0658697	0	0	0	1.0653003	0.93789929	-6.927774e-05	2.6455751e-06	2.483762e-06	3.3402187e-06	-3.0786527e-08	-7.0005658e-07	3.037861e-06	-7.3907632e-07	-1.3429886e-07	2.3147609e-05	6.9107958e-06	-6.9232703e-05	-6.9305279e-05	0.001047188
-0.176	0.824	0	0	0	1.0664386	0	0	0	1.0658288	0.93659221	-6.9694464e-05	2.7071733e-06	2.6166572e-06	3.4271419e-06	-3.3327382e-08	-7.5542482e-07	3.2149837e-06	-7.9718336e-07	-1.4183053e-07	2.3289874e-05	7.0498331e-06	-6.9648463e-05	-6.9723618e-05	0.0010779041
-0.178	0.822	0	0	0	1.0669937	0	0	0	1.0663336	0.93524793	-7.0093276e-05	2.7595978e-06	2.7577708e-06	3.5024739e-06	-3.6033843e-08	-8.1224995e-07	3.4034672e-06	-8.5703629e-07	-1.500438e-07	2.3426451e-05	7.1896903e-06	-7.004656e-05	-7.0124388e-05	0.001109863
-0.18	0.82	0	0	0	1.067533	0	0	0	1.0668114	0.93386223	-7.0472444e-05	2.799507e-06	2.9065849e-06	3.5617588e-06	-3.8914143e-08	-8.6929718e-07	3.6027139e-06	-9.1741091e-07	-1.5897054e-07	2.3556776e-05	7.3303306e-06	-7.0425334e-05	-7.0505894e-05	0.0011426048
-0.182	0.818	0	0	0	1.0680546	0	0	0	1.0672592	0.93243098	-7.0830287e-05	2.8234341e-06	3.0620114e-06	3.6003363e-06	-4.1970101e-08	-9.2499309e-07	3.8113854e-06	-9.7673352e-07	-1.6862011e-07	2.3680292e-05	7.4717138e-06	-7.0783163e-05	-7.0866464e-05	0.0011754643
-0.184	0.816	0	0	0	1.0685568	0	0	0	1.0676744	0.93095055	-7.1165356e-05	2.8282406e-06	3.2223208e-06	3.6139354e-06	-4.5194953e-08	-9.7752026e-07	4.0273021e-06	-1.0331722e-06	-1.7897144e-07	2.3796507e-05	7.6137965e-06	-7.1118637e-05	-7.1204621e-05	0.0012075715
-0.186	0.814	0	0	0	1.0690381	0	0	0	1.0680551	0.92941828	-7.1476637e-05	2.8116782e-06	3.3851866e-06	3.5994196e-06	-4.8572373e-08	-1.0250019e-06	4.247492e-06	-1.0848198e-06	-1.8996891e-07	2.3905059e-05	7.7565323e-06	-7.1430743e-05	-7.1519277e-05	0.0012379023
-0.188	0.812	0	0	0	1.0694974	0	0	0	1.0684002	0.92783289	-7.1763714e-05	2.7728979e-06	3.547873e-06	3.5554724e-06	-5.2077385e-08	-1.0657465e-06	4.4684263e-06	-1.1299406e-06	-2.015245e-07	2.4005772e-05	7.8998736e-06	-7.1719031e-05	-7.1809899e-05	0.0012653984
-0.19	0.81	0	0	0	1.0699346	0	0	0	1.0687103	0.92619458	-7.2026824e-05	2.712712e-06	3.7075357e-06	3.4829643e-06	-5.5679192e-08	-1.098484e-06	4.6864031e-06	-1.1672107e-06	-2.1352686e-07	2.4098677e-05	8.0437719e-06	-7.1983672e-05	-7.2076589e-05	0.0012891505
-0.192	0.808	0	0	0	1.0703498	0	0	0	1.0689864	0.92450498	-7.2266793e-05	2.6334941e-06	3.8615448e-06	3.3848465e-06	-5.9345041e-08	-1.1225157e-06	4.8979679e-06	-1.1958745e-06	-2.2585445e-07	2.4183997e-05	8.1881799e-06	-7.2225414e-05	-7.2320051e-05	0.0013085799
-0.194	0.806	0	0	0	1.0707437	0	0	0	1.0692305	0.9227667	-7.2484886e-05	2.5387612e-06	4.0077336e-06	3.2656195e-06	-6.3043818e-08	-1.1377388e-06	5.10024e-06	-1.2157757e-06	-2.3838863e-07	2.4262106e-05	8.3330521e-06	-7.2445447e-05	-7.2541458e-05	0.001323537
-0.196	0.804	0	0	0	1.0711174	0	0	0	1.0694451	0.92098301	-7.2682624e-05	2.4326039e-06	4.1445197e-06	3.1305914e-06	-6.6748443e-08	-1.1445611e-06	5.2910782e-06	-1.227276e-06	-2.5102299e-07	2.4333465e-05	8.4783458e-06	-7.2645227e-05	-7.2742286e-05	0.0013342774
-0.198	0.802	0	0	0	1.071472	0	0	0	1.0696327	0.91915742	-7.2861628e-05	2.3191445e-06	4.2709056e-06	2.9851643e-06	-7.0436821e-08	-1.1437548e-06	5.4690901e-06	-1.2311108e-06	-2.6366795e-07	2.4398577e-05	8.6240213e-06	-7.2826329e-05	-7.2924146e-05	0.0013413441
-0.2	0.8	0	0	0	1.071809	0	0	0	1.0697959	0.91729347	-7.3023514e-05	2.2021379e-06	4.3864029e-06	2.8343008e-06	-7.4091727e-08	-1.1363024e-06	5.6335412e-06	-1.2282349e-06	-2.762513e-07	2.4457952e-05	8.7700423e-06	-7.2990331e-05	-7.3088666e-05	0.0013454213
-0.202	0.798	0	0	0	1.0721296	0	0	0	1.0699368	0.91539455	-7.316983e-05	2.0847431e-06	4.4909255e-06	2.6822115e-06	-7.7700122e-08	-1.1232661e-06	5.7842218e-06	-1.2196909e-06	-2.8871653e-07	2.4512082e-05	8.9163759e-06	-7.3138754e-05	-7.323742e-05	0.0013472103
-0.204	0.796	0	0	0	1.0724351	0	0	0	1.0700579	0.91346385	-7.3302029e-05	1.9694409e-06	4.5846826e-06	2.5322352e-06	-8.1252322e-08	-1.1056939e-06	5.9213128e-06	-1.2065135e-06	-3.0102025e-07	2.4561434e-05	9.062992e-06	-7.3273028e-05	-7.3371886e-05	0.0013473485
-0.206	0.794	0	0	0	1.0727268	0	0	0	1.070161	0.91150437	-7.342146e-05	1.8580528e-06	4.6680892e-06	2.3868526e-06	-8.4741252e-08	-1.0845598e-06	6.0452703e-06	-1.1896683e-06	-3.1312963e-07	2.4606444e-05	9.2098635e-06	-7.3394484e-05	-7.3493433e-05	0.0013463697
-0.208	0.792	0	0	0	1.0730058	0	0	0	1.0702481	0.90951884	-7.3529365e-05	1.7518165e-06	4.7416938e-06	2.2477787e-06	-8.8161852e-08	-1.0607319e-06	6.1567344e-06	-1.1700188e-06	-3.2502026e-07	2.4647516e-05	9.3569658e-06	-7.3504348e-05	-7.3603322e-05	0.0013446933
-0.21	0.79	0	0	0	1.0732733	0	0	0	1.0703207	0.9075098	-7.3626886e-05	1.6514872e-06	4.8061248e-06	2.1160896e-06	-9.1510637e-08	-1.0349596e-06	6.2564584e-06	-1.148312e-06	-3.3667444e-07	2.4685024e-05	9.5042768e-06	-7.360375e-05	-7.3702705e-05	0.0013426312
-0.212	0.788	0	0	0	1.0735303	0	0	0	1.0703804	0.90547958	-7.3715065e-05	1.5574419e-06	4.8620506e-06	1.9923569e-06	-9.4785373e-08	-1.0078734e-06	6.3452577e-06	-1.1251783e-06	-3.480798e-07	2.471931e-05	9.6517766e-06	-7.3693722e-05	-7.3792634e-05	0.0013404039
-0.214	0.786	0	0	0	1.0737778	0	0	0	1.0704286	0.90343028	-7.379485e-05	1.4697754e-06	4.9101507e-06	1.8767717e-06	-9.7984832e-08	-9.7999263e-07	6.4239706e-06	-1.1011379e-06	-3.5922834e-07	2.4750688e-05	9.7994473e-06	-7.3775207e-05	-7.3874062e-05	0.0013381579
-0.216	0.784	0	0	0	1.0740166	0	0	0	1.0704664	0.90136384	-7.3867097e-05	1.3883816e-06	4.9510949e-06	1.7692518e-06	-1.0110861e-07	-9.5173676e-07	6.4934308e-06	-1.0766119e-06	-3.7011554e-07	2.477944e-05	9.9472728e-06	-7.3849057e-05	-7.394785e-05	0.001335984
-0.218	0.782	0	0	0	1.0742477	0	0	0	1.0704951	0.89928197	-7.3932579e-05	1.3130195e-06	4.9855291e-06	1.6695283e-06	-1.0415695e-07	-9.2343841e-07	6.5544481e-06	-1.0519356e-06	-3.8073972e-07	2.4805825e-05	1.0095239e-05	-7.3916044e-05	-7.4014774e-05	0.0013339314
-0.22	0.78	0	0	0	1.0744717	0	0	0	1.0705157	0.89718625	-7.3991987e-05	1.2433642e-06	5.0140658e-06	1.5772133e-06	-1.0713063e-07	-8.953565e-07	6.6077948e-06	-1.0273707e-06	-3.9110147e-07	2.4830073e-05	1.0243332e-05	-7.397686e-05	-7.407553e-05	0.0013320212
-0.222	0.778	0	0	0	1.0746893	0	0	0	1.0705289	0.89507807	-7.4045939e-05	1.1790441e-06	5.0372783e-06	1.4918504e-06	-1.1003085e-07	-8.676886e-07	6.6541972e-06	-1.0031178e-06	-4.0120314e-07	2.4852391e-05	1.0391541e-05	-7.4032126e-05	-7.4130739e-05	0.001330255
-0.224	0.776	0	0	0	1.0749012	0	0	0	1.0705356	0.89295868	-7.4094986e-05	1.1196685e-06	5.0556978e-06	1.4129513e-06	-1.1285913e-07	-8.4058191e-07	6.6943312e-06	-9.7932735e-07	-4.1104851e-07	2.4872965e-05	1.0539855e-05	-7.4082397e-05	-7.4180956e-05	0.0013286224
-0.226	0.774	0	0	0	1.0751078	0	0	0	1.0705365	0.89082918	-7.4139616e-05	1.0648458e-06	5.0698126e-06	1.3400215e-06	-1.156172e-07	-8.1414297e-07	6.7288204e-06	-9.5610921e-07	-4.2064239e-07	2.4891959e-05	1.0688265e-05	-7.4128167e-05	-7.4226673e-05	0.0013271063
-0.228	0.772	0	0	0	1.0753096	0	0	0	1.0705322	0.88869056	-7.4180264e-05	1.0141963e-06	5.0800685e-06	1.2725774e-06	-1.18307e-07	-7.8844576e-07	6.7582361e-06	-9.3354064e-07	-4.2999038e-07	2.490952e-05	1.0836762e-05	-7.4169872e-05	-7.4268329e-05	0.0013256861
-0.23	0.77	0	0	0	1.0755072	0	0	0	1.0705233	0.8865437	-7.4217312e-05	9.6735927e-07	5.0868706e-06	1.210157e-06	-1.2093054e-07	-7.6353852e-07	6.7830988e-06	-9.1167314e-07	-4.3909864e-07	2.492578e-05	1.0985338e-05	-7.4207904e-05	-7.4306311e-05	0.0013243403
-0.232	0.768	0	0	0	1.0757008	0	0	0	1.0705102	0.88438938	-7.4251102e-05	9.2399781e-07	5.0905855e-06	1.1523264e-06	-1.2348992e-07	-7.3944939e-07	6.803881e-06	-8.9053803e-07	-4.4797368e-07	2.4940855e-05	1.1133987e-05	-7.4242607e-05	-7.4340964e-05	0.0013230477
-0.234	0.766	0	0	0	1.0758909	0	0	0	1.0704933	0.88222827	-7.4281934e-05	8.838004e-07	5.0915437e-06	1.0986826e-06	-1.2598726e-07	-7.1619094e-07	6.8210098e-06	-8.70151e-07	-4.5662225e-07	2.4954848e-05	1.1282702e-05	-7.4274289e-05	-7.4372593e-05	0.0013217888
-0.236	0.764	0	0	0	1.0760777	0	0	0	1.0704732	0.880061	-7.4310075e-05	8.4648143e-07	5.0900429e-06	1.0488552e-06	-1.2842469e-07	-6.9376387e-07	6.8348703e-06	-8.505157e-07	-4.6505119e-07	2.496785e-05	1.1431477e-05	-7.430322e-05	-7.4401471e-05	0.0013205458
-0.238	0.762	0	0	0	1.0762616	0	0	0	1.0704499	0.8778881	-7.4335763e-05	8.1178062e-07	5.0863503e-06	1.0025052e-06	-1.308043e-07	-6.7215988e-07	6.8458096e-06	-8.3162677e-07	-4.7326736e-07	2.4979945e-05	1.1580308e-05	-7.4329643e-05	-7.4427836e-05	0.0013193034
-0.24	0.76	0	0	0	1.0764427	0	0	0	1.070424	0.87571007	-7.4359208e-05	7.7946175e-07	5.0807054e-06	9.5932431e-07	-1.3312817e-07	-6.5136409e-07	6.8541392e-06	-8.1347207e-07	-4.8127759e-07	2.4991205e-05	1.1729189e-05	-7.4353773e-05	-7.4451904e-05	0.0013180481
-0.242	0.758	0	0	0	1.0766213	0	0	0	1.0703956	0.87352732	-7.4380596e-05	7.4931105e-07	5.0733232e-06	9.1903261e-07	-1.3539831e-07	-6.3135678e-07	6.8601391e-06	-7.9603456e-07	-4.8908855e-07	2.5001694e-05	1.1878115e-05	-7.43758e-05	-7.4473864e-05	0.0013167686
-0.244	0.756	0	0	0	1.0767976	0	0	0	1.070365	0.87134024	-7.4400094e-05	7.2113548e-07	5.064396e-06	8.8137688e-07	-1.3761667e-07	-6.1211491e-07	6.8640605e-06	-7.7929372e-07	-4.9670681e-07	2.5011473e-05	1.2027084e-05	-7.4395894e-05	-7.4493888e-05	0.0013154555
-0.246	0.754	0	0	0	1.0769718	0	0	0	1.0703323	0.86914918	-7.4417851e-05	6.9476094e-07	5.0540961e-06	8.4612816e-07	-1.3978514e-07	-5.9361316e-07	6.8661287e-06	-7.6322668e-07	-5.0413874e-07	2.5020592e-05	1.2176091e-05	-7.4414209e-05	-7.4512125e-05	0.0013141014
-0.248	0.752	0	0	0	1.0771441	0	0	0	1.0702978	0.86695443	-7.4433999e-05	6.7003047e-07	5.0425775e-06	8.1307966e-07	-1.4190556e-07	-5.7582487e-07	6.8665459e-06	-7.4780907e-07	-5.1139053e-07	2.5029098e-05	1.2325133e-05	-7.4430879e-05	-7.4528713e-05	0.0013127003
-0.25	0.75	0	0	0	1.0773145	0	0	0	1.0702616	0.86475627	-7.4448658e-05	6.4680266e-07	5.0299783e-06	7.8204465e-07	-1.4397967e-07	-5.5872263e-07	6.8654931e-06	-7.3301573e-07	-5.1846816e-07	2.5037035e-05	1.2474206e-05	-7.4446028e-05	-7.4543773e-05	0.0013112474
-0.252	0.748	0	0	0	1.0774832	0	0	0	1.0702239	0.86255495	-7.4461934e-05	6.2495002e-07	5.0164219e-06	7.5285452e-07	-1.4600916e-07	-5.4227886e-07	6.863133e-06	-7.1882116e-07	-5.2537739e-07	2.504444e-05	1.2623308e-05	-7.4459763e-05	-7.4557414e-05	0.0013097394
-0.254	0.746	0	0	0	1.0776504	0	0	0	1.0701848	0.86035068	-7.4473924e-05	6.0435759e-07	5.002019e-06	7.2535691e-07	-1.4799565e-07	-5.2646611e-07	6.8596113e-06	-7.0519993e-07	-5.3212378e-07	2.5051348e-05	1.2772435e-05	-7.4472184e-05	-7.4569734e-05	0.0013081739
-0.256	0.744	0	0	0	1.0778161	0	0	0	1.0701444	0.85814367	-7.4484713e-05	5.8492165e-07	4.9868686e-06	6.9941413e-07	-1.499407e-07	-5.1125739e-07	6.8550589e-06	-6.9212697e-07	-5.3871267e-07	2.5057789e-05	1.2921587e-05	-7.4483379e-05	-7.4580822e-05	0.0013065495
-0.258	0.742	0	0	0	1.0779805	0	0	0	1.0701028	0.8559341	-7.449438e-05	5.6654849e-07	4.9710595e-06	6.749016e-07	-1.5184578e-07	-4.9662638e-07	6.8495933e-06	-6.7957777e-07	-5.4514917e-07	2.5063792e-05	1.3070759e-05	-7.4493428e-05	-7.4590759e-05	0.0013048654
-0.26	0.74	0	0	0	1.0781436	0	0	0	1.0700602	0.85372212	-7.4502995e-05	5.4915343e-07	4.9546713e-06	6.517065e-07	-1.5371231e-07	-4.8254752e-07	6.84332e-06	-6.6752853e-07	-5.5143822e-07	2.5069382e-05	1.321995e-05	-7.4502404e-05	-7.4599617e-05	0.0013031216
-0.262	0.738	0	0	0	1.0783055	0	0	0	1.0700165	0.85150789	-7.4510622e-05	5.3265978e-07	4.9377754e-06	6.2972655e-07	-1.5554167e-07	-4.6899618e-07	6.8363339e-06	-6.5595625e-07	-5.5758453e-07	2.5074583e-05	1.3369157e-05	-7.4510373e-05	-7.4607461e-05	0.0013013184
-0.264	0.736	0	0	0	1.0784663	0	0	0	1.0699719	0.84929154	-7.4517321e-05	5.169981e-07	4.9204357e-06	6.0886893e-07	-1.5733514e-07	-4.5594864e-07	6.8287201e-06	-6.4483883e-07	-5.6359262e-07	2.5079416e-05	1.3518379e-05	-7.4517393e-05	-7.4614351e-05	0.0012994568
-0.266	0.734	0	0	0	1.0786261	0	0	0	1.0699265	0.84707319	-7.4523142e-05	5.0210535e-07	4.9027096e-06	5.890493e-07	-1.5909397e-07	-4.4338219e-07	6.8205555e-06	-6.3415505e-07	-5.6946682e-07	2.5083901e-05	1.3667615e-05	-7.452352e-05	-7.4620342e-05	0.0012975381
-0.268	0.732	0	0	0	1.0787849	0	0	0	1.0698803	0.84485294	-7.4528136e-05	4.8792429e-07	4.8846489e-06	5.7019091e-07	-1.6081936e-07	-4.3127511e-07	6.8119088e-06	-6.2388464e-07	-5.7521129e-07	2.5088055e-05	1.3816861e-05	-7.4528802e-05	-7.4625484e-05	0.0012955638
-0.27	0.73	0	0	0	1.0789427	0	0	0	1.0698334	0.84263091	-7.4532345e-05	4.7440282e-07	4.8662998e-06	5.5222384e-07	-1.6251244e-07	-4.1960667e-07	6.8028424e-06	-6.1400823e-07	-5.8083001e-07	2.5091896e-05	1.3966116e-05	-7.4533286e-05	-7.4629822e-05	0.0012935356
-0.272	0.728	0	0	0	1.0790997	0	0	0	1.0697857	0.84040718	-7.453581e-05	4.6149351e-07	4.8477038e-06	5.3508431e-07	-1.6417432e-07	-4.0835713e-07	6.7934121e-06	-6.0450741e-07	-5.863268e-07	2.5095437e-05	1.411538e-05	-7.4537012e-05	-7.4633398e-05	0.0012914557
-0.274	0.726	0	0	0	1.0792559	0	0	0	1.0697375	0.83818184	-7.4538569e-05	4.491531e-07	4.8288985e-06	5.1871406e-07	-1.6580603e-07	-3.9750768e-07	6.7836682e-06	-5.9536464e-07	-5.917053e-07	2.5098693e-05	1.426465e-05	-7.4540019e-05	-7.4636249e-05	0.0012893262
-0.276	0.724	0	0	0	1.0794112	0	0	0	1.0696886	0.83595497	-7.4540654e-05	4.3734207e-07	4.8099175e-06	5.0305978e-07	-1.6740858e-07	-3.8704047e-07	6.7736563e-06	-5.8656324e-07	-5.9696903e-07	2.5101677e-05	1.4413925e-05	-7.4542341e-05	-7.4638411e-05	0.0012871493
-0.278	0.722	0	0	0	1.0795659	0	0	0	1.0696392	0.83372663	-7.4542098e-05	4.2602429e-07	4.7907909e-06	4.8807267e-07	-1.6898293e-07	-3.7693852e-07	6.7634173e-06	-5.780874e-07	-6.0212134e-07	2.5104401e-05	1.4563204e-05	-7.454401e-05	-7.4639917e-05	0.0012849273
-0.28	0.72	0	0	0	1.0797198	0	0	0	1.0695893	0.83149689	-7.454293e-05	4.1516665e-07	4.7715459e-06	4.7370795e-07	-1.7053001e-07	-3.671857e-07	6.7529881e-06	-5.699221e-07	-6.0716547e-07	2.5106875e-05	1.4712485e-05	-7.4545056e-05	-7.4640795e-05	0.0012826627
-0.282	0.718	0	0	0	1.0798731	0	0	0	1.069539	0.82926581	-7.4543175e-05	4.0473881e-07	4.752207e-06	4.5992451e-07	-1.720507e-07	-3.5776673e-07	6.7424021e-06	-5.6205309e-07	-6.121045e-07	2.510911e-05	1.4861767e-05	-7.4545506e-05	-7.4641073e-05	0.001280358
-0.284	0.716	0	0	0	1.0800257	0	0	0	1.0694881	0.82703346	-7.4542858e-05	3.9471292e-07	4.7327962e-06	4.4668454e-07	-1.7354585e-07	-3.4866708e-07	6.7316892e-06	-5.5446686e-07	-6.1694141e-07	2.5111115e-05	1.5011049e-05	-7.4545385e-05	-7.4640778e-05	0.0012780156
-0.286	0.714	0	0	0	1.0801777	0	0	0	1.0694369	0.82479987	-7.4542003e-05	3.8506335e-07	4.7133331e-06	4.3395322e-07	-1.7501627e-07	-3.3987298e-07	6.7208765e-06	-5.4715061e-07	-6.2167904e-07	2.5112899e-05	1.516033e-05	-7.4544718e-05	-7.4639931e-05	0.0012756379
-0.288	0.712	0	0	0	1.0803292	0	0	0	1.0693852	0.8225651	-7.454063e-05	3.7576654e-07	4.6938355e-06	4.2169846e-07	-1.7646277e-07	-3.3137135e-07	6.7099886e-06	-5.400922e-07	-6.2632014e-07	2.5114471e-05	1.5309609e-05	-7.4543524e-05	-7.4638556e-05	0.0012732275
-0.29	0.71	0	0	0	1.0804801	0	0	0	1.0693332	0.82032919	-7.4538759e-05	3.6680075e-07	4.6743193e-06	4.0989062e-07	-1.7788609e-07	-3.231498e-07	6.6990474e-06	-5.3328011e-07	-6.3086734e-07	2.5115837e-05	1.5458884e-05	-7.4541825e-05	-7.4636672e-05	0.0012707867
-0.292	0.708	0	0	0	1.0806305	0	0	0	1.0692808	0.81809219	-7.4536408e-05	3.5814593e-07	4.6547989e-06	3.9850233e-07	-1.7928695e-07	-3.1519657e-07	6.6880729e-06	-5.2670345e-07	-6.3532318e-07	2.5117006e-05	1.5608155e-05	-7.4539639e-05	-7.4634299e-05	0.0012683181
-0.294	0.706	0	0	0	1.0807803	0	0	0	1.0692281	0.81585412	-7.4533594e-05	3.4978356e-07	4.6352871e-06	3.8750825e-07	-1.8066607e-07	-3.0750048e-07	6.6770829e-06	-5.2035185e-07	-6.3969008e-07	2.5117983e-05	1.5757421e-05	-7.4536984e-05	-7.4631454e-05	0.001265824
-0.296	0.704	0	0	0	1.0809297	0	0	0	1.0691751	0.81361503	-7.4530333e-05	3.4169651e-07	4.6157954e-06	3.7688489e-07	-1.8202411e-07	-3.0005094e-07	6.6660937e-06	-5.1421552e-07	-6.4397039e-07	2.5118776e-05	1.5906681e-05	-7.4533875e-05	-7.4628153e-05	0.0012633067
-0.298	0.702	0	0	0	1.0810787	0	0	0	1.0691218	0.81137495	-7.452664e-05	3.3386891e-07	4.5963341e-06	3.6661048e-07	-1.8336174e-07	-2.9283789e-07	6.6551197e-06	-5.0828514e-07	-6.4816637e-07	2.5119389e-05	1.6055934e-05	-7.4530328e-05	-7.4624412e-05	0.0012607686
-0.3	0.7	0	0	0	1.0812272	0	0	0	1.0690682	0.80913391	-7.4522529e-05	3.2628604e-07	4.5769124e-06	3.566648e-07	-1.8467956e-07	-2.8585175e-07	6.6441741e-06	-5.025519e-07	-6.5228018e-07	2.5119829e-05	1.6205179e-05	inf	inf	inf
