lambda	F11	F12	F13	F21	F22	F23	F31	F32	F33	J	P11	P12	P13	P21	P22	P23	P31	P32	P33	p	StrEn	t(1)	t(2)	d
0	1	0	0	0	1	0	0	0	1	1	0	0	0	0	0	0	0	0	0	-0	0	inf	inf	inf
0.002	1.002	0	0	0	0.99935793	0	0	0	0.99928721	1.0006429	4.729561e-06	1.474729e-07	-4.5715961e-09	1.466175e-07	-2.5579861e-09	-1.7830486e-08	-4.1730058e-09	-1.1954143e-08	2.8492664e-09	-1.5766174e-06	4.7119631e-09	4.7293632e-06	4.7314018e-06	0.00043085063
0.004	1.004	0	0	0	0.99870527	0	0	0	0.99855993	1.0012561	9.5016617e-06	2.9170745e-07	-9.5827485e-09	2.8935845e-07	-4.7261189e-09	-4.7525453e-08	-8.8881452e-09	-3.6184922e-08	5.6378378e-09	-3.1675245e-06	1.8925607e-08	9.5011482e-06	9.4964794e-06	-0.00049162489
0.006	1.006	0	0	0	0.99803889	0	0	0	0.99781712	1.0018355	1.4291389e-05	4.3219965e-07	-1.5581264e-08	4.2781869e-07	-6.4739698e-09	-9.4766998e-08	-1.4561326e-08	-7.8337403e-08	8.4323566e-09	-4.7644491e-06	4.2697881e-08	1.4290404e-05	1.4280164e-05	-0.00071702701
0.008	1.008	0	0	0	0.99735293	0	0	0	0.9970543	1.0023703	1.9074871e-05	5.683347e-07	-2.2798233e-08	5.6144419e-07	-7.7534194e-09	-1.6977216e-07	-2.131147e-08	-1.4858562e-07	1.1329815e-08	-6.3594823e-06	7.6046265e-08	1.9073181e-05	1.9056081e-05	-0.00089734156
0.01	1.01	0	0	0	0.99663317	0	0	0	0.99625869	1.0028335	2.3800281e-05	6.9870699e-07	-3.1134458e-08	6.8893123e-07	-8.4667878e-09	-2.9345217e-07	-2.8858052e-08	-2.6780681e-07	1.4481396e-08	-7.9354317e-06	1.1892221e-07	2.3797467e-05	2.3765418e-05	-0.0013485687
0.012	1.012	0	0	0	0.99583686	0	0	0	0.99539071	1.0031417	2.8318336e-05	8.1904973e-07	-3.9495168e-08	8.0621018e-07	-8.4023943e-09	-5.1315073e-07	-3.5764139e-08	-4.8334184e-07	1.8164315e-08	-9.4426994e-06	1.7110793e-07	2.8313352e-05	2.8232828e-05	-0.0028521522
0.014	1.014	0	0	0	0.99483274	0	0	0	0.99432829	1.003039	3.2176487e-05	9.1614109e-07	-4.3492584e-08	9.0048744e-07	-7.1959419e-09	-9.1660925e-07	-3.7044985e-08	-8.830843e-07	2.276887e-08	-1.0730687e-05	2.3185352e-07	3.2166643e-05	3.2019037e-05	-0.0046099553
0.016	1.016	0	0	0	0.99344073	0	0	0	0.99290417	1.0021737	3.4754081e-05	9.7196259e-07	-3.6494142e-08	9.5418929e-07	-4.9326641e-09	-1.5015574e-06	-2.5993601e-08	-1.4651574e-06	2.8016742e-08	-1.1592388e-05	2.9918408e-07	3.4735914e-05	3.4680818e-05	-0.0015886367
0.018	1.018	0	0	0	0.99173709	0	0	0	0.99118951	1.0006934	3.6310282e-05	9.9465966e-07	-2.1042777e-08	9.7525441e-07	-2.4580589e-09	-2.0946393e-06	-6.1962837e-09	-2.0561816e-06	3.2969533e-08	-1.2113598e-05	3.7057679e-07	3.6283049e-05	3.6339148e-05	0.0015437717
0.02	1.02	0	0	0	0.98988364	0	0	0	0.98933488	0.99891295	3.7399365e-05	1.0008771e-06	-3.1464809e-09	9.8002434e-07	-1.754498e-10	-2.6168724e-06	1.576615e-08	-2.5768203e-06	3.7411237e-08	-1.2478867e-05	4.4454067e-07	3.7364187e-05	3.7462903e-05	0.0026350291
0.022	1.022	0	0	0	0.98795597	0	0	0	0.98741057	0.99697957	3.8278241e-05	9.988974e-07	1.4764332e-08	9.7665394e-07	1.8843041e-09	-3.0697877e-06	3.7355189e-08	-3.0283993e-06	4.1441174e-08	-1.2773855e-05	5.204284e-07	3.8236105e-05	3.8348978e-05	0.0029433219
0.024	1.024	0	0	0	0.98598477	0	0	0	0.98544511	0.99495308	3.9049401e-05	9.9270415e-07	3.2228166e-08	9.6907286e-07	3.7809812e-09	-3.4669562e-06	5.8077922e-08	-3.4244245e-06	4.5122453e-08	-1.3032768e-05	5.9793659e-07	3.9000989e-05	3.9118729e-05	0.0030098164
0.026	1.026	0	0	0	0.98398439	0	0	0	0.98345179	0.99286144	3.975936e-05	9.8441234e-07	4.9204135e-08	9.5939212e-07	5.5810104e-09	-3.819658e-06	7.7888575e-08	-3.7761767e-06	4.8455398e-08	-1.3271132e-05	6.7690332e-07	3.9705204e-05	3.9824495e-05	0.0029954246
0.028	1.028	0	0	0	0.9819626	0	0	0	0.98143782	0.99071981	4.0432404e-05	9.7507246e-07	6.5866488e-08	9.4869946e-07	7.3101894e-09	-4.136245e-06	9.7029684e-08	-4.0919753e-06	5.1491401e-08	-1.3497069e-05	7.5723457e-07	4.0372917e-05	4.049238e-05	0.0029502534
0.03	1.03	0	0	0	0.97992363	0	0	0	0.97940715	0.98853654	4.1082008e-05	9.6505685e-07	8.2371112e-08	9.373949e-07	8.9709585e-09	-4.4228263e-06	1.157285e-07	-4.3778778e-06	5.4312172e-08	-1.3715097e-05	8.3887284e-07	4.1017488e-05	4.113667e-05	0.0028972203
0.032	1.032	0	0	0	0.97786987	0	0	0	0.97736202	0.98631633	4.1716097e-05	9.5450923e-07	9.8763534e-08	9.2563264e-07	1.0563927e-08	-4.6838951e-06	1.3406985e-07	-4.6383445e-06	5.6970285e-08	-1.3927877e-05	9.2178125e-07	4.1646771e-05	4.1765622e-05	0.0028456575
0.034	1.034	0	0	0	0.97580278	0	0	0	0.97530379	0.98406209	4.2339678e-05	9.4352747e-07	1.1504101e-07	9.1351465e-07	1.209227e-08	-4.922877e-06	1.5207281e-07	-4.8767828e-06	5.9494768e-08	-1.4137088e-05	1.0059353e-06	4.2265733e-05	4.2384348e-05	0.0027985424
0.036	1.036	0	0	0	0.9737233	0	0	0	0.97323331	0.98177572	4.2956107e-05	9.3219213e-07	1.3119066e-07	9.0112352e-07	1.3560264e-08	-5.1424679e-06	1.6973892e-07	-5.0958785e-06	6.1903259e-08	-1.4343857e-05	1.0913186e-06	4.2877703e-05	4.2996225e-05	0.0027565651
0.038	1.038	0	0	0	0.97163206	0	0	0	0.9711512	0.97945851	4.3567733e-05	9.2056913e-07	1.4720116e-07	8.8852643e-07	1.4972136e-08	-5.3448435e-06	1.870678e-07	-5.2978006e-06	6.4207949e-08	-1.4548971e-05	1.1779202e-06	4.3485011e-05	4.3603595e-05	0.0027195931
0.04	1.04	0	0	0	0.9695295	0	0	0	0.96905785	0.97711138	4.4176266e-05	9.0871187e-07	1.6306474e-07	8.7577749e-07	1.6331676e-08	-5.5317963e-06	2.0406065e-07	-5.4843366e-06	6.6418067e-08	-1.4753005e-05	1.265733e-06	4.4089352e-05	4.4208148e-05	0.0026872091
0.042	1.042	0	0	0	0.96741594	0	0	0	0.96695354	0.97473501	4.4782985e-05	8.9666371e-07	1.7877687e-07	8.6292052e-07	1.7642185e-08	-5.704828e-06	2.2072055e-07	-5.6569845e-06	6.8540985e-08	-1.4956389e-05	1.3547528e-06	4.4691993e-05	4.4811142e-05	0.0026589201
0.044	1.044	0	0	0	0.96529158	0	0	0	0.96483848	0.97232988	4.5388874e-05	8.844603e-07	1.9433541e-07	8.4999129e-07	1.8906528e-08	-5.8652149e-06	2.3705199e-07	-5.8170177e-06	7.0582783e-08	-1.5159454e-05	1.4449776e-06	4.5293911e-05	4.5413541e-05	0.0026342407
0.046	1.046	0	0	0	0.96315658	0	0	0	0.96271282	0.96989637	4.5994709e-05	8.7213138e-07	2.0973997e-07	8.370195e-07	2.01272e-08	-6.0140551e-06	2.5306041e-07	-5.9655317e-06	7.2548592e-08	-1.5362462e-05	1.536407e-06	4.5895873e-05	4.60161e-05	0.0026127239
0.048	1.048	0	0	0	0.96101106	0	0	0	0.96057664	0.96743477	4.6601114e-05	8.5970218e-07	2.2499136e-07	8.2403011e-07	2.1306401e-08	-6.1523028e-06	2.6875184e-07	-6.1034787e-06	7.4442804e-08	-1.5565621e-05	1.629042e-06	4.6498496e-05	4.6619426e-05	0.002593971
0.05	1.05	0	0	0	0.9588551	0	0	0	0.95843002	0.96494528	4.7208599e-05	8.4719443e-07	2.4009125e-07	8.1104446e-07	2.2446086e-08	-6.2807948e-06	2.8413262e-07	-6.2316937e-06	7.6269227e-08	-1.5769105e-05	1.7228847e-06	4.7102286e-05	4.7224012e-05	0.0025776313
0.052	1.052	0	0	0	0.95668873	0	0	0	0.95627299	0.96242808	4.781759e-05	8.3462716e-07	2.5504186e-07	7.9808099e-07	2.3548016e-08	-6.4002705e-06	2.9920925e-07	-6.3509146e-06	7.8031201e-08	-1.5973056e-05	1.817938e-06	4.7707662e-05	4.783027e-05	0.0025633984
0.054	1.054	0	0	0	0.95451199	0	0	0	0.95410558	0.9598833	4.8428446e-05	8.2201724e-07	2.6984585e-07	7.8515589e-07	2.4613788e-08	-6.5113874e-06	3.1398824e-07	-6.4617976e-06	7.973168e-08	-1.6177597e-05	1.9142058e-06	4.8314981e-05	4.8438548e-05	0.0025510056
0.056	1.056	0	0	0	0.95232489	0	0	0	0.9519278	0.95731104	4.9041477e-05	8.0937983e-07	2.845061e-07	7.7228351e-07	2.5644869e-08	-6.6147338e-06	3.2847606e-07	-6.5649299e-06	8.1373298e-08	-1.6382832e-05	2.0116922e-06	4.8924549e-05	4.9049144e-05	0.0025402206
0.058	1.058	0	0	0	0.95012743	0	0	0	0.94973965	0.95471137	4.9656952e-05	7.9672873e-07	2.9902566e-07	7.5947669e-07	2.6642614e-08	-6.7108385e-06	3.4267905e-07	-6.6608394e-06	8.2958422e-08	-1.6588851e-05	2.1104023e-06	4.9536631e-05	4.9662318e-05	0.0025308409
0.06	1.06	0	0	0	0.94791961	0	0	0	0.9475411	0.95208435	5.0275109e-05	7.8407657e-07	3.1340768e-07	7.4674704e-07	2.7608282e-08	-6.8001793e-06	3.5660341e-07	-6.7500028e-06	8.4489193e-08	-1.6795735e-05	2.2103415e-06	5.0151463e-05	5.02783e-05	0.0025226899
0.062	1.062	0	0	0	0.94570139	0	0	0	0.94533213	0.94943003	5.0896161e-05	7.714351e-07	3.2765535e-07	7.3410513e-07	2.8543057e-08	-6.8831891e-06	3.7025516e-07	-6.8328526e-06	8.5967561e-08	-1.7003557e-05	2.3115155e-06	5.0769255e-05	5.0897293e-05	0.002515613
0.064	1.064	0	0	0	0.94347276	0	0	0	0.94311271	0.94674843	5.1520299e-05	7.5881526e-07	3.4177185e-07	7.2156064e-07	2.9448051e-08	-6.960262e-06	3.8364012e-07	-6.909782e-06	8.739531e-08	-1.7212381e-05	2.4139307e-06	5.1390195e-05	5.1519482e-05	0.0025094749
0.066	1.066	0	0	0	0.94123368	0	0	0	0.94088282	0.94403958	5.2147699e-05	7.4622734e-07	3.5576034e-07	7.0912252e-07	3.0324317e-08	-7.0317577e-06	3.9676395e-07	-6.9811501e-06	8.8774078e-08	-1.7422266e-05	2.5175935e-06	5.2014459e-05	5.2145038e-05	0.0025041565
0.068	1.068	0	0	0	0.93898412	0	0	0	0.9386424	0.94130349	5.2778524e-05	7.3368108e-07	3.696239e-07	6.9679903e-07	3.1172856e-08	-7.0980053e-06	4.0963205e-07	-7.0472857e-06	9.0105384e-08	-1.7633267e-05	2.6225108e-06	5.2642205e-05	5.2774116e-05	0.0024995531
0.07	1.07	0	0	0	0.93672404	0	0	0	0.93639142	0.93854017	5.3412924e-05	7.2118574e-07	3.8336559e-07	6.845979e-07	3.1994621e-08	-7.1593069e-06	4.2224967e-07	-7.1084904e-06	9.1390632e-08	-1.7845436e-05	2.7286899e-06	5.3273582e-05	5.3406863e-05	0.0024955721
0.072	1.072	0	0	0	0.93445338	0	0	0	0.93412982	0.93574962	5.4051041e-05	7.0875018e-07	3.9698833e-07	6.7252631e-07	3.2790524e-08	-7.2159406e-06	4.3462181e-07	-7.1650417e-06	9.2631134e-08	-1.8058821e-05	2.8361383e-06	5.3908731e-05	5.4043415e-05	0.0024921319
0.074	1.074	0	0	0	0.9321721	0	0	0	0.93185756	0.93293184	5.4693009e-05	6.9638286e-07	4.10495e-07	6.6059102e-07	3.3561439e-08	-7.2681626e-06	4.467533e-07	-7.2171956e-06	9.3828114e-08	-1.8273466e-05	2.9448636e-06	5.4547785e-05	5.4683902e-05	0.0024891599
0.076	1.076	0	0	0	0.92988015	0	0	0	0.92957458	0.93008681	5.5338958e-05	6.8409196e-07	4.2388834e-07	6.4879836e-07	3.4308205e-08	-7.3162095e-06	4.5864875e-07	-7.2651883e-06	9.4982722e-08	-1.8489416e-05	3.0548739e-06	5.5190871e-05	5.5328451e-05	0.0024865918
0.078	1.078	0	0	0	0.92757747	0	0	0	0.92728082	0.92721453	5.598901e-05	6.7188536e-07	4.3717102e-07	6.3715429e-07	3.5031629e-08	-7.3603003e-06	4.7031257e-07	-7.3092387e-06	9.6096038e-08	-1.8706713e-05	3.1661774e-06	5.5838111e-05	5.5977179e-05	0.0024843704
0.08	1.08	0	0	0	0.92526401	0	0	0	0.92497622	0.92431498	5.6643286e-05	6.5977069e-07	4.5034559e-07	6.2566445e-07	3.5732488e-08	-7.4006382e-06	4.8174899e-07	-7.3495495e-06	9.7169082e-08	-1.8925396e-05	3.2787826e-06	5.6489624e-05	5.6630205e-05	0.0024824448
0.082	1.082	0	0	0	0.92293971	0	0	0	0.92266072	0.92138816	5.7301901e-05	6.4775534e-07	4.6341447e-07	6.1433413e-07	3.6411534e-08	-7.4374117e-06	4.9296204e-07	-7.3863091e-06	9.8202819e-08	-1.9145505e-05	3.3926982e-06	5.7145523e-05	5.7287641e-05	0.0024807694
0.084	1.084	0	0	0	0.92060451	0	0	0	0.92033427	0.91843405	5.7964971e-05	6.3584652e-07	4.7637998e-07	6.0316836e-07	3.706949e-08	-7.4707961e-06	5.0395558e-07	-7.4196926e-06	9.9198162e-08	-1.9367079e-05	3.5079332e-06	5.7805923e-05	5.7949598e-05	0.0024793036
0.086	1.086	0	0	0	0.91825835	0	0	0	0.91799679	0.91545262	5.8632606e-05	6.2405121e-07	4.8924435e-07	5.9217189e-07	3.7707057e-08	-7.5009549e-06	5.1473326e-07	-7.4498631e-06	1.0015598e-07	-1.9590156e-05	3.6244966e-06	5.8470934e-05	5.8616186e-05	0.0024780111
0.088	1.088	0	0	0	0.91590116	0	0	0	0.91564821	0.91244386	5.9304918e-05	6.1237626e-07	5.0200965e-07	5.8134921e-07	3.8324913e-08	-7.5280403e-06	5.2529859e-07	-7.4769729e-06	1.010771e-07	-1.9814773e-05	3.7423979e-06	5.9140666e-05	5.9287513e-05	0.0024768593
0.09	1.09	0	0	0	0.91353287	0	0	0	0.91328848	0.90940776	5.9982016e-05	6.0082834e-07	5.1467786e-07	5.7070457e-07	3.8923712e-08	-7.5521945e-06	5.3565488e-07	-7.501164e-06	1.0196231e-07	-2.0040967e-05	3.8616467e-06	5.9815228e-05	5.9963687e-05	0.002475819
0.092	1.092	0	0	0	0.91115342	0	0	0	0.91091751	0.90634428	6.0664009e-05	5.8941397e-07	5.2725083e-07	5.6024201e-07	3.9504091e-08	-7.5735507e-06	5.4580529e-07	-7.5225693e-06	1.0281236e-07	-2.0268775e-05	3.9822527e-06	6.0494727e-05	6.0644814e-05	0.002474864
0.094	1.094	0	0	0	0.90876274	0	0	0	0.90853524	0.90325342	6.1351007e-05	5.7813953e-07	5.3973032e-07	5.4996533e-07	4.0066665e-08	-7.5922332e-06	5.5575281e-07	-7.5413131e-06	1.0362797e-07	-2.0498234e-05	4.1042259e-06	6.1179271e-05	6.1331002e-05	0.0024739709
0.096	1.096	0	0	0	0.90636077	0	0	0	0.90614159	0.90013515	6.2043118e-05	5.6701129e-07	5.5211793e-07	5.3987815e-07	4.0612031e-08	-7.6083588e-06	5.6550027e-07	-7.557512e-06	1.0440984e-07	-2.072938e-05	4.2275767e-06	6.1868969e-05	6.2022357e-05	0.0024731183
0.098	1.098	0	0	0	0.90394742	0	0	0	0.9037365	0.89698944	6.274045e-05	5.5603539e-07	5.6441517e-07	5.2998387e-07	4.1140768e-08	-7.622037e-06	5.7505035e-07	-7.5712755e-06	1.0515863e-07	-2.096225e-05	4.3523154e-06	6.2563928e-05	6.2718987e-05	0.0024722874
0.1	1.1	0	0	0	0.90152263	0	0	0	0.90131988	0.8938163	6.3443115e-05	5.4521784e-07	5.7662342e-07	5.2028572e-07	4.1653438e-08	-7.6333706e-06	5.8440558e-07	-7.5827061e-06	1.0587498e-07	-2.1196881e-05	4.4784526e-06	6.3264258e-05	6.3421e-05	0.002471461
0.102	1.102	0	0	0	0.89908633	0	0	0	0.89889166	0.89061568	6.4151222e-05	5.3456458e-07	5.8874395e-07	5.1078674e-07	4.2150587e-08	-7.6424563e-06	5.9356834e-07	-7.5919006e-06	1.0655949e-07	-2.1433311e-05	4.6059994e-06	6.3970068e-05	6.4128505e-05	0.0024706238
0.104	1.104	0	0	0	0.89663843	0	0	0	0.89645175	0.88738758	6.4864883e-05	5.2408142e-07	6.0077791e-07	5.0148982e-07	4.2632742e-08	-7.6493851e-06	6.0254086e-07	-7.5989498e-06	1.0721277e-07	-2.1671576e-05	4.7349666e-06	6.4681469e-05	6.4841612e-05	0.0024697619
0.106	1.106	0	0	0	0.89417887	0	0	0	0.89400009	0.88413197	6.5584211e-05	5.137741e-07	6.1272632e-07	4.9239765e-07	4.3100419e-08	-7.6542428e-06	6.1132523e-07	-7.6039394e-06	1.0783538e-07	-2.1911715e-05	4.8653658e-06	6.5398573e-05	6.5560433e-05	0.0024688627
0.108	1.108	0	0	0	0.89170757	0	0	0	0.89153659	0.88084884	6.6309318e-05	5.0364824e-07	6.2459008e-07	4.8351279e-07	4.3554117e-08	-7.6571102e-06	6.1992342e-07	-7.6069501e-06	1.0842788e-07	-2.2153767e-05	4.9972084e-06	6.6121493e-05	6.6285079e-05	0.0024679153
0.11	1.11	0	0	0	0.88922444	0	0	0	0.88906117	0.87753817	6.7040322e-05	4.937094e-07	6.3636998e-07	4.7483763e-07	4.399432e-08	-7.6580635e-06	6.2833723e-07	-7.6080581e-06	1.0899081e-07	-2.2397769e-05	5.1305061e-06	6.6850344e-05	6.7015665e-05	0.0024669094
0.112	1.112	0	0	0	0.88672942	0	0	0	0.88657375	0.87419994	6.7777339e-05	4.8396305e-07	6.4806667e-07	4.6637441e-07	4.4421499e-08	-7.6571749e-06	6.3656836e-07	-7.6073355e-06	1.0952467e-07	-2.2643762e-05	5.265271e-06	6.7585242e-05	6.7752308e-05	0.002465836
0.114	1.114	0	0	0	0.88422242	0	0	0	0.88407424	0.87083414	6.8520488e-05	4.744146e-07	6.5968068e-07	4.5812524e-07	4.4836112e-08	-7.6545125e-06	6.4461835e-07	-7.6048502e-06	1.1002997e-07	-2.2891785e-05	5.4015153e-06	6.8326305e-05	6.8495124e-05	0.0024646871
0.116	1.116	0	0	0	0.88170335	0	0	0	0.88156256	0.86744076	6.9269889e-05	4.6506936e-07	6.7121241e-07	4.5009207e-07	4.5238604e-08	-7.6501406e-06	6.5248862e-07	-7.6006666e-06	1.105072e-07	-2.3141878e-05	5.5392515e-06	6.9073654e-05	6.9244234e-05	0.0024634554
0.118	1.118	0	0	0	0.87917215	0	0	0	0.87903862	0.86401978	7.0025665e-05	4.559326e-07	6.8266213e-07	4.4227673e-07	4.5629406e-08	-7.6441204e-06	6.6018046e-07	-7.5948457e-06	1.1095683e-07	-2.3394084e-05	5.6784923e-06	6.982741e-05	6.9999759e-05	0.0024621343
0.12	1.12	0	0	0	0.87662872	0	0	0	0.87650234	0.86057118	7.0787942e-05	4.470095e-07	6.9402998e-07	4.3468091e-07	4.6008938e-08	-7.6365095e-06	6.6769503e-07	-7.587445e-06	1.1137933e-07	-2.3648443e-05	5.8192506e-06	7.0587699e-05	7.0761824e-05	0.0024607182
0.122	1.122	0	0	0	0.87407299	0	0	0	0.87395363	0.85709497	7.1556846e-05	4.383052e-07	7.0531594e-07	4.2730618e-07	4.6377609e-08	-7.6273628e-06	6.7503336e-07	-7.5785195e-06	1.1177514e-07	-2.3905e-05	5.9615396e-06	7.1354647e-05	7.1530555e-05	0.0024592019
0.124	1.124	0	0	0	0.87150486	0	0	0	0.87139239	0.85359112	7.2332508e-05	4.2982477e-07	7.1651987e-07	4.2015398e-07	4.6735815e-08	-7.6167322e-06	6.8219635e-07	-7.5681208e-06	1.121447e-07	-2.4163796e-05	6.1053728e-06	7.2128382e-05	7.230608e-05	0.002457581
0.126	1.126	0	0	0	0.86892426	0	0	0	0.86881855	0.85005964	7.3115059e-05	4.2157322e-07	7.2764147e-07	4.1322562e-07	4.7083941e-08	-7.604667e-06	6.8918477e-07	-7.5562982e-06	1.1248845e-07	-2.4424877e-05	6.2507639e-06	7.2909037e-05	7.3088532e-05	0.0024558514
0.128	1.128	0	0	0	0.86633109	0	0	0	0.866232	0.84650051	7.3904634e-05	4.1355553e-07	7.3868029e-07	4.0652232e-07	4.7422363e-08	-7.5912139e-06	6.9599926e-07	-7.5430984e-06	1.1280679e-07	-2.4688288e-05	6.3977269e-06	7.3696746e-05	7.3878044e-05	0.0024540097
0.13	1.13	0	0	0	0.86372527	0	0	0	0.86363265	0.84291373	7.4701372e-05	4.057766e-07	7.4963571e-07	4.0004515e-07	4.7751444e-08	-7.5764174e-06	7.0264031e-07	-7.5285658e-06	1.1310014e-07	-2.4954074e-05	6.5462761e-06	7.4491646e-05	7.4674753e-05	0.002452053
0.132	1.132	0	0	0	0.86110672	0	0	0	0.86102042	0.83929929	7.5505411e-05	3.982413e-07	7.6050696e-07	3.937951e-07	4.8071539e-08	-7.5603197e-06	7.091083e-07	-7.5127423e-06	1.133689e-07	-2.5222284e-05	6.6964259e-06	7.5293877e-05	7.5478799e-05	0.0024499787
0.134	1.134	0	0	0	0.85847534	0	0	0	0.85839521	0.8356572	7.6316897e-05	3.9095447e-07	7.7129306e-07	3.8777304e-07	4.8382992e-08	-7.5429607e-06	7.1540346e-07	-7.495668e-06	1.1361346e-07	-2.5492965e-05	6.8481913e-06	7.6103583e-05	7.6290325e-05	0.0024477849
0.136	1.136	0	0	0	0.85583104	0	0	0	0.85575692	0.83198746	7.7135975e-05	3.8392087e-07	7.8199287e-07	3.8197972e-07	4.8686137e-08	-7.5243786e-06	7.2152588e-07	-7.4773807e-06	1.1383422e-07	-2.5766165e-05	7.0015872e-06	7.6920908e-05	7.7109477e-05	0.0024454697
0.138	1.138	0	0	0	0.85317373	0	0	0	0.85310545	0.82829006	7.7962796e-05	3.7714526e-07	7.9260505e-07	3.7641581e-07	4.89813e-08	-7.5046093e-06	7.2747551e-07	-7.4579166e-06	1.1403154e-07	-2.6041936e-05	7.1566292e-06	7.7746002e-05	7.7936403e-05	0.002443032
0.14	1.14	0	0	0	0.85050332	0	0	0	0.85044071	0.82456502	7.8797511e-05	3.7063235e-07	8.0312805e-07	3.7108185e-07	4.9268797e-08	-7.4836872e-06	7.3325212e-07	-7.4373096e-06	1.1420582e-07	-2.6320329e-05	7.3133328e-06	7.8579019e-05	7.8771258e-05	0.0024404709
0.142	1.142	0	0	0	0.84781972	0	0	0	0.8477626	0.82081233	7.9640279e-05	3.643868e-07	8.1356007e-07	3.6597832e-07	4.9548936e-08	-7.4616446e-06	7.3885537e-07	-7.4155923e-06	1.1435741e-07	-2.6601395e-05	7.4717142e-06	7.9420114e-05	7.9614196e-05	0.0024377859
0.144	1.144	0	0	0	0.84512284	0	0	0	0.84507102	0.817032	8.0491258e-05	3.5841325e-07	8.2389911e-07	3.6110556e-07	4.9822017e-08	-7.4385125e-06	7.4428472e-07	-7.3927952e-06	1.1448668e-07	-2.6885189e-05	7.6317896e-06	8.0269446e-05	8.0465377e-05	0.0024349767
0.146	1.146	0	0	0	0.84241257	0	0	0	0.84236586	0.81322405	8.1350613e-05	3.5271631e-07	8.341429e-07	3.5646384e-07	5.008833e-08	-7.4143198e-06	7.4953948e-07	-7.3689474e-06	1.14594e-07	-2.7171765e-05	7.7935757e-06	8.1127179e-05	8.1324965e-05	0.0024320437
0.148	1.148	0	0	0	0.83968884	0	0	0	0.83964703	0.80938849	8.2218511e-05	3.4730056e-07	8.4428888e-07	3.5205334e-07	5.0348159e-08	-7.3890941e-06	7.5461877e-07	-7.3440762e-06	1.1467972e-07	-2.746118e-05	7.9570895e-06	8.1993481e-05	8.2193127e-05	0.0024289873
0.15	1.15	0	0	0	0.83695153	0	0	0	0.83691443	0.80552533	8.3095124e-05	3.4217055e-07	8.5433421e-07	3.4787412e-07	5.0601779e-08	-7.3628612e-06	7.5952153e-07	-7.3182074e-06	1.147442e-07	-2.775349e-05	8.1223482e-06	8.2868521e-05	8.3070033e-05	0.0024258086
0.152	1.152	0	0	0	0.83420056	0	0	0	0.83416794	0.80163459	8.3980626e-05	3.373308e-07	8.6427574e-07	3.4392617e-07	5.0849461e-08	-7.3356456e-06	7.6424649e-07	-7.2913653e-06	1.147878e-07	-2.8048754e-05	8.2893696e-06	8.3752475e-05	8.3955859e-05	0.0024225088
0.154	1.154	0	0	0	0.83143582	0	0	0	0.83140746	0.79771628	8.4875197e-05	3.3278582e-07	8.7410996e-07	3.4020938e-07	5.1091465e-08	-7.3074701e-06	7.6879217e-07	-7.2635726e-06	1.1481086e-07	-2.8347033e-05	8.4581717e-06	8.4645522e-05	8.4850783e-05	0.0024190898
0.156	1.156	0	0	0	0.82865723	0	0	0	0.82863288	0.79377044	8.5779021e-05	3.2854007e-07	8.8383298e-07	3.3672356e-07	5.1328046e-08	-7.2783559e-06	7.7315688e-07	-7.2348503e-06	1.1481375e-07	-2.8648387e-05	8.6287727e-06	8.5547844e-05	8.575499e-05	0.0024155537
0.158	1.158	0	0	0	0.82586467	0	0	0	0.82584411	0.78979708	8.6692285e-05	3.24598e-07	8.9344054e-07	3.3346842e-07	5.1559455e-08	-7.2483229e-06	7.7733866e-07	-7.2052182e-06	1.147968e-07	-2.8952881e-05	8.8011916e-06	8.6459631e-05	8.6668667e-05	0.002411903
0.16	1.16	0	0	0	0.82305806	0	0	0	0.82304102	0.78579623	8.7615183e-05	3.2096403e-07	9.0292788e-07	3.3044359e-07	5.1785934e-08	-7.2173891e-06	7.8133532e-07	-7.1746943e-06	1.1476039e-07	-2.9260576e-05	8.9754474e-06	8.7381073e-05	8.7592007e-05	0.0024081409
0.162	1.162	0	0	0	0.82023729	0	0	0	0.82022351	0.78176792	8.8547911e-05	3.1764257e-07	9.1228982e-07	3.2764858e-07	5.2007721e-08	-7.1855713e-06	7.8514435e-07	-7.1432951e-06	1.1470485e-07	-2.9571541e-05	9.1515596e-06	8.8312366e-05	8.8525205e-05	0.0024042708
0.164	1.164	0	0	0	0.81740225	0	0	0	0.81739146	0.77771219	8.949067e-05	3.1463798e-07	9.215206e-07	3.2508285e-07	5.222505e-08	-7.1528845e-06	7.8876298e-07	-7.1110354e-06	1.1463056e-07	-2.9885842e-05	9.3295482e-06	8.9253713e-05	8.9468464e-05	0.0024002969
0.166	1.166	0	0	0	0.81455285	0	0	0	0.81454476	0.77362906	9.0443667e-05	3.1195461e-07	9.3061391e-07	3.2274573e-07	5.2438148e-08	-7.1193419e-06	7.9218809e-07	-7.0779284e-06	1.1453787e-07	-3.0203548e-05	9.5094335e-06	9.0205319e-05	9.042199e-05	0.0023962238
0.168	1.168	0	0	0	0.81168899	0	0	0	0.8116833	0.76951858	9.1407113e-05	3.0959676e-07	9.395628e-07	3.2063648e-07	5.2647241e-08	-7.0849552e-06	7.954162e-07	-7.0439855e-06	1.1442714e-07	-3.0524729e-05	9.6912362e-06	9.1167394e-05	9.1385995e-05	0.0023920568
0.17	1.17	0	0	0	0.80881056	0	0	0	0.80880696	0.76538078	9.2381224e-05	3.0756871e-07	9.4835962e-07	3.1875426e-07	5.285255e-08	-7.049734e-06	7.9844346e-07	-7.0092162e-06	1.1429875e-07	-3.0849458e-05	9.8749775e-06	9.2140154e-05	9.2360693e-05	0.002387802
0.172	1.172	0	0	0	0.80591745	0	0	0	0.80591562	0.76121571	9.336622e-05	3.058747e-07	9.5699595e-07	3.1709811e-07	5.3054293e-08	-7.0136863e-06	8.0126558e-07	-6.9736282e-06	1.1415308e-07	-3.1177809e-05	1.0060679e-05	9.3123819e-05	9.3346307e-05	0.002383466
0.174	1.174	0	0	0	0.80300956	0	0	0	0.80300916	0.75702341	9.4362328e-05	3.0451892e-07	9.6546254e-07	3.1566699e-07	5.3252686e-08	-6.9768176e-06	8.0387783e-07	-6.937227e-06	1.1399051e-07	-3.1509857e-05	1.0248363e-05	9.4118615e-05	9.4343063e-05	0.0023790565
0.176	1.176	0	0	0	0.80008679	0	0	0	0.80008746	0.75280394	9.5369779e-05	3.0350553e-07	9.7374918e-07	3.1445973e-07	5.3447945e-08	-6.9391314e-06	8.0627496e-07	-6.9000158e-06	1.1381142e-07	-3.1845679e-05	1.0438051e-05	9.5124772e-05	9.5351191e-05	0.0023745819
0.178	1.178	0	0	0	0.79714903	0	0	0	0.79715039	0.74855734	9.6388809e-05	3.0283859e-07	9.8184466e-07	3.1347507e-07	5.3640283e-08	-6.9006288e-06	8.0845117e-07	-6.8619955e-06	1.1361624e-07	-3.2185355e-05	1.0629767e-05	9.6142526e-05	9.637093e-05	0.0023700517
0.18	1.18	0	0	0	0.79419616	0	0	0	0.79419784	0.74428367	9.7419658e-05	3.0252213e-07	9.8973661e-07	3.127116e-07	5.3829916e-08	-6.8613083e-06	8.1040006e-07	-6.8231642e-06	1.1340536e-07	-3.2528964e-05	1.0823535e-05	9.7172117e-05	9.740252e-05	0.0023654765
0.182	1.182	0	0	0	0.79122808	0	0	0	0.79122967	0.73998299	9.8462574e-05	3.0256008e-07	9.9741141e-07	3.1216781e-07	5.4017061e-08	-6.8211652e-06	8.1211456e-07	-6.7835174e-06	1.131792e-07	-3.287659e-05	1.1019378e-05	9.821379e-05	9.8446209e-05	0.0023608682
0.184	1.184	0	0	0	0.78824469	0	0	0	0.78824575	0.73565535	9.9517807e-05	3.0295626e-07	1.004854e-06	3.1184202e-07	5.4201936e-08	-6.780192e-06	8.1358687e-07	-6.743047e-06	1.1293822e-07	-3.3228316e-05	1.121732e-05	9.9267797e-05	9.9502248e-05	0.0023562398
0.186	1.186	0	0	0	0.78524586	0	0	0	0.78524596	0.73130081	0.00010058561	3.0371441e-07	1.012048e-06	3.1173243e-07	5.4384765e-08	-6.7383774e-06	8.1480838e-07	-6.7017416e-06	1.1268286e-07	-3.3584227e-05	1.1417387e-05	0.00010033439	0.0001005709	0.0023516062
0.188	1.188	0	0	0	0.78223148	0	0	0	0.78223014	0.72691943	0.00010166625	3.048381e-07	1.0189749e-06	3.1183705e-07	5.4565779e-08	-6.6957062e-06	8.1576962e-07	-6.6595858e-06	1.1241359e-07	-3.3944411e-05	1.1619603e-05	0.00010141384	0.00010165241	0.0023469835
0.19	1.19	0	0	0	0.77920144	0	0	0	0.77919817	0.72251128	0.00010275999	3.0633076e-07	1.0256147e-06	3.1215372e-07	5.4745214e-08	-6.6521588e-06	8.1646011e-07	-6.6165598e-06	1.121309e-07	-3.4308957e-05	1.1823996e-05	0.00010250639	0.00010274707	0.00234239
0.192	1.192	0	0	0	0.77615563	0	0	0	0.77614989	0.71807642	0.0001038671	3.0819561e-07	1.0319451e-06	3.1268009e-07	5.4923318e-08	-6.6077107e-06	8.1686833e-07	-6.5726387e-06	1.1183528e-07	-3.4677955e-05	1.2030592e-05	0.00010361233	0.00010385513	0.0023378456
0.194	1.194	0	0	0	0.77309392	0	0	0	0.77308517	0.71361492	0.00010498786	3.1043564e-07	1.0379415e-06	3.1341358e-07	5.510035e-08	-6.5623318e-06	8.169816e-07	-6.5277922e-06	1.1152725e-07	-3.5051495e-05	1.2239417e-05	0.00010473192	0.00010497687	0.0023333728
0.196	1.196	0	0	0	0.77001618	0	0	0	0.77000384	0.70912684	0.00010612253	3.1305359e-07	1.0435769e-06	3.1435137e-07	5.5276585e-08	-6.5159856e-06	8.1678593e-07	-6.4819837e-06	1.1120738e-07	-3.5429672e-05	1.2450499e-05	0.00010586545	0.00010611258	0.002328996
0.198	1.198	0	0	0	0.76692231	0	0	0	0.76690576	0.70461224	0.0001072714	3.1605185e-07	1.0488215e-06	3.1549036e-07	5.5452319e-08	-6.4686287e-06	8.1626595e-07	-6.4351693e-06	1.108762e-07	-3.5812577e-05	1.2663867e-05	0.00010701318	0.00010726253	0.0023247424
0.2	1.2	0	0	0	0.76381216	0	0	0	0.76379074	0.70007119	0.00010843476	3.1943245e-07	1.0536421e-06	3.1682717e-07	5.5627868e-08	-6.4202096e-06	8.154048e-07	-6.3872974e-06	1.1053431e-07	-3.6200306e-05	1.2879549e-05	0.00010817539	0.00010842701	0.0023206419
0.202	1.202	0	0	0	0.7606856	0	0	0	0.76065863	0.69550373	0.00010961287	3.2319693e-07	1.0580026e-06	3.1835803e-07	5.5803578e-08	-6.3706677e-06	8.1418396e-07	-6.3383072e-06	1.1018231e-07	-3.6592953e-05	1.3097575e-05	0.00010935238	0.00010960631	0.002316727
0.204	1.204	0	0	0	0.7575425	0	0	0	0.75750924	0.69090991	0.00011080604	3.2734634e-07	1.0618631e-06	3.2007882e-07	5.5979828e-08	-6.3199322e-06	8.1258317e-07	-6.2881278e-06	1.0982082e-07	-3.6990613e-05	1.3317974e-05	0.00011054441	0.0001108007	0.0023130334
0.206	1.206	0	0	0	0.7543827	0	0	0	0.75434238	0.68628979	0.00011201453	3.3188105e-07	1.0651799e-06	3.2198497e-07	5.6157036e-08	-6.2679211e-06	8.1058036e-07	-6.2366767e-06	1.0945047e-07	-3.7393379e-05	1.3540778e-05	0.00011175178	0.00011201048	0.0023095993
0.208	1.208	0	0	0	0.75120606	0	0	0	0.75115785	0.68164339	0.00011323863	3.3680071e-07	1.067905e-06	3.2407141e-07	5.633567e-08	-6.2145393e-06	8.0815151e-07	-6.183859e-06	1.0907191e-07	-3.7801345e-05	1.3766016e-05	0.00011297475	0.00011323592	0.0023064662
0.21	1.21	0	0	0	0.74801242	0	0	0	0.74795543	0.67697074	0.0001144786	3.4210408e-07	1.0699864e-06	3.2633252e-07	5.6516255e-08	-6.1596778e-06	8.0527065e-07	-6.1295654e-06	1.086858e-07	-3.8214602e-05	1.3993722e-05	0.00011421359	0.00011447731	0.0023036777
0.212	1.212	0	0	0	0.7448016	0	0	0	0.74473489	0.67227184	0.00011573473	3.4778891e-07	1.0713676e-06	3.2876206e-07	5.6699386e-08	-6.1032118e-06	8.0190988e-07	-6.0736712e-06	1.0829277e-07	-3.8633239e-05	1.4223926e-05	0.00011546858	0.00011573491	0.0023012797
0.214	1.214	0	0	0	0.74157341	0	0	0	0.74149598	0.66754667	0.00011700725	3.5385176e-07	1.0719877e-06	3.3135307e-07	5.6885739e-08	-6.0449999e-06	7.9803943e-07	-6.016035e-06	1.0789345e-07	-3.9057343e-05	1.4456661e-05	0.00011673995	0.00011700899	0.0022993194
0.216	1.216	0	0	0	0.73832764	0	0	0	0.73823844	0.66279521	0.00011829642	3.6028779e-07	1.0717819e-06	3.3409785e-07	5.7076087e-08	-5.9848826e-06	7.9362791e-07	-5.9564975e-06	1.0748845e-07	-3.9486995e-05	1.4691962e-05	0.00011802796	0.00011829979	0.0022978441
0.218	1.218	0	0	0	0.73506409	0	0	0	0.73496197	0.65801738	0.00011960246	3.6709064e-07	1.0706814e-06	3.3698782e-07	5.7271322e-08	-5.9226819e-06	7.8864264e-07	-5.894881e-06	1.0707831e-07	-3.9922271e-05	1.492986e-05	0.00011933282	0.00011960754	0.0022968999
0.22	1.22	0	0	0	0.7317825	0	0	0	0.73166626	0.65321309	0.00012092559	3.7425213e-07	1.0686148e-06	3.4001349e-07	5.747247e-08	-5.8582013e-06	7.8305016e-07	-5.8309896e-06	1.0666351e-07	-4.0363241e-05	1.5170392e-05	0.00012065474	0.00012093246	0.0022965298
0.222	1.222	0	0	0	0.72848259	0	0	0	0.72835097	0.64838221	0.00012226598	3.8176213e-07	1.065509e-06	3.4316441e-07	5.7680721e-08	-5.7912268e-06	7.7681703e-07	-5.7646101e-06	1.0624443e-07	-4.0809968e-05	1.541359e-05	0.0001219939	0.00012227473	0.0022967709
0.224	1.224	0	0	0	0.72516408	0	0	0	0.72501573	0.64352457	0.0001236238	3.8960834e-07	1.0612908e-06	3.4642909e-07	5.789745e-08	-5.7215295e-06	7.6991078e-07	-5.6955146e-06	1.0582131e-07	-4.1262506e-05	1.5659491e-05	0.00012335045	0.00012363452	0.0022976523
0.226	1.226	0	0	0	0.72182662	0	0	0	0.72166013	0.63863994	0.00012499917	3.9777615e-07	1.0558893e-06	3.4979506e-07	5.8124251e-08	-5.6488698e-06	7.6230126e-07	-5.6234648e-06	1.0539425e-07	-4.1720897e-05	1.5908128e-05	0.00012472452	0.00012501195	0.0022991913
0.228	1.228	0	0	0	0.71846983	0	0	0	0.71828374	0.63372806	0.0001263922	4.0624854e-07	1.0492384e-06	3.5324885e-07	5.8362965e-08	-5.5730038e-06	7.5396216e-07	-5.5482186e-06	1.0496313e-07	-4.2185175e-05	1.6159538e-05	0.0001261162	0.00012640711	0.0023013909
0.23	1.23	0	0	0	0.71509331	0	0	0	0.71488608	0.62878861	0.00012780294	4.150061e-07	1.0412802e-06	3.5677617e-07	5.8615711e-08	-5.4936924e-06	7.448728e-07	-5.469539e-06	1.0452763e-07	-4.2655362e-05	1.6413757e-05	0.00012752555	0.00012782007	0.0023042372
0.232	1.232	0	0	0	0.7116966	0	0	0	0.71146665	0.62382122	0.00012923144	4.2402713e-07	1.0319686e-06	3.6036204e-07	5.888491e-08	-5.4107131e-06	7.3502007e-07	-5.3872061e-06	1.040872e-07	-4.313147e-05	1.6670819e-05	0.00012895258	0.00012925086	0.0023076971
0.234	1.234	0	0	0	0.70827919	0	0	0	0.70802493	0.61882548	0.00013067768	4.3328793e-07	1.0212726e-06	3.6399106e-07	5.9173309e-08	-5.3238733e-06	7.2440034e-07	-5.3010304e-06	1.0364104e-07	-4.3613498e-05	1.693076e-05	0.00013039731	0.00013069945	0.0023117184
0.236	1.236	0	0	0	0.70484054	0	0	0	0.70456036	0.61380094	0.00013214165	4.4276324e-07	1.0091805e-06	3.6764778e-07	5.9483992e-08	-5.2330267e-06	7.130212e-07	-5.2108691e-06	1.0318812e-07	-4.4101439e-05	1.7193617e-05	0.00013185969	0.00013216582	0.0023162309
0.238	1.238	0	0	0	0.70138007	0	0	0	0.70107236	0.60874712	0.00013362329	4.5242686e-07	9.9570176e-07	3.713171e-07	5.9820371e-08	-5.1380885e-06	7.0090277e-07	-5.1166413e-06	1.0272723e-07	-4.4595279e-05	1.7459423e-05	0.00013333968	0.0001336499	0.0023211495
0.24	1.24	0	0	0	0.69789718	0	0	0	0.69756036	0.60366351	0.00013512256	4.6225235e-07	9.8086983e-07	3.7498472e-07	6.0186168e-08	-5.0390506e-06	6.8807839e-07	-5.0183433e-06	1.0225697e-07	-4.5095e-05	1.7728216e-05	0.00013483721	0.00013515162	0.0023263787
0.242	1.242	0	0	0	0.69439121	0	0	0	0.69402377	0.59854961	0.00013663938	4.7221398e-07	9.6474221e-07	3.7863765e-07	6.0585372e-08	-4.9359931e-06	6.7459465e-07	-4.9160596e-06	1.0177592e-07	-4.5600582e-05	1.800003e-05	0.00013635221	0.0001366709	0.0023318189
0.244	1.244	0	0	0	0.69086151	0	0	0	0.69046199	0.59340494	0.00013817373	4.822876e-07	9.4739989e-07	3.8226462e-07	6.1022168e-08	-4.829092e-06	6.6051059e-07	-4.8099711e-06	1.012826e-07	-4.611201e-05	1.82749e-05	0.00013788463	0.00013820768	0.0023373712
0.246	1.246	0	0	0	0.68730743	0	0	0	0.68687448	0.58822904	0.00013972555	4.9245156e-07	9.2894545e-07	3.8585652e-07	6.1500858e-08	-4.7186208e-06	6.4589618e-07	-4.7003557e-06	1.0077561e-07	-4.6629277e-05	1.8552861e-05	0.00013943445	0.0001397619	0.0023429435
0.248	1.248	0	0	0	0.68372831	0	0	0	0.68326067	0.58302149	0.00014129487	5.0268757e-07	9.095e-07	3.8940668e-07	6.2025755e-08	-4.6049461e-06	6.3083042e-07	-4.5875845e-06	1.0025371e-07	-4.7152383e-05	1.8833947e-05	0.00014100165	0.00014133357	0.0023484527
0.25	1.25	0	0	0	0.6801235	0	0	0	0.67962004	0.57778195	0.00014288172	5.1298141e-07	8.8919971e-07	3.9291111e-07	6.2601069e-08	-4.4885178e-06	6.1539896e-07	-4.4721117e-06	9.9715783e-08	-4.7681345e-05	1.9118195e-05	0.00014258628	0.0001429227	0.002353827
0.252	1.252	0	0	0	0.67649238	0	0	0	0.6759521	0.57251012	0.0001444862	5.2332354e-07	8.6819197e-07	3.9636862e-07	6.3230785e-08	-4.3698549e-06	5.9969188e-07	-4.3544599e-06	9.9160965e-08	-4.8216197e-05	1.9405638e-05	0.00014418843	0.00014452937	0.0023590044
0.254	1.254	0	0	0	0.67283439	0	0	0	0.6722564	0.5672058	0.00014610846	5.3370948e-07	8.4663178e-07	3.9978076e-07	6.3918552e-08	-4.2495275e-06	5.8380138e-07	-4.2352024e-06	9.8588588e-08	-4.875699e-05	1.9696312e-05	0.00014580824	0.00014615374	0.0023639314
0.256	1.256	0	0	0	0.66914895	0	0	0	0.66853252	0.56186888	0.00014774873	5.4414009e-07	8.2467845e-07	4.0315179e-07	6.4667567e-08	-4.1281377e-06	5.6781993e-07	-4.1149441e-06	9.7998192e-08	-4.9303799e-05	1.9990253e-05	0.00014744595	0.00014779601	0.0023685597
0.258	1.258	0	0	0	0.66543559	0	0	0	0.66478008	0.55649935	0.0001494073	5.5462161e-07	8.0249271e-07	4.064885e-07	6.5480487e-08	-4.0063001e-06	5.5183852e-07	-3.9943014e-06	9.7389508e-08	-4.9856724e-05	2.0287496e-05	0.00014910183	0.00014945647	0.0023728435
0.26	1.26	0	0	0	0.66169384	0	0	0	0.66099875	0.55109729	0.00015108455	5.6516564e-07	7.802343e-07	4.0979994e-07	6.6359355e-08	-3.884623e-06	5.3594535e-07	-3.8738841e-06	9.6762422e-08	-5.041589e-05	2.0588079e-05	0.00015077627	0.00015113548	0.002376737
0.262	1.262	0	0	0	0.65792332	0	0	0	0.65718826	0.54566291	0.00015278093	5.7578883e-07	7.5805991e-07	4.1309715e-07	6.7305548e-08	-3.7636924e-06	5.2022466e-07	-3.7542787e-06	9.6116951e-08	-5.098145e-05	2.0892038e-05	0.00015246972	0.00015283349	0.0023801932
0.264	1.264	0	0	0	0.65412369	0	0	0	0.65334839	0.54019651	0.00015449699	5.8651261e-07	7.3612138e-07	4.1639278e-07	6.8319757e-08	-3.644057e-06	5.0475583e-07	-3.6360341e-06	9.5453206e-08	-5.1553587e-05	2.1199413e-05	0.00015418272	0.00015455104	0.0023831633
0.266	1.266	0	0	0	0.65029468	0	0	0	0.64947894	0.53469852	0.00015623336	5.9736261e-07	7.1456421e-07	4.1970076e-07	6.9401987e-08	-3.5262173e-06	4.8961257e-07	-3.5196502e-06	9.4771376e-08	-5.213251e-05	2.1510243e-05	0.00015591591	0.00015628875	0.0023855973
0.268	1.268	0	0	0	0.64643608	0	0	0	0.64557979	0.52916945	0.00015799076	6.0836818e-07	6.935262e-07	4.2303588e-07	7.0551589e-08	-3.4106172e-06	4.7486237e-07	-3.4055699e-06	9.4071699e-08	-5.271846e-05	2.1824568e-05	0.00015767002	0.00015804735	0.0023874445
0.27	1.27	0	0	0	0.64254772	0	0	0	0.64165087	0.52360995	0.00015977	6.1956163e-07	6.7313633e-07	4.2641341e-07	7.1767307e-08	-3.2976386e-06	4.6056595e-07	-3.2941737e-06	9.3354454e-08	-5.3311707e-05	2.2142432e-05	0.00015944585	0.00015982762	0.0023886555
0.272	1.272	0	0	0	0.63862951	0	0	0	0.63769213	0.51802075	0.00016157197	6.3097766e-07	6.5351378e-07	4.298487e-07	7.3047347e-08	-3.1875991e-06	4.46777e-07	-3.1857773e-06	9.2619947e-08	-5.3912547e-05	2.2463879e-05	0.0001612443	0.00016163047	0.0023891836
0.274	1.274	0	0	0	0.6346814	0	0	0	0.63370361	0.51240266	0.00016339765	6.4265258e-07	6.3476728e-07	4.3335684e-07	7.4389459e-08	-3.080752e-06	4.3354192e-07	-3.0806318e-06	9.1868509e-08	-5.4521302e-05	2.2788954e-05	0.00016306635	0.00016345685	0.0023889856
0.276	1.276	0	0	0	0.63070338	0	0	0	0.62968533	0.50675659	0.00016524807	6.5462374e-07	6.1699465e-07	4.369524e-07	7.5791022e-08	-2.9772887e-06	4.2089983e-07	-2.9789262e-06	9.1100492e-08	-5.513832e-05	2.3117706e-05	0.00016491304	0.0001653078	0.0023880233
0.278	1.278	0	0	0	0.62669548	0	0	0	0.62563739	0.5010835	0.00016712434	6.6692884e-07	6.0028262e-07	4.4064909e-07	7.7249138e-08	-2.8773425e-06	4.088827e-07	-2.8807915e-06	9.0316273e-08	-5.5763969e-05	2.3450185e-05	0.0001667855	0.00016718444	0.0023862637
0.28	1.28	0	0	0	0.62265777	0	0	0	0.6215599	0.49538445	0.00016902764	6.7960551e-07	5.8470686e-07	4.4445963e-07	7.8760713e-08	-2.7809942e-06	3.9751554e-07	-2.7863057e-06	8.9516251e-08	-5.6398639e-05	2.3786444e-05	0.00016868489	0.00016908794	0.002383679
0.282	1.282	0	0	0	0.61859036	0	0	0	0.617453	0.4896605	0.00017095919	6.9269081e-07	5.7033232e-07	4.4839559e-07	8.0322543e-08	-2.6882777e-06	3.8681683e-07	-2.6955002e-06	8.8700851e-08	-5.7042736e-05	2.4126537e-05	0.00017061245	0.00017101952	0.0023802468
0.284	1.284	0	0	0	0.61449336	0	0	0	0.61331685	0.48391281	0.00017292025	7.0622092e-07	5.5721373e-07	4.5246727e-07	8.1931378e-08	-2.5991868e-06	3.7679893e-07	-2.6083662e-06	8.787053e-08	-5.7696685e-05	2.4470522e-05	0.00017256945	0.00017298045	0.0023759494
0.286	1.286	0	0	0	0.61036692	0	0	0	0.60915165	0.47814253	0.00017491216	7.202309e-07	5.4539619e-07	4.5668371e-07	8.3583988e-08	-2.5136816e-06	3.6746863e-07	-2.5248611e-06	8.7025773e-08	-5.8360924e-05	2.4818459e-05	0.00017455723	0.00017497205	0.0023707726
0.288	1.288	0	0	0	0.60621119	0	0	0	0.60495757	0.47235088	0.00017693627	7.3475453e-07	5.3491598e-07	4.6105264e-07	8.5277208e-08	-2.4316942e-06	3.5882772e-07	-2.4449146e-06	8.6167101e-08	-5.9035905e-05	2.517041e-05	0.00017657714	0.00017699569	0.002364706
0.29	1.29	0	0	0	0.60202636	0	0	0	0.60073485	0.4665391	0.00017899397	7.4982422e-07	5.2580133e-07	4.6558056e-07	8.7007978e-08	-2.3531351e-06	3.5087352e-07	-2.368435e-06	8.5295072e-08	-5.9722091e-05	2.5526441e-05	0.00017863059	0.00017905275	0.0023577411
0.292	1.292	0	0	0	0.59781261	0	0	0	0.5964837	0.46070844	0.00018108669	7.65471e-07	5.1807326e-07	4.7027275e-07	8.8773369e-08	-2.277898e-06	3.4359946e-07	-2.2953134e-06	8.441028e-08	-6.0419959e-05	2.5886621e-05	0.00018071901	0.00018114467	0.0023498714
0.294	1.294	0	0	0	0.59357012	0	0	0	0.59220437	0.45486018	0.0001832159	7.8172456e-07	5.117464e-07	4.7513336e-07	9.0570605e-08	-2.2058642e-06	3.3699564e-07	-2.2254293e-06	8.3513362e-08	-6.1129995e-05	2.625102e-05	0.00018284386	0.00018327292	0.0023410915
0.296	1.296	0	0	0	0.58929911	0	0	0	0.58789711	0.44899563	0.00018538309	7.9861332e-07	5.0682976e-07	4.8016552e-07	9.2397071e-08	-2.136907e-06	3.3104929e-07	-2.1586536e-06	8.2604997e-08	-6.1852699e-05	2.6619713e-05	0.00018500665	0.00018543899	0.0023313965
0.298	1.298	0	0	0	0.58499979	0	0	0	0.58356219	0.44311612	0.0001875898	8.1616452e-07	5.0332749e-07	4.8537139e-07	9.425032e-08	-2.0708944e-06	3.2574526e-07	-2.0948527e-06	8.1685912e-08	-6.2588577e-05	2.6992776e-05	0.00018720892	0.0001876444	0.0023207818
0.3	1.3	0	0	0	0.58067239	0	0	0	0.57919989	0.437223	0.00018983757	8.3440434e-07	5.0123951e-07	4.9075229e-07	9.6128073e-08	-2.0076921e-06	3.2106639e-07	-2.0338902e-06	8.0756887e-08	-6.3338151e-05	2.737029e-05	inf	inf	inf
