lambda	F11	F12	F13	F21	F22	F23	F31	F32	F33	J	P11	P12	P13	P21	P22	P23	P31	P32	P33	p	StrEn	t(1)	t(2)	d
0	1	0	0	0	1	0	0	0	1	1	0	0	0	0	0	0	0	0	0	-0	0	inf	inf	inf
0.002	1.002	0	0	0	1.001	0	0	0	0.99850584	1.0015034	5.7768962e-06	-2.4871133e-09	-5.1430119e-08	-2.930129e-09	3.9069091e-06	-2.6705633e-08	-6.4885773e-08	-2.3331687e-08	3.2518317e-09	-3.2290191e-06	7.6296923e-09	7.7279106e-06	7.7583318e-06	0.0039211075
0.004	1.004	0	0	0	1.002	0	0	0	0.99699834	1.0029883	1.1814621e-05	1.3620792e-09	-9.3611975e-08	6.291861e-10	7.9893065e-06	-5.803612e-08	-1.2319904e-07	-4.564647e-08	6.2754632e-09	-6.6034011e-06	3.1033327e-08	1.5804528e-05	1.5782519e-05	-0.0013945714
0.006	1.006	0	0	0	1.003	0	0	0	0.99548059	1.0044578	1.8010985e-05	7.0949538e-09	-1.311917e-07	6.2575631e-09	1.2189107e-05	-9.1996721e-08	-1.7626538e-07	-6.9628276e-08	9.2972082e-09	-1.0069797e-05	7.0759767e-08	2.4098463e-05	2.4037102e-05	-0.0025527481
0.008	1.008	0	0	0	1.004	0	0	0	0.99395399	1.0059132	2.4323956e-05	1.0639135e-08	-1.6731156e-07	9.7858566e-09	1.647982e-05	-1.2741828e-07	-2.2672923e-07	-9.5012868e-08	1.2365026e-08	-1.360538e-05	1.2718174e-07	3.2554403e-05	3.2458606e-05	-0.0029513447
0.01	1.01	0	0	0	1.005	0	0	0	0.99241917	1.0073551	3.0733147e-05	9.9889569e-09	-2.0361422e-07	9.1849385e-09	2.0844844e-05	-1.6394257e-07	-2.7614197e-07	-1.2167646e-07	1.5486332e-08	-1.7197826e-05	2.0059419e-07	4.1143654e-05	4.1015994e-05	-0.0031124278
0.012	1.012	0	0	0	1.006	0	0	0	0.99087636	1.0087835	3.7225176e-05	4.2865967e-09	-2.4096956e-07	3.6053753e-09	2.5272367e-05	-2.0146337e-07	-3.2536699e-07	-1.4954335e-07	1.8655508e-08	-2.0838733e-05	2.9124571e-07	4.9846931e-05	4.9689357e-05	-0.0031711905
0.014	1.014	0	0	0	1.007	0	0	0	0.98932563	1.0101984	4.3790025e-05	-6.6573881e-09	-2.7983595e-07	-7.1274378e-09	2.9753322e-05	-2.4002921e-07	-3.7487892e-07	-1.7861258e-07	2.1860542e-08	-2.4521736e-05	3.9935162e-07	5.8649692e-05	5.8463882e-05	-0.003178213
0.016	1.016	0	0	0	1.008	0	0	0	0.98776697	1.0115998	5.0419665e-05	-2.2608577e-08	-3.2037316e-07	-2.2763936e-08	3.4280412e-05	-2.7987857e-07	-4.248592e-07	-2.0903508e-07	2.5089281e-08	-2.8241722e-05	5.2510124e-07	6.7540269e-05	6.7327757e-05	-0.0031563792
0.018	1.018	0	0	0	1.009	0	0	0	0.98620036	1.0129875	5.7107389e-05	-4.3064335e-08	-3.6251002e-07	-4.2784493e-08	3.8847611e-05	-3.2145029e-07	-4.7525642e-07	-2.4114007e-07	2.8335302e-08	-3.1994445e-05	6.6866264e-07	7.6508943e-05	7.6271182e-05	-0.0031173013
0.02	1.02	0	0	0	1.01	0	0	0	0.98462577	1.0143615	6.3847453e-05	-6.7391977e-08	-4.0603473e-07	-6.6536539e-08	4.3449887e-05	-3.6534153e-07	-5.2587438e-07	-2.7539987e-07	3.1599751e-08	-3.5776313e-05	8.3018597e-07	8.5547454e-05	8.5285839e-05	-0.0030675042
0.022	1.022	0	0	0	1.011	0	0	0	0.98304311	1.0157214	7.0634865e-05	-9.4943887e-08	-4.5068782e-07	-9.3351171e-08	4.8083035e-05	-4.1225377e-07	-5.7646607e-07	-3.1237923e-07	3.4889e-08	-3.9584263e-05	1.009806e-06	9.4648702e-05	9.4364566e-05	-0.0030110424
0.024	1.024	0	0	0	1.012	0	0	0	0.98145225	1.0170672	7.7465222e-05	-1.251287e-07	-4.9622511e-07	-1.2261629e-07	5.274358e-05	-4.6297257e-07	-6.2679826e-07	-3.5271617e-07	3.8211058e-08	-4.3415671e-05	1.2076442e-06	0.00010380654	0.00010350115	-0.0029506076
0.026	1.026	0	0	0	1.013	0	0	0	0.97985296	1.0183984	8.4334569e-05	-1.5744003e-07	-5.424444e-07	-1.5380603e-07	5.7428694e-05	-5.1840312e-07	-6.7667992e-07	-3.9715636e-07	4.1572661e-08	-4.7268278e-05	1.4238106e-06	0.00011301558	0.00011269013	-0.0028880101
0.028	1.028	0	0	0	1.014	0	0	0	0.97824492	1.0197147	9.1239242e-05	-1.9145903e-07	-5.8918758e-07	-1.8648246e-07	6.2136168e-05	-5.7968263e-07	-7.259662e-07	-4.466618e-07	4.4976809e-08	-5.1140129e-05	1.6584048e-06	0.00012227106	0.00012192669	-0.0028244127
0.03	1.03	0	0	0	1.015	0	0	0	0.97662763	1.0210154	9.8175655e-05	-2.2684542e-07	-6.3632866e-07	-2.2028426e-07	6.6864473e-05	-6.4844337e-07	-7.7455141e-07	-5.026662e-07	4.8418828e-08	-5.5029516e-05	1.9115173e-06	0.00013156862	0.00013120643	-0.0027604348
0.032	1.032	0	0	0	1.016	0	0	0	0.97500019	1.0222994	0.00010513983	-2.6332507e-07	-6.8374631e-07	-2.5490924e-07	7.1613079e-05	-7.2749481e-07	-8.2235662e-07	-5.6774169e-07	5.1875872e-08	-5.8934928e-05	2.1832305e-06	0.000140904	0.00014052512	-0.0026961424
0.034	1.034	0	0	0	1.017	0	0	0	0.97336044	1.0235644	0.00011212569	-3.0067451e-07	-7.3124178e-07	-2.9008523e-07	7.6383984e-05	-8.2301685e-07	-8.6930253e-07	-6.4775501e-07	5.527032e-08	-6.2854981e-05	2.4736178e-06	0.00015027207	0.00014987767	-0.0026314871
0.036	1.036	0	0	0	1.018	0	0	0	0.97169941	1.0248008	0.0001191147	-3.3868464e-07	-7.7811129e-07	-3.2548227e-07	8.1191585e-05	-9.5394568e-07	-9.1515827e-07	-7.6116589e-07	5.8293958e-08	-6.6788194e-05	2.7827412e-06	0.00015966079	0.00015924901	-0.0025857123
0.038	1.038	0	0	0	1.019	0	0	0	0.96994957	1.025937	0.00012597803	-3.7695892e-07	-8.1980659e-07	-3.6036947e-07	8.6157096e-05	-1.18838e-06	-9.5792812e-07	-9.7607754e-07	5.9419911e-08	-7.0731515e-05	3.1106139e-06	0.00016900097	0.00016855962	-0.0026183646
0.04	1.04	0	0	0	1.02	0	0	0	0.96795584	1.0268076	0.00013241992	-4.149331e-07	-8.480801e-07	-3.946579e-07	9.1564978e-05	-1.4962707e-06	-9.9231577e-07	-1.2680434e-06	5.7446743e-08	-7.4680782e-05	3.4569796e-06	0.00017814348	0.00017772254	-0.0023685018
0.042	1.042	0	0	0	1.021	0	0	0	0.9658463	1.0275465	0.00013868098	-4.5285652e-07	-8.7177182e-07	-4.2936486e-07	9.7180684e-05	-1.7301417e-06	-1.0223609e-06	-1.4900606e-06	5.542178e-08	-7.8639029e-05	3.8215041e-06	0.0001872124	0.00018678847	-0.0022695472
0.044	1.044	0	0	0	1.022	0	0	0	0.96370314	1.0282404	0.00014491672	-4.9076179e-07	-8.951148e-07	-4.6427171e-07	0.00010285073	-1.9107973e-06	-1.0510557e-06	-1.6602076e-06	5.3849182e-08	-8.26071e-05	4.2041335e-06	0.00019628414	0.00019584714	-0.002231338
0.046	1.046	0	0	0	1.023	0	0	0	0.96154199	1.0289057	0.00015115634	-5.285717e-07	-9.1866636e-07	-4.9914922e-07	0.00010854452	-2.0597295e-06	-1.0790319e-06	-1.7991002e-06	5.2596913e-08	-8.6584487e-05	4.6048926e-06	0.00020537159	0.00020492131	-0.0021973491
0.048	1.048	0	0	0	1.024	0	0	0	0.95936721	1.0295468	0.00015740751	-5.6621671e-07	-9.4250098e-07	-5.3386138e-07	0.00011425272	-2.187564e-06	-1.1064746e-06	-1.9170487e-06	5.1567434e-08	-9.0570597e-05	5.0238188e-06	0.00021447764	0.00021401479	-0.0021627054
0.05	1.05	0	0	0	1.025	0	0	0	0.9571804	1.0301654	0.00016367274	-6.0363997e-07	-9.6660813e-07	-5.6831854e-07	0.00011997121	-2.3001367e-06	-1.1334542e-06	-2.0197494e-06	5.0700233e-08	-9.4564883e-05	5.4609518e-06	0.00022360276	0.00022312809	-0.0021273771
0.052	1.052	0	0	0	1.026	0	0	0	0.95498229	1.030762	0.00016995289	-6.4079518e-07	-9.9095939e-07	-6.0245683e-07	0.00012569769	-2.4010014e-06	-1.1600013e-06	-2.1106861e-06	4.9956201e-08	-9.8566844e-05	5.9163311e-06	0.00023274669	0.00023226085	-0.0020917665
0.054	1.054	0	0	0	1.027	0	0	0	0.95277323	1.031337	0.00017624814	-6.7764463e-07	-1.0155239e-06	-6.3622882e-07	0.00013143065	-2.4924943e-06	-1.1861302e-06	-2.1921576e-06	4.9308732e-08	-0.00010257603	6.3899952e-06	0.00024190887	0.00024141247	-0.0020562162
0.056	1.056	0	0	0	1.028	0	0	0	0.95055339	1.0318903	0.0001825584	-7.1415771e-07	-1.0402721e-06	-6.6959851e-07	0.00013716898	-2.5762416e-06	-1.2118471e-06	-2.2657701e-06	4.8738926e-08	-0.00010659204	6.881981e-06	0.00025108866	0.00025058224	-0.0020209713
0.058	1.058	0	0	0	1.029	0	0	0	0.94832284	1.032422	0.00018888344	-7.5030975e-07	-1.065177e-06	-7.0253851e-07	0.00014291181	-2.6534266e-06	-1.237155e-06	-2.3326964e-06	4.8232879e-08	-0.0001106145	7.3923241e-06	0.00026028543	0.00025976947	-0.0019862002
0.06	1.06	0	0	0	1.03	0	0	0	0.94608162	1.0329319	0.00019522297	-7.8608112e-07	-1.0902143e-06	-7.3502807e-07	0.00014865845	-2.7249407e-06	-1.2620546e-06	-2.3938236e-06	4.7780071e-08	-0.00011464307	7.9210589e-06	0.00026949852	0.00026897348	-0.0019520163
0.062	1.062	0	0	0	1.031	0	0	0	0.94382971	1.0334199	0.00020157667	-8.2145643e-07	-1.1153617e-06	-7.6705176e-07	0.00015440828	-2.7914744e-06	-1.286546e-06	-2.4498417e-06	4.737236e-08	-0.00011867744	8.4682181e-06	0.00027872734	0.00027819363	-0.0019184946
0.064	1.064	0	0	0	1.032	0	0	0	0.94156708	1.0338859	0.00020794424	-8.5642395e-07	-1.1405992e-06	-7.9859851e-07	0.00016016078	-2.8535757e-06	-1.3106285e-06	-2.5013009e-06	4.7003324e-08	-0.00012271734	9.0338334e-06	0.00028797133	0.00028742932	-0.0018856828
0.066	1.066	0	0	0	1.033	0	0	0	0.9392937	1.0343296	0.00021432536	-8.9097505e-07	-1.1659084e-06	-8.2966078e-07	0.00016591549	-2.9116881e-06	-1.3343018e-06	-2.5486483e-06	4.666782e-08	-0.00012676251	9.6179354e-06	0.00029722993	0.00029668	-0.0018536093
0.068	1.068	0	0	0	1.034	0	0	0	0.9370095	1.0347508	0.00022071974	-9.2510376e-07	-1.1912728e-06	-8.6023401e-07	0.00017167201	-2.9661763e-06	-1.3575654e-06	-2.5922538e-06	4.6361672e-08	-0.0001308127	1.0220553e-05	0.00030650267	0.00030594515	-0.0018222887
0.07	1.07	0	0	0	1.035	0	0	0	0.93471442	1.0351495	0.0002271271	-9.5880637e-07	-1.2166769e-06	-8.9031612e-07	0.00017742996	-3.0173454e-06	-1.3804187e-06	-2.6324282e-06	4.6081453e-08	-0.00013486771	1.0841716e-05	0.00031578907	0.00031522428	-0.0017917252
0.072	1.072	0	0	0	1.036	0	0	0	0.93240841	1.0355253	0.00023354717	-9.9208113e-07	-1.2421069e-06	-9.1990706e-07	0.00018318901	-3.0654533e-06	-1.4028617e-06	-2.669436e-06	4.5824324e-08	-0.00013892734	1.1481451e-05	0.00032508871	0.00032451694	-0.001761916
0.074	1.074	0	0	0	1.037	0	0	0	0.93009139	1.0358781	0.0002399797	-1.0249279e-06	-1.2675497e-06	-9.4900854e-07	0.00018894887	-3.110721e-06	-1.4248944e-06	-2.7035048e-06	4.5587911e-08	-0.00014299139	1.2139784e-05	0.00033440119	0.00033382273	-0.001732853
0.076	1.076	0	0	0	1.038	0	0	0	0.9277633	1.0362077	0.00024642445	-1.0573481e-06	-1.2929934e-06	-9.7762368e-07	0.00019470925	-3.1533396e-06	-1.4465168e-06	-2.734833e-06	4.5370219e-08	-0.00014705969	1.2816741e-05	0.00034372614	0.00034314125	-0.0017045241
0.078	1.078	0	0	0	1.039	0	0	0	0.92542405	1.0365138	0.00025288122	-1.0893441e-06	-1.3184269e-06	-1.0057568e-06	0.0002004699	-3.1934759e-06	-1.4677294e-06	-2.7635946e-06	4.5169554e-08	-0.0001511321	1.3512349e-05	0.00035306321	0.00035247214	-0.0016769145
0.08	1.08	0	0	0	1.04	0	0	0	0.92307358	1.0367962	0.00025934978	-1.1209196e-06	-1.3438399e-06	-1.0334133e-06	0.00020623059	-3.231277e-06	-1.4885327e-06	-2.7899442e-06	4.4984476e-08	-0.00015520845	1.422663e-05	0.00036241208	0.00036181508	-0.0016500075
0.082	1.082	0	0	0	1.041	0	0	0	0.92071179	1.0370548	0.00026582995	-1.1520788e-06	-1.3692227e-06	-1.0605993e-06	0.00021199111	-3.2668733e-06	-1.5089273e-06	-2.8140194e-06	4.481375e-08	-0.00015928862	1.4959609e-05	0.00037177246	0.00037116976	-0.0016237853
0.084	1.084	0	0	0	1.042	0	0	0	0.91833862	1.0372892	0.00027232155	-1.1828268e-06	-1.3945665e-06	-1.0873216e-06	0.00021775125	-3.3003813e-06	-1.5289141e-06	-2.8359444e-06	4.4656315e-08	-0.00016337249	1.5711309e-05	0.00038114406	0.00038053588	-0.0015982291
0.086	1.086	0	0	0	1.043	0	0	0	0.91595398	1.0374992	0.00027882441	-1.2131695e-06	-1.4198627e-06	-1.1135876e-06	0.00022351084	-3.3319061e-06	-1.548494e-06	-2.8558314e-06	4.4511252e-08	-0.00016745992	1.6481753e-05	0.00039052663	0.00038991317	-0.0015733196
0.088	1.088	0	0	0	1.044	0	0	0	0.91355778	1.0376847	0.00028533837	-1.2431129e-06	-1.4451037e-06	-1.1394051e-06	0.00022926971	-3.3615424e-06	-1.5676682e-06	-2.8737827e-06	4.4377766e-08	-0.00017155082	1.7270962e-05	0.00039991993	0.0003993014	-0.0015490375
0.09	1.09	0	0	0	1.045	0	0	0	0.91114995	1.0378453	0.0002918633	-1.2726636e-06	-1.4702819e-06	-1.1647824e-06	0.00023502769	-3.3893767e-06	-1.5864378e-06	-2.8898918e-06	4.4255163e-08	-0.00017564508	1.8078958e-05	0.00040932373	0.00040870032	-0.0015253632
0.092	1.092	0	0	0	1.046	0	0	0	0.90873039	1.0379809	0.00029839905	-1.3018287e-06	-1.4953905e-06	-1.1897278e-06	0.00024078464	-3.4154879e-06	-1.6048042e-06	-2.9042449e-06	4.4142839e-08	-0.00017974261	1.8905763e-05	0.00041873783	0.00041810972	-0.0015022776
0.094	1.094	0	0	0	1.047	0	0	0	0.90629902	1.0380912	0.00030494549	-1.3306152e-06	-1.520423e-06	-1.2142501e-06	0.00024654043	-3.4399488e-06	-1.6227687e-06	-2.9169216e-06	4.4040263e-08	-0.00018384332	1.9751397e-05	0.00042816204	0.0004275294	-0.0014797618
0.096	1.096	0	0	0	1.048	0	0	0	0.90385574	1.0381759	0.00031150251	-1.3590306e-06	-1.5453732e-06	-1.2383579e-06	0.00025229494	-3.4628264e-06	-1.6403328e-06	-2.9279959e-06	4.3946966e-08	-0.00018794713	2.0615881e-05	0.00043759616	0.00043695917	-0.001457797
0.098	1.098	0	0	0	1.049	0	0	0	0.90140047	1.0382349	0.00031807001	-1.3870824e-06	-1.5702354e-06	-1.2620602e-06	0.00025804803	-3.4841828e-06	-1.6574981e-06	-2.9375366e-06	4.3862539e-08	-0.00019205397	2.1499234e-05	0.00044704004	0.00044639885	-0.0014363653
0.1	1.1	0	0	0	1.05	0	0	0	0.89893312	1.0382678	0.00032464787	-1.4147782e-06	-1.5950041e-06	-1.2853659e-06	0.00026379961	-3.5040759e-06	-1.6742663e-06	-2.9456081e-06	4.3786615e-08	-0.00019616376	2.2401476e-05	0.00045649352	0.00045584829	-0.001415449
0.102	1.102	0	0	0	1.051	0	0	0	0.8964536	1.0382743	0.00033123601	-1.4421257e-06	-1.6196742e-06	-1.3082839e-06	0.00026954957	-3.5225597e-06	-1.6906389e-06	-2.952271e-06	4.3718872e-08	-0.00020027643	2.3322627e-05	0.00046595646	0.00046530734	-0.0013950308
0.104	1.104	0	0	0	1.052	0	0	0	0.8939618	1.0382544	0.00033783433	-1.4691326e-06	-1.6442408e-06	-1.3308232e-06	0.00027529781	-3.5396847e-06	-1.7066178e-06	-2.957582e-06	4.365902e-08	-0.00020439193	2.4262705e-05	0.00047542871	0.00047477585	-0.0013750941
0.106	1.106	0	0	0	1.053	0	0	0	0.89145764	1.0382076	0.00034444276	-1.4958068e-06	-1.6686992e-06	-1.3529925e-06	0.00028104425	-3.5554987e-06	-1.7222048e-06	-2.9615948e-06	4.3606801e-08	-0.00020851021	2.522173e-05	0.00048491015	0.00048425369	-0.001355623
0.108	1.108	0	0	0	1.054	0	0	0	0.88894102	1.0381338	0.00035106123	-1.5221558e-06	-1.6930453e-06	-1.3748007e-06	0.00028678879	-3.5700463e-06	-1.7374017e-06	-2.9643603e-06	4.3561985e-08	-0.0002126312	2.619972e-05	0.00049440068	0.00049374074	-0.0013366017
0.11	1.11	0	0	0	1.055	0	0	0	0.88641183	1.0380326	0.00035768966	-1.5481875e-06	-1.7172748e-06	-1.3962565e-06	0.00029253138	-3.58337e-06	-1.7522105e-06	-2.9659267e-06	4.3524363e-08	-0.00021675485	2.7196693e-05	0.00050390017	0.00050323689	-0.0013180153
0.112	1.112	0	0	0	1.056	0	0	0	0.88386999	1.0379038	0.00036432799	-1.5739094e-06	-1.741384e-06	-1.4173684e-06	0.00029827192	-3.5955099e-06	-1.7666331e-06	-2.9663396e-06	4.3493746e-08	-0.00022088113	2.8212668e-05	0.00051340853	0.00051274205	-0.0012998493
0.114	1.114	0	0	0	1.057	0	0	0	0.8813154	1.0377471	0.00037097617	-1.5993291e-06	-1.765369e-06	-1.4381451e-06	0.00030401035	-3.6065042e-06	-1.7806715e-06	-2.9656428e-06	4.3469963e-08	-0.00022501	2.9247661e-05	0.00052292568	0.0005222561	-0.0012820898
0.116	1.116	0	0	0	1.058	0	0	0	0.87874794	1.0375623	0.00037763414	-1.624454e-06	-1.7892266e-06	-1.4585947e-06	0.0003097466	-3.6163892e-06	-1.7943278e-06	-2.9638778e-06	4.3452857e-08	-0.0002291414	3.0301692e-05	0.00053245152	0.00053177897	-0.0012647233
0.118	1.118	0	0	0	1.059	0	0	0	0.87616752	1.037349	0.00038430186	-1.6492915e-06	-1.8129533e-06	-1.4787256e-06	0.00031548063	-3.6251995e-06	-1.807604e-06	-2.9610843e-06	4.3442287e-08	-0.00023327531	3.1374777e-05	0.00054198598	0.00054131057	-0.0012477369
0.12	1.12	0	0	0	1.06	0	0	0	0.87357404	1.0371071	0.00039097929	-1.673849e-06	-1.8365462e-06	-1.4985457e-06	0.00032121236	-3.6329681e-06	-1.8205023e-06	-2.9573006e-06	4.3438119e-08	-0.00023741169	3.2466934e-05	0.00055152899	0.00055085083	-0.001231118
0.122	1.122	0	0	0	1.061	0	0	0	0.87096738	1.0368361	0.00039766638	-1.6981334e-06	-1.8600024e-06	-1.5180631e-06	0.00032694174	-3.6397268e-06	-1.8330248e-06	-2.952563e-06	4.3440232e-08	-0.00024155052	3.3578181e-05	0.00056108049	0.00056039969	-0.0012148548
0.124	1.124	0	0	0	1.062	0	0	0	0.86834744	1.0365359	0.00040436311	-1.722152e-06	-1.883319e-06	-1.5372854e-06	0.00033266874	-3.6455059e-06	-1.8451737e-06	-2.9469067e-06	4.3448512e-08	-0.00024569177	3.4708533e-05	0.00057064042	0.00056995708	-0.0011989357
0.126	1.126	0	0	0	1.063	0	0	0	0.86571412	1.0362061	0.00041106945	-1.7459115e-06	-1.9064935e-06	-1.5562203e-06	0.00033839329	-3.6503346e-06	-1.8569513e-06	-2.9403653e-06	4.3462853e-08	-0.0002498354	3.5858009e-05	0.00058020872	0.00057952294	-0.0011833497
0.128	1.128	0	0	0	1.064	0	0	0	0.86306731	1.0358465	0.00041778538	-1.7694189e-06	-1.9295236e-06	-1.5748752e-06	0.00034411535	-3.654241e-06	-1.8683598e-06	-2.9329712e-06	4.3483155e-08	-0.0002539814	3.7026625e-05	0.00058978536	0.00058909724	-0.0011680859
0.13	1.13	0	0	0	1.065	0	0	0	0.86040689	1.0354567	0.00042451087	-1.7926807e-06	-1.9524069e-06	-1.5932574e-06	0.00034983489	-3.6572521e-06	-1.8794014e-06	-2.9247557e-06	4.3509322e-08	-0.00025812976	3.8214398e-05	0.00059937029	0.00059867993	-0.0011531342
0.132	1.132	0	0	0	1.066	0	0	0	0.85773275	1.0350364	0.00043124591	-1.8157035e-06	-1.9751414e-06	-1.6113741e-06	0.00035555187	-3.6593939e-06	-1.8900786e-06	-2.915749e-06	4.3541265e-08	-0.00026228044	3.9421345e-05	0.00060896347	0.00060827097	-0.0011384848
0.134	1.134	0	0	0	1.067	0	0	0	0.85504478	1.0345854	0.00043799049	-1.8384937e-06	-1.997725e-06	-1.6292321e-06	0.00036126624	-3.6606915e-06	-1.9003936e-06	-2.90598e-06	4.3578896e-08	-0.00026643344	4.0647482e-05	0.00061856489	0.00061787032	-0.001124128
0.136	1.136	0	0	0	1.068	0	0	0	0.85234286	1.0341033	0.0004447446	-1.8610576e-06	-2.0201559e-06	-1.6468384e-06	0.00036697798	-3.6611694e-06	-1.9103488e-06	-2.8954769e-06	4.3622133e-08	-0.00027058873	4.1892826e-05	0.0006281745	0.00062747797	-0.0011100549
0.138	1.138	0	0	0	1.069	0	0	0	0.84962689	1.0335898	0.00045150824	-1.8834013e-06	-2.0424325e-06	-1.6641995e-06	0.00037268705	-3.660851e-06	-1.9199466e-06	-2.8842668e-06	4.3670893e-08	-0.00027474632	4.3157394e-05	0.0006377923	0.00063709389	-0.0010962566
0.14	1.14	0	0	0	1.07	0	0	0	0.84689673	1.0330446	0.00045828141	-1.9055308e-06	-2.0645532e-06	-1.681322e-06	0.00037839342	-3.659759e-06	-1.9291896e-06	-2.8723761e-06	4.3725097e-08	-0.00027890618	4.4441201e-05	0.00064741827	0.00064671805	-0.0010827247
0.142	1.142	0	0	0	1.071	0	0	0	0.84415228	1.0324675	0.0004650641	-1.9274521e-06	-2.0865164e-06	-1.6982121e-06	0.00038409707	-3.6579156e-06	-1.93808e-06	-2.8598301e-06	4.3784669e-08	-0.00028306832	4.5744266e-05	0.0006570524	0.00065635046	-0.001069451
0.144	1.144	0	0	0	1.072	0	0	0	0.8413934	1.0318579	0.00047185634	-1.9491708e-06	-2.108321e-06	-1.7148761e-06	0.00038979797	-3.6553422e-06	-1.9466205e-06	-2.8466536e-06	4.3849531e-08	-0.00028723272	4.7066603e-05	0.00066669468	0.00066599111	-0.0010564277
0.146	1.146	0	0	0	1.073	0	0	0	0.83861999	1.0312158	0.00047865813	-1.9706927e-06	-2.1299656e-06	-1.73132e-06	0.00039549609	-3.6520596e-06	-1.9548134e-06	-2.8328703e-06	4.3919608e-08	-0.00029139938	4.840823e-05	0.00067634511	0.00067563998	-0.0010436474
0.148	1.148	0	0	0	1.074	0	0	0	0.83583191	1.0305406	0.00048546948	-1.9920231e-06	-2.1514493e-06	-1.7475497e-06	0.00040119141	-3.6480879e-06	-1.9626614e-06	-2.8185035e-06	4.3994824e-08	-0.0002955683	4.9769163e-05	0.00068600369	0.00068529708	-0.0010311028
0.15	1.15	0	0	0	1.075	0	0	0	0.83302905	1.0298322	0.00049229042	-2.0131675e-06	-2.1727709e-06	-1.7635709e-06	0.00040688392	-3.6434468e-06	-1.970167e-06	-2.8035756e-06	4.4075105e-08	-0.00029973947	5.1149419e-05	0.00069567044	0.00069496242	-0.0010187869
0.152	1.152	0	0	0	1.076	0	0	0	0.83021127	1.02909	0.00049912096	-2.0341312e-06	-2.1939298e-06	-1.7793893e-06	0.00041257358	-3.6381553e-06	-1.9773327e-06	-2.7881084e-06	4.4160374e-08	-0.0003039129	5.2549013e-05	0.00070534536	0.00070463601	-0.0010066931
0.154	1.154	0	0	0	1.077	0	0	0	0.82737844	1.0283139	0.00050596113	-2.0549192e-06	-2.214925e-06	-1.7950102e-06	0.00041826038	-3.632232e-06	-1.9841612e-06	-2.7721232e-06	4.4250558e-08	-0.00030808859	5.3967963e-05	0.00071502848	0.00071431786	-0.00099481479
0.156	1.156	0	0	0	1.078	0	0	0	0.82453045	1.0275035	0.00051281096	-2.0755366e-06	-2.235756e-06	-1.8104391e-06	0.00042394431	-3.6256951e-06	-1.9906551e-06	-2.7556404e-06	4.4345578e-08	-0.00031226654	5.5406284e-05	0.0007247198	0.000724008	-0.00098314586
0.158	1.158	0	0	0	1.079	0	0	0	0.82166716	1.0266583	0.00051967049	-2.0959883e-06	-2.2564222e-06	-1.8256811e-06	0.00042962534	-3.6185621e-06	-1.996817e-06	-2.7386801e-06	4.4445358e-08	-0.00031644676	5.6863995e-05	0.00073441936	0.00073370643	-0.00097168031
0.16	1.16	0	0	0	1.08	0	0	0	0.81878843	1.0257781	0.00052653975	-2.1162791e-06	-2.2769233e-06	-1.8407414e-06	0.00043530347	-3.6108502e-06	-2.0026495e-06	-2.7212618e-06	4.4549821e-08	-0.00032062926	5.834111e-05	0.00074412719	0.00074341321	-0.00096041236
0.162	1.162	0	0	0	1.081	0	0	0	0.81589414	1.0248626	0.00053341878	-2.1364137e-06	-2.2972587e-06	-1.8556247e-06	0.00044097868	-3.6025761e-06	-2.0081554e-06	-2.7034042e-06	4.4658886e-08	-0.00032481404	5.9837647e-05	0.00075384332	0.00075312834	-0.00094933648
0.164	1.164	0	0	0	1.082	0	0	0	0.81298414	1.0239113	0.00054030762	-2.1563965e-06	-2.3174283e-06	-1.8703361e-06	0.00044665095	-3.5937563e-06	-2.0133373e-06	-2.6851259e-06	4.4772473e-08	-0.00032900112	6.1353623e-05	0.00076356778	0.00076285188	-0.00093844731
0.166	1.166	0	0	0	1.083	0	0	0	0.81005831	1.0229238	0.00054720633	-2.1762322e-06	-2.337432e-06	-1.8848801e-06	0.00045232028	-3.5844065e-06	-2.0181978e-06	-2.6664445e-06	4.4890501e-08	-0.0003331905	6.2889055e-05	0.00077330062	0.00077258386	-0.0009277397
0.168	1.168	0	0	0	1.084	0	0	0	0.8071165	1.0218999	0.00055411495	-2.1959251e-06	-2.3572696e-06	-1.8992613e-06	0.00045798664	-3.5745423e-06	-2.0227398e-06	-2.6473776e-06	4.5012885e-08	-0.0003373822	6.4443959e-05	0.00078304188	0.00078232433	-0.00091720868
0.17	1.17	0	0	0	1.085	0	0	0	0.80415857	1.0208391	0.00056103354	-2.2154793e-06	-2.3769413e-06	-1.9134843e-06	0.00046365005	-3.5641789e-06	-2.0269659e-06	-2.6279421e-06	4.5139542e-08	-0.00034157624	6.6018352e-05	0.00079279162	0.00079207333	-0.00090684948
0.172	1.172	0	0	0	1.086	0	0	0	0.80118439	1.0197411	0.00056796216	-2.2348992e-06	-2.396447e-06	-1.9275534e-06	0.00046931047	-3.5533312e-06	-2.0308789e-06	-2.6081543e-06	4.5270382e-08	-0.00034577263	6.7612252e-05	0.00080254989	0.00080183092	-0.00089665749
0.174	1.174	0	0	0	1.087	0	0	0	0.79819382	1.0186055	0.00057490088	-2.2541887e-06	-2.4157871e-06	-1.9414729e-06	0.00047496791	-3.5420136e-06	-2.0344814e-06	-2.5880304e-06	4.5405319e-08	-0.0003499714	6.9225676e-05	0.00081231675	0.00081159717	-0.00088662824
0.176	1.176	0	0	0	1.088	0	0	0	0.7951867	1.0174318	0.00058184975	-2.2733518e-06	-2.4349618e-06	-1.9552469e-06	0.00048062236	-3.5302402e-06	-2.0377764e-06	-2.5675858e-06	4.554426e-08	-0.00035417255	7.0858641e-05	0.00082209226	0.00082137212	-0.00087675747
0.178	1.178	0	0	0	1.089	0	0	0	0.79216289	1.0162198	0.00058880886	-2.2923925e-06	-2.4539714e-06	-1.9688795e-06	0.00048627381	-3.5180249e-06	-2.0407664e-06	-2.5468359e-06	4.5687113e-08	-0.00035837612	7.2511164e-05	0.00083187649	0.00083115585	-0.00086704104
0.18	1.18	0	0	0	1.09	0	0	0	0.78912226	1.014969	0.00059577827	-2.3113145e-06	-2.4728165e-06	-1.9823746e-06	0.00049192225	-3.5053811e-06	-2.0434542e-06	-2.5257954e-06	4.5833783e-08	-0.00036258212	7.4183264e-05	0.00084166952	0.00084094843	-0.00085747498
0.182	1.182	0	0	0	1.091	0	0	0	0.78606464	1.0136791	0.00060275807	-2.3301215e-06	-2.4914974e-06	-1.9957361e-06	0.00049756768	-3.492322e-06	-2.0458427e-06	-2.5044786e-06	4.5984173e-08	-0.00036679058	7.5874958e-05	0.00085147141	0.00085074993	-0.00084805543
0.184	1.184	0	0	0	1.092	0	0	0	0.78298989	1.0123496	0.00060974834	-2.3488171e-06	-2.5100149e-06	-2.0089679e-06	0.0005032101	-3.4788607e-06	-2.0479345e-06	-2.4828997e-06	4.6138182e-08	-0.00037100153	7.7586264e-05	0.00086128226	0.00086056044	-0.0008387787
0.186	1.186	0	0	0	1.093	0	0	0	0.77989786	1.01098	0.00061674918	-2.367405e-06	-2.5283696e-06	-2.0220735e-06	0.0005088495	-3.4650096e-06	-2.0497325e-06	-2.4610722e-06	4.6295709e-08	-0.00037521499	7.93172e-05	0.00087110215	0.00087038005	-0.00082964123
0.188	1.188	0	0	0	1.094	0	0	0	0.7767884	1.0095701	0.00062376067	-2.3858886e-06	-2.5465622e-06	-2.0350565e-06	0.00051448587	-3.4507811e-06	-2.0512394e-06	-2.4390094e-06	4.6456649e-08	-0.000379431	8.1067784e-05	0.00088093117	0.00088020884	-0.00082063957
0.19	1.19	0	0	0	1.095	0	0	0	0.77366136	1.0081194	0.00063078291	-2.4042712e-06	-2.5645935e-06	-2.0479206e-06	0.00052011922	-3.4361872e-06	-2.052458e-06	-2.4167244e-06	4.6620896e-08	-0.00038364958	8.2838035e-05	0.00089076942	0.00089004691	-0.00081177041
0.192	1.192	0	0	0	1.096	0	0	0	0.77051658	1.0066275	0.00063781601	-2.4225562e-06	-2.5824644e-06	-2.0606692e-06	0.00052574954	-3.4212399e-06	-2.0533909e-06	-2.3942296e-06	4.6788339e-08	-0.00038787078	8.4627972e-05	0.000900617	0.00089989435	-0.00080303054
0.194	1.194	0	0	0	1.097	0	0	0	0.76735391	1.005094	0.00064486007	-2.4407468e-06	-2.6001758e-06	-2.0733055e-06	0.00053137683	-3.4059505e-06	-2.0540411e-06	-2.3715375e-06	4.6958868e-08	-0.00039209462	8.6437613e-05	0.00091047401	0.00090975129	-0.0007944169
0.196	1.196	0	0	0	1.098	0	0	0	0.76417318	1.0035183	0.00065191521	-2.4588462e-06	-2.6177287e-06	-2.0858329e-06	0.00053700108	-3.3903305e-06	-2.0544111e-06	-2.3486599e-06	4.7132366e-08	-0.00039632114	8.8266977e-05	0.00092034058	0.00091961783	-0.0007859265
0.198	1.198	0	0	0	1.099	0	0	0	0.76097425	1.0019002	0.00065898155	-2.4768575e-06	-2.6351242e-06	-2.0982546e-06	0.00054262231	-3.3743908e-06	-2.0545037e-06	-2.3256085e-06	4.7308718e-08	-0.00040055039	9.0116084e-05	0.00093021681	0.00092949408	-0.00077755649
0.2	1.2	0	0	0	1.1	0	0	0	0.75775695	1.0002392	0.0006660592	-2.4947837e-06	-2.6523633e-06	-2.1105737e-06	0.0005482405	-3.3581422e-06	-2.0543217e-06	-2.3023947e-06	4.7487801e-08	-0.0004047824	9.1984953e-05	0.00094010284	0.00093938017	-0.00076930412
0.202	1.202	0	0	0	1.101	0	0	0	0.75452113	0.99853477	0.00067314831	-2.5126279e-06	-2.6694471e-06	-2.1227934e-06	0.00055385566	-3.3415954e-06	-2.0538678e-06	-2.2790295e-06	4.7669494e-08	-0.00040901721	9.3873605e-05	0.00094999879	0.00094927623	-0.00076116672
0.204	1.204	0	0	0	1.102	0	0	0	0.75126662	0.99678656	0.000680249	-2.5303929e-06	-2.686377e-06	-2.1349166e-06	0.00055946779	-3.3247606e-06	-2.0531446e-06	-2.2555236e-06	4.785367e-08	-0.00041325488	9.5782058e-05	0.00095990479	0.00095918239	-0.00075314174
0.206	1.206	0	0	0	1.103	0	0	0	0.74799326	0.9949941	0.00068736141	-2.5480815e-06	-2.703154e-06	-2.1469463e-06	0.00056507689	-3.3076481e-06	-2.0521548e-06	-2.2318877e-06	4.8040202e-08	-0.00041749545	9.7710334e-05	0.000969821	0.0009690988	-0.00074522673
0.208	1.208	0	0	0	1.104	0	0	0	0.7447009	0.99315695	0.0006944857	-2.5656966e-06	-2.7197796e-06	-2.1588853e-06	0.00057068295	-3.2902676e-06	-2.050901e-06	-2.2081318e-06	4.8228956e-08	-0.00042173896	9.9658453e-05	0.00097974755	0.0009790256	-0.00073741931
0.21	1.21	0	0	0	1.105	0	0	0	0.74138937	0.99127466	0.00070162201	-2.5832408e-06	-2.736255e-06	-2.1707365e-06	0.000576286	-3.272629e-06	-2.049386e-06	-2.184266e-06	4.8419799e-08	-0.00042598548	0.00010162644	0.0009896846	0.00098896294	-0.0007297172
0.212	1.212	0	0	0	1.106	0	0	0	0.7380585	0.98934676	0.00070877051	-2.600717e-06	-2.7525815e-06	-2.1825027e-06	0.00058188601	-3.2547416e-06	-2.0476123e-06	-2.1603e-06	4.8612592e-08	-0.00043023504	0.00010361431	0.00099963232	0.00099891099	-0.00072211823
0.214	1.214	0	0	0	1.107	0	0	0	0.73470814	0.9873728	0.00071593136	-2.6181276e-06	-2.7687606e-06	-2.1941865e-06	0.00058748301	-3.2366148e-06	-2.0455825e-06	-2.1362431e-06	4.8807196e-08	-0.00043448773	0.00010562208	0.0010095909	0.0010088699	-0.00071462027
0.216	1.216	0	0	0	1.108	0	0	0	0.73133812	0.98535233	0.00072310474	-2.6354752e-06	-2.7847936e-06	-2.2057907e-06	0.00059307698	-3.2182577e-06	-2.0432992e-06	-2.1121046e-06	4.9003467e-08	-0.00043874358	0.00010764978	0.0010195604	0.0010188399	-0.00070722132
0.218	1.218	0	0	0	1.109	0	0	0	0.72794827	0.98328487	0.00073029082	-2.6527624e-06	-2.8006821e-06	-2.2173178e-06	0.00059866795	-3.1996791e-06	-2.0407649e-06	-2.0878934e-06	4.9201257e-08	-0.00044300266	0.00010969744	0.0010295412	0.0010288211	-0.00069991944
0.22	1.22	0	0	0	1.11	0	0	0	0.72453844	0.98116996	0.00073748981	-2.6699916e-06	-2.8164274e-06	-2.2287703e-06	0.0006042559	-3.1808877e-06	-2.0379821e-06	-2.0636183e-06	4.9400417e-08	-0.00044726503	0.00011176507	0.0010395333	0.0010388137	-0.00069271277
0.222	1.222	0	0	0	1.111	0	0	0	0.72110846	0.97900714	0.00074470188	-2.6871652e-06	-2.8320311e-06	-2.2401509e-06	0.00060984084	-3.1618922e-06	-2.0349533e-06	-2.0392877e-06	4.9600794e-08	-0.00045153077	0.00011385269	0.001049537	0.0010488179	-0.00068559953
0.224	1.224	0	0	0	1.112	0	0	0	0.71765817	0.97679593	0.00075192724	-2.7042856e-06	-2.8474946e-06	-2.2514619e-06	0.00061542279	-3.1427007e-06	-2.031681e-06	-2.01491e-06	4.9802231e-08	-0.00045579994	0.00011596034	0.0010595525	0.001058834	-0.00067857801
0.226	1.226	0	0	0	1.113	0	0	0	0.71418741	0.97453585	0.00075916612	-2.7213551e-06	-2.8628195e-06	-2.2627058e-06	0.00062100174	-3.1233215e-06	-2.0281675e-06	-1.9904931e-06	5.000457e-08	-0.00046007262	0.00011808803	0.0010695799	0.0010688621	-0.0006716466
0.228	1.228	0	0	0	1.114	0	0	0	0.710696	0.97222645	0.00076641872	-2.738376e-06	-2.8780072e-06	-2.273885e-06	0.00062657769	-3.1037626e-06	-2.0244153e-06	-1.966045e-06	5.0207648e-08	-0.00046434887	0.00012023579	0.0010796197	0.0010789024	-0.00066480373
0.23	1.23	0	0	0	1.115	0	0	0	0.7071838	0.96986723	0.00077368528	-2.7553505e-06	-2.8930592e-06	-2.2850018e-06	0.00063215067	-3.0840318e-06	-2.0204267e-06	-1.9415733e-06	5.0411298e-08	-0.00046862879	0.00012240364	0.0010896718	0.0010889552	-0.00065804793
0.232	1.232	0	0	0	1.116	0	0	0	0.70365065	0.96745772	0.00078096603	-2.7722808e-06	-2.9079771e-06	-2.2960584e-06	0.00063772067	-3.0641367e-06	-2.016204e-06	-1.9170854e-06	5.0615352e-08	-0.00047291244	0.00012459161	0.0010997367	0.0010990208	-0.00065137778
0.234	1.234	0	0	0	1.117	0	0	0	0.70009638	0.96499745	0.00078826122	-2.789169e-06	-2.9227623e-06	-2.3070572e-06	0.00064328769	-3.0440849e-06	-2.0117495e-06	-1.8925886e-06	5.0819638e-08	-0.00047719991	0.00012679972	0.0011098145	0.0011090993	-0.00064479195
0.236	1.236	0	0	0	1.118	0	0	0	0.69652085	0.96248594	0.00079557112	-2.8060173e-06	-2.9374164e-06	-2.3180004e-06	0.00064885176	-3.0238836e-06	-2.0070653e-06	-1.86809e-06	5.102398e-08	-0.0004814913	0.00012902801	0.0011199055	0.0011191911	-0.00063828917
0.238	1.238	0	0	0	1.119	0	0	0	0.69292389	0.95992271	0.00080289599	-2.8228276e-06	-2.9519407e-06	-2.3288902e-06	0.00065441287	-3.0035401e-06	-2.0021537e-06	-1.8435964e-06	5.12282e-08	-0.00048578669	0.00013127649	0.00113001	0.0011292964	-0.00063186824
0.24	1.24	0	0	0	1.12	0	0	0	0.68930535	0.95730727	0.0008102361	-2.8396021e-06	-2.9663368e-06	-2.3397286e-06	0.00065997103	-2.9830615e-06	-1.9970169e-06	-1.8191145e-06	5.1432115e-08	-0.00049008619	0.00013354519	0.0011401283	0.0011394155	-0.00062552803
0.242	1.242	0	0	0	1.121	0	0	0	0.68566509	0.95463917	0.00081759175	-2.8563426e-06	-2.980606e-06	-2.3505179e-06	0.00066552625	-2.9624545e-06	-1.9916569e-06	-1.794651e-06	5.1635541e-08	-0.00049438988	0.00013583415	0.0011502606	0.0011495487	-0.00061926746
0.244	1.244	0	0	0	1.122	0	0	0	0.68200297	0.95191792	0.00082496324	-2.8730512e-06	-2.9947497e-06	-2.3612601e-06	0.00067107854	-2.941726e-06	-1.9860757e-06	-1.7702121e-06	5.1838289e-08	-0.00049869787	0.00013814339	0.0011604073	0.0011596963	-0.00061308556
0.246	1.246	0	0	0	1.123	0	0	0	0.67831883	0.94914305	0.00083235088	-2.8897297e-06	-3.0087693e-06	-2.3719574e-06	0.00067662791	-2.9208826e-06	-1.9802754e-06	-1.7458041e-06	5.2040167e-08	-0.00050301028	0.00014047294	0.0011705687	0.0011698586	-0.00060698137
0.248	1.248	0	0	0	1.124	0	0	0	0.67461254	0.94631409	0.00083975499	-2.90638e-06	-3.022666e-06	-2.3826116e-06	0.00068217437	-2.8999307e-06	-1.974258e-06	-1.7214331e-06	5.2240982e-08	-0.0005073272	0.00014282282	0.0011807451	0.0011800359	-0.00060095404
0.25	1.25	0	0	0	1.125	0	0	0	0.67088397	0.94343058	0.00084717591	-2.9230039e-06	-3.0364411e-06	-2.3932249e-06	0.00068771793	-2.8788767e-06	-1.9680254e-06	-1.6971048e-06	5.2440536e-08	-0.00051164876	0.00014519308	0.0011909368	0.0011902286	-0.00059500277
0.252	1.252	0	0	0	1.126	0	0	0	0.66713298	0.94049206	0.00085461399	-2.9396033e-06	-3.0500957e-06	-2.4037992e-06	0.00069325861	-2.8577268e-06	-1.9615793e-06	-1.6728252e-06	5.2638628e-08	-0.00051597508	0.00014758374	0.0012011443	0.0012004371	-0.00058912682
0.254	1.254	0	0	0	1.127	0	0	0	0.66335946	0.93749807	0.0008620696	-2.9561799e-06	-3.0636311e-06	-2.4143365e-06	0.0006987964	-2.8364872e-06	-1.9549217e-06	-1.6485997e-06	5.2835053e-08	-0.00052030628	0.00014999483	0.0012113678	0.0012106616	-0.00058332553
0.256	1.256	0	0	0	1.128	0	0	0	0.65956329	0.93444816	0.00086954311	-2.9727353e-06	-3.0770482e-06	-2.4248387e-06	0.00070433133	-2.8151637e-06	-1.9480543e-06	-1.6244339e-06	5.3029607e-08	-0.00052464249	0.00015242638	0.0012216078	0.0012209026	-0.00057759828
0.258	1.258	0	0	0	1.129	0	0	0	0.65574435	0.93134189	0.00087703492	-2.9892714e-06	-3.090348e-06	-2.4353077e-06	0.0007098634	-2.7937624e-06	-1.9409789e-06	-1.6003331e-06	5.3222079e-08	-0.00052898385	0.00015487844	0.0012318647	0.0012311605	-0.00057194454
0.26	1.26	0	0	0	1.13	0	0	0	0.65190253	0.92817883	0.00088454543	-3.0057898e-06	-3.1035315e-06	-2.4457454e-06	0.00071539263	-2.7722888e-06	-1.933697e-06	-1.5763025e-06	5.3412257e-08	-0.00053333049	0.00015735103	0.0012421388	0.0012414357	-0.00056636383
0.262	1.262	0	0	0	1.131	0	0	0	0.64803775	0.92495854	0.00089207506	-3.022292e-06	-3.1165995e-06	-2.4561538e-06	0.00072091903	-2.7507487e-06	-1.9262104e-06	-1.5523472e-06	5.3599926e-08	-0.00053768256	0.00015984418	0.0012524307	0.0012517287	-0.00056085575
0.264	1.264	0	0	0	1.132	0	0	0	0.64414992	0.92168063	0.00089962426	-3.0387797e-06	-3.1295526e-06	-2.4665346e-06	0.00072644262	-2.7291476e-06	-1.9185207e-06	-1.5284722e-06	5.378487e-08	-0.00054204022	0.00016235794	0.0012627407	0.0012620397	-0.00055541993
0.266	1.266	0	0	0	1.133	0	0	0	0.64023896	0.91834467	0.00090719348	-3.0552545e-06	-3.1423915e-06	-2.4768897e-06	0.00073196341	-2.707491e-06	-1.9106292e-06	-1.5046823e-06	5.3966868e-08	-0.00054640362	0.00016489234	0.0012730693	0.0012723695	-0.00055005611
0.268	1.268	0	0	0	1.134	0	0	0	0.63630479	0.91495029	0.00091478319	-3.0717178e-06	-3.1551167e-06	-2.4872209e-06	0.00073748141	-2.6857841e-06	-1.9025377e-06	-1.4809823e-06	5.4145699e-08	-0.00055077291	0.00016744742	0.0012834171	0.0012827183	-0.00054476405
0.27	1.27	0	0	0	1.135	0	0	0	0.63234736	0.91149711	0.00092239388	-3.0881712e-06	-3.1677287e-06	-2.49753e-06	0.00074299664	-2.6640322e-06	-1.8942475e-06	-1.4573767e-06	5.4321139e-08	-0.00055514828	0.00017002321	0.0012937844	0.0012930867	-0.00053954361
0.272	1.272	0	0	0	1.136	0	0	0	0.62836663	0.90798476	0.00093002607	-3.1046161e-06	-3.1802277e-06	-2.5078189e-06	0.00074850912	-2.6422405e-06	-1.88576e-06	-1.4338703e-06	5.4492961e-08	-0.00055952989	0.00017261976	0.0013041719	0.0013034753	-0.00053439469
0.274	1.274	0	0	0	1.137	0	0	0	0.62436257	0.9044129	0.00093768028	-3.1210539e-06	-3.1926139e-06	-2.5180893e-06	0.00075401886	-2.620414e-06	-1.8770767e-06	-1.4104672e-06	5.4660939e-08	-0.00056391793	0.00017523711	0.00131458	0.0013138845	-0.00052931725
0.276	1.276	0	0	0	1.138	0	0	0	0.62033514	0.90078122	0.00094535706	-3.1374861e-06	-3.2048874e-06	-2.5283429e-06	0.00075952588	-2.5985578e-06	-1.8681988e-06	-1.387172e-06	5.4824843e-08	-0.00056831259	0.0001778753	0.0013250093	0.0013243149	-0.00052431133
0.278	1.278	0	0	0	1.139	0	0	0	0.61628436	0.8970894	0.00095305697	-3.1539139e-06	-3.2170481e-06	-2.5385816e-06	0.0007650302	-2.5766767e-06	-1.8591277e-06	-1.3639889e-06	5.4984443e-08	-0.00057271405	0.00018053437	0.0013354604	0.0013347671	-0.00051937701
0.28	1.28	0	0	0	1.14	0	0	0	0.61221023	0.89333716	0.00096078062	-3.1703388e-06	-3.2290958e-06	-2.548807e-06	0.00077053183	-2.5547756e-06	-1.8498647e-06	-1.340922e-06	5.5139508e-08	-0.00057712253	0.00018321437	0.0013459339	0.0013452417	-0.00051451446
0.282	1.282	0	0	0	1.141	0	0	0	0.60811278	0.88952426	0.0009685286	-3.186762e-06	-3.2410301e-06	-2.559021e-06	0.0007760308	-2.5328592e-06	-1.8404111e-06	-1.3179754e-06	5.5289806e-08	-0.00058153823	0.00018591534	0.0013564304	0.0013557393	-0.00050972387
0.284	1.284	0	0	0	1.142	0	0	0	0.60399206	0.88565046	0.00097630155	-3.2031848e-06	-3.2528505e-06	-2.5692253e-06	0.00078152713	-2.5109322e-06	-1.8307682e-06	-1.2951532e-06	5.5435105e-08	-0.00058596137	0.00018863733	0.0013669506	0.0013662606	-0.00050500553
0.286	1.286	0	0	0	1.143	0	0	0	0.59984813	0.88171557	0.00098410012	-3.2196083e-06	-3.2645565e-06	-2.5794215e-06	0.00078702083	-2.4889993e-06	-1.8209372e-06	-1.2724592e-06	5.5575172e-08	-0.00059039218	0.00019138038	0.0013774951	0.0013768062	-0.00050035974
0.288	1.288	0	0	0	1.144	0	0	0	0.5956811	0.87771942	0.000991925	-3.2360339e-06	-3.2761473e-06	-2.5896115e-06	0.00079251194	-2.467065e-06	-1.8109194e-06	-1.2498973e-06	5.5709775e-08	-0.00059483088	0.00019414455	0.0013880646	0.0013873767	-0.0004957869
0.29	1.29	0	0	0	1.145	0	0	0	0.59149106	0.87366187	0.00099977689	-3.2524626e-06	-3.287622e-06	-2.5997969e-06	0.00079800046	-2.4451338e-06	-1.8007161e-06	-1.2274714e-06	5.5838683e-08	-0.00059927773	0.00019692989	0.0013986598	0.001397973	-0.00049128743
0.292	1.292	0	0	0	1.146	0	0	0	0.58727816	0.86954283	0.0010076565	-3.2688957e-06	-3.2989795e-06	-2.6099794e-06	0.00080348643	-2.4232103e-06	-1.7903285e-06	-1.2051851e-06	5.5961666e-08	-0.00060373297	0.00019973645	0.0014092815	0.0014085957	-0.00048686181
0.294	1.294	0	0	0	1.147	0	0	0	0.58304255	0.86536225	0.0010155646	-3.2853341e-06	-3.3102188e-06	-2.6201608e-06	0.00080896986	-2.4012987e-06	-1.7797581e-06	-1.1830422e-06	5.6078494e-08	-0.00060819686	0.00020256427	0.0014199305	0.0014192457	-0.00048251056
0.296	1.296	0	0	0	1.148	0	0	0	0.57878443	0.86112011	0.001023502	-3.3017789e-06	-3.3213385e-06	-2.6303427e-06	0.00081445079	-2.3794036e-06	-1.7690061e-06	-1.1610462e-06	5.6188942e-08	-0.00061266966	0.00020541343	0.0014306075	0.0014299236	-0.00047823424
0.298	1.298	0	0	0	1.149	0	0	0	0.57450402	0.85681644	0.0010314694	-3.3182312e-06	-3.3323372e-06	-2.6405269e-06	0.00081992924	-2.3575292e-06	-1.7580741e-06	-1.1392008e-06	5.6292785e-08	-0.00061715166	0.00020828397	0.0014413133	0.0014406304	-0.00047403347
0.3	1.3	0	0	0	1.15	0	0	0	0.57020156	0.85245133	0.0010394678	-3.3346919e-06	-3.3432136e-06	-2.6507151e-06	0.00082540523	-2.3356798e-06	-1.7469634e-06	-1.1175093e-06	5.6389802e-08	-0.00062164314	0.00021117595	inf	inf	inf
