lambda	F11	F12	F13	F21	F22	F23	F31	F32	F33	J	P11	P12	P13	P21	P22	P23	P31	P32	P33	p	StrEn	t(1)	t(2)	d
0	1	0	0	0	1	0	0	0	1	1	0	0	0	0	0	0	0	0	0	-0	0	inf	inf	inf
-0.002	0.998	0	0	0	0.99934	0	0	0	1.001311	0.99864888	-4.979546e-06	-1.5011098e-07	9.1023176e-08	-1.494719e-07	-2.6057683e-06	5.1098751e-08	8.1578272e-08	1.0068831e-07	-4.0000319e-09	2.5297714e-06	6.0957527e-09	-5.8368916e-06	-5.1151042e-06	-0.14110903
-0.004	0.996	0	0	0	0.99868	0	0	0	1.0025579	0.99722957	-7.0278954e-06	-1.4628945e-07	2.4800801e-07	-1.4527412e-07	-2.5479687e-06	1.7538769e-07	2.4632612e-07	4.1229811e-07	-1.1625863e-08	3.19583e-06	2.0460417e-08	-7.8615394e-06	-7.8432172e-06	-0.0023360639
-0.006	0.994	0	0	0	0.99802	0	0	0	1.0037833	0.99578506	-8.3595433e-06	-7.3465091e-08	3.8345216e-07	-7.1809746e-08	-1.6577805e-06	2.5708355e-07	3.740426e-07	6.1606093e-07	-1.9092418e-08	3.3454721e-06	3.7468621e-08	-8.8949806e-06	-9.0022463e-06	0.011915442
-0.008	0.992	0	0	0	0.99736	0	0	0	1.0049945	0.99432259	-9.6353641e-06	-3.1644273e-08	5.0952126e-07	-2.9365949e-08	-6.9482199e-07	3.1948147e-07	4.9161545e-07	7.7105507e-07	-2.6323265e-08	3.4521698e-06	5.6469402e-08	-9.8488104e-06	-9.9724718e-06	0.012400272
-0.01	0.99	0	0	0	0.9967	0	0	0	1.0061911	0.99284194	-1.0880262e-05	-1.7887627e-09	6.3119605e-07	1.1184954e-09	2.7914533e-07	3.7164791e-07	6.0567268e-07	9.0042718e-07	-3.3428744e-08	3.5448486e-06	7.7358509e-08	-1.0768282e-05	-1.0901089e-05	0.012182897
-0.012	0.988	0	0	0	0.99604	0	0	0	1.0073712	0.99134142	-1.2093616e-05	2.1948197e-08	7.5005339e-07	2.549235e-08	1.2438857e-06	4.1735709e-07	7.1794488e-07	1.0135415e-06	-4.0450828e-08	3.6300605e-06	1.0007376e-07	-1.1659465e-05	-1.1799593e-05	0.011875677
-0.014	0.986	0	0	0	0.99538	0	0	0	1.0085316	0.98981801	-1.3269456e-05	4.1981747e-08	8.664451e-07	4.6164109e-08	2.1865631e-06	4.5868427e-07	8.2874899e-07	1.1153283e-06	-4.7413892e-08	3.7101023e-06	1.2455688e-07	-1.2520669e-05	-1.2667339e-05	0.011578538
-0.016	0.984	0	0	0	0.99472	0	0	0	1.0096676	0.98826721	-1.439853e-05	5.9463403e-08	9.8000166e-07	6.4275265e-08	3.0949206e-06	4.9690137e-07	9.3764771e-07	1.208749e-06	-5.4329416e-08	3.7859798e-06	1.5074311e-07	-1.334677e-05	-1.3499545e-05	0.011317035
-0.018	0.982	0	0	0	0.99406	0	0	0	1.0107725	0.9866827	-1.5468148e-05	7.493578e-08	1.0897686e-06	8.0356647e-08	3.9547222e-06	5.3278206e-07	1.0436142e-06	1.2956879e-06	-6.1193016e-08	3.8582061e-06	1.7855506e-07	-1.4129892e-05	-1.4288528e-05	0.011102384
-0.02	0.98	0	0	0	0.9934	0	0	0	1.0118377	0.98505634	-1.6462077e-05	8.8574983e-08	1.1942736e-06	9.4571609e-08	4.7487736e-06	5.6671729e-07	1.1451052e-06	1.3773347e-06	-6.7980106e-08	3.9270945e-06	2.0789723e-07	-1.485962e-05	-1.5024098e-05	0.010947655
-0.022	0.978	0	0	0	0.99274	0	0	0	1.0128532	0.98337892	-1.7361968e-05	1.003165e-07	1.2916915e-06	1.0684324e-07	5.4579098e-06	5.9877847e-07	1.2402281e-06	1.4543832e-06	-7.4644421e-08	3.992901e-06	2.3865145e-07	-1.5524044e-05	-1.5694694e-05	0.01087311
-0.024	0.976	0	0	0	0.99208	0	0	0	1.0138105	0.98164233	-1.815156e-05	1.0998555e-07	1.3802388e-06	1.1698729e-07	6.0649524e-06	6.2881693e-07	1.3271351e-06	1.5271942e-06	-8.1125622e-08	4.0559112e-06	2.70676e-07	-1.6112571e-05	-1.6290091e-05	0.010897407
-0.026	0.974	0	0	0	0.99142	0	0	0	1.0147049	0.97984277	-1.8822846e-05	1.17464e-07	1.4587494e-06	1.248821e-07	6.5607826e-06	6.5664001e-07	1.4045963e-06	1.595988e-06	-8.7368795e-08	4.1164774e-06	3.0381182e-07	-1.662004e-05	-1.6805143e-05	0.011014662
-0.028	0.972	0	0	0	0.99076	0	0	0	1.0155386	0.97798272	-1.9379963e-05	1.2282306e-07	1.5270842e-06	1.3060236e-07	6.9483127e-06	6.8219591e-07	1.4724065e-06	1.6610252e-06	-9.3345798e-08	4.1749986e-06	3.3789657e-07	-1.704935e-05	-1.7242212e-05	0.011185457
-0.03	0.97	0	0	0	0.9901	0	0	0	1.0163191	0.97606983	-1.9837224e-05	1.2633056e-07	1.5860532e-06	1.344242e-07	7.2407e-06	7.0564323e-07	1.531307e-06	1.7226809e-06	-9.9062047e-08	4.2318619e-06	3.7278067e-07	-1.7410211e-05	-1.761029e-05	0.011361532
-0.032	0.968	0	0	0	0.98944	0	0	0	1.0170562	0.97411393	-2.0213301e-05	1.2835341e-07	1.6369698e-06	1.3672405e-07	7.4556638e-06	7.2728673e-07	1.582546e-06	1.7814044e-06	-1.0454639e-07	4.2873946e-06	4.0833774e-07	-1.7715293e-05	-1.7921635e-05	0.011513567
-0.034	0.966	0	0	0	0.98878	0	0	0	1.0177592	0.97212441	-2.0526151e-05	1.2925393e-07	1.6812168e-06	1.3787247e-07	7.6104388e-06	7.4747277e-07	1.6274485e-06	1.8376432e-06	-1.0983625e-07	4.3418495e-06	4.444672e-07	-1.7976813e-05	-1.8188428e-05	0.011634583
-0.036	0.964	0	0	0	0.98812	0	0	0	1.0184362	0.97010899	-2.0790638e-05	1.2933503e-07	1.7200107e-06	1.3817856e-07	7.7193655e-06	7.6651888e-07	1.6671832e-06	1.8917929e-06	-1.1496751e-07	4.3954134e-06	4.8109145e-07	-1.8204914e-05	-1.8420979e-05	0.011729307
-0.038	0.962	0	0	0	0.98746	0	0	0	1.019093	0.96807362	-2.1018191e-05	1.288287e-07	1.7543364e-06	1.3787868e-07	7.7934891e-06	7.8468714e-07	1.702696e-06	1.9441819e-06	-1.1997046e-07	4.4482239e-06	5.1815112e-07	-1.8407409e-05	-1.8627308e-05	0.011805201
-0.04	0.96	0	0	0	0.9868	0	0	0	1.0197341	0.9660227	-2.1217311e-05	1.2790502e-07	1.7849635e-06	1.3714583e-07	7.8410298e-06	8.021831e-07	1.7347258e-06	1.9950752e-06	-1.2486912e-07	4.5003834e-06	5.5560068e-07	-1.8590125e-05	-1.8813414e-05	0.011868628
-0.042	0.958	0	0	0	0.98614	0	0	0	1.020363	0.96395947	-2.1394269e-05	1.2668623e-07	1.812488e-06	1.361043e-07	7.868042e-06	8.1916457e-07	1.7638431e-06	2.0446849e-06	-1.2968211e-07	4.5519698e-06	5.9340478e-07	-1.8757362e-05	-1.8983725e-05	0.011924068
-0.044	0.956	0	0	0	0.98548	0	0	0	1.0209819	0.96188633	-2.1553704e-05	1.252597e-07	1.8373725e-06	1.3484281e-07	7.8789949e-06	8.35752e-07	1.7904904e-06	2.0931815e-06	-1.3442374e-07	4.6030442e-06	6.3153558e-07	-1.8912307e-05	-1.9141515e-05	0.011974408
-0.046	0.954	0	0	0	0.98482	0	0	0	1.0215928	0.95980507	-2.1699077e-05	1.2368789e-07	1.8599806e-06	1.3342481e-07	7.8772171e-06	8.5203751e-07	1.8150142e-06	2.1407034e-06	-1.3910505e-07	4.653655e-06	6.6997084e-07	-1.9057342e-05	-1.9289226e-05	0.012021423
-0.048	0.952	0	0	0	0.98416	0	0	0	1.0221969	0.95771706	-2.1833008e-05	1.2201565e-07	1.8806013e-06	1.3189587e-07	7.8652171e-06	8.68092e-07	1.8376893e-06	2.1873643e-06	-1.437346e-07	4.703842e-06	7.0869248e-07	-1.9194271e-05	-1.9428701e-05	0.012066166
-0.05	0.95	0	0	0	0.9835	0	0	0	1.0227954	0.95562332	-2.1957505e-05	1.2027534e-07	1.8994681e-06	1.3028888e-07	7.8449104e-06	8.8397047e-07	1.8587371e-06	2.2332582e-06	-1.4831913e-07	4.7536379e-06	7.4768564e-07	-1.9324479e-05	-1.9561353e-05	0.012109246
-0.052	0.948	0	0	0	0.98284	0	0	0	1.0233891	0.95352468	-2.2074126e-05	1.1849043e-07	1.916772e-06	1.2862773e-07	7.8177792e-06	8.9971593e-07	1.8783379e-06	2.2784643e-06	-1.5286397e-07	4.8030703e-06	7.8693789e-07	-1.9449044e-05	-1.9688277e-05	0.012151001
-0.054	0.946	0	0	0	0.98218	0	0	0	1.0239785	0.95142176	-2.21841e-05	1.16678e-07	1.9326714e-06	1.2692986e-07	7.7849853e-06	9.1536228e-07	1.8966412e-06	2.3230499e-06	-1.5737338e-07	4.8521627e-06	8.2643875e-07	-1.9568816e-05	-1.9810336e-05	0.012191609
-0.056	0.944	0	0	0	0.98152	0	0	0	1.0245643	0.94931508	-2.2288405e-05	1.1485053e-07	1.9472995e-06	1.2520801e-07	7.74745e-06	9.3093643e-07	1.913772e-06	2.3670724e-06	-1.6185082e-07	4.9009353e-06	8.6617924e-07	-1.9684474e-05	-1.9928219e-05	0.012231154
-0.058	0.942	0	0	0	0.98086	0	0	0	1.0251468	0.94720505	-2.2387831e-05	1.1301712e-07	1.9607695e-06	1.2347154e-07	7.705913e-06	9.4645986e-07	1.9298362e-06	2.4105816e-06	-1.6629911e-07	4.9494057e-06	9.0615163e-07	-1.9796566e-05	-2.0042481e-05	0.012269668
-0.06	0.94	0	0	0	0.9802	0	0	0	1.0257264	0.94509201	-2.2483021e-05	1.1118442e-07	1.9731784e-06	1.2172732e-07	7.6609739e-06	9.6194981e-07	1.9449246e-06	2.4536208e-06	-1.7072058e-07	4.9975892e-06	9.4634916e-07	-1.990554e-05	-2.0153573e-05	0.012307151
-0.062	0.938	0	0	0	0.97954	0	0	0	1.0263033	0.94297624	-2.2574505e-05	1.0935725e-07	1.9846105e-06	1.1998035e-07	7.6131239e-06	9.7742017e-07	1.9591154e-06	2.496228e-06	-1.7511718e-07	5.0454993e-06	9.8676592e-07	-2.0011766e-05	-2.0261871e-05	0.012343591
-0.064	0.936	0	0	0	0.97888	0	0	0	1.0268778	0.94085799	-2.2662723e-05	1.0753907e-07	1.9951394e-06	1.1823427e-07	7.562769e-06	9.9288213e-07	1.972477e-06	2.5384368e-06	-1.7949051e-07	5.0931482e-06	1.0273966e-06	-2.0115552e-05	-2.0367683e-05	0.012378969
-0.066	0.934	0	0	0	0.97822	0	0	0	1.0274501	0.93873743	-2.2748045e-05	1.0573231e-07	2.00483e-06	1.1649169e-07	7.5102473e-06	1.0083447e-06	1.9850695e-06	2.5802768e-06	-1.8384195e-07	5.1405464e-06	1.0682367e-06	-2.0217157e-05	-2.0471272e-05	0.012413264
-0.068	0.932	0	0	0	0.97756	0	0	0	1.0280202	0.93661476	-2.2830782e-05	1.0393866e-07	2.0137397e-06	1.1475445e-07	7.4558431e-06	1.0238153e-06	1.9969461e-06	2.6217746e-06	-1.8817267e-07	5.1877038e-06	1.1092817e-06	-2.03168e-05	-2.0572859e-05	0.012446459
-0.07	0.93	0	0	0	0.9769	0	0	0	1.0285885	0.9344901	-2.29112e-05	1.0215924e-07	2.0219201e-06	1.1302381e-07	7.3997966e-06	1.0392996e-06	2.0081539e-06	2.662954e-06	-1.9248367e-07	5.2346289e-06	1.1505281e-06	-2.0414667e-05	-2.0672631e-05	0.012478538
-0.072	0.928	0	0	0	0.97624	0	0	0	1.0291549	0.93236359	-2.2989526e-05	1.0039472e-07	2.0294171e-06	1.1130058e-07	7.3423127e-06	1.0548024e-06	2.0187355e-06	2.7038363e-06	-1.9677579e-07	5.2813296e-06	1.1919723e-06	-2.051092e-05	-2.0770751e-05	0.012509489
-0.074	0.926	0	0	0	0.97558	0	0	0	1.0297196	0.93023534	-2.3065957e-05	9.8645457e-08	2.0362726e-06	1.0958525e-07	7.2835668e-06	1.0703274e-06	2.028729e-06	2.7444408e-06	-2.0104978e-07	5.3278132e-06	1.2336111e-06	-2.0605696e-05	-2.0867359e-05	0.012539303
-0.076	0.924	0	0	0	0.97492	0	0	0	1.0302826	0.92810544	-2.3140662e-05	9.6911566e-08	2.0425242e-06	1.0787806e-07	7.2237099e-06	1.0858774e-06	2.0381689e-06	2.7847849e-06	-2.0530629e-07	5.3740861e-06	1.2754417e-06	-2.0699118e-05	-2.0962575e-05	0.012567976
-0.078	0.922	0	0	0	0.97426	0	0	0	1.0308441	0.92597399	-2.3213791e-05	9.5192978e-08	2.0482064e-06	1.0617905e-07	7.1628731e-06	1.1014547e-06	2.0470868e-06	2.8248845e-06	-2.0954587e-07	5.4201545e-06	1.3174614e-06	-2.079129e-05	-2.1056508e-05	0.012595506
-0.08	0.92	0	0	0	0.9736	0	0	0	1.0314041	0.92384105	-2.3285473e-05	9.3489485e-08	2.0533507e-06	1.0448814e-07	7.1011705e-06	1.117061e-06	2.0555112e-06	2.8647539e-06	-2.1376901e-07	5.4660237e-06	1.3596677e-06	-2.0882306e-05	-2.114925e-05	0.012621894
-0.082	0.918	0	0	0	0.97294	0	0	0	1.0319627	0.9217067	-2.3355823e-05	9.1800783e-08	2.0579858e-06	1.0280513e-07	7.0387018e-06	1.1326973e-06	2.0634684e-06	2.9044064e-06	-2.1797616e-07	5.511699e-06	1.4020584e-06	-2.0972247e-05	-2.1240883e-05	0.012647145
-0.084	0.916	0	0	0	0.97228	0	0	0	1.0325199	0.91957099	-2.3424942e-05	9.0126496e-08	2.0621386e-06	1.0112975e-07	6.9755548e-06	1.1483643e-06	2.0709827e-06	2.9438539e-06	-2.2216768e-07	5.5571851e-06	1.4446313e-06	-2.1061186e-05	-2.1331483e-05	0.012671264
-0.086	0.914	0	0	0	0.97162	0	0	0	1.0330758	0.917434	-2.3492922e-05	8.8466196e-08	2.0658334e-06	9.9461673e-08	6.9118067e-06	1.1640626e-06	2.0780762e-06	2.9831075e-06	-2.2634392e-07	5.6024863e-06	1.4873843e-06	-2.1149188e-05	-2.1421113e-05	0.012694259
-0.088	0.912	0	0	0	0.97096	0	0	0	1.0336304	0.91529575	-2.3559841e-05	8.6819423e-08	2.0690932e-06	9.7800531e-08	6.8475262e-06	1.1797921e-06	2.0847696e-06	3.0221772e-06	-2.3050519e-07	5.6476068e-06	1.5303157e-06	-2.1236311e-05	-2.1509833e-05	0.01271614
-0.09	0.91	0	0	0	0.9703	0	0	0	1.0341837	0.91315632	-2.3625774e-05	8.5185693e-08	2.0719389e-06	9.6145935e-08	6.7827741e-06	1.1955528e-06	2.091082e-06	3.0610723e-06	-2.3465175e-07	5.6925504e-06	1.5734237e-06	-2.1322608e-05	-2.1597696e-05	0.012736919
-0.092	0.908	0	0	0	0.96964	0	0	0	1.0347359	0.91101573	-2.3690783e-05	8.3564512e-08	2.0743903e-06	9.4497481e-08	6.7176046e-06	1.2113442e-06	2.0970312e-06	3.0998015e-06	-2.3878384e-07	5.7373207e-06	1.6167065e-06	-2.1408124e-05	-2.1684748e-05	0.012756606
-0.094	0.906	0	0	0	0.96898	0	0	0	1.0352868	0.90887402	-2.3754928e-05	8.1955381e-08	2.0764658e-06	9.2854753e-08	6.6520664e-06	1.2271658e-06	2.1026336e-06	3.1383724e-06	-2.4290167e-07	5.781921e-06	1.6601627e-06	-2.1492904e-05	-2.1771033e-05	0.012775216
-0.096	0.904	0	0	0	0.96832	0	0	0	1.0358366	0.90673125	-2.3818261e-05	8.0357799e-08	2.0781825e-06	9.1217335e-08	6.5862031e-06	1.2430169e-06	2.1079048e-06	3.1767924e-06	-2.4700545e-07	5.8263545e-06	1.7037906e-06	-2.1576984e-05	-2.1856591e-05	0.012792762
-0.098	0.902	0	0	0	0.96766	0	0	0	1.0363852	0.90458743	-2.3880831e-05	7.8771276e-08	2.0795565e-06	8.9584814e-08	6.520054e-06	1.2588965e-06	2.1128592e-06	3.2150682e-06	-2.5109535e-07	5.8706243e-06	1.747589e-06	-2.1660402e-05	-2.1941455e-05	0.012809258
-0.1	0.9	0	0	0	0.967	0	0	0	1.0369328	0.9024426	-2.3942682e-05	7.7195325e-08	2.0806029e-06	8.7956778e-08	6.4536543e-06	1.2748037e-06	2.1175105e-06	3.253206e-06	-2.5517152e-07	5.914733e-06	1.7915565e-06	-2.1743187e-05	-2.202566e-05	0.012824719
-0.102	0.898	0	0	0	0.96634	0	0	0	1.0374792	0.9002968	-2.4003853e-05	7.5629473e-08	2.0813359e-06	8.6332828e-08	6.3870361e-06	1.2907375e-06	2.1218712e-06	3.2912115e-06	-2.5923411e-07	5.9586835e-06	1.8356917e-06	-2.1825371e-05	-2.2109235e-05	0.012839161
-0.104	0.896	0	0	0	0.96568	0	0	0	1.0380246	0.89815005	-2.406438e-05	7.4073259e-08	2.0817687e-06	8.471257e-08	6.3202285e-06	1.3066965e-06	2.1259534e-06	3.32909e-06	-2.6328326e-07	6.0024783e-06	1.8799934e-06	-2.190698e-05	-2.2192207e-05	0.012852598
-0.106	0.894	0	0	0	0.96502	0	0	0	1.0385689	0.89600237	-2.4124298e-05	7.2526232e-08	2.0819141e-06	8.3095624e-08	6.2532578e-06	1.3226797e-06	2.1297684e-06	3.3668463e-06	-2.6731908e-07	6.0461196e-06	1.9244605e-06	-2.1988038e-05	-2.2274602e-05	0.012865047
-0.108	0.892	0	0	0	0.96436	0	0	0	1.0391122	0.89385381	-2.4183636e-05	7.0987961e-08	2.0817839e-06	8.1481618e-08	6.1861481e-06	1.3386856e-06	2.1333269e-06	3.4044852e-06	-2.7134169e-07	6.08961e-06	1.9690918e-06	-2.2068569e-05	-2.2356442e-05	0.012876523
-0.11	0.89	0	0	0	0.9637	0	0	0	1.0396545	0.89170437	-2.4242424e-05	6.9458025e-08	2.0813894e-06	7.9870195e-08	6.1189212e-06	1.3547129e-06	2.1366388e-06	3.4420106e-06	-2.7535118e-07	6.1329515e-06	2.0138863e-06	-2.2148594e-05	-2.243775e-05	0.012887042
-0.112	0.888	0	0	0	0.96304	0	0	0	1.0401957	0.88955409	-2.4300688e-05	6.7936019e-08	2.0807411e-06	7.826101e-08	6.0515972e-06	1.3707602e-06	2.1397138e-06	3.4794266e-06	-2.7934764e-07	6.1761462e-06	2.0588428e-06	-2.2228132e-05	-2.2518545e-05	0.01289662
-0.114	0.886	0	0	0	0.96238	0	0	0	1.040736	0.88740298	-2.4358452e-05	6.6421555e-08	2.0798491e-06	7.6653728e-08	5.9841945e-06	1.386826e-06	2.1425608e-06	3.5167367e-06	-2.8333117e-07	6.2191962e-06	2.1039604e-06	-2.2307202e-05	-2.2598846e-05	0.012905271
-0.116	0.884	0	0	0	0.96172	0	0	0	1.0412753	0.88525108	-2.4415738e-05	6.4914256e-08	2.0787232e-06	7.5048028e-08	5.9167299e-06	1.4029088e-06	2.1451883e-06	3.5539443e-06	-2.8730184e-07	6.2621034e-06	2.1492382e-06	-2.2385821e-05	-2.2678671e-05	0.012913012
-0.118	0.882	0	0	0	0.96106	0	0	0	1.0418136	0.88309839	-2.4472568e-05	6.3413762e-08	2.0773722e-06	7.3443601e-08	5.8492189e-06	1.4190071e-06	2.1476046e-06	3.5910526e-06	-2.9125972e-07	6.3048695e-06	2.1946751e-06	-2.2464004e-05	-2.2758034e-05	0.012919859
-0.12	0.88	0	0	0	0.9604	0	0	0	1.0423509	0.88094494	-2.452896e-05	6.1919726e-08	2.0758049e-06	7.184015e-08	5.7816757e-06	1.4351195e-06	2.1498172e-06	3.6280643e-06	-2.9520489e-07	6.3474965e-06	2.2402703e-06	-2.2541766e-05	-2.2836953e-05	0.012925826
-0.122	0.878	0	0	0	0.95974	0	0	0	1.0428873	0.87879075	-2.4584934e-05	6.0431816e-08	2.0740294e-06	7.0237388e-08	5.7141134e-06	1.4512442e-06	2.1518336e-06	3.6649821e-06	-2.991374e-07	6.389986e-06	2.2860229e-06	-2.2619122e-05	-2.291544e-05	0.012930928
-0.124	0.876	0	0	0	0.95908	0	0	0	1.0434227	0.87663584	-2.4640506e-05	5.8949712e-08	2.0720537e-06	6.8635042e-08	5.6465443e-06	1.4673798e-06	2.1536607e-06	3.7018085e-06	-3.0305732e-07	6.4323396e-06	2.3319321e-06	-2.2696084e-05	-2.2993509e-05	0.01293518
-0.126	0.874	0	0	0	0.95842	0	0	0	1.0439572	0.87448022	-2.4695691e-05	5.7473107e-08	2.0698852e-06	6.7032847e-08	5.5789793e-06	1.4835246e-06	2.1553053e-06	3.7385457e-06	-3.069647e-07	6.4745589e-06	2.377997e-06	-2.2772664e-05	-2.3071173e-05	0.012938598
-0.128	0.872	0	0	0	0.95776	0	0	0	1.0444908	0.87232392	-2.4750506e-05	5.6001706e-08	2.0675309e-06	6.5430549e-08	5.511429e-06	1.4996771e-06	2.1567735e-06	3.775196e-06	-3.108596e-07	6.5166455e-06	2.4242168e-06	-2.2848874e-05	-2.3148443e-05	0.012941195
-0.13	0.87	0	0	0	0.9571	0	0	0	1.0450234	0.87016695	-2.4804963e-05	5.4535227e-08	2.0649977e-06	6.3827905e-08	5.4439029e-06	1.5158357e-06	2.1580715e-06	3.8117611e-06	-3.1474205e-07	6.5586009e-06	2.4705907e-06	-2.2924725e-05	-2.322533e-05	0.012942986
-0.132	0.868	0	0	0	0.95644	0	0	0	1.0455551	0.86800933	-2.4859077e-05	5.3073398e-08	2.0622922e-06	6.2224681e-08	5.37641e-06	1.5319987e-06	2.1592052e-06	3.848243e-06	-3.1861212e-07	6.6004264e-06	2.5171181e-06	-2.3000227e-05	-2.3301845e-05	0.012943984
-0.134	0.866	0	0	0	0.95578	0	0	0	1.0460859	0.86585107	-2.4912859e-05	5.161596e-08	2.0594204e-06	6.0620651e-08	5.3089585e-06	1.5481646e-06	2.1601799e-06	3.8846432e-06	-3.2246984e-07	6.6421234e-06	2.5637981e-06	-2.3075389e-05	-2.3377998e-05	0.012944204
-0.136	0.864	0	0	0	0.95512	0	0	0	1.0466159	0.8636922	-2.4966321e-05	5.0162662e-08	2.0563884e-06	5.9015598e-08	5.241556e-06	1.5643318e-06	2.1610011e-06	3.9209633e-06	-3.2631526e-07	6.6836934e-06	2.6106301e-06	-2.3150221e-05	-2.3453799e-05	0.012943659
-0.138	0.862	0	0	0	0.95446	0	0	0	1.0471449	0.86153272	-2.5019474e-05	4.8713264e-08	2.0532019e-06	5.7409315e-08	5.1742098e-06	1.5804987e-06	2.1616738e-06	3.9572046e-06	-3.3014841e-07	6.7251376e-06	2.6576133e-06	-2.3224731e-05	-2.3529255e-05	0.012942362
-0.14	0.86	0	0	0	0.9538	0	0	0	1.047673	0.85937265	-2.5072329e-05	4.7267537e-08	2.0498662e-06	5.5801601e-08	5.1069266e-06	1.5966637e-06	2.1622028e-06	3.9933686e-06	-3.3396934e-07	6.7664573e-06	2.7047471e-06	-2.3298928e-05	-2.3604376e-05	0.012940327
-0.142	0.858	0	0	0	0.95314	0	0	0	1.0482003	0.85721201	-2.5124895e-05	4.5825258e-08	2.0463867e-06	5.4192263e-08	5.0397124e-06	1.6128251e-06	2.1625929e-06	4.0294562e-06	-3.3777807e-07	6.8076537e-06	2.7520308e-06	-2.3372819e-05	-2.367917e-05	0.012937565
-0.144	0.856	0	0	0	0.95248	0	0	0	1.0487266	0.85505081	-2.5177182e-05	4.4386215e-08	2.0427683e-06	5.2581116e-08	4.9725731e-06	1.6289815e-06	2.1628484e-06	4.0654687e-06	-3.4157465e-07	6.848728e-06	2.7994638e-06	-2.3446412e-05	-2.3753644e-05	0.01293409
-0.146	0.854	0	0	0	0.95182	0	0	0	1.0492521	0.85288906	-2.5229199e-05	4.2950204e-08	2.0390158e-06	5.0967979e-08	4.9055141e-06	1.6451313e-06	2.1629737e-06	4.1014069e-06	-3.4535911e-07	6.8896814e-06	2.8470454e-06	-2.3519714e-05	-2.3827806e-05	0.012929914
-0.148	0.852	0	0	0	0.95116	0	0	0	1.0497767	0.85072679	-2.5280954e-05	4.1517029e-08	2.035134e-06	4.935268e-08	4.8385404e-06	1.6612729e-06	2.162973e-06	4.1372718e-06	-3.4913148e-07	6.930515e-06	2.894775e-06	-2.3592732e-05	-2.3901662e-05	0.012925049
-0.15	0.85	0	0	0	0.9505	0	0	0	1.0503005	0.848564	-2.5332455e-05	4.00865e-08	2.0311271e-06	4.7735052e-08	4.7716568e-06	1.6774047e-06	2.1628501e-06	4.1730642e-06	-3.5289179e-07	6.97123e-06	2.942652e-06	-2.3665472e-05	-2.397522e-05	0.012919506
-0.152	0.848	0	0	0	0.94984	0	0	0	1.0508233	0.84640071	-2.538371e-05	3.8658437e-08	2.0269995e-06	4.6114934e-08	4.7048677e-06	1.6935253e-06	2.1626088e-06	4.2087847e-06	-3.5664008e-07	7.0118274e-06	2.9906759e-06	-2.373794e-05	-2.4048485e-05	0.012913298
-0.154	0.846	0	0	0	0.94918	0	0	0	1.0513454	0.84423693	-2.5434726e-05	3.7232664e-08	2.0227554e-06	4.4492171e-08	4.6381772e-06	1.7096331e-06	2.1622529e-06	4.244434e-06	-3.6037636e-07	7.0523083e-06	3.038846e-06	-2.3810142e-05	-2.4121464e-05	0.012906435
-0.156	0.844	0	0	0	0.94852	0	0	0	1.0518665	0.84207268	-2.548551e-05	3.5809013e-08	2.0183985e-06	4.2866611e-08	4.5715891e-06	1.7257265e-06	2.1617859e-06	4.2800128e-06	-3.6410068e-07	7.0926737e-06	3.0871617e-06	-2.3882084e-05	-2.4194163e-05	0.01289893
-0.158	0.842	0	0	0	0.94786	0	0	0	1.0523869	0.83990797	-2.5536068e-05	3.4387323e-08	2.0139328e-06	4.1238109e-08	4.5051071e-06	1.7418041e-06	2.1612111e-06	4.3155214e-06	-3.6781305e-07	7.1329247e-06	3.1356226e-06	-2.3953771e-05	-2.4266587e-05	0.012890791
-0.16	0.84	0	0	0	0.9472	0	0	0	1.0529063	0.83774281	-2.5586407e-05	3.2967436e-08	2.009362e-06	3.9606524e-08	4.4387346e-06	1.7578644e-06	2.1605319e-06	4.3509604e-06	-3.7151351e-07	7.1730622e-06	3.1842281e-06	-2.4025209e-05	-2.4338741e-05	0.012882032
-0.162	0.838	0	0	0	0.94654	0	0	0	1.0534249	0.83557721	-2.5636534e-05	3.1549203e-08	2.0046894e-06	3.7971718e-08	4.3724747e-06	1.773906e-06	2.1597513e-06	4.3863301e-06	-3.7520208e-07	7.2130871e-06	3.2329776e-06	-2.4096402e-05	-2.4410632e-05	0.012872661
-0.164	0.836	0	0	0	0.94588	0	0	0	1.0539427	0.83341119	-2.5686453e-05	3.0132479e-08	1.9999186e-06	3.633356e-08	4.3063304e-06	1.7899273e-06	2.1588724e-06	4.4216309e-06	-3.7887879e-07	7.2530006e-06	3.2818706e-06	-2.4167356e-05	-2.4482263e-05	0.012862689
-0.166	0.834	0	0	0	0.94522	0	0	0	1.0544597	0.83124477	-2.5736171e-05	2.8717124e-08	1.9950528e-06	3.4691919e-08	4.2403046e-06	1.8059269e-06	2.1578982e-06	4.456863e-06	-3.8254367e-07	7.2928034e-06	3.3309066e-06	-2.4238074e-05	-2.4553641e-05	0.012852126
-0.168	0.832	0	0	0	0.94456	0	0	0	1.0549758	0.82907794	-2.5785692e-05	2.7303003e-08	1.9900952e-06	3.3046671e-08	4.1743998e-06	1.8219035e-06	2.1568315e-06	4.4920267e-06	-3.8619673e-07	7.3324965e-06	3.3800852e-06	-2.4308562e-05	-2.4624768e-05	0.012840982
-0.17	0.83	0	0	0	0.9439	0	0	0	1.055491	0.82691074	-2.5835023e-05	2.5889985e-08	1.9850488e-06	3.1397694e-08	4.1086185e-06	1.8378554e-06	2.155675e-06	4.5271221e-06	-3.8983801e-07	7.3720808e-06	3.4294057e-06	-2.4378823e-05	-2.469565e-05	0.012829267
-0.172	0.828	0	0	0	0.94324	0	0	0	1.0560055	0.82474316	-2.5884167e-05	2.4477945e-08	1.9799165e-06	2.9744869e-08	4.0429631e-06	1.8537815e-06	2.1544313e-06	4.5621494e-06	-3.9346752e-07	7.4115571e-06	3.4788678e-06	-2.4448862e-05	-2.4766292e-05	0.012816989
-0.174	0.826	0	0	0	0.94258	0	0	0	1.0565191	0.82257522	-2.5933129e-05	2.3066761e-08	1.9747013e-06	2.808808e-08	3.9774356e-06	1.8696803e-06	2.1531031e-06	4.5971086e-06	-3.970853e-07	7.4509264e-06	3.5284709e-06	-2.4518683e-05	-2.4836696e-05	0.012804159
-0.176	0.824	0	0	0	0.94192	0	0	0	1.0570319	0.82040693	-2.5981915e-05	2.1656316e-08	1.9694058e-06	2.6427215e-08	3.9120382e-06	1.8855504e-06	2.1516927e-06	4.6319999e-06	-4.0069136e-07	7.4901894e-06	3.5782146e-06	-2.458829e-05	-2.4906868e-05	0.012790786
-0.178	0.822	0	0	0	0.94126	0	0	0	1.0575439	0.8182383	-2.6030528e-05	2.0246496e-08	1.9640327e-06	2.4762163e-08	3.8467727e-06	1.9013905e-06	2.1502025e-06	4.6668232e-06	-4.0428573e-07	7.5293471e-06	3.6280984e-06	-2.4657686e-05	-2.4976811e-05	0.012776877
-0.18	0.82	0	0	0	0.9406	0	0	0	1.058055	0.81606936	-2.6078973e-05	1.883719e-08	1.9585847e-06	2.3092817e-08	3.7816409e-06	1.9171992e-06	2.148635e-06	4.7015785e-06	-4.0786843e-07	7.5684001e-06	3.6781218e-06	-2.4726875e-05	-2.504653e-05	0.012762442
-0.182	0.818	0	0	0	0.93994	0	0	0	1.0585653	0.8139001	-2.6127253e-05	1.7428293e-08	1.953064e-06	2.1419072e-08	3.7166446e-06	1.9329753e-06	2.1469922e-06	4.7362658e-06	-4.114395e-07	7.6073494e-06	3.7282845e-06	-2.479586e-05	-2.5116026e-05	0.01274749
-0.184	0.816	0	0	0	0.93928	0	0	0	1.0590748	0.81173054	-2.6175374e-05	1.6019702e-08	1.9474733e-06	1.9740824e-08	3.6517852e-06	1.9487174e-06	2.1452763e-06	4.7708849e-06	-4.1499893e-07	7.6461958e-06	3.7785859e-06	-2.4864645e-05	-2.5185305e-05	0.012732028
-0.186	0.814	0	0	0	0.93862	0	0	0	1.0595835	0.80956069	-2.6223337e-05	1.4611316e-08	1.9418147e-06	1.8057973e-08	3.5870643e-06	1.9644242e-06	2.1434895e-06	4.8054359e-06	-4.1854678e-07	7.6849399e-06	3.8290257e-06	-2.4933234e-05	-2.525437e-05	0.012716066
-0.188	0.812	0	0	0	0.93796	0	0	0	1.0600914	0.80739056	-2.6271148e-05	1.3203039e-08	1.9360905e-06	1.6370419e-08	3.5224833e-06	1.9800945e-06	2.1416338e-06	4.8399184e-06	-4.2208304e-07	7.7235825e-06	3.8796034e-06	-2.5001629e-05	-2.5323224e-05	0.01269961
-0.19	0.81	0	0	0	0.9373	0	0	0	1.0605985	0.80522017	-2.6318809e-05	1.1794776e-08	1.9303029e-06	1.4678066e-08	3.4580435e-06	1.995727e-06	2.1397111e-06	4.8743325e-06	-4.2560776e-07	7.7621245e-06	3.9303186e-06	-2.5069833e-05	-2.539187e-05	0.01268267
-0.192	0.808	0	0	0	0.93664	0	0	0	1.0611048	0.80304952	-2.6366325e-05	1.0386437e-08	1.924454e-06	1.2980817e-08	3.393746e-06	2.0113204e-06	2.1377233e-06	4.9086778e-06	-4.2912094e-07	7.8005666e-06	3.9811709e-06	-2.513785e-05	-2.5460311e-05	0.012665251
-0.194	0.806	0	0	0	0.93598	0	0	0	1.0616102	0.80087863	-2.6413698e-05	8.9779335e-09	1.9185458e-06	1.127858e-08	3.3295921e-06	2.0268737e-06	2.1356723e-06	4.9429542e-06	-4.3262262e-07	7.8389094e-06	4.0321598e-06	-2.5205682e-05	-2.5528551e-05	0.012647363
-0.196	0.804	0	0	0	0.93532	0	0	0	1.0621149	0.79870751	-2.6460931e-05	7.5691791e-09	1.9125804e-06	9.5712613e-09	3.2655828e-06	2.0423855e-06	2.1335598e-06	4.9771614e-06	-4.3611281e-07	7.8771538e-06	4.0832851e-06	-2.5273332e-05	-2.5596592e-05	0.012629013
-0.198	0.802	0	0	0	0.93466	0	0	0	1.0626188	0.79653617	-2.6508029e-05	6.1600907e-09	1.9065595e-06	7.8587704e-09	3.2017191e-06	2.0578547e-06	2.1313876e-06	5.0112992e-06	-4.3959153e-07	7.9153003e-06	4.1345462e-06	-2.5340803e-05	-2.5664437e-05	0.012610207
-0.2	0.8	0	0	0	0.934	0	0	0	1.0631218	0.79436462	-2.6554993e-05	4.7505869e-09	1.9004852e-06	6.1410173e-09	3.138002e-06	2.07328e-06	2.1291574e-06	5.0453673e-06	-4.4305882e-07	7.9533498e-06	4.1859428e-06	-2.5408098e-05	-2.573209e-05	0.012590953
-0.202	0.798	0	0	0	0.93334	0	0	0	1.0636241	0.79219287	-2.6601826e-05	3.340589e-09	1.8943591e-06	4.4179134e-09	3.0744324e-06	2.0886605e-06	2.1268708e-06	5.0793654e-06	-4.4651469e-07	7.9913029e-06	4.2374746e-06	-2.547522e-05	-2.5799552e-05	0.012571258
-0.204	0.796	0	0	0	0.93268	0	0	0	1.0641255	0.79002093	-2.6648533e-05	1.9300202e-09	1.888183e-06	2.6893714e-09	3.0110109e-06	2.1039948e-06	2.1245294e-06	5.1132933e-06	-4.4995916e-07	8.0291603e-06	4.289141e-06	-2.554217e-05	-2.5866828e-05	0.012551129
-0.206	0.794	0	0	0	0.93202	0	0	0	1.0646262	0.78784881	-2.6695114e-05	5.1880574e-10	1.8819586e-06	9.5530449e-10	2.9477385e-06	2.1192819e-06	2.1221348e-06	5.1471505e-06	-4.5339226e-07	8.0669227e-06	4.3409419e-06	-2.5608951e-05	-2.5933918e-05	0.012530572
-0.208	0.792	0	0	0	0.93136	0	0	0	1.0651261	0.78567653	-2.6741574e-05	-8.931272e-10	1.8756875e-06	-7.8437279e-10	2.8846158e-06	2.1345208e-06	2.1196883e-06	5.1809367e-06	-4.56814e-07	8.1045907e-06	4.3928767e-06	-2.5675566e-05	-2.6000826e-05	0.012509594
-0.21	0.79	0	0	0	0.9307	0	0	0	1.0656252	0.78350409	-2.6787914e-05	-2.3058495e-09	1.8693714e-06	-2.5297453e-09	2.8216435e-06	2.1497102e-06	2.1171915e-06	5.2146517e-06	-4.6022442e-07	8.142165e-06	4.4449452e-06	-2.5742018e-05	-2.6067555e-05	0.012488202
-0.212	0.788	0	0	0	0.93004	0	0	0	1.0661235	0.78133151	-2.6834137e-05	-3.7194304e-09	1.8630117e-06	-4.280897e-09	2.7588223e-06	2.1648492e-06	2.1146459e-06	5.248295e-06	-4.6362352e-07	8.1796462e-06	4.4971469e-06	-2.5808307e-05	-2.6134106e-05	0.012466402
-0.214	0.786	0	0	0	0.92938	0	0	0	1.066621	0.7791588	-2.6880246e-05	-5.1339372e-09	1.8566099e-06	-6.0379113e-09	2.6961526e-06	2.1799366e-06	2.1120527e-06	5.2818662e-06	-4.6701134e-07	8.2170351e-06	4.5494816e-06	-2.5874438e-05	-2.6200482e-05	0.0124442
-0.216	0.784	0	0	0	0.92872	0	0	0	1.0671177	0.77698596	-2.6926243e-05	-6.5494358e-09	1.8501676e-06	-7.800871e-09	2.6336349e-06	2.1949715e-06	2.1094132e-06	5.3153651e-06	-4.703879e-07	8.2543321e-06	4.6019489e-06	-2.5940411e-05	-2.6266686e-05	0.012421602
-0.218	0.782	0	0	0	0.92806	0	0	0	1.0676136	0.77481301	-2.697213e-05	-7.9659905e-09	1.8436862e-06	-9.5698583e-09	2.5712699e-06	2.2099529e-06	2.1067289e-06	5.3487911e-06	-4.7375322e-07	8.2915379e-06	4.6545483e-06	-2.600623e-05	-2.6332719e-05	0.012398614
-0.22	0.78	0	0	0	0.9274	0	0	0	1.0681087	0.77263996	-2.701791e-05	-9.3836639e-09	1.8371669e-06	-1.1344955e-08	2.5090579e-06	2.2248796e-06	2.104001e-06	5.3821438e-06	-4.7710732e-07	8.3286532e-06	4.7072797e-06	-2.6071896e-05	-2.6398584e-05	0.012375242
-0.222	0.778	0	0	0	0.92674	0	0	0	1.0686031	0.77046682	-2.7063585e-05	-1.0802517e-08	1.8306111e-06	-1.3126242e-08	2.4469994e-06	2.2397508e-06	2.1012306e-06	5.4154229e-06	-4.8045022e-07	8.3656786e-06	4.7601427e-06	-2.613741e-05	-2.6464284e-05	0.012351491
-0.224	0.776	0	0	0	0.92608	0	0	0	1.0690967	0.7682936	-2.7109156e-05	-1.2222611e-08	1.8240201e-06	-1.4913801e-08	2.3850947e-06	2.2545655e-06	2.098419e-06	5.448628e-06	-4.8378195e-07	8.4026146e-06	4.8131369e-06	-2.6202777e-05	-2.6529819e-05	0.012327369
-0.226	0.774	0	0	0	0.92542	0	0	0	1.0695895	0.7661203	-2.7154627e-05	-1.3644003e-08	1.8173953e-06	-1.6707713e-08	2.3233442e-06	2.2693226e-06	2.0955673e-06	5.4817586e-06	-4.8710253e-07	8.4394618e-06	4.866262e-06	-2.6267996e-05	-2.6595193e-05	0.012302879
-0.228	0.772	0	0	0	0.92476	0	0	0	1.0700815	0.76394695	-2.7199999e-05	-1.5066752e-08	1.8107377e-06	-1.8508057e-08	2.2617481e-06	2.2840214e-06	2.0926768e-06	5.5148142e-06	-4.9041198e-07	8.476221e-06	4.9195176e-06	-2.6333071e-05	-2.6660408e-05	0.012278027
-0.23	0.77	0	0	0	0.9241	0	0	0	1.0705728	0.76177354	-2.7245274e-05	-1.6490913e-08	1.8040485e-06	-2.0314915e-08	2.2003069e-06	2.2986608e-06	2.0897484e-06	5.5477944e-06	-4.9371032e-07	8.5128925e-06	4.9729036e-06	-2.6398002e-05	-2.6725465e-05	0.01225282
-0.232	0.768	0	0	0	0.92344	0	0	0	1.0710632	0.7596001	-2.7290454e-05	-1.7916541e-08	1.797329e-06	-2.2128366e-08	2.1390206e-06	2.3132399e-06	2.0867832e-06	5.5806989e-06	-4.9699758e-07	8.5494771e-06	5.0264195e-06	-2.6462793e-05	-2.6790366e-05	0.012227261
-0.234	0.766	0	0	0	0.92278	0	0	0	1.0715529	0.75742663	-2.7335541e-05	-1.934369e-08	1.7905803e-06	-2.3948491e-08	2.0778896e-06	2.3277579e-06	2.0837824e-06	5.613527e-06	-5.0027377e-07	8.5859752e-06	5.0800651e-06	-2.6527444e-05	-2.6855113e-05	0.012201356
-0.236	0.764	0	0	0	0.92212	0	0	0	1.0720418	0.75525314	-2.7380537e-05	-2.0772414e-08	1.7838034e-06	-2.5775369e-08	2.0169141e-06	2.3422139e-06	2.0807469e-06	5.6462785e-06	-5.0353893e-07	8.6223874e-06	5.1338399e-06	-2.6591958e-05	-2.6919709e-05	0.012175111
-0.238	0.762	0	0	0	0.92146	0	0	0	1.07253	0.75307964	-2.7425444e-05	-2.2202763e-08	1.7769994e-06	-2.7609081e-08	1.9560941e-06	2.356607e-06	2.0776777e-06	5.6789527e-06	-5.0679307e-07	8.6587144e-06	5.1877439e-06	-2.6656336e-05	-2.6984154e-05	0.012148529
-0.24	0.76	0	0	0	0.9208	0	0	0	1.0730174	0.75090614	-2.7470264e-05	-2.363479e-08	1.7701693e-06	-2.9449706e-08	1.89543e-06	2.3709363e-06	2.0745758e-06	5.7115493e-06	-5.1003622e-07	8.6949566e-06	5.2417766e-06	-2.672058e-05	-2.7048451e-05	0.012121617
-0.242	0.758	0	0	0	0.92014	0	0	0	1.073504	0.74873265	-2.7514997e-05	-2.5068543e-08	1.7633141e-06	-3.1297326e-08	1.8349218e-06	2.3852012e-06	2.0714421e-06	5.7440678e-06	-5.132684e-07	8.7311146e-06	5.2959377e-06	-2.6784692e-05	-2.7112602e-05	0.012094378
-0.244	0.756	0	0	0	0.91948	0	0	0	1.0739898	0.74655919	-2.7559647e-05	-2.6504072e-08	1.7564349e-06	-3.3152021e-08	1.7745695e-06	2.3994006e-06	2.0682776e-06	5.7765077e-06	-5.1648963e-07	8.767189e-06	5.350227e-06	-2.6848674e-05	-2.7176609e-05	0.012066818
-0.246	0.754	0	0	0	0.91882	0	0	0	1.0744749	0.74438575	-2.7604214e-05	-2.7941426e-08	1.7495325e-06	-3.5013871e-08	1.7143734e-06	2.4135339e-06	2.0650831e-06	5.8088686e-06	-5.1969994e-07	8.8031803e-06	5.4046441e-06	-2.6912526e-05	-2.7240472e-05	0.01203894
-0.248	0.752	0	0	0	0.91816	0	0	0	1.0749592	0.74221236	-2.7648701e-05	-2.9380651e-08	1.7426078e-06	-3.6882957e-08	1.6543335e-06	2.4276003e-06	2.0618595e-06	5.8411499e-06	-5.2289934e-07	8.8390889e-06	5.4591889e-06	-2.6976251e-05	-2.7304194e-05	0.01201075
-0.25	0.75	0	0	0	0.9175	0	0	0	1.0754427	0.74003902	-2.7693108e-05	-3.0821794e-08	1.7356619e-06	-3.8759361e-08	1.5944498e-06	2.4415989e-06	2.0586077e-06	5.8733513e-06	-5.2608787e-07	8.8749155e-06	5.5138609e-06	-2.703985e-05	-2.7367777e-05	0.011982252
-0.252	0.748	0	0	0	0.91684	0	0	0	1.0759255	0.73786574	-2.7737438e-05	-3.2264902e-08	1.7286954e-06	-4.0643164e-08	1.5347223e-06	2.4555291e-06	2.0553285e-06	5.9054722e-06	-5.2926554e-07	8.9106605e-06	5.56866e-06	-2.7103324e-05	-2.7431222e-05	0.01195345
-0.254	0.746	0	0	0	0.91618	0	0	0	1.0764075	0.73569253	-2.7781692e-05	-3.3710018e-08	1.7217094e-06	-4.2534447e-08	1.4751511e-06	2.4693901e-06	2.0520228e-06	5.9375122e-06	-5.3243238e-07	8.9463246e-06	5.6235858e-06	-2.7166676e-05	-2.749453e-05	0.011924348
-0.256	0.744	0	0	0	0.91552	0	0	0	1.0768887	0.7335194	-2.7825872e-05	-3.5157188e-08	1.7147046e-06	-4.4433294e-08	1.4157362e-06	2.4831812e-06	2.0486912e-06	5.9694707e-06	-5.3558841e-07	8.9819081e-06	5.6786381e-06	-2.7229907e-05	-2.7557704e-05	0.011894951
-0.258	0.742	0	0	0	0.91486	0	0	0	1.0773692	0.73134637	-2.7869979e-05	-3.6606456e-08	1.7076818e-06	-4.6339786e-08	1.3564775e-06	2.4969016e-06	2.0453347e-06	6.0013474e-06	-5.3873366e-07	9.0174116e-06	5.7338166e-06	-2.7293017e-05	-2.7620745e-05	0.011865262
-0.26	0.74	0	0	0	0.9142	0	0	0	1.0778489	0.72917343	-2.7914014e-05	-3.8057864e-08	1.7006419e-06	-4.8254007e-08	1.297375e-06	2.5105508e-06	2.0419539e-06	6.0331418e-06	-5.4186814e-07	9.0528356e-06	5.7891211e-06	-2.735601e-05	-2.7683654e-05	0.011835286
-0.262	0.738	0	0	0	0.91354	0	0	0	1.0783279	0.7270006	-2.7957979e-05	-3.9511455e-08	1.6935855e-06	-5.0176041e-08	1.2384287e-06	2.524128e-06	2.0385496e-06	6.0648533e-06	-5.4499189e-07	9.0881806e-06	5.8445512e-06	-2.7418885e-05	-2.7746433e-05	0.011805027
-0.264	0.736	0	0	0	0.91288	0	0	0	1.0788061	0.7248279	-2.8001875e-05	-4.0967271e-08	1.6865134e-06	-5.2105972e-08	1.1796385e-06	2.5376325e-06	2.0351225e-06	6.0964816e-06	-5.4810493e-07	9.1234471e-06	5.9001068e-06	-2.7481645e-05	-2.7809083e-05	0.011774487
-0.266	0.734	0	0	0	0.91222	0	0	0	1.0792836	0.72265533	-2.8045704e-05	-4.2425354e-08	1.6794263e-06	-5.4043884e-08	1.1210044e-06	2.5510637e-06	2.0316734e-06	6.1280261e-06	-5.5120727e-07	9.1586356e-06	5.9557876e-06	-2.7544291e-05	-2.7871606e-05	0.011743672
-0.268	0.732	0	0	0	0.91156	0	0	0	1.0797602	0.72048289	-2.8089467e-05	-4.3885744e-08	1.6723251e-06	-5.5989864e-08	1.0625261e-06	2.5644211e-06	2.0282028e-06	6.1594864e-06	-5.5429895e-07	9.1937465e-06	6.0115932e-06	-2.7606823e-05	-2.7934003e-05	0.011712584
-0.27	0.73	0	0	0	0.9109	0	0	0	1.0802362	0.71831061	-2.8133165e-05	-4.5348481e-08	1.6652102e-06	-5.7943996e-08	1.0042037e-06	2.5777038e-06	2.0247116e-06	6.1908621e-06	-5.5737999e-07	9.2287805e-06	6.0675236e-06	-2.7669245e-05	-2.7996276e-05	0.011681227
-0.272	0.728	0	0	0	0.91024	0	0	0	1.0807114	0.71613848	-2.81768e-05	-4.6813605e-08	1.6580824e-06	-5.9906369e-08	9.4603706e-07	2.5909115e-06	2.0212002e-06	6.2221526e-06	-5.6045041e-07	9.2637378e-06	6.1235783e-06	-2.7731556e-05	-2.8058425e-05	0.011649604
-0.274	0.726	0	0	0	0.90958	0	0	0	1.0811858	0.71396652	-2.8220373e-05	-4.8281156e-08	1.6509424e-06	-6.1877068e-08	8.88026e-07	2.6040434e-06	2.0176695e-06	6.2533576e-06	-5.6351024e-07	9.298619e-06	6.1797573e-06	-2.7793758e-05	-2.8120454e-05	0.01161772
-0.276	0.724	0	0	0	0.90892	0	0	0	1.0816595	0.71179474	-2.8263885e-05	-4.9751173e-08	1.6437908e-06	-6.3856183e-08	8.3017041e-07	2.617099e-06	2.0141199e-06	6.2844765e-06	-5.665595e-07	9.3334246e-06	6.2360601e-06	-2.7855853e-05	-2.8182362e-05	0.011585577
-0.278	0.722	0	0	0	0.90826	0	0	0	1.0821324	0.70962315	-2.8307337e-05	-5.1223693e-08	1.6366282e-06	-6.5843803e-08	7.7247014e-07	2.6300777e-06	2.0105522e-06	6.3155089e-06	-5.6959822e-07	9.3681551e-06	6.2924867e-06	-2.7917841e-05	-2.8244151e-05	0.011553178
-0.28	0.72	0	0	0	0.9076	0	0	0	1.0826045	0.70745176	-2.8350731e-05	-5.2698755e-08	1.6294552e-06	-6.7840017e-08	7.1492504e-07	2.642979e-06	2.0069669e-06	6.3464544e-06	-5.7262642e-07	9.4028108e-06	6.3490367e-06	-2.7979724e-05	-2.8305822e-05	0.011520527
-0.282	0.718	0	0	0	0.90694	0	0	0	1.083076	0.70528057	-2.8394068e-05	-5.4176396e-08	1.6222724e-06	-6.9844915e-08	6.5753494e-07	2.6558024e-06	2.0033647e-06	6.3773126e-06	-5.7564412e-07	9.4373923e-06	6.40571e-06	-2.8041503e-05	-2.8367377e-05	0.011487626
-0.284	0.716	0	0	0	0.90628	0	0	0	1.0835466	0.7031096	-2.8437348e-05	-5.5656654e-08	1.6150804e-06	-7.185859e-08	6.0029968e-07	2.6685473e-06	1.999746e-06	6.4080829e-06	-5.7865135e-07	9.4719e-06	6.4625063e-06	-2.810318e-05	-2.8428817e-05	0.011454478
-0.286	0.714	0	0	0	0.90562	0	0	0	1.0840166	0.70093886	-2.8480574e-05	-5.7139564e-08	1.6078797e-06	-7.3881133e-08	5.4321908e-07	2.6812132e-06	1.9961114e-06	6.4387651e-06	-5.8164814e-07	9.5063344e-06	6.5194253e-06	-2.8164755e-05	-2.8490144e-05	0.011421087
-0.288	0.712	0	0	0	0.90496	0	0	0	1.0844857	0.69876835	-2.8523746e-05	-5.8625164e-08	1.6006708e-06	-7.5912638e-08	4.8629293e-07	2.6937997e-06	1.9924616e-06	6.4693585e-06	-5.8463452e-07	9.5406959e-06	6.5764668e-06	-2.822623e-05	-2.8551357e-05	0.011387455
-0.29	0.71	0	0	0	0.9043	0	0	0	1.0849542	0.69659808	-2.8566865e-05	-6.0113489e-08	1.5934544e-06	-7.7953198e-08	4.2952104e-07	2.7063062e-06	1.988797e-06	6.4998629e-06	-5.876105e-07	9.5749849e-06	6.6336307e-06	-2.8287605e-05	-2.8612459e-05	0.011353584
-0.292	0.708	0	0	0	0.90364	0	0	0	1.0854219	0.69442807	-2.8609933e-05	-6.1604574e-08	1.5862308e-06	-8.0002911e-08	3.7290321e-07	2.7187324e-06	1.9851182e-06	6.5302778e-06	-5.9057611e-07	9.6092019e-06	6.6909167e-06	-2.8348883e-05	-2.8673451e-05	0.011319477
-0.294	0.706	0	0	0	0.90298	0	0	0	1.0858888	0.69225832	-2.865295e-05	-6.3098456e-08	1.5790007e-06	-8.206187e-08	3.1643921e-07	2.7310776e-06	1.9814256e-06	6.5606027e-06	-5.9353138e-07	9.6433474e-06	6.7483245e-06	-2.8410063e-05	-2.8734334e-05	0.011285137
-0.296	0.704	0	0	0	0.90232	0	0	0	1.086355	0.69008885	-2.8695918e-05	-6.4595168e-08	1.5717645e-06	-8.4130175e-08	2.6012884e-07	2.7433416e-06	1.9777198e-06	6.5908373e-06	-5.9647634e-07	9.6774218e-06	6.805854e-06	-2.8471148e-05	-2.8795109e-05	0.011250564
-0.298	0.702	0	0	0	0.90166	0	0	0	1.0868205	0.68791966	-2.8738837e-05	-6.6094745e-08	1.5645226e-06	-8.6207923e-08	2.0397185e-07	2.7555239e-06	1.9740013e-06	6.6209812e-06	-5.9941101e-07	9.7114254e-06	6.8635049e-06	-2.8532138e-05	-2.8855778e-05	0.011215763
-0.3	0.7	0	0	0	0.901	0	0	0	1.0872852	0.68575076	-2.8781709e-05	-6.7597222e-08	1.5572756e-06	-8.8295213e-08	1.4796802e-07	2.767624e-06	1.9702705e-06	6.651034e-06	-6.0233541e-07	9.7453588e-06	6.9212771e-06	inf	inf	inf
