lambda	F11	F12	F13	F21	F22	F23	F31	F32	F33	J	P11	P12	P13	P21	P22	P23	P31	P32	P33	p	StrEn	t(1)	t(2)	d
0	1	0	0	0	1	0	0	0	1	1	0	0	0	0	0	0	0	0	0	-0	0	inf	inf	inf
-0.002	0.998	0	0	0	1.0003857	0	0	0	1.0003608	0.99874517	-5.8768736e-06	-1.0596667e-07	4.6241135e-08	-1.1185209e-07	1.1311783e-10	-6.9984148e-08	4.1438314e-08	-6.8644629e-08	2.0584115e-09	1.958234e-06	5.927426e-09	-5.877262e-06	-5.8207215e-06	-0.009713658
-0.004	0.996	0	0	0	1.0007585	0	0	0	1.0007131	0.99746626	-1.1376361e-05	-2.2771812e-07	1.0742194e-07	-2.4208591e-07	4.8825312e-10	-1.5470856e-07	9.5959381e-08	-1.5221422e-07	4.1218786e-09	3.7905837e-06	2.3282886e-08	-1.1377165e-05	-1.1281072e-05	-0.0085181214
-0.006	0.994	0	0	0	1.0011161	0	0	0	1.0010544	0.99615867	-1.6201601e-05	-3.6476143e-07	1.8425126e-07	-3.906413e-07	1.2198721e-09	-2.5583824e-07	1.6402919e-07	-2.5245297e-07	6.1789531e-09	5.3980675e-06	5.1051712e-08	-1.6202847e-05	-1.6060888e-05	-0.0088387738
-0.008	0.992	0	0	0	1.0014563	0	0	0	1.0013816	0.99481718	-1.9999306e-05	-5.1239031e-07	2.7038201e-07	-5.5195705e-07	2.3883099e-09	-3.7200935e-07	2.4026051e-07	-3.6805475e-07	8.2491423e-09	6.6628895e-06	8.7526439e-08	-2.0001013e-05	-1.9866781e-05	-0.0067565712
-0.01	0.99	0	0	0	1.0017768	0	0	0	1.0016908	0.99343589	-2.2717432e-05	-6.6493457e-07	3.5612996e-07	-7.1829761e-07	4.0581127e-09	-5.0004367e-07	3.1698222e-07	-4.9583983e-07	1.0390245e-08	7.5676612e-06	1.3051884e-07	-2.2719598e-05	-2.2648636e-05	-0.0031331641
-0.012	0.988	0	0	0	1.0020703	0	0	0	1.0019757	0.99200154	-2.46469e-05	-8.190668e-07	4.3933401e-07	-8.8508467e-07	6.4188414e-09	-6.3830366e-07	3.931307e-07	-6.3420677e-07	1.2664178e-08	8.2092723e-06	1.7812098e-07	-2.4649446e-05	-2.4630016e-05	-0.00078886603
-0.014	0.986	0	0	0	1.0023167	0	0	0	1.0022212	0.99047948	-2.6052358e-05	-9.6433437e-07	5.2040241e-07	-1.0415806e-06	9.9695691e-09	-7.7839666e-07	4.6898925e-07	-7.749115e-07	1.5272061e-08	8.6757055e-06	2.290389e-07	-2.6054939e-05	-2.6055427e-05	1.8735965e-05
-0.016	0.984	0	0	0	1.0024681	0	0	0	1.002392	0.98878819	-2.7019996e-05	-1.0689216e-06	5.6812926e-07	-1.1554041e-06	1.5436656e-08	-8.6513391e-07	5.1249364e-07	-8.6279643e-07	1.9099914e-08	8.995153e-06	2.8234269e-07	-2.7021891e-05	-2.7036634e-05	0.00054530572
-0.018	0.982	0	0	0	1.0025014	0	0	0	1.0024689	0.98688693	-2.759888e-05	-1.1115782e-06	5.3290088e-07	-1.2053771e-06	2.1343089e-08	-8.2772357e-07	4.7236512e-07	-8.2661633e-07	2.3683042e-08	9.184618e-06	3.3718544e-07	-2.7599659e-05	-2.7655888e-05	0.0020331666
-0.02	0.98	0	0	0	1.0024897	0	0	0	1.0025041	0.98490001	-2.7982952e-05	-1.1182302e-06	4.7332347e-07	-1.2184286e-06	2.5859018e-08	-7.5532641e-07	4.0749027e-07	-7.5539165e-07	2.6948008e-08	9.3100483e-06	3.9296624e-07	-2.7983124e-05	-2.8057475e-05	0.0026499419
-0.022	0.978	0	0	0	1.002468	0	0	0	1.0025266	0.98289079	-2.8276815e-05	-1.1099087e-06	4.2259667e-07	-1.2158124e-06	2.9408064e-08	-6.9577703e-07	3.5183242e-07	-6.9699625e-07	2.9120483e-08	9.4060956e-06	4.4941534e-07	-2.8276761e-05	-2.8356725e-05	0.0028199146
-0.024	0.976	0	0	0	1.0024431	0	0	0	1.0025436	0.98087317	-2.8515843e-05	-1.0957791e-06	3.8347605e-07	-1.206792e-06	3.238923e-08	-6.5090701e-07	3.0833981e-07	-6.5325652e-07	3.065637e-08	9.4842657e-06	5.0639314e-07	-2.8515666e-05	-2.8598369e-05	0.0028918857
-0.026	0.974	0	0	0	1.0024168	0	0	0	1.0025575	0.97885105	-2.8716765e-05	-1.0800265e-06	3.5379297e-07	-1.195657e-06	3.4994805e-08	-6.1676464e-07	2.7484048e-07	-6.2021116e-07	3.180899e-08	9.5499872e-06	5.6380881e-07	-2.8716501e-05	-2.8800968e-05	0.002932792
-0.028	0.972	0	0	0	1.0023896	0	0	0	1.0025693	0.97682603	-2.8889474e-05	-1.0645984e-06	3.3123242e-07	-1.1844469e-06	3.7325937e-08	-5.900553e-07	2.4896608e-07	-5.9456088e-07	3.2715509e-08	9.6064776e-06	6.2159702e-07	-2.888914e-05	-2.8974877e-05	0.0029590379
-0.03	0.97	0	0	0	1.0023616	0	0	0	1.0025796	0.97479891	-2.904048e-05	-1.05037e-06	3.1400558e-07	-1.1741124e-06	3.9443026e-08	-5.6855767e-07	2.2886692e-07	-5.7408361e-07	3.3454098e-08	9.6558611e-06	6.7970832e-07	-2.9040086e-05	-2.912678e-05	0.0029764266
-0.032	0.968	0	0	0	1.0023332	0	0	0	1.0025887	0.9727702	-2.9174336e-05	-1.037688e-06	3.0081549e-07	-1.1650609e-06	4.1385996e-08	-5.5082083e-07	2.1318981e-07	-5.5732989e-07	3.4071914e-08	9.6996261e-06	7.3810413e-07	-2.9173889e-05	-2.9261313e-05	0.0029876995
-0.034	0.966	0	0	0	1.0023043	0	0	0	1.0025968	0.97074024	-2.9294353e-05	-1.0266382e-06	2.9072931e-07	-1.1574262e-06	4.3183245e-08	-5.3588715e-07	2.0095321e-07	-5.4334456e-07	3.4598956e-08	9.738857e-06	7.9675358e-07	-2.929386e-05	-2.9381841e-05	0.0029944293
-0.036	0.964	0	0	0	1.002275	0	0	0	1.0026042	0.96870928	-2.9403012e-05	-1.017179e-06	2.8306998e-07	-1.151206e-06	4.4856066e-08	-5.2310948e-07	1.9143878e-07	-5.314833e-07	3.5055238e-08	9.7743668e-06	8.556315e-07	-2.9402476e-05	-2.9490879e-05	0.0029976337
-0.038	0.962	0	0	0	1.0022455	0	0	0	1.0026109	0.96667749	-2.9502212e-05	-1.0092112e-06	2.7733888e-07	-1.1463326e-06	4.6421044e-08	-5.1203838e-07	1.8411309e-07	-5.2129951e-07	3.5454678e-08	9.8067788e-06	9.1471709e-07	-2.9501637e-05	-2.959035e-05	0.0029980228
-0.04	0.96	0	0	0	1.0022156	0	0	0	1.0026171	0.96464502	-2.9593439e-05	-1.0026127e-06	2.7316305e-07	-1.1427106e-06	4.7891474e-08	-5.0235294e-07	1.7857381e-07	-5.1247499e-07	3.5807312e-08	9.8365801e-06	9.739929e-07	-2.9592829e-05	-2.9681759e-05	0.0029961176
-0.042	0.958	0	0	0	1.0021856	0	0	0	1.0026229	0.96261197	-2.967787e-05	-9.9725752e-07	2.7025927e-07	-1.1402355e-06	4.9278254e-08	-4.938179e-07	1.7451284e-07	-5.0477702e-07	3.6120602e-08	9.8641571e-06	1.0334441e-06	-2.9677227e-05	-2.9766297e-05	0.0029923137
-0.044	0.956	0	0	0	1.0021553	0	0	0	1.0026282	0.96057843	-2.9756453e-05	-9.9302417e-07	2.6840942e-07	-1.1388044e-06	5.0590476e-08	-4.8625652e-07	1.7169093e-07	-4.9803117e-07	3.6400252e-08	9.8898209e-06	1.0930581e-06	-2.9755779e-05	-2.9844923e-05	0.0029869205
-0.046	0.954	0	0	0	1.0021248	0	0	0	1.0026332	0.95854447	-2.9829961e-05	-9.8980009e-07	2.6744338e-07	-1.1383203e-06	5.1835837e-08	-4.7953299e-07	1.6991985e-07	-4.9210375e-07	3.6650719e-08	9.9138247e-06	1.1528238e-06	-2.9829257e-05	-2.9918419e-05	0.0029801848
-0.048	0.952	0	0	0	1.0020941	0	0	0	1.002638	0.95651014	-2.9899028e-05	-9.8748304e-07	2.6722689e-07	-1.1386943e-06	5.3020936e-08	-4.7354082e-07	1.6904985e-07	-4.8689018e-07	3.6875561e-08	9.9363771e-06	1.2127318e-06	-2.9898296e-05	-2.9987428e-05	0.0029723076
-0.05	0.95	0	0	0	1.0020632	0	0	0	1.0026424	0.95447547	-2.9964183e-05	-9.8598135e-07	2.6765294e-07	-1.1398464e-06	5.4151481e-08	-4.6819494e-07	1.6896049e-07	-4.8230714e-07	3.7077665e-08	9.9576513e-06	1.2727735e-06	-2.9963425e-05	-3.0052484e-05	0.0029634547
-0.052	0.948	0	0	0	1.0020321	0	0	0	1.0026466	0.95244052	-3.0025869e-05	-9.8521342e-07	2.6863535e-07	-1.1417049e-06	5.5232465e-08	-4.634263e-07	1.6955403e-07	-4.7828717e-07	3.7259411e-08	9.9777924e-06	1.3329417e-06	-3.0025085e-05	-3.0114035e-05	0.0029537651
-0.054	0.946	0	0	0	1.0020009	0	0	0	1.0026506	0.95040529	-3.0084461e-05	-9.8510687e-07	2.7010418e-07	-1.1442062e-06	5.6268281e-08	-4.5917797e-07	1.7075044e-07	-4.747748e-07	3.7422787e-08	9.9969232e-06	1.3932297e-06	-3.0083652e-05	-3.017246e-05	0.0029433563
-0.056	0.944	0	0	0	1.0019695	0	0	0	1.0026543	0.94836982	-3.0140276e-05	-9.8559774e-07	2.7200219e-07	-1.1472942e-06	5.7262824e-08	-4.5540242e-07	1.7248371e-07	-4.7172382e-07	3.7569476e-08	1.0015148e-05	1.4536315e-06	-3.0139443e-05	-3.0228082e-05	0.0029323291
-0.058	0.942	0	0	0	1.0019379	0	0	0	1.0026579	0.94633411	-3.0193588e-05	-9.8662947e-07	2.7428222e-07	-1.150919e-06	5.8219571e-08	-4.5205948e-07	1.74699e-07	-4.6909526e-07	3.7700915e-08	1.0032556e-05	1.514142e-06	-3.0192732e-05	-3.0281177e-05	0.0029207702
-0.06	0.94	0	0	0	1.0019061	0	0	0	1.0026614	0.94429819	-3.0244633e-05	-9.8815215e-07	2.7690514e-07	-1.1550369e-06	5.9141641e-08	-4.4911484e-07	1.7735048e-07	-4.6685595e-07	3.7818343e-08	1.0049224e-05	1.5747562e-06	-3.0243754e-05	-3.0331982e-05	0.0029087551
-0.062	0.938	0	0	0	1.0018742	0	0	0	1.0026646	0.94226205	-3.0293613e-05	-9.9012167e-07	2.7983829e-07	-1.1596092e-06	6.0031843e-08	-4.4653889e-07	1.803996e-07	-4.6497731e-07	3.7922841e-08	1.0065219e-05	1.6354699e-06	-3.0292711e-05	-3.0380704e-05	0.0028963501
-0.064	0.936	0	0	0	1.001842	0	0	0	1.0026677	0.94022572	-3.0340705e-05	-9.9249905e-07	2.8305424e-07	-1.1646018e-06	6.0892726e-08	-4.4430591e-07	1.8381378e-07	-4.6343455e-07	3.8015356e-08	1.0080599e-05	1.6962791e-06	-3.0339782e-05	-3.0427523e-05	0.0028836135
-0.066	0.934	0	0	0	1.0018097	0	0	0	1.0026707	0.93818918	-3.0386066e-05	-9.9524984e-07	2.8652986e-07	-1.1699847e-06	6.1726604e-08	-4.423933e-07	1.8756534e-07	-4.6220597e-07	3.8096725e-08	1.0095414e-05	1.75718e-06	-3.0385121e-05	-3.0472595e-05	0.0028705969
-0.068	0.932	0	0	0	1.0017772	0	0	0	1.0026735	0.93615245	-3.0429832e-05	-9.9834354e-07	2.9024551e-07	-1.1757313e-06	6.2535592e-08	-4.4078113e-07	1.9163067e-07	-4.6127244e-07	3.8167693e-08	1.0109709e-05	1.8181694e-06	-3.0428864e-05	-3.0516059e-05	0.0028573466
-0.07	0.93	0	0	0	1.0017444	0	0	0	1.0026762	0.93411552	-3.0472121e-05	-1.0017531e-06	2.9418446e-07	-1.1818184e-06	6.3321627e-08	-4.3945165e-07	1.9598951e-07	-4.6061699e-07	3.8228927e-08	1.0123523e-05	1.8792443e-06	-3.0471131e-05	-3.0558035e-05	0.0028439038
-0.072	0.928	0	0	0	1.0017115	0	0	0	1.0026788	0.9320784	-3.0513041e-05	-1.0054547e-06	2.9833234e-07	-1.1882254e-06	6.4086489e-08	-4.38389e-07	2.0062445e-07	-4.6022446e-07	3.8281028e-08	1.0136891e-05	1.9404016e-06	-3.0512029e-05	-3.0598633e-05	0.0028303058
-0.074	0.926	0	0	0	1.0016783	0	0	0	1.0026812	0.93004107	-3.0552685e-05	-1.0094271e-06	3.0267681e-07	-1.1949341e-06	6.4831819e-08	-4.3757888e-07	2.0552044e-07	-4.6008122e-07	3.8324541e-08	1.0149843e-05	2.0016388e-06	-3.0551652e-05	-3.0637946e-05	0.0028165863
-0.076	0.924	0	0	0	1.0016449	0	0	0	1.0026836	0.92800355	-3.0591138e-05	-1.0136515e-06	3.0720717e-07	-1.2019287e-06	6.5559134e-08	-4.3700838e-07	2.1066443e-07	-4.6017497e-07	3.835996e-08	1.0162406e-05	2.0629534e-06	-3.0590083e-05	-3.0676061e-05	0.002802776
-0.078	0.922	0	0	0	1.0016112	0	0	0	1.0026858	0.92596581	-3.0628475e-05	-1.0181111e-06	3.1191411e-07	-1.2091951e-06	6.6269838e-08	-4.3666573e-07	2.1604506e-07	-4.6049451e-07	3.838774e-08	1.0174606e-05	2.124343e-06	-3.0627397e-05	-3.0713052e-05	0.0027889028
-0.08	0.92	0	0	0	1.0015773	0	0	0	1.0026879	0.92392787	-3.0664761e-05	-1.0227913e-06	3.1678948e-07	-1.216721e-06	6.6965236e-08	-4.3654018e-07	2.216524e-07	-4.6102964e-07	3.8408297e-08	1.0186463e-05	2.1858056e-06	-3.0663661e-05	-3.0748989e-05	0.0027749924
-0.082	0.918	0	0	0	1.0015431	0	0	0	1.0026899	0.9218897	-3.0700059e-05	-1.027679e-06	3.2182613e-07	-1.2244957e-06	6.7646543e-08	-4.3662184e-07	2.2747772e-07	-4.6177099e-07	3.8422017e-08	1.0197997e-05	2.247339e-06	-3.0698935e-05	-3.0783932e-05	0.0027610686
-0.084	0.916	0	0	0	1.0015087	0	0	0	1.0026917	0.91985131	-3.073442e-05	-1.0327624e-06	3.2701771e-07	-1.2325097e-06	6.8314891e-08	-4.369016e-07	2.3351336e-07	-4.6270992e-07	3.8429257e-08	1.0209225e-05	2.3089413e-06	-3.0733274e-05	-3.0817935e-05	0.0027471532
-0.086	0.914	0	0	0	1.001474	0	0	0	1.0026935	0.91781268	-3.0767895e-05	-1.0380313e-06	3.3235855e-07	-1.2407549e-06	6.8971338e-08	-4.37371e-07	2.3975252e-07	-4.6383842e-07	3.8430352e-08	1.0220164e-05	2.3706107e-06	-3.0766725e-05	-3.0851049e-05	0.0027332667
-0.088	0.912	0	0	0	1.0014389	0	0	0	1.0026951	0.91577382	-3.0800526e-05	-1.0434767e-06	3.3784358e-07	-1.2492242e-06	6.9616874e-08	-4.3802216e-07	2.4618913e-07	-4.6514904e-07	3.8425613e-08	1.0230828e-05	2.4323455e-06	-3.0799333e-05	-3.0883317e-05	0.0027194281
-0.09	0.91	0	0	0	1.0014036	0	0	0	1.0026967	0.9137347	-3.0832354e-05	-1.0490904e-06	3.434682e-07	-1.2579114e-06	7.0252424e-08	-4.3884772e-07	2.5281779e-07	-4.6663481e-07	3.8415335e-08	1.0241229e-05	2.494144e-06	-3.0831136e-05	-3.0914781e-05	0.0027056553
-0.092	0.908	0	0	0	1.001368	0	0	0	1.0026981	0.91169533	-3.0863414e-05	-1.0548655e-06	3.492282e-07	-1.2668113e-06	7.0878859e-08	-4.3984075e-07	2.5963363e-07	-4.6828918e-07	3.8399794e-08	1.0251379e-05	2.5560046e-06	-3.0862171e-05	-3.0945476e-05	0.0026919653
-0.094	0.906	0	0	0	1.001332	0	0	0	1.0026994	0.90965569	-3.0893739e-05	-1.0607956e-06	3.5511972e-07	-1.2759194e-06	7.1496996e-08	-4.4099473e-07	2.6663222e-07	-4.7010597e-07	3.8379255e-08	1.0261288e-05	2.6179259e-06	-3.0892471e-05	-3.0975435e-05	0.002678374
-0.096	0.904	0	0	0	1.0012956	0	0	0	1.0027006	0.90761577	-3.0923358e-05	-1.0668754e-06	3.6113918e-07	-1.2852319e-06	7.2107602e-08	-4.4230346e-07	2.7380954e-07	-4.7207931e-07	3.8353966e-08	1.0270966e-05	2.6799064e-06	-3.0922064e-05	-3.1004688e-05	0.0026648967
-0.098	0.902	0	0	0	1.001259	0	0	0	1.0027017	0.90557557	-3.0952298e-05	-1.0730999e-06	3.6728319e-07	-1.2947457e-06	7.2711399e-08	-4.4376106e-07	2.8116188e-07	-4.7420364e-07	3.8324168e-08	1.0280421e-05	2.7419446e-06	-3.0950977e-05	-3.1033263e-05	0.0026515477
-0.1	0.9	0	0	0	1.0012219	0	0	0	1.0027027	0.90353507	-3.0980583e-05	-1.0794651e-06	3.7354856e-07	-1.3044583e-06	7.3309068e-08	-4.4536191e-07	2.886858e-07	-4.7647363e-07	3.8290089e-08	1.0289661e-05	2.8040394e-06	-3.0979235e-05	-3.1061185e-05	0.0026383412
-0.102	0.898	0	0	0	1.0011845	0	0	0	1.0027035	0.90149426	-3.1008235e-05	-1.0859673e-06	3.7993225e-07	-1.3143676e-06	7.3901248e-08	-4.4710061e-07	2.9637807e-07	-4.7888414e-07	3.8251952e-08	1.0298694e-05	2.8661894e-06	-3.1006859e-05	-3.1088475e-05	0.0026252904
-0.104	0.896	0	0	0	1.0011466	0	0	0	1.0027042	0.89945314	-3.1035274e-05	-1.0926034e-06	3.864313e-07	-1.3244721e-06	7.4488544e-08	-4.48972e-07	3.0423566e-07	-4.8143026e-07	3.8209968e-08	1.0307525e-05	2.9283933e-06	-3.103387e-05	-3.1115155e-05	0.0026124082
-0.106	0.894	0	0	0	1.0011084	0	0	0	1.0027049	0.89741168	-3.1061719e-05	-1.0993707e-06	3.9304284e-07	-1.3347705e-06	7.5071524e-08	-4.5097105e-07	3.1225565e-07	-4.8410721e-07	3.8164344e-08	1.0316161e-05	2.99065e-06	-3.1060286e-05	-3.1141244e-05	0.0025997071
-0.108	0.892	0	0	0	1.0010697	0	0	0	1.0027053	0.89536989	-3.1087586e-05	-1.1062669e-06	3.9976406e-07	-1.345262e-06	7.5650723e-08	-4.5309291e-07	3.2043526e-07	-4.8691036e-07	3.8115282e-08	1.0324607e-05	3.0529583e-06	-3.1086123e-05	-3.1166757e-05	0.0025871992
-0.11	0.89	0	0	0	1.0010305	0	0	0	1.0027057	0.89332775	-3.111289e-05	-1.1132901e-06	4.0659218e-07	-1.3559463e-06	7.6226649e-08	-4.5533289e-07	3.2877178e-07	-4.8983519e-07	3.8062976e-08	1.0332867e-05	3.115317e-06	-3.1111396e-05	-3.1191712e-05	0.0025748962
-0.112	0.888	0	0	0	1.000991	0	0	0	1.002706	0.89128525	-3.1137646e-05	-1.1204387e-06	4.1352442e-07	-1.3668231e-06	7.6799775e-08	-4.5768637e-07	3.3726253e-07	-4.928773e-07	3.8007619e-08	1.0340946e-05	3.1777251e-06	-3.1136121e-05	-3.1216122e-05	0.0025628097
-0.114	0.886	0	0	0	1.0009509	0	0	0	1.0027061	0.88924237	-3.1161866e-05	-1.1277112e-06	4.20558e-07	-1.3778925e-06	7.7370551e-08	-4.6014887e-07	3.4590491e-07	-4.9603237e-07	3.7949396e-08	1.0348849e-05	3.2401815e-06	-3.1160308e-05	-3.124e-05	0.0025509505
-0.116	0.884	0	0	0	1.0009104	0	0	0	1.0027061	0.88719912	-3.1185561e-05	-1.1351066e-06	4.2769014e-07	-1.389155e-06	7.79394e-08	-4.6271599e-07	3.5469628e-07	-4.9929614e-07	3.7888491e-08	1.0356578e-05	3.3026851e-06	-3.118397e-05	-3.1263358e-05	0.0025393297
-0.118	0.882	0	0	0	1.0008693	0	0	0	1.0027059	0.88515547	-3.1208742e-05	-1.142624e-06	4.3491801e-07	-1.4006109e-06	7.8506716e-08	-4.6538341e-07	3.6363406e-07	-5.0266444e-07	3.7825086e-08	1.0364137e-05	3.365235e-06	-3.1207118e-05	-3.1286208e-05	0.0025279576
-0.12	0.88	0	0	0	1.0008278	0	0	0	1.0027057	0.88311142	-3.1231419e-05	-1.1502627e-06	4.4223876e-07	-1.412261e-06	7.9072875e-08	-4.6814687e-07	3.7271559e-07	-5.0613315e-07	3.7759358e-08	1.0371529e-05	3.42783e-06	-3.122976e-05	-3.1308559e-05	0.0025168447
-0.122	0.878	0	0	0	1.0007857	0	0	0	1.0027053	0.88106695	-3.1253601e-05	-1.1580222e-06	4.4964949e-07	-1.4241063e-06	7.9638225e-08	-4.7100219e-07	3.8193822e-07	-5.0969817e-07	3.7691483e-08	1.0378757e-05	3.4904692e-06	-3.1251906e-05	-3.133042e-05	0.0025060008
-0.124	0.876	0	0	0	1.0007431	0	0	0	1.0027047	0.87902207	-3.1275296e-05	-1.165902e-06	4.5714724e-07	-1.4361476e-06	8.0203095e-08	-4.7394523e-07	3.9129925e-07	-5.1335547e-07	3.7621635e-08	1.0385824e-05	3.5531517e-06	-3.1273564e-05	-3.1351801e-05	0.0024954357
-0.126	0.874	0	0	0	1.0006999	0	0	0	1.0027041	0.87697675	-3.1296511e-05	-1.1739019e-06	4.64729e-07	-1.4483861e-06	8.0767792e-08	-4.769719e-07	4.0079594e-07	-5.1710105e-07	3.7549985e-08	1.0392731e-05	3.6158764e-06	-3.1294742e-05	-3.1372708e-05	0.0024851587
-0.128	0.872	0	0	0	1.0006562	0	0	0	1.0027033	0.87493098	-3.1317253e-05	-1.1820217e-06	4.723917e-07	-1.4608231e-06	8.1332603e-08	-4.8007815e-07	4.1042548e-07	-5.2093092e-07	3.7476703e-08	1.0399481e-05	3.6786425e-06	-3.1315446e-05	-3.1393149e-05	0.0024751789
-0.13	0.87	0	0	0	1.0006118	0	0	0	1.0027023	0.87288477	-3.1337529e-05	-1.1902613e-06	4.8013221e-07	-1.4734598e-06	8.1897795e-08	-4.8325998e-07	4.2018501e-07	-5.2484114e-07	3.7401957e-08	1.0406076e-05	3.741449e-06	-3.1335682e-05	-3.1413132e-05	0.0024655052
-0.132	0.868	0	0	0	1.0005669	0	0	0	1.0027012	0.87083809	-3.1357344e-05	-1.1986207e-06	4.8794733e-07	-1.4862974e-06	8.2463618e-08	-4.8651341e-07	4.300716e-07	-5.2882777e-07	3.7325915e-08	1.0412518e-05	3.804295e-06	-3.1355458e-05	-3.1432661e-05	0.0024561458
-0.134	0.866	0	0	0	1.0005214	0	0	0	1.0027	0.86879094	-3.1376705e-05	-1.2070998e-06	4.958338e-07	-1.4993375e-06	8.3030301e-08	-4.8983452e-07	4.4008225e-07	-5.3288693e-07	3.7248743e-08	1.0418809e-05	3.8671796e-06	-3.1374777e-05	-3.1451743e-05	0.002447109
-0.136	0.864	0	0	0	1.0004752	0	0	0	1.0026987	0.86674331	-3.1395615e-05	-1.2156986e-06	5.0378832e-07	-1.5125814e-06	8.3598059e-08	-4.932194e-07	4.5021391e-07	-5.3701471e-07	3.7170603e-08	1.0424949e-05	3.930102e-06	-3.1393645e-05	-3.1470383e-05	0.0024384023
-0.138	0.862	0	0	0	1.0004284	0	0	0	1.0026972	0.8646952	-3.141408e-05	-1.2244173e-06	5.1180749e-07	-1.5260304e-06	8.4167088e-08	-4.9666419e-07	4.6046344e-07	-5.4120728e-07	3.709166e-08	1.0430941e-05	3.9930612e-06	-3.1412067e-05	-3.1488585e-05	0.0024300331
-0.14	0.86	0	0	0	1.0003809	0	0	0	1.0026955	0.86264659	-3.1432105e-05	-1.2332559e-06	5.1988787e-07	-1.5396861e-06	8.473757e-08	-5.0016505e-07	4.7082763e-07	-5.4546078e-07	3.7012074e-08	1.0436785e-05	4.0560563e-06	-3.1430047e-05	-3.1506356e-05	0.0024220082
-0.142	0.858	0	0	0	1.0003328	0	0	0	1.0026937	0.86059749	-3.1449692e-05	-1.2422144e-06	5.2802599e-07	-1.5535497e-06	8.530967e-08	-5.037182e-07	4.8130322e-07	-5.4977142e-07	3.6932007e-08	1.0442484e-05	4.1190866e-06	-3.144759e-05	-3.1523699e-05	0.002414334
-0.144	0.856	0	0	0	1.0002839	0	0	0	1.0026918	0.85854787	-3.1466847e-05	-1.2512929e-06	5.362183e-07	-1.5676227e-06	8.5883538e-08	-5.0731987e-07	4.9188688e-07	-5.541354e-07	3.6851615e-08	1.0448037e-05	4.1821511e-06	-3.1464699e-05	-3.1540617e-05	0.0024070165
-0.146	0.854	0	0	0	1.0002344	0	0	0	1.0026897	0.85649774	-3.1483573e-05	-1.2604914e-06	5.4446121e-07	-1.5819064e-06	8.6459312e-08	-5.1096635e-07	5.0257521e-07	-5.5854897e-07	3.6771057e-08	1.0453447e-05	4.2452491e-06	-3.1481377e-05	-3.1557116e-05	0.0024000612
-0.148	0.852	0	0	0	1.0001842	0	0	0	1.0026875	0.85444709	-3.1499873e-05	-1.2698097e-06	5.5275111e-07	-1.596402e-06	8.7037113e-08	-5.1465396e-07	5.1336476e-07	-5.6300841e-07	3.6690488e-08	1.0458715e-05	4.3083796e-06	-3.149763e-05	-3.1573199e-05	0.0023934731
-0.15	0.85	0	0	0	1.0001333	0	0	0	1.0026851	0.85239592	-3.1515751e-05	-1.2792479e-06	5.6108433e-07	-1.6111108e-06	8.7617051e-08	-5.1837906e-07	5.2425203e-07	-5.6751003e-07	3.6610061e-08	1.0463841e-05	4.3715419e-06	-3.1513459e-05	-3.158887e-05	0.0023872566
-0.152	0.848	0	0	0	1.0000816	0	0	0	1.0026826	0.85034422	-3.153121e-05	-1.2888059e-06	5.6945719e-07	-1.626034e-06	8.8199225e-08	-5.2213808e-07	5.3523346e-07	-5.7205017e-07	3.6529929e-08	1.0468827e-05	4.4347351e-06	-3.1528868e-05	-3.1604131e-05	0.0023814157
-0.154	0.846	0	0	0	1.0000292	0	0	0	1.00268	0.84829199	-3.1546253e-05	-1.2984833e-06	5.7786599e-07	-1.6411725e-06	8.8783717e-08	-5.2592747e-07	5.4630546e-07	-5.7662524e-07	3.6450241e-08	1.0473673e-05	4.4979584e-06	-3.154386e-05	-3.1618986e-05	0.0023759537
-0.156	0.844	0	0	0	0.99997601	0	0	0	1.0026772	0.84623923	-3.1560884e-05	-1.3082801e-06	5.8630699e-07	-1.6565275e-06	8.9370604e-08	-5.2974376e-07	5.574644e-07	-5.8123167e-07	3.6371145e-08	1.0478381e-05	4.561211e-06	-3.1558439e-05	-3.1633438e-05	0.0023708734
-0.158	0.842	0	0	0	0.99992209	0	0	0	1.0026742	0.84418592	-3.1575105e-05	-1.3181958e-06	5.9477649e-07	-1.6720999e-06	8.9959946e-08	-5.3358353e-07	5.6870663e-07	-5.8586595e-07	3.6292786e-08	1.0482951e-05	4.6244921e-06	-3.1572607e-05	-3.1647491e-05	0.0023661771
-0.16	0.84	0	0	0	0.99986739	0	0	0	1.0026711	0.84213208	-3.1588919e-05	-1.3282302e-06	6.0327074e-07	-1.6878905e-06	9.0551796e-08	-5.3744342e-07	5.8002846e-07	-5.9052462e-07	3.6215308e-08	1.0487384e-05	4.687801e-06	-3.1586368e-05	-3.1661147e-05	0.0023618665
-0.162	0.838	0	0	0	0.99981192	0	0	0	1.0026679	0.84007769	-3.1602329e-05	-1.3383826e-06	6.1178603e-07	-1.7039001e-06	9.1146197e-08	-5.4132012e-07	5.914262e-07	-5.9520428e-07	3.613885e-08	1.0491681e-05	4.7511367e-06	-3.1599723e-05	-3.167441e-05	0.0023579426
-0.164	0.836	0	0	0	0.99975565	0	0	0	1.0026646	0.83802276	-3.1615338e-05	-1.3486526e-06	6.2031865e-07	-1.7201293e-06	9.1743182e-08	-5.4521042e-07	6.0289614e-07	-5.999016e-07	3.6063552e-08	1.0495844e-05	4.8144986e-06	-3.1612677e-05	-3.1687282e-05	0.0023544061
-0.166	0.834	0	0	0	0.99969859	0	0	0	1.0026611	0.83596729	-3.1627949e-05	-1.3590396e-06	6.2886491e-07	-1.7365787e-06	9.2342776e-08	-5.4911116e-07	6.1443458e-07	-6.0461331e-07	3.5989546e-08	1.0499872e-05	4.8778859e-06	-3.1625232e-05	-3.1699766e-05	0.0023512568
-0.168	0.832	0	0	0	0.99964073	0	0	0	1.0026574	0.83391128	-3.1640164e-05	-1.3695428e-06	6.3742115e-07	-1.7532487e-06	9.2944993e-08	-5.5301925e-07	6.2603782e-07	-6.0933621e-07	3.5916967e-08	1.0503767e-05	4.9412977e-06	-3.163739e-05	-3.1711865e-05	0.0023484942
-0.17	0.83	0	0	0	0.99958205	0	0	0	1.0026537	0.83185473	-3.1651987e-05	-1.3801616e-06	6.4598374e-07	-1.7701398e-06	9.3549843e-08	-5.5693169e-07	6.3770217e-07	-6.1406716e-07	3.5845942e-08	1.050753e-05	5.0047333e-06	-3.1649155e-05	-3.1723582e-05	0.002346117
-0.172	0.828	0	0	0	0.99952255	0	0	0	1.0026498	0.82979763	-3.166342e-05	-1.3908949e-06	6.545491e-07	-1.7872522e-06	9.4157326e-08	-5.6084557e-07	6.4942397e-07	-6.1880313e-07	3.5776597e-08	1.0511162e-05	5.068192e-06	-3.1660529e-05	-3.1734919e-05	0.0023441234
-0.174	0.826	0	0	0	0.99946222	0	0	0	1.0026457	0.82774001	-3.1674467e-05	-1.4017419e-06	6.6311369e-07	-1.8045861e-06	9.4767436e-08	-5.6475804e-07	6.6119957e-07	-6.2354113e-07	3.5709054e-08	1.0514663e-05	5.131673e-06	-3.1671515e-05	-3.1745881e-05	0.0023425114
-0.176	0.824	0	0	0	0.99940107	0	0	0	1.0026416	0.82568184	-3.1685129e-05	-1.4127016e-06	6.7167402e-07	-1.8221415e-06	9.5380162e-08	-5.6866635e-07	6.7302538e-07	-6.2827829e-07	3.5643433e-08	1.0518035e-05	5.1951755e-06	-3.1682117e-05	-3.1756468e-05	0.0023412779
-0.178	0.822	0	0	0	0.99933908	0	0	0	1.0026373	0.82362315	-3.169541e-05	-1.4237728e-06	6.8022667e-07	-1.8399184e-06	9.5995484e-08	-5.7256784e-07	6.8489782e-07	-6.330118e-07	3.5579848e-08	1.0521278e-05	5.2586989e-06	-3.1692337e-05	-3.1766684e-05	0.0023404196
-0.18	0.82	0	0	0	0.99927625	0	0	0	1.0026329	0.82156393	-3.1705313e-05	-1.4349543e-06	6.8876826e-07	-1.8579166e-06	9.6613379e-08	-5.7645993e-07	6.9681337e-07	-6.3773895e-07	3.5518411e-08	1.0524394e-05	5.3222423e-06	-3.1702178e-05	-3.1776533e-05	0.0023399329
-0.182	0.818	0	0	0	0.99921257	0	0	0	1.0026284	0.81950419	-3.171484e-05	-1.4462449e-06	6.9729551e-07	-1.876136e-06	9.7233819e-08	-5.8034014e-07	7.0876857e-07	-6.4245712e-07	3.545923e-08	1.0527382e-05	5.385805e-06	-3.1711642e-05	-3.1786016e-05	0.0023398133
-0.184	0.816	0	0	0	0.99914805	0	0	0	1.0026237	0.81744394	-3.1723995e-05	-1.4576432e-06	7.0580519e-07	-1.8945762e-06	9.785677e-08	-5.8420609e-07	7.2076001e-07	-6.4716377e-07	3.5402409e-08	1.0530245e-05	5.4493863e-06	-3.1720734e-05	-3.1795136e-05	0.0023400562
-0.186	0.814	0	0	0	0.99908267	0	0	0	1.002619	0.81538317	-3.1732781e-05	-1.4691479e-06	7.1429416e-07	-1.9132367e-06	9.8482196e-08	-5.8805547e-07	7.3278433e-07	-6.5185646e-07	3.5348048e-08	1.0532984e-05	5.5129855e-06	-3.1729456e-05	-3.1803898e-05	0.0023406563
-0.188	0.812	0	0	0	0.99901644	0	0	0	1.0026141	0.81332191	-3.17412e-05	-1.4807574e-06	7.2275935e-07	-1.9321171e-06	9.9110054e-08	-5.918861e-07	7.4483826e-07	-6.5653286e-07	3.5296242e-08	1.0535598e-05	5.5766019e-06	-3.173781e-05	-3.1812302e-05	0.0023416082
-0.19	0.81	0	0	0	0.99894936	0	0	0	1.0026091	0.81126014	-3.1749256e-05	-1.4924701e-06	7.3119779e-07	-1.9512168e-06	9.9740302e-08	-5.9569586e-07	7.5691859e-07	-6.6119071e-07	3.5247085e-08	1.053809e-05	5.6402347e-06	-3.1745801e-05	-3.1820353e-05	0.0023429058
-0.192	0.808	0	0	0	0.99888142	0	0	0	1.002604	0.80919788	-3.1756952e-05	-1.5042846e-06	7.3960659e-07	-1.9705351e-06	1.0037289e-07	-5.9948274e-07	7.6902218e-07	-6.6582787e-07	3.5200663e-08	1.0540459e-05	5.7038833e-06	-3.175343e-05	-3.1828053e-05	0.0023445429
-0.194	0.806	0	0	0	0.99881262	0	0	0	1.0025988	0.80713515	-3.1764291e-05	-1.516199e-06	7.4798294e-07	-1.9900711e-06	1.0100777e-07	-6.0324484e-07	7.8114599e-07	-6.7044227e-07	3.5157062e-08	1.0542709e-05	5.767547e-06	-3.1760702e-05	-3.1835405e-05	0.0023465128
-0.196	0.804	0	0	0	0.99874297	0	0	0	1.0025935	0.80507194	-3.1771275e-05	-1.5282117e-06	7.5632413e-07	-2.0098242e-06	1.0164489e-07	-6.0698033e-07	7.9328704e-07	-6.7503196e-07	3.5116362e-08	1.0544838e-05	5.8312249e-06	-3.176762e-05	-3.1842412e-05	0.0023488087
-0.198	0.802	0	0	0	0.99867246	0	0	0	1.0025882	0.80300826	-3.1777909e-05	-1.5403208e-06	7.6462757e-07	-2.0297934e-06	1.0228419e-07	-6.106875e-07	8.0544245e-07	-6.7959507e-07	3.5078637e-08	1.0546849e-05	5.8949166e-06	-3.1774186e-05	-3.1849077e-05	0.0023514233
-0.2	0.8	0	0	0	0.99860109	0	0	0	1.0025827	0.80094413	-3.1784195e-05	-1.5525245e-06	7.7289072e-07	-2.0499776e-06	1.0292563e-07	-6.1436472e-07	8.1760942e-07	-6.8412984e-07	3.504396e-08	1.0548742e-05	5.9586212e-06	-3.1780404e-05	-3.1855402e-05	0.0023543493
-0.202	0.798	0	0	0	0.99852887	0	0	0	1.0025771	0.79887955	-3.1790137e-05	-1.5648209e-06	7.8111117e-07	-2.0703759e-06	1.0356913e-07	-6.1801044e-07	8.2978525e-07	-6.8863459e-07	3.50124e-08	1.0550518e-05	6.0223382e-06	-3.1786277e-05	-3.1861392e-05	0.0023575789
-0.204	0.796	0	0	0	0.9984558	0	0	0	1.0025715	0.79681454	-3.1795737e-05	-1.5772081e-06	7.8928661e-07	-2.0909872e-06	1.0421465e-07	-6.2162323e-07	8.4196731e-07	-6.9310774e-07	3.4984019e-08	1.0552179e-05	6.0860668e-06	-3.1791808e-05	-3.1867049e-05	0.0023611043
-0.206	0.794	0	0	0	0.99838188	0	0	0	1.0025657	0.7947491	-3.1800999e-05	-1.5896842e-06	7.974148e-07	-2.1118102e-06	1.0486213e-07	-6.2520173e-07	8.5415311e-07	-6.9754781e-07	3.4958877e-08	1.0553726e-05	6.1498064e-06	-3.1797e-05	-3.1872376e-05	0.0023649176
-0.208	0.792	0	0	0	0.9983071	0	0	0	1.0025599	0.79268325	-3.1805927e-05	-1.602247e-06	8.0549363e-07	-2.1328437e-06	1.0551149e-07	-6.2874467e-07	8.663402e-07	-7.0195339e-07	3.4937031e-08	1.0555159e-05	6.2135563e-06	-3.1801858e-05	-3.1877375e-05	0.0023690106
-0.21	0.79	0	0	0	0.99823149	0	0	0	1.002554	0.79061699	-3.1810523e-05	-1.6148945e-06	8.1352107e-07	-2.1540866e-06	1.061627e-07	-6.3225088e-07	8.7852626e-07	-7.0632318e-07	3.4918533e-08	1.055648e-05	6.2773159e-06	-3.1806383e-05	-3.1882051e-05	0.002373375
-0.212	0.788	0	0	0	0.99815503	0	0	0	1.0025481	0.78855034	-3.181479e-05	-1.6276247e-06	8.214952e-07	-2.1755374e-06	1.0681568e-07	-6.3571926e-07	8.9070906e-07	-7.1065596e-07	3.4903431e-08	1.055769e-05	6.3410845e-06	-3.181058e-05	-3.1886406e-05	0.0023780026
-0.214	0.786	0	0	0	0.99807773	0	0	0	1.0025421	0.78648331	-3.1818733e-05	-1.6404355e-06	8.2941419e-07	-2.1971949e-06	1.0747037e-07	-6.3914879e-07	9.0288645e-07	-7.149506e-07	3.4891769e-08	1.055879e-05	6.4048615e-06	-3.1814451e-05	-3.1890442e-05	0.0023828848
-0.216	0.784	0	0	0	0.99799961	0	0	0	1.002536	0.78441591	-3.1822353e-05	-1.6533247e-06	8.372763e-07	-2.2190575e-06	1.0812671e-07	-6.4253856e-07	9.1505641e-07	-7.1920603e-07	3.4883588e-08	1.0559781e-05	6.4686463e-06	-3.1818001e-05	-3.1894164e-05	0.0023880132
-0.218	0.782	0	0	0	0.99792065	0	0	0	1.0025298	0.78234815	-3.1825656e-05	-1.6662901e-06	8.450799e-07	-2.241124e-06	1.0878465e-07	-6.4588769e-07	9.2721697e-07	-7.234213e-07	3.4878926e-08	1.0560664e-05	6.5324382e-06	-3.1821231e-05	-3.1897574e-05	0.0023933794
-0.22	0.78	0	0	0	0.99784087	0	0	0	1.0025236	0.78028005	-3.1828643e-05	-1.6793297e-06	8.5282346e-07	-2.2633929e-06	1.0944413e-07	-6.4919542e-07	9.393663e-07	-7.2759551e-07	3.4877816e-08	1.056144e-05	6.5962366e-06	-3.1824146e-05	-3.1900675e-05	0.0023989748
-0.222	0.778	0	0	0	0.99776028	0	0	0	1.0025174	0.77821161	-3.1831318e-05	-1.6924413e-06	8.6050551e-07	-2.2858627e-06	1.1010508e-07	-6.5246105e-07	9.5150263e-07	-7.3172785e-07	3.4880288e-08	1.0562111e-05	6.6600409e-06	-3.1826749e-05	-3.190347e-05	0.002404791
-0.224	0.776	0	0	0	0.99767887	0	0	0	1.002511	0.77614285	-3.1833684e-05	-1.7056226e-06	8.6812471e-07	-2.3085318e-06	1.1076746e-07	-6.5568392e-07	9.6362431e-07	-7.3581757e-07	3.488637e-08	1.0562677e-05	6.7238505e-06	-3.1829043e-05	-3.1905962e-05	0.0024108195
-0.226	0.774	0	0	0	0.99759666	0	0	0	1.0025047	0.77407379	-3.1835745e-05	-1.7188715e-06	8.7567978e-07	-2.3313989e-06	1.1143119e-07	-6.5886349e-07	9.7572976e-07	-7.3986401e-07	3.4896084e-08	1.0563139e-05	6.7876647e-06	-3.1831031e-05	-3.1908155e-05	0.002417052
-0.228	0.772	0	0	0	0.99751365	0	0	0	1.0024983	0.77200443	-3.1837503e-05	-1.7321858e-06	8.8316954e-07	-2.3544623e-06	1.1209624e-07	-6.6199925e-07	9.878175e-07	-7.4386657e-07	3.4909452e-08	1.0563499e-05	6.8514831e-06	-3.1832717e-05	-3.191005e-05	0.00242348
-0.23	0.77	0	0	0	0.99742985	0	0	0	1.0024919	0.76993479	-3.1838963e-05	-1.7455633e-06	8.9059291e-07	-2.3777205e-06	1.1276254e-07	-6.6509077e-07	9.9988614e-07	-7.4782471e-07	3.4926491e-08	1.0563758e-05	6.9153049e-06	-3.1834103e-05	-3.1911651e-05	0.0024300954
-0.232	0.768	0	0	0	0.99734526	0	0	0	1.0024854	0.76786488	-3.1840126e-05	-1.7590017e-06	8.9794886e-07	-2.401172e-06	1.1343004e-07	-6.6813766e-07	1.0119344e-06	-7.5173796e-07	3.4947216e-08	1.0563916e-05	6.9791297e-06	-3.1835193e-05	-3.1912962e-05	0.00243689
-0.234	0.766	0	0	0	0.9972599	0	0	0	1.0024789	0.76579471	-3.1840997e-05	-1.772499e-06	9.0523647e-07	-2.4248152e-06	1.1409868e-07	-6.7113961e-07	1.023961e-06	-7.5560593e-07	3.4971637e-08	1.0563975e-05	7.0429568e-06	-3.1835991e-05	-3.1913984e-05	0.0024438557
-0.236	0.764	0	0	0	0.99717376	0	0	0	1.0024724	0.76372431	-3.1841578e-05	-1.7860529e-06	9.1245488e-07	-2.4486487e-06	1.1476842e-07	-6.7409636e-07	1.0359649e-06	-7.5942826e-07	3.4999764e-08	1.0563937e-05	7.1067856e-06	-3.1836499e-05	-3.1914721e-05	0.0024509845
-0.238	0.762	0	0	0	0.99708687	0	0	0	1.0024658	0.76165367	-3.1841872e-05	-1.7996612e-06	9.1960332e-07	-2.4726708e-06	1.1543922e-07	-6.770077e-07	1.0479449e-06	-7.6320465e-07	3.5031603e-08	1.0563801e-05	7.1706157e-06	-3.183672e-05	-3.1915176e-05	0.0024582687
-0.24	0.76	0	0	0	0.99699922	0	0	0	1.0024592	0.75958282	-3.1841884e-05	-1.8133217e-06	9.2668108e-07	-2.49688e-06	1.1611101e-07	-6.7987346e-07	1.0599002e-06	-7.6693487e-07	3.5067157e-08	1.0563568e-05	7.2344463e-06	-3.1836658e-05	-3.1915352e-05	0.0024657004
-0.242	0.758	0	0	0	0.99691083	0	0	0	1.0024526	0.75751177	-3.1841614e-05	-1.8270324e-06	9.3368753e-07	-2.5212747e-06	1.1678376e-07	-6.8269353e-07	1.0718299e-06	-7.7061874e-07	3.5106428e-08	1.0563241e-05	7.2982771e-06	-3.1836316e-05	-3.1915251e-05	0.0024732723
-0.244	0.756	0	0	0	0.99682171	0	0	0	1.002446	0.75544053	-3.1841068e-05	-1.8407911e-06	9.4062212e-07	-2.5458536e-06	1.1745741e-07	-6.8546786e-07	1.083733e-06	-7.742561e-07	3.5149414e-08	1.056282e-05	7.3621073e-06	-3.1835696e-05	-3.1914876e-05	0.0024809767
-0.246	0.754	0	0	0	0.99673185	0	0	0	1.0024394	0.75336912	-3.1840247e-05	-1.8545956e-06	9.4748434e-07	-2.5706149e-06	1.1813194e-07	-6.881964e-07	1.0956089e-06	-7.7784688e-07	3.5196112e-08	1.0562306e-05	7.4259366e-06	-3.1834801e-05	-3.191423e-05	0.0024888066
-0.248	0.752	0	0	0	0.99664128	0	0	0	1.0024328	0.75129754	-3.1839154e-05	-1.8684439e-06	9.5427376e-07	-2.5955574e-06	1.1880728e-07	-6.9087919e-07	1.1074569e-06	-7.8139103e-07	3.5246516e-08	1.05617e-05	7.4897643e-06	-3.1833636e-05	-3.1913316e-05	0.0024967548
-0.25	0.75	0	0	0	0.99655	0	0	0	1.0024261	0.74922582	-3.1837793e-05	-1.8823338e-06	9.6099002e-07	-2.6206794e-06	1.1948342e-07	-6.9351628e-07	1.1192764e-06	-7.8488853e-07	3.5300619e-08	1.0561003e-05	7.5535898e-06	-3.1832202e-05	-3.1912136e-05	0.0025048143
-0.252	0.748	0	0	0	0.99645801	0	0	0	1.0024195	0.74715396	-3.1836167e-05	-1.8962634e-06	9.676328e-07	-2.6459795e-06	1.2016029e-07	-6.9610775e-07	1.1310669e-06	-7.8833942e-07	3.535841e-08	1.0560216e-05	7.6174128e-06	-3.1830502e-05	-3.1910693e-05	0.0025129785
-0.254	0.746	0	0	0	0.99636534	0	0	0	1.0024128	0.74508199	-3.1834277e-05	-1.9102305e-06	9.7420185e-07	-2.6714563e-06	1.2083788e-07	-6.9865374e-07	1.1428278e-06	-7.9174377e-07	3.5419879e-08	1.055934e-05	7.6812326e-06	-3.182854e-05	-3.190899e-05	0.0025212406
-0.256	0.744	0	0	0	0.99627199	0	0	0	1.0024062	0.7430099	-3.1832128e-05	-1.9242332e-06	9.8069696e-07	-2.6971084e-06	1.2151614e-07	-7.011544e-07	1.1545589e-06	-7.9510169e-07	3.5485011e-08	1.0558375e-05	7.7450488e-06	-3.1826317e-05	-3.1907029e-05	0.0025295943
-0.258	0.742	0	0	0	0.99617797	0	0	0	1.0023996	0.74093772	-3.1829721e-05	-1.9382694e-06	9.87118e-07	-2.7229344e-06	1.2219505e-07	-7.0360992e-07	1.1662596e-06	-7.9841331e-07	3.5553792e-08	1.0557324e-05	7.8088607e-06	-3.1823838e-05	-3.1904813e-05	0.0025380334
-0.26	0.74	0	0	0	0.99608328	0	0	0	1.0023929	0.73886546	-3.1827059e-05	-1.9523372e-06	9.9346485e-07	-2.7489329e-06	1.2287456e-07	-7.0602051e-07	1.1779298e-06	-8.0167881e-07	3.5626204e-08	1.0556186e-05	7.872668e-06	-3.1821104e-05	-3.1902345e-05	0.0025465517
-0.262	0.738	0	0	0	0.99598795	0	0	0	1.0023863	0.73679313	-3.1824146e-05	-1.9664347e-06	9.9973748e-07	-2.7751025e-06	1.2355465e-07	-7.0838642e-07	1.1895693e-06	-8.0489837e-07	3.5702231e-08	1.0554963e-05	7.9364701e-06	-3.1818118e-05	-3.1899626e-05	0.0025551434
-0.264	0.736	0	0	0	0.99589197	0	0	0	1.0023797	0.73472074	-3.1820983e-05	-1.9805599e-06	1.0059359e-06	-2.8014421e-06	1.2423528e-07	-7.1070791e-07	1.2011777e-06	-8.0807224e-07	3.5781851e-08	1.0553655e-05	8.0002665e-06	-3.1814883e-05	-3.189666e-05	0.0025638028
-0.266	0.734	0	0	0	0.99579537	0	0	0	1.0023731	0.73264832	-3.1817573e-05	-1.9947109e-06	1.0120601e-06	-2.8279503e-06	1.2491644e-07	-7.1298527e-07	1.2127551e-06	-8.1120066e-07	3.5865044e-08	1.0552264e-05	8.0640568e-06	-3.1811402e-05	-3.1893448e-05	0.0025725244
-0.268	0.732	0	0	0	0.99569814	0	0	0	1.0023665	0.73057586	-3.1813919e-05	-2.0088859e-06	1.0181101e-06	-2.8546258e-06	1.255981e-07	-7.1521882e-07	1.2243012e-06	-8.1428389e-07	3.5951789e-08	1.055079e-05	8.1278403e-06	-3.1807676e-05	-3.1889994e-05	0.0025813027
-0.27	0.73	0	0	0	0.99560031	0	0	0	1.0023599	0.72850339	-3.1810023e-05	-2.0230831e-06	1.0240862e-06	-2.8814674e-06	1.2628022e-07	-7.1740887e-07	1.2358162e-06	-8.1732225e-07	3.6042061e-08	1.0549234e-05	8.1916167e-06	-3.1803709e-05	-3.1886299e-05	0.0025901326
-0.272	0.728	0	0	0	0.99550187	0	0	0	1.0023534	0.72643091	-3.1805888e-05	-2.0373006e-06	1.0299884e-06	-2.908474e-06	1.2696279e-07	-7.1955577e-07	1.2473e-06	-8.2031604e-07	3.6135835e-08	1.0547596e-05	8.2553855e-06	-3.1799502e-05	-3.1882365e-05	0.0025990092
-0.274	0.726	0	0	0	0.99540285	0	0	0	1.0023469	0.72435845	-3.1801515e-05	-2.0515367e-06	1.0358169e-06	-2.9356444e-06	1.2764579e-07	-7.216599e-07	1.2587526e-06	-8.232656e-07	3.6233087e-08	1.0545879e-05	8.3191462e-06	-3.1795059e-05	-3.1878195e-05	0.0026079277
-0.276	0.724	0	0	0	0.99530324	0	0	0	1.0023403	0.722286	-3.1796908e-05	-2.0657897e-06	1.041572e-06	-2.9629775e-06	1.283292e-07	-7.2372162e-07	1.2701742e-06	-8.2617129e-07	3.6333789e-08	1.0544082e-05	8.3828983e-06	-3.1790381e-05	-3.1873791e-05	0.0026168832
-0.278	0.722	0	0	0	0.99520307	0	0	0	1.0023339	0.72021359	-3.1792068e-05	-2.0800578e-06	1.0472539e-06	-2.9904723e-06	1.2901299e-07	-7.2574132e-07	1.2815649e-06	-8.2903347e-07	3.6437914e-08	1.0542206e-05	8.4466414e-06	-3.1785471e-05	-3.1869155e-05	0.0026258715
-0.28	0.72	0	0	0	0.99510235	0	0	0	1.0023274	0.71814123	-3.1786997e-05	-2.0943393e-06	1.0528629e-06	-3.0181275e-06	1.2969715e-07	-7.2771942e-07	1.2929249e-06	-8.3185252e-07	3.6545435e-08	1.0540252e-05	8.5103749e-06	-3.178033e-05	-3.1864289e-05	0.0026348883
-0.282	0.718	0	0	0	0.99500107	0	0	0	1.002321	0.71606892	-3.1781699e-05	-2.1086327e-06	1.0583993e-06	-3.0459424e-06	1.3038167e-07	-7.2965632e-07	1.3042545e-06	-8.3462884e-07	3.665632e-08	1.053822e-05	8.5740985e-06	-3.1774962e-05	-3.1859195e-05	0.0026439293
-0.284	0.716	0	0	0	0.99489926	0	0	0	1.0023146	0.71399668	-3.1776174e-05	-2.1229362e-06	1.0638634e-06	-3.0739158e-06	1.3106652e-07	-7.3155245e-07	1.3155537e-06	-8.3736284e-07	3.6770542e-08	1.0536112e-05	8.6378117e-06	-3.1769367e-05	-3.1853875e-05	0.0026529906
-0.286	0.714	0	0	0	0.99479693	0	0	0	1.0023083	0.71192452	-3.1770424e-05	-2.1372484e-06	1.0692555e-06	-3.1020469e-06	1.317517e-07	-7.3340825e-07	1.3268231e-06	-8.4005494e-07	3.6888069e-08	1.0533928e-05	8.701514e-06	-3.1763549e-05	-3.1848332e-05	0.0026620685
-0.288	0.712	0	0	0	0.99469408	0	0	0	1.0023019	0.70985246	-3.1764453e-05	-2.1515676e-06	1.0745762e-06	-3.1303348e-06	1.3243719e-07	-7.3522415e-07	1.3380628e-06	-8.4270557e-07	3.7008869e-08	1.0531669e-05	8.765205e-06	-3.1757509e-05	-3.1842566e-05	0.0026711592
-0.29	0.71	0	0	0	0.99459073	0	0	0	1.0022956	0.7077805	-3.1758261e-05	-2.1658923e-06	1.0798256e-06	-3.1587785e-06	1.3312299e-07	-7.370006e-07	1.3492732e-06	-8.4531516e-07	3.7132913e-08	1.0529335e-05	8.8288843e-06	-3.1751249e-05	-3.1836579e-05	0.0026802594
-0.292	0.708	0	0	0	0.99448689	0	0	0	1.0022894	0.70570866	-3.1751851e-05	-2.180221e-06	1.0850044e-06	-3.1873773e-06	1.3380908e-07	-7.3873807e-07	1.3604546e-06	-8.4788417e-07	3.7260167e-08	1.0526927e-05	8.8925513e-06	-3.1744771e-05	-3.1830374e-05	0.0026893658
-0.294	0.706	0	0	0	0.99438256	0	0	0	1.0022832	0.70363695	-3.1745224e-05	-2.1945523e-06	1.0901129e-06	-3.2161303e-06	1.3449545e-07	-7.40437e-07	1.3716076e-06	-8.5041304e-07	3.7390598e-08	1.0524446e-05	8.9562058e-06	-3.1738076e-05	-3.1823953e-05	0.002698475
-0.296	0.704	0	0	0	0.99427776	0	0	0	1.002277	0.70156538	-3.1738382e-05	-2.2088847e-06	1.0951515e-06	-3.2450369e-06	1.3518209e-07	-7.4209786e-07	1.3827325e-06	-8.5290223e-07	3.7524174e-08	1.0521892e-05	9.0198471e-06	-3.1731167e-05	-3.1817315e-05	0.0027075843
-0.298	0.702	0	0	0	0.9941725	0	0	0	1.0022709	0.69949395	-3.1731327e-05	-2.2232168e-06	1.1001208e-06	-3.2740964e-06	1.3586901e-07	-7.4372112e-07	1.3938297e-06	-8.5535221e-07	3.7660861e-08	1.0519266e-05	9.083475e-06	-3.1724045e-05	-3.1810465e-05	0.0027166906
-0.3	0.7	0	0	0	0.99406679	0	0	0	1.0022648	0.69742269	-3.172406e-05	-2.2375473e-06	1.1050212e-06	-3.3033079e-06	1.3655619e-07	-7.4530726e-07	1.4048998e-06	-8.5776344e-07	3.7800626e-08	1.0516568e-05	9.147089e-06	inf	inf	inf
