lambda	F11	F12	F13	F21	F22	F23	F31	F32	F33	J	P11	P12	P13	P21	P22	P23	P31	P32	P33	p	StrEn	t(1)	t(2)	d
0	1	0	0	0	1	0	0	0	1	1	0	0	0	0	0	0	0	0	0	-0	0	inf	inf	inf
-0.002	0.998	-0.0016	0	0	1.0003825	0	0	0	1.0004329	0.99881392	-5.5586553e-06	-1.3401193e-06	-6.9520742e-08	-1.3422884e-06	1.0159003e-10	-8.0802197e-08	-7.1514812e-08	-8.3725921e-08	-1.3494684e-09	1.8533011e-06	6.6913189e-09	-6.6304829e-06	-6.520665e-06	-0.016841516
-0.004	0.996	-0.0032	0	0	1.0007367	0	0	0	1.0008496	0.99758051	-1.060926e-05	-2.6053197e-06	-1.5533768e-07	-2.615234e-06	-5.5415544e-11	-1.7312914e-07	-1.5939773e-07	-1.7882442e-07	-2.5853636e-09	3.5373002e-06	2.608266e-08	-1.2692991e-05	-1.2521438e-05	-0.013700723
-0.006	0.994	-0.0048	0	0	1.0010436	0	0	0	1.001231	0.99626224	-1.4926796e-05	-3.7279011e-06	-2.5650524e-07	-3.7501479e-06	-8.5068174e-10	-2.7712304e-07	-2.6252744e-07	-2.8495794e-07	-3.2199949e-09	4.9769555e-06	5.6777071e-08	-1.7908457e-05	-1.766654e-05	-0.013693511
-0.008	0.992	-0.0064	0	0	1.0012601	0	0	0	1.0015309	0.99477065	-1.8271752e-05	-4.5645e-06	-3.569405e-07	-4.6016834e-06	-3.2993056e-09	-3.9911826e-07	-3.6412979e-07	-4.0704091e-07	-1.8756088e-09	6.092309e-06	9.6748819e-08	-2.1922886e-05	-2.1646798e-05	-0.01275422
-0.01	0.99	-0.008	0	0	1.0013431	0	0	0	1.0016985	0.99301343	-2.0563199e-05	-4.9942276e-06	-3.9192558e-07	-5.0460263e-06	-7.6621479e-09	-5.3859272e-07	-3.9894027e-07	-5.4385528e-07	1.9404885e-09	6.8563069e-06	1.4336426e-07	-2.4558541e-05	-2.4360591e-05	-0.0081258241
-0.012	0.988	-0.0096	0	0	1.0013425	0	0	0	1.0017729	0.99108041	-2.2077548e-05	-5.1595502e-06	-3.4439515e-07	-5.2248336e-06	-1.1563252e-08	-6.7316501e-07	-3.5124184e-07	-6.7538885e-07	6.0720943e-09	7.3610132e-06	1.9419118e-07	-2.6205431e-05	-2.608851e-05	-0.0044817129
-0.014	0.986	-0.0112	0	0	1.0013181	0	0	0	1.0018106	0.98908723	-2.3123e-05	-5.2157587e-06	-2.6629836e-07	-5.2939573e-06	-1.3965848e-08	-7.9222794e-07	-2.7388332e-07	-7.9223656e-07	9.6126842e-09	7.7091178e-06	2.477183e-07	-2.7295936e-05	-2.7223163e-05	-0.0026731929
-0.016	0.984	-0.0128	0	0	1.0012899	0	0	0	1.0018332	0.98707537	-2.3879624e-05	-5.2218838e-06	-1.8753935e-07	-5.3126176e-06	-1.5104735e-08	-8.9272952e-07	-1.9668709e-07	-8.9127726e-07	1.2651089e-08	7.9606925e-06	3.0308384e-07	-2.8057459e-05	-2.8011129e-05	-0.0016539722
-0.018	0.982	-0.0144	0	0	1.0012625	0	0	0	1.0018477	0.98505652	-2.4451493e-05	-5.2011332e-06	-1.1847612e-07	-5.3040129e-06	-1.5332521e-08	-9.7304142e-07	-1.2972608e-07	-9.7066359e-07	1.5340007e-08	8.1504952e-06	3.5976282e-07	-2.8612697e-05	-2.8583855e-05	-0.0010090429
-0.02	0.98	-0.016	0	0	1.0012364	0	0	0	1.0018573	0.98303399	-2.4900765e-05	-5.1654739e-06	-6.1865339e-08	-5.2800933e-06	-1.4932723e-08	-1.0330665e-06	-7.5504638e-08	-1.0301243e-06	1.7780248e-08	8.299306e-06	4.1741925e-07	-2.9033406e-05	-2.9016843e-05	-0.00057082149
-0.022	0.978	-0.0176	0	0	1.0012109	0	0	0	1.0018632	0.98100864	-2.5265522e-05	-5.1220642e-06	-1.741277e-08	-5.2480301e-06	-1.4119846e-08	-1.0743343e-06	-3.354549e-08	-1.0710644e-06	2.0034258e-08	8.4198692e-06	4.7583019e-07	-2.9363401e-05	-2.9355897e-05	-0.00025563546
-0.024	0.976	-0.0192	0	0	1.0011851	0	0	0	1.0018666	0.97898056	-2.5569878e-05	-5.0752887e-06	1.6414404e-08	-5.2122416e-06	-1.3050672e-08	-1.099478e-06	-2.1967985e-09	-1.0960313e-06	2.2141108e-08	8.5202625e-06	5.3484284e-07	-2.9630308e-05	-2.9629788e-05	-1.7553107e-05
-0.026	0.974	-0.0208	0	0	1.0011582	0	0	0	1.001868	0.97694967	-2.5829676e-05	-5.0277262e-06	4.1498675e-08	-5.1753476e-06	-1.1834615e-08	-1.1115364e-06	2.0493343e-08	-1.1080069e-06	2.4126126e-08	8.6057949e-06	5.9434934e-07	-2.985203e-05	-2.9857107e-05	0.00017005093
-0.028	0.972	-0.0224	0	0	1.0011297	0	0	0	1.0018681	0.97491591	-2.6055697e-05	-4.9807878e-06	5.9629153e-08	-5.1387983e-06	-1.0544341e-08	-1.1134167e-06	3.6349187e-08	-1.1098617e-06	2.6006808e-08	8.6800781e-06	6.5427127e-07	-3.0040476e-05	-3.005019e-05	0.00032325714
-0.03	0.97	-0.024	0	0	1.0010992	0	0	0	1.001867	0.97287921	-2.6255504e-05	-4.9351696e-06	7.2324153e-08	-5.1033233e-06	-9.2259641e-09	-1.1076137e-06	4.6902737e-08	-1.1040674e-06	2.7796228e-08	8.7456446e-06	7.145501e-07	-3.0203765e-05	-3.0217426e-05	0.00045209766
-0.032	0.968	-0.0256	0	0	1.0010664	0	0	0	1.0018651	0.97083959	-2.6434549e-05	-4.8911567e-06	8.0799642e-08	-5.0692351e-06	-7.9075588e-09	-1.0961322e-06	5.3371392e-08	-1.0926146e-06	2.9504847e-08	8.8043174e-06	7.7514098e-07	-3.0347576e-05	-3.0364672e-05	0.00056301676
-0.034	0.966	-0.0272	0	0	1.0010311	0	0	0	1.0018625	0.96879705	-2.6596852e-05	-4.8488123e-06	8.6001969e-08	-5.0366192e-06	-6.6055107e-09	-1.0805219e-06	5.669658e-08	-1.0770436e-06	3.114144e-08	8.8574388e-06	8.3600878e-07	-3.0475978e-05	-3.0496114e-05	0.0006602815
-0.036	0.964	-0.0288	0	0	1.0009932	0	0	0	1.0018593	0.96675161	-2.6745438e-05	-4.8080889e-06	8.8659199e-08	-5.005446e-06	-5.328873e-09	-1.0619536e-06	5.7598591e-08	-1.0585199e-06	3.2713566e-08	8.9060177e-06	8.9712543e-07	-3.0591957e-05	-3.0614821e-05	0.00074681088
-0.038	0.962	-0.0304	0	0	1.0009527	0	0	0	1.0018556	0.96470332	-2.6882623e-05	-4.7688892e-06	8.9330609e-08	-4.9756333e-06	-4.0822088e-09	-1.0413023e-06	5.6628007e-08	-1.0379145e-06	3.4227831e-08	8.9508257e-06	9.5846807e-07	-3.0697753e-05	-3.072309e-05	0.00082467001
-0.04	0.96	-0.032	0	0	1.0009095	0	0	0	1.0018515	0.9626522	-2.7010212e-05	-4.7310993e-06	8.8447594e-08	-4.9470796e-06	-2.8673865e-09	-1.0192179e-06	5.4207611e-08	-1.0158749e-06	3.5690054e-08	8.9924633e-06	1.0200178e-06	-3.0795079e-05	-3.0822677e-05	0.00089536852
-0.042	0.958	-0.0336	0	0	1.0008636	0	0	0	1.001847	0.9605983	-2.7129633e-05	-4.6946045e-06	8.6345257e-08	-4.9196806e-06	-1.6846927e-09	-9.9618274e-07	5.0664464e-08	-9.9288162e-07	3.7105388e-08	9.0314042e-06	1.0817588e-06	-3.088527e-05	-3.091495e-05	0.00096004399
-0.044	0.956	-0.0352	0	0	1.0008149	0	0	0	1.0018422	0.95854164	-2.7242027e-05	-4.6592969e-06	8.3286084e-08	-4.8933379e-06	-5.335149e-10	-9.7255455e-07	4.6253766e-08	-9.6929122e-07	3.8478407e-08	9.0680275e-06	1.1436776e-06	-3.0969382e-05	-3.100099e-05	0.0010195772
-0.046	0.954	-0.0368	0	0	1.0007636	0	0	0	1.001837	0.95648228	-2.7348322e-05	-4.6250786e-06	7.9477457e-08	-4.8679613e-06	5.8724372e-10	-9.4859905e-07	4.1176423e-08	-9.4536839e-07	3.9813193e-08	9.1026405e-06	1.2057627e-06	-3.1048263e-05	-3.1081665e-05	0.0010746663
-0.048	0.952	-0.0384	0	0	1.0007095	0	0	0	1.0018315	0.95442023	-2.7449276e-05	-4.5918618e-06	7.50846e-08	-4.8434707e-06	1.6789134e-09	-9.2451352e-07	3.5591963e-08	-9.213096e-07	4.1113396e-08	9.1354946e-06	1.2680042e-06	-3.1122602e-05	-3.1157682e-05	0.0011258762
-0.05	0.95	-0.04	0	0	1.0006527	0	0	0	1.0018256	0.95235553	-2.7545519e-05	-4.559569e-06	7.0240182e-08	-4.8197946e-06	2.7429082e-09	-9.0044432e-07	2.9628079e-08	-8.9726052e-07	4.2382296e-08	9.166798e-06	1.3303935e-06	-3.1192968e-05	-3.1229621e-05	0.0011736716
-0.052	0.948	-0.0416	0	0	1.0005932	0	0	0	1.0018195	0.95028822	-2.7637577e-05	-4.5281315e-06	6.5051493e-08	-4.7968702e-06	3.7806389e-09	-8.7649965e-07	2.3387734e-08	-8.7332876e-07	4.3622847e-08	9.1967247e-06	1.3929227e-06	-3.125983e-05	-3.1297965e-05	0.0012184411
-0.054	0.946	-0.0432	0	0	1.000531	0	0	0	1.001813	0.94821831	-2.7725895e-05	-4.4974885e-06	5.9605855e-08	-4.7746421e-06	4.7934627e-09	-8.5275907e-07	1.6954505e-08	-8.4959331e-07	4.4837722e-08	9.2254212e-06	1.4555853e-06	-3.1323585e-05	-3.1363119e-05	0.0012605128
-0.056	0.944	-0.0448	0	0	1.000466	0	0	0	1.0018063	0.94614585	-2.7810849e-05	-4.4675862e-06	5.3974741e-08	-4.7530612e-06	5.7826573e-09	-8.2928041e-07	1.0396636e-08	-8.261115e-07	4.602935e-08	9.2530122e-06	1.5183752e-06	-3.1384567e-05	-3.1425425e-05	0.0013001676
-0.058	0.942	-0.0464	0	0	1.0003984	0	0	0	1.0017992	0.94407084	-2.7892762e-05	-4.4383765e-06	4.8216945e-08	-4.7320839e-06	6.7494086e-09	-8.0610508e-07	3.7701416e-09	-8.0292422e-07	4.7199943e-08	9.2796042e-06	1.581287e-06	-3.144306e-05	-3.1485176e-05	0.0013376477
-0.06	0.94	-0.048	0	0	1.0003281	0	0	0	1.0017918	0.94199333	-2.7971913e-05	-4.4098165e-06	4.2381041e-08	-4.7116714e-06	7.6948063e-09	-7.8326192e-07	-2.8787789e-09	-7.8005984e-07	4.8351527e-08	9.305289e-06	1.6443159e-06	-3.1499309e-05	-3.1542623e-05	0.001373164
-0.062	0.938	-0.0496	0	0	1.0002552	0	0	0	1.0017842	0.93991332	-2.8048545e-05	-4.3818676e-06	3.6507305e-08	-4.6917887e-06	8.619846e-09	-7.6077019e-07	-9.5118659e-09	-7.5753715e-07	4.9485961e-08	9.3301464e-06	1.7074575e-06	-3.1553525e-05	-3.159798e-05	0.0014069009
-0.064	0.936	-0.0512	0	0	1.0001795	0	0	0	1.0017762	0.93783086	-2.8122867e-05	-4.354495e-06	3.0629244e-08	-4.6724046e-06	9.5254319e-09	-7.3864179e-07	-1.6097314e-08	-7.3536757e-07	5.060496e-08	9.3542456e-06	1.7707078e-06	-3.1605891e-05	-3.1651438e-05	0.0014390212
-0.066	0.934	-0.0528	0	0	1.0001012	0	0	0	1.0017679	0.93574595	-2.8195066e-05	-4.3276669e-06	2.4774807e-08	-4.6534904e-06	1.0412383e-08	-7.1688299e-07	-2.2608593e-08	-7.1355691e-07	5.1710109e-08	9.3776477e-06	1.8340633e-06	-3.1656567e-05	-3.170316e-05	0.001469669
-0.068	0.932	-0.0544	0	0	1.0000202	0	0	0	1.0017593	0.93365861	-2.8265304e-05	-4.3013546e-06	1.8967355e-08	-4.6350204e-06	1.1281439e-08	-6.9549574e-07	-2.9023503e-08	-6.9210665e-07	5.280288e-08	9.4004064e-06	1.8975205e-06	-3.1705692e-05	-3.1753289e-05	0.0014989728
-0.07	0.93	-0.056	0	0	0.99993664	0	0	0	1.0017504	0.93156888	-2.8333726e-05	-4.2755314e-06	1.3226455e-08	-4.6169707e-06	1.2133266e-08	-6.7447868e-07	-3.5323412e-08	-6.7101498e-07	5.3884645e-08	9.4225692e-06	1.9610764e-06	-3.1753391e-05	-3.1801954e-05	0.0015270475
-0.072	0.928	-0.0576	0	0	0.99985038	0	0	0	1.0017412	0.92947676	-2.840046e-05	-4.250173e-06	7.5685146e-09	-4.5993195e-06	1.2968464e-08	-6.5382793e-07	-4.1492637e-08	-6.5027755e-07	5.4956686e-08	9.4441784e-06	2.0247283e-06	-3.1799773e-05	-3.1849267e-05	0.001553996
-0.074	0.926	-0.0592	0	0	0.99976149	0	0	0	1.0017317	0.92738229	-2.8465623e-05	-4.2252568e-06	2.0073104e-09	-4.5820466e-06	1.3787568e-08	-6.335377e-07	-4.7517938e-08	-6.2988811e-07	5.6020207e-08	9.4652718e-06	2.0884735e-06	-3.1844935e-05	-3.1895327e-05	0.0015799115
-0.076	0.924	-0.0608	0	0	0.99966997	0	0	0	1.0017218	0.92528546	-2.8529317e-05	-4.2007619e-06	-3.4455829e-09	-4.5651333e-06	1.4591059e-08	-6.1360076e-07	-5.3388101e-08	-6.0983894e-07	5.707634e-08	9.4858833e-06	2.1523096e-06	-3.1888963e-05	-3.1940223e-05	0.001604878
-0.078	0.922	-0.0624	0	0	0.99957582	0	0	0	1.0017116	0.92318632	-2.8591635e-05	-4.1766688e-06	-8.7804351e-09	-4.548562e-06	1.5379368e-08	-5.9400884e-07	-5.9093597e-08	-5.901213e-07	5.8126154e-08	9.5060433e-06	2.2162344e-06	-3.1931935e-05	-3.1984036e-05	0.0016289715
-0.08	0.92	-0.064	0	0	0.99947905	0	0	0	1.001701	0.92108486	-2.8652661e-05	-4.1529591e-06	-1.3989064e-08	-4.5323164e-06	1.6152875e-08	-5.7475286e-07	-6.4626296e-08	-5.7072565e-07	5.9170663e-08	9.5257792e-06	2.2802457e-06	-3.1973919e-05	-3.2026836e-05	0.0016522614
-0.082	0.918	-0.0656	0	0	0.99937966	0	0	0	1.0016901	0.91898111	-2.8712471e-05	-4.1296158e-06	-1.906459e-08	-4.5163811e-06	1.6911918e-08	-5.5582324e-07	-6.997923e-08	-5.516419e-07	6.0210831e-08	9.5451161e-06	2.3443417e-06	-3.2014979e-05	-3.2068688e-05	0.001674811
-0.084	0.916	-0.0672	0	0	0.99927766	0	0	0	1.0016789	0.91687508	-2.8771134e-05	-4.1066227e-06	-2.4001224e-08	-4.5007417e-06	1.7656799e-08	-5.3721e-07	-7.5146394e-08	-5.3285959e-07	6.1247576e-08	9.5640764e-06	2.4085205e-06	-3.205517e-05	-3.210965e-05	0.0016966778
-0.086	0.914	-0.0688	0	0	0.99917305	0	0	0	1.0016673	0.9147668	-2.8828712e-05	-4.0839648e-06	-2.8794101e-08	-4.4853845e-06	1.8387778e-08	-5.1890296e-07	-8.012258e-08	-5.1436804e-07	6.2281779e-08	9.5826808e-06	2.4727803e-06	-3.2094543e-05	-3.2149773e-05	0.0017179148
-0.088	0.912	-0.0704	0	0	0.99906585	0	0	0	1.0016553	0.91265627	-2.8885263e-05	-4.0616275e-06	-3.3439126e-08	-4.4702965e-06	1.9105086e-08	-5.0089179e-07	-8.4903234e-08	-4.9615643e-07	6.3314284e-08	9.6009479e-06	2.5371196e-06	-3.2133143e-05	-3.2189106e-05	0.0017385705
-0.09	0.91	-0.072	0	0	0.99895604	0	0	0	1.0016429	0.91054351	-2.8940839e-05	-4.0395974e-06	-3.7932855e-08	-4.4554655e-06	1.9808921e-08	-4.8316617e-07	-8.948434e-08	-4.782139e-07	6.4345904e-08	9.6188949e-06	2.6015367e-06	-3.2171013e-05	-3.2227692e-05	0.0017586895
-0.092	0.908	-0.0736	0	0	0.99884364	0	0	0	1.0016302	0.90842853	-2.8995489e-05	-4.0178614e-06	-4.2272388e-08	-4.4408796e-06	2.0499454e-08	-4.6571577e-07	-9.386232e-08	-4.6052962e-07	6.5377425e-08	9.6365374e-06	2.6660304e-06	-3.220819e-05	-3.2265568e-05	0.0017783129
-0.094	0.906	-0.0752	0	0	0.99872865	0	0	0	1.0016171	0.90631135	-2.9049256e-05	-3.9964074e-06	-4.6455279e-08	-4.4265277e-06	2.117683e-08	-4.4853036e-07	-9.8033943e-08	-4.4309283e-07	6.6409609e-08	9.6538899e-06	2.730599e-06	-3.2244708e-05	-3.2302772e-05	0.0017974786
-0.096	0.904	-0.0768	0	0	0.99861107	0	0	0	1.0016035	0.90419198	-2.9102181e-05	-3.9752235e-06	-5.0479462e-08	-4.4123991e-06	2.1841168e-08	-4.3159982e-07	-1.0199626e-07	-4.2589287e-07	6.7443196e-08	9.6709656e-06	2.7952414e-06	-3.2280599e-05	-3.2339334e-05	0.0018162218
-0.098	0.902	-0.0784	0	0	0.99849091	0	0	0	1.0015896	0.90207044	-2.9154301e-05	-3.9542987e-06	-5.4343183e-08	-4.3984836e-06	2.2492566e-08	-4.1491417e-07	-1.0574652e-07	-4.089192e-07	6.8478909e-08	9.6877767e-06	2.8599564e-06	-3.231589e-05	-3.2375285e-05	0.0018345749
-0.1	0.9	-0.08	0	0	0.99836817	0	0	0	1.0015752	0.89994673	-2.9205651e-05	-3.9336222e-06	-5.8044948e-08	-4.3847712e-06	2.3131101e-08	-3.984636e-07	-1.0928217e-07	-3.9216145e-07	6.9517452e-08	9.7043342e-06	2.9247426e-06	-3.2350607e-05	-3.241065e-05	0.0018525681
-0.102	0.898	-0.0816	0	0	0.99824286	0	0	0	1.0015604	0.89782087	-2.9256262e-05	-3.9131838e-06	-6.1583473e-08	-4.3712525e-06	2.375683e-08	-3.8223845e-07	-1.1260072e-07	-3.7560941e-07	7.055952e-08	9.7206486e-06	2.989599e-06	-3.2384775e-05	-3.2445456e-05	0.0018702295
-0.104	0.896	-0.0832	0	0	0.99811497	0	0	0	1.0015452	0.89569287	-2.9306164e-05	-3.8929736e-06	-6.4957642e-08	-4.3579184e-06	2.4369792e-08	-3.6622925e-07	-1.156998e-07	-3.59253e-07	7.1605792e-08	9.7367293e-06	3.0545244e-06	-3.2418414e-05	-3.2479723e-05	0.0018875851
-0.106	0.894	-0.0848	0	0	0.99798451	0	0	0	1.0015295	0.89356273	-2.9355382e-05	-3.8729823e-06	-6.8166477e-08	-4.34476e-06	2.497001e-08	-3.5042672e-07	-1.1857706e-07	-3.4308236e-07	7.2656941e-08	9.7525851e-06	3.1195178e-06	-3.2451544e-05	-3.2513472e-05	0.0019046594
-0.108	0.892	-0.0864	0	0	0.99785149	0	0	0	1.0015133	0.89143048	-2.9403944e-05	-3.8532008e-06	-7.1209102e-08	-4.3317689e-06	2.5557489e-08	-3.3482174e-07	-1.2123015e-07	-3.2708776e-07	7.371363e-08	9.7682242e-06	3.1845783e-06	-3.2484183e-05	-3.2546721e-05	0.0019214749
-0.11	0.89	-0.088	0	0	0.9977159	0	0	0	1.0014966	0.88929612	-2.945187e-05	-3.8336202e-06	-7.4084723e-08	-4.3189367e-06	2.6132221e-08	-3.1940539e-07	-1.2365672e-07	-3.1125965e-07	7.477652e-08	9.7836538e-06	3.2497047e-06	-3.2516346e-05	-3.2579487e-05	0.0019380531
-0.112	0.888	-0.0896	0	0	0.99757776	0	0	0	1.0014795	0.88715965	-2.9499184e-05	-3.8142323e-06	-7.6792599e-08	-4.3062555e-06	2.6694182e-08	-3.0416889e-07	-1.2585438e-07	-2.9558863e-07	7.5846263e-08	9.7988811e-06	3.3148962e-06	-3.2548049e-05	-3.2611786e-05	0.0019544138
-0.114	0.886	-0.0912	0	0	0.99743705	0	0	0	1.0014618	0.8850211	-2.9545903e-05	-3.7950289e-06	-7.933203e-08	-4.2937174e-06	2.7243335e-08	-2.8910366e-07	-1.2782067e-07	-2.8006544e-07	7.6923514e-08	9.8139121e-06	3.3801519e-06	-3.2579303e-05	-3.264363e-05	0.0019705758
-0.116	0.884	-0.0928	0	0	0.9972938	0	0	0	1.0014437	0.88288046	-2.9592047e-05	-3.7760021e-06	-8.1702337e-08	-4.281315e-06	2.7779633e-08	-2.7420126e-07	-1.2955307e-07	-2.6468098e-07	7.8008923e-08	9.8287529e-06	3.4454708e-06	-3.2610122e-05	-3.2675033e-05	0.0019865568
-0.118	0.882	-0.0944	0	0	0.99714799	0	0	0	1.0014249	0.88073774	-2.9637632e-05	-3.7571443e-06	-8.3902847e-08	-4.2690408e-06	2.8303014e-08	-2.5945339e-07	-1.3104895e-07	-2.4942627e-07	7.9103143e-08	9.8434088e-06	3.510852e-06	-3.2640515e-05	-3.2706005e-05	0.0020023732
-0.12	0.88	-0.096	0	0	0.99699963	0	0	0	1.0014057	0.87859296	-2.9682674e-05	-3.7384481e-06	-8.5932884e-08	-4.2568877e-06	2.8813404e-08	-2.4485189e-07	-1.3230559e-07	-2.3429246e-07	8.0206828e-08	9.8578845e-06	3.5762948e-06	-3.2670492e-05	-3.2736556e-05	0.0020180409
-0.122	0.878	-0.0976	0	0	0.99684873	0	0	0	1.0013858	0.87644612	-2.9727186e-05	-3.7199064e-06	-8.7791758e-08	-4.2448486e-06	2.9310723e-08	-2.3038875e-07	-1.3332015e-07	-2.192708e-07	8.1320635e-08	9.8721847e-06	3.6417982e-06	-3.2700062e-05	-3.2766695e-05	0.0020335747
-0.124	0.876	-0.0992	0	0	0.99669528	0	0	0	1.0013654	0.87429722	-2.977118e-05	-3.7015123e-06	-8.9478754e-08	-4.2329167e-06	2.9794875e-08	-2.1605603e-07	-1.3408965e-07	-2.0435262e-07	8.2445226e-08	9.8863134e-06	3.7073616e-06	-3.2729231e-05	-3.279643e-05	0.0020489885
-0.126	0.874	-0.1008	0	0	0.9965393	0	0	0	1.0013444	0.87214627	-2.981467e-05	-3.683259e-06	-9.099313e-08	-4.2210851e-06	3.0265758e-08	-2.0184594e-07	-1.3461099e-07	-1.8952937e-07	8.3581269e-08	9.9002743e-06	3.772984e-06	-3.2758005e-05	-3.2825767e-05	0.0020642957
-0.128	0.872	-0.1024	0	0	0.99638077	0	0	0	1.0013227	0.86999327	-2.9857665e-05	-3.6651399e-06	-9.2334105e-08	-4.2093473e-06	3.072326e-08	-1.8775076e-07	-1.3488092e-07	-1.7479254e-07	8.4729438e-08	9.9140707e-06	3.8386646e-06	-3.2786391e-05	-3.2854713e-05	0.0020795091
-0.13	0.87	-0.104	0	0	0.99621971	0	0	0	1.0013004	0.86783824	-2.9900175e-05	-3.6471486e-06	-9.350086e-08	-4.1976968e-06	3.1167261e-08	-1.7376284e-07	-1.3489602e-07	-1.6013371e-07	8.5890416e-08	9.9277057e-06	3.9044028e-06	-3.2814392e-05	-3.2883271e-05	0.0020946407
-0.132	0.868	-0.1056	0	0	0.99605612	0	0	0	1.0012775	0.86568117	-2.9942208e-05	-3.6292789e-06	-9.4492531e-08	-4.1861272e-06	3.159763e-08	-1.5987462e-07	-1.3465275e-07	-1.4554449e-07	8.7064895e-08	9.9411817e-06	3.9701977e-06	-3.2842012e-05	-3.2911445e-05	0.0021097021
-0.134	0.866	-0.1072	0	0	0.99589	0	0	0	1.0012538	0.86352207	-2.9983772e-05	-3.6115247e-06	-9.5308209e-08	-4.1746322e-06	3.2014231e-08	-1.4607859e-07	-1.3414737e-07	-1.3101652e-07	8.8253575e-08	9.9545013e-06	4.0360486e-06	-3.2869253e-05	-3.2939239e-05	0.0021247041
-0.136	0.864	-0.1088	0	0	0.99572134	0	0	0	1.0012294	0.86136093	-3.0024873e-05	-3.5938799e-06	-9.5946933e-08	-4.1632055e-06	3.2416921e-08	-1.3236729e-07	-1.3337598e-07	-1.1654147e-07	8.9457168e-08	9.9676663e-06	4.1019547e-06	-3.2896117e-05	-3.2966654e-05	0.0021396575
-0.138	0.862	-0.1104	0	0	0.99555017	0	0	0	1.0012044	0.85919777	-3.0065517e-05	-3.5763389e-06	-9.6407697e-08	-4.1518409e-06	3.2805547e-08	-1.1873327e-07	-1.3233453e-07	-1.0211103e-07	9.06764e-08	9.9806785e-06	4.1679152e-06	-3.2922605e-05	-3.2993693e-05	0.0021545722
-0.14	0.86	-0.112	0	0	0.99537646	0	0	0	1.0011785	0.85703259	-3.010571e-05	-3.5588957e-06	-9.6689444e-08	-4.1405325e-06	3.3179952e-08	-1.0516913e-07	-1.3101876e-07	-8.771688e-08	9.1912006e-08	9.9935392e-06	4.2339294e-06	-3.2948718e-05	-3.3020354e-05	0.0021694579
-0.142	0.858	-0.1136	0	0	0.99520024	0	0	0	1.0011519	0.85486538	-3.0145453e-05	-3.5415448e-06	-9.679107e-08	-4.129274e-06	3.3539973e-08	-9.1667479e-08	-1.2942427e-07	-7.3350688e-08	9.3164737e-08	1.000625e-05	4.2999966e-06	-3.2974454e-05	-3.3046638e-05	0.0021843239
-0.144	0.856	-0.1152	0	0	0.9950215	0	0	0	1.0011244	0.85269614	-3.0184752e-05	-3.5242807e-06	-9.6711423e-08	-4.1180596e-06	3.3885441e-08	-7.8220905e-08	-1.2754645e-07	-5.9004098e-08	9.4435357e-08	1.001881e-05	4.366116e-06	-3.2999812e-05	-3.3072544e-05	0.002199179
-0.146	0.854	-0.1168	0	0	0.99484024	0	0	0	1.0010962	0.85052487	-3.0223607e-05	-3.507098e-06	-9.6449309e-08	-4.1068832e-06	3.4216182e-08	-6.4822004e-08	-1.2538053e-07	-4.4668723e-08	9.5724643e-08	1.0031222e-05	4.4322868e-06	-3.3024789e-05	-3.309807e-05	0.0022140316
-0.148	0.852	-0.1184	0	0	0.99465647	0	0	0	1.0010671	0.84835158	-3.026202e-05	-3.4899912e-06	-9.6003493e-08	-4.095739e-06	3.4532018e-08	-5.1463346e-08	-1.2292155e-07	-3.0336127e-08	9.7033391e-08	1.0043485e-05	4.4985083e-06	-3.3049384e-05	-3.3123212e-05	0.0022288898
-0.15	0.85	-0.12	0	0	0.99447018	0	0	0	1.001037	0.84617626	-3.0299992e-05	-3.4729551e-06	-9.5372705e-08	-4.0846209e-06	3.4832767e-08	-3.8137469e-08	-1.201644e-07	-1.5997824e-08	9.8362408e-08	1.0055599e-05	4.5647796e-06	-3.3073591e-05	-3.3147967e-05	0.0022437612
-0.152	0.848	-0.1216	0	0	0.99428138	0	0	0	1.0010061	0.84399891	-3.0337522e-05	-3.4559845e-06	-9.4555645e-08	-4.0735231e-06	3.5118245e-08	-2.4836874e-08	-1.1710375e-07	-1.6452599e-09	9.9712521e-08	1.0067564e-05	4.6311001e-06	-3.3097406e-05	-3.3172331e-05	0.0022586531
-0.154	0.846	-0.1232	0	0	0.99409007	0	0	0	1.0009742	0.84181952	-3.0374609e-05	-3.4390742e-06	-9.3550987e-08	-4.0624396e-06	3.5388263e-08	-1.1554012e-08	-1.1373415e-07	1.2730188e-08	1.0108457e-07	1.0079379e-05	4.697469e-06	-3.3120825e-05	-3.3196299e-05	0.0022735723
-0.156	0.844	-0.1248	0	0	0.99389626	0	0	0	1.0009414	0.8396381	-3.0411251e-05	-3.4222192e-06	-9.2357392e-08	-4.0513646e-06	3.5642635e-08	1.7187231e-09	-1.1004996e-07	2.7137225e-08	1.0247941e-07	1.0091043e-05	4.7638853e-06	-3.314384e-05	-3.3219864e-05	0.002288525
-0.158	0.842	-0.1264	0	0	0.99369994	0	0	0	1.0009075	0.83745462	-3.0447444e-05	-3.4054145e-06	-9.0973511e-08	-4.0402921e-06	3.588117e-08	1.4989e-08	-1.0604539e-07	4.158464e-08	1.0389792e-07	1.0102555e-05	4.8303484e-06	-3.3166444e-05	-3.324302e-05	0.0023035172
-0.16	0.84	-0.128	0	0	0.99350112	0	0	0	1.0008725	0.8352691	-3.0483186e-05	-3.388655e-06	-8.9397997e-08	-4.0292162e-06	3.6103679e-08	2.8264559e-08	-1.0171451e-07	5.6081314e-08	1.0534099e-07	1.0113914e-05	4.8968574e-06	-3.318863e-05	-3.3265759e-05	0.002318554
-0.162	0.838	-0.1296	0	0	0.99329979	0	0	0	1.0008365	0.83308153	-3.0518472e-05	-3.3719358e-06	-8.7629518e-08	-4.0181309e-06	3.6309976e-08	4.1553214e-08	-9.7051247e-08	7.0636225e-08	1.0680952e-07	1.0125117e-05	4.9634115e-06	-3.3210389e-05	-3.3288072e-05	0.0023336401
-0.164	0.836	-0.1312	0	0	0.99309597	0	0	0	1.0007994	0.83089189	-3.0553296e-05	-3.355252e-06	-8.5666768e-08	-4.0070303e-06	3.6499874e-08	5.4862861e-08	-9.2049402e-08	8.5258449e-08	1.0830442e-07	1.0136164e-05	5.0300097e-06	-3.3231712e-05	-3.330995e-05	0.0023487794
-0.166	0.834	-0.1328	0	0	0.99288964	0	0	0	1.0007611	0.82870018	-3.0587652e-05	-3.3385988e-06	-8.3508478e-08	-3.9959083e-06	3.6673194e-08	6.8201478e-08	-8.6702676e-08	9.995716e-08	1.0982663e-07	1.0147051e-05	5.0966513e-06	-3.3252588e-05	-3.3331383e-05	0.002363975
-0.168	0.832	-0.1344	0	0	0.99268081	0	0	0	1.0007216	0.8265064	-3.0621532e-05	-3.3219713e-06	-8.1153439e-08	-3.9847589e-06	3.6829759e-08	8.1577127e-08	-8.1004678e-08	1.1474163e-07	1.113771e-07	1.0157775e-05	5.1633352e-06	-3.3273007e-05	-3.335236e-05	0.0023792292
-0.17	0.83	-0.136	0	0	0.99246949	0	0	0	1.0006808	0.82431052	-3.065493e-05	-3.3053648e-06	-7.8600511e-08	-3.9735761e-06	3.69694e-08	9.4997955e-08	-7.4948946e-08	1.2962124e-07	1.1295678e-07	1.0168335e-05	5.2300607e-06	-3.3292956e-05	-3.3372869e-05	0.0023945432
-0.172	0.828	-0.1376	0	0	0.99225567	0	0	0	1.0006388	0.82211255	-3.0687836e-05	-3.2887745e-06	-7.5848647e-08	-3.9623536e-06	3.7091957e-08	1.0847219e-07	-6.8528975e-08	1.4460544e-07	1.1456663e-07	1.0178726e-05	5.2968267e-06	-3.3312423e-05	-3.3392897e-05	0.0024099172
-0.174	0.826	-0.1392	0	0	0.99203935	0	0	0	1.0005955	0.81991248	-3.072024e-05	-3.2721956e-06	-7.2896913e-08	-3.9510853e-06	3.719728e-08	1.2200815e-07	-6.1738238e-08	1.5970378e-07	1.1620762e-07	1.0188945e-05	5.3636323e-06	-3.3331393e-05	-3.341243e-05	0.0024253501
-0.176	0.824	-0.1408	0	0	0.99182053	0	0	0	1.0005508	0.81771029	-3.0752132e-05	-3.2556235e-06	-6.9744509e-08	-3.939765e-06	3.7285231e-08	1.3561421e-07	-5.4570219e-08	1.7492589e-07	1.1788074e-07	1.0198989e-05	5.4304764e-06	-3.3349854e-05	-3.3431454e-05	0.0024408394
-0.178	0.822	-0.1424	0	0	0.99159921	0	0	0	1.0005048	0.81550597	-3.0783501e-05	-3.2390536e-06	-6.6390794e-08	-3.9283865e-06	3.7355687e-08	1.4929882e-07	-4.7018446e-08	1.9028143e-07	1.1958695e-07	1.0208853e-05	5.4973581e-06	-3.3367788e-05	-3.3449954e-05	0.0024563811
-0.18	0.82	-0.144	0	0	0.99137539	0	0	0	1.0004572	0.81329952	-3.0814334e-05	-3.2224811e-06	-6.2835312e-08	-3.9169434e-06	3.7408543e-08	1.6307048e-07	-3.9076527e-08	2.0578015e-07	1.2132723e-07	1.0218533e-05	5.5642762e-06	-3.3385181e-05	-3.3467913e-05	0.0024719692
-0.182	0.818	-0.1456	0	0	0.99114908	0	0	0	1.0004082	0.81109092	-3.0844619e-05	-3.2059016e-06	-5.9077821e-08	-3.9054295e-06	3.744371e-08	1.7693774e-07	-3.0738192e-08	2.214318e-07	1.2310256e-07	1.0228024e-05	5.6312297e-06	-3.3402016e-05	-3.3485314e-05	0.002487596
-0.184	0.816	-0.1472	0	0	0.99092026	0	0	0	1.0003577	0.80888016	-3.0874341e-05	-3.1893105e-06	-5.5118322e-08	-3.8938382e-06	3.7461126e-08	1.9090916e-07	-2.1997336e-08	2.3724613e-07	1.2491388e-07	1.0237322e-05	5.6982175e-06	-3.3418275e-05	-3.3502139e-05	0.0025032516
-0.186	0.814	-0.1488	0	0	0.99068893	0	0	0	1.0003056	0.80666723	-3.0903486e-05	-3.1727032e-06	-5.095709e-08	-3.8821633e-06	3.7460751e-08	2.0499332e-07	-1.284807e-08	2.5323288e-07	1.2676216e-07	1.0246421e-05	5.7652383e-06	-3.3433939e-05	-3.351837e-05	0.0025189236
-0.188	0.812	-0.1504	0	0	0.9904551	0	0	0	1.0002519	0.80445211	-3.093204e-05	-3.1560753e-06	-4.6594708e-08	-3.8703982e-06	3.7442575e-08	2.1919877e-07	-3.2847716e-09	2.6940172e-07	1.2864831e-07	1.0255316e-05	5.832291e-06	-3.3448991e-05	-3.3533986e-05	0.0025345974
-0.19	0.81	-0.152	0	0	0.99021876	0	0	0	1.0001965	0.80223481	-3.0959985e-05	-3.1394225e-06	-4.2032102e-08	-3.8585364e-06	3.7406618e-08	2.3353403e-07	6.697859e-09	2.8576225e-07	1.3057323e-07	1.0264002e-05	5.8993742e-06	-3.346341e-05	-3.3548968e-05	0.002550255
-0.192	0.808	-0.1536	0	0	0.9899799	0	0	0	1.0001395	0.80001531	-3.0987306e-05	-3.1227403e-06	-3.7270572e-08	-3.8465714e-06	3.7352936e-08	2.4800753e-07	1.7104737e-08	3.0232394e-07	1.325378e-07	1.0272472e-05	5.9664868e-06	-3.3477175e-05	-3.3563295e-05	0.0025658759
-0.194	0.806	-0.1552	0	0	0.98973852	0	0	0	1.0000807	0.7977936	-3.1013986e-05	-3.1060245e-06	-3.2311836e-08	-3.8344966e-06	3.7281625e-08	2.6262759e-07	2.7940332e-08	3.1909606e-07	1.3454285e-07	1.028072e-05	6.0336274e-06	-3.3490268e-05	-3.3576945e-05	0.0025814359
-0.196	0.804	-0.1568	0	0	0.98949461	0	0	0	1.0000201	0.79556967	-3.1040006e-05	-3.0892708e-06	-2.7158059e-08	-3.8223056e-06	3.719282e-08	2.7740242e-07	3.9208601e-08	3.3608771e-07	1.3658918e-07	1.0288741e-05	6.1007946e-06	-3.3502666e-05	-3.3589896e-05	0.0025969078
-0.198	0.802	-0.1584	0	0	0.98924818	0	0	0	0.99995775	0.79334351	-3.1065349e-05	-3.0724752e-06	-2.1811893e-08	-3.8099918e-06	3.7086705e-08	2.9234e-07	5.0912919e-08	3.5330768e-07	1.3867751e-07	1.0296528e-05	6.167987e-06	-3.3514348e-05	-3.3602125e-05	0.0026122603
-0.2	0.8	-0.16	0	0	0.9889992	0	0	0	0.99989355	0.79111513	-3.1089996e-05	-3.0556337e-06	-1.6276512e-08	-3.7975486e-06	3.6963512e-08	3.0744812e-07	6.305601e-08	3.7076445e-07	1.4080854e-07	1.0304075e-05	6.2352031e-06	-3.3525293e-05	-3.3613611e-05	0.0026274584
-0.202	0.798	-0.1616	0	0	0.98874767	0	0	0	0.99982748	0.78888452	-3.111393e-05	-3.0387422e-06	-1.0555647e-08	-3.7849695e-06	3.6823527e-08	3.2273426e-07	7.5639877e-08	3.8846614e-07	1.4298287e-07	1.0311375e-05	6.3024415e-06	-3.3535478e-05	-3.3624329e-05	0.0026424632
-0.204	0.796	-0.1632	0	0	0.98849358	0	0	0	0.99975952	0.78665167	-3.1137131e-05	-3.0217969e-06	-4.6536165e-09	-3.772248e-06	3.6667092e-08	3.3820561e-07	8.8665732e-08	4.064204e-07	1.4520105e-07	1.0318421e-05	6.3697004e-06	-3.3544883e-05	-3.3634257e-05	0.0026572316
-0.206	0.794	-0.1648	0	0	0.98823693	0	0	0	0.99968963	0.78441659	-3.115958e-05	-3.0047942e-06	1.4246414e-09	-3.7593777e-06	3.649461e-08	3.5386897e-07	1.0213392e-07	4.2463439e-07	1.4746354e-07	1.0325207e-05	6.4369785e-06	-3.3553485e-05	-3.364337e-05	0.0026717164
-0.208	0.792	-0.1664	0	0	0.98797769	0	0	0	0.99961781	0.78217928	-3.118126e-05	-2.9877304e-06	7.6735455e-09	-3.7463522e-06	3.6306549e-08	3.697307e-07	1.1604386e-07	4.431147e-07	1.4977072e-07	1.0331728e-05	6.5042739e-06	-3.3561264e-05	-3.3651647e-05	0.0026858662
-0.21	0.79	-0.168	0	0	0.98771587	0	0	0	0.99954403	0.77993975	-3.1202153e-05	-2.9706022e-06	1.4086848e-08	-3.7331653e-06	3.6103441e-08	3.8579671e-07	1.3039399e-07	4.618673e-07	1.5212286e-07	1.0337975e-05	6.5715851e-06	-3.3568198e-05	-3.3659065e-05	0.0026996255
-0.212	0.788	-0.1696	0	0	0.98745143	0	0	0	0.99946829	0.777698	-3.1222239e-05	-2.9534062e-06	2.065762e-08	-3.7198107e-06	3.5885888e-08	4.0207234e-07	1.4518168e-07	4.8089745e-07	1.5452013e-07	1.0343944e-05	6.6389102e-06	-3.3574268e-05	-3.36656e-05	0.0027129347
-0.214	0.786	-0.1712	0	0	0.98718438	0	0	0	0.99939058	0.77545406	-3.1241503e-05	-2.9361392e-06	2.7378239e-08	-3.7062824e-06	3.5654565e-08	4.1856239e-07	1.604032e-07	5.0020967e-07	1.569626e-07	1.0349629e-05	6.7062475e-06	-3.3579454e-05	-3.3671233e-05	0.0027257307
-0.216	0.784	-0.1728	0	0	0.98691469	0	0	0	0.9993109	0.77320793	-3.1259928e-05	-2.9187984e-06	3.4240386e-08	-3.6925743e-06	3.5410217e-08	4.3527097e-07	1.760537e-07	5.1980766e-07	1.5945023e-07	1.0355023e-05	6.7735951e-06	-3.3583738e-05	-3.3675941e-05	0.0027379466
-0.218	0.782	-0.1744	0	0	0.98664235	0	0	0	0.99922925	0.77095964	-3.1277499e-05	-2.901381e-06	4.1235051e-08	-3.6786808e-06	3.5153663e-08	4.5220155e-07	1.9212713e-07	5.3969425e-07	1.6198285e-07	1.0360121e-05	6.8409512e-06	-3.3587102e-05	-3.3679705e-05	0.0027495126
-0.22	0.78	-0.176	0	0	0.98636733	0	0	0	0.99914566	0.76870921	-3.1294201e-05	-2.8838843e-06	4.8352541e-08	-3.6645961e-06	3.4885796e-08	4.6935686e-07	2.0861626e-07	5.5987139e-07	1.6456018e-07	1.0364918e-05	6.9083139e-06	-3.358953e-05	-3.3682506e-05	0.002760356
-0.222	0.778	-0.1776	0	0	0.98608962	0	0	0	0.99906013	0.76645668	-3.1310022e-05	-2.8663059e-06	5.5582505e-08	-3.6503148e-06	3.4607584e-08	4.8673885e-07	2.2551262e-07	5.8034002e-07	1.671818e-07	1.0369411e-05	6.9756813e-06	-3.3591009e-05	-3.3684328e-05	0.0027704022
-0.224	0.776	-0.1792	0	0	0.9858092	0	0	0	0.9989727	0.76420207	-3.1324949e-05	-2.8486437e-06	6.2913957e-08	-3.6358317e-06	3.4320064e-08	5.043487e-07	2.4280658e-07	6.0110015e-07	1.6984718e-07	1.0373594e-05	7.0430512e-06	-3.3591524e-05	-3.3685154e-05	0.0027795747
-0.226	0.774	-0.1808	0	0	0.98552605	0	0	0	0.9988834	0.76194542	-3.1338972e-05	-2.8308957e-06	7.0335319e-08	-3.6211417e-06	3.4024343e-08	5.2218675e-07	2.6048727e-07	6.2215074e-07	1.7255565e-07	1.0377464e-05	7.1104219e-06	-3.3591064e-05	-3.3684971e-05	0.0027877962
-0.228	0.772	-0.1824	0	0	0.98524014	0	0	0	0.99879227	0.75968678	-3.1352083e-05	-2.8130601e-06	7.7834464e-08	-3.60624e-06	3.3721596e-08	5.4025252e-07	2.7854271e-07	6.4348975e-07	1.7530643e-07	1.0381018e-05	7.1777911e-06	-3.3589621e-05	-3.3683767e-05	0.0027949894
-0.23	0.77	-0.184	0	0	0.98495145	0	0	0	0.99869936	0.75742619	-3.1364275e-05	-2.7951354e-06	8.5398768e-08	-3.591122e-06	3.341306e-08	5.5854465e-07	2.9695976e-07	6.651141e-07	1.7809863e-07	1.0384255e-05	7.2451569e-06	-3.3587186e-05	-3.3681531e-05	0.0028010772
-0.232	0.768	-0.1856	0	0	0.98465997	0	0	0	0.99860471	0.75516371	-3.1375544e-05	-2.7771201e-06	9.3015175e-08	-3.5757835e-06	3.3100031e-08	5.7706098e-07	3.1572426e-07	6.870197e-07	1.8093121e-07	1.0387171e-05	7.3125173e-06	-3.3583755e-05	-3.3678256e-05	0.002805984
-0.234	0.766	-0.1872	0	0	0.98436565	0	0	0	0.9985084	0.75289939	-3.1385885e-05	-2.7590133e-06	1.0067026e-07	-3.5602203e-06	3.2783856e-08	5.9579846e-07	3.3482104e-07	7.0920146e-07	1.8380305e-07	1.0389766e-05	7.37987e-06	-3.3579323e-05	-3.3673935e-05	0.0028096363
-0.236	0.764	-0.1888	0	0	0.98406849	0	0	0	0.99841049	0.75063329	-3.1395298e-05	-2.7408139e-06	1.0835031e-07	-3.5444288e-06	3.2465931e-08	6.1475327e-07	3.5423406e-07	7.316533e-07	1.8671292e-07	1.039204e-05	7.447213e-06	-3.357389e-05	-3.3668565e-05	0.0028119635
-0.238	0.762	-0.1904	0	0	0.98376845	0	0	0	0.99831106	0.74836548	-3.1403784e-05	-2.7225213e-06	1.160414e-07	-3.5284055e-06	3.214769e-08	6.3392076e-07	3.7394643e-07	7.5436825e-07	1.8965948e-07	1.0393992e-05	7.5145442e-06	-3.3567457e-05	-3.3662145e-05	0.0028128984
-0.24	0.76	-0.192	0	0	0.98346551	0	0	0	0.99821018	0.74609602	-3.1411345e-05	-2.704135e-06	1.2372946e-07	-3.5121471e-06	3.1830601e-08	6.5329554e-07	3.939406e-07	7.7733843e-07	1.9264133e-07	1.0395624e-05	7.5818616e-06	-3.3560026e-05	-3.3654676e-05	0.0028123783
-0.242	0.758	-0.1936	0	0	0.98315965	0	0	0	0.99810795	0.74382499	-3.1417987e-05	-2.6856548e-06	1.3140037e-07	-3.4956509e-06	3.151616e-08	6.728715e-07	4.141984e-07	8.0055515e-07	1.9565698e-07	1.0396938e-05	7.6491629e-06	-3.3551604e-05	-3.3646161e-05	0.0028103452
-0.244	0.756	-0.1952	0	0	0.98285083	0	0	0	0.99800444	0.74155246	-3.1423715e-05	-2.6670805e-06	1.3904005e-07	-3.4789142e-06	3.1205876e-08	6.9264187e-07	4.347012e-07	8.2400897e-07	1.9870487e-07	1.0397935e-05	7.7164462e-06	-3.3542196e-05	-3.3636606e-05	0.0028067467
-0.246	0.754	-0.1968	0	0	0.98253903	0	0	0	0.99789977	0.73927851	-3.1428539e-05	-2.6484123e-06	1.4663452e-07	-3.4619348e-06	3.0901274e-08	7.1259926e-07	4.5543001e-07	8.4768975e-07	2.017834e-07	1.0398618e-05	7.7837094e-06	-3.3531813e-05	-3.3626018e-05	0.0028015362
-0.248	0.752	-0.1984	0	0	0.98222424	0	0	0	0.99779402	0.73700321	-3.1432469e-05	-2.6296505e-06	1.5417e-07	-3.4447106e-06	3.0603875e-08	7.3273574e-07	4.763656e-07	8.7158678e-07	2.0489092e-07	1.0398991e-05	7.8509503e-06	-3.3520466e-05	-3.3614407e-05	0.0027946735
-0.25	0.75	-0.2	0	0	0.98190641	0	0	0	0.99768729	0.73472666	-3.1435517e-05	-2.6107956e-06	1.6163297e-07	-3.42724e-06	3.0315201e-08	7.5304288e-07	4.9748862e-07	8.956888e-07	2.0802574e-07	1.0399059e-05	7.918167e-06	-3.3508167e-05	-3.3601786e-05	0.0027861247
-0.252	0.748	-0.2016	0	0	0.98158554	0	0	0	0.9975797	0.73244893	-3.1437696e-05	-2.5918482e-06	1.6901023e-07	-3.4095215e-06	3.0036758e-08	7.7351183e-07	5.1877972e-07	9.1998412e-07	2.1118617e-07	1.0398824e-05	7.9853574e-06	-3.3494931e-05	-3.3588167e-05	0.0027758627
-0.254	0.746	-0.2032	0	0	0.98126158	0	0	0	0.99747135	0.73017012	-3.143902e-05	-2.5728091e-06	1.7628902e-07	-3.3915541e-06	2.9770032e-08	7.9413339e-07	5.4021966e-07	9.444607e-07	2.1437049e-07	1.0398293e-05	8.0525196e-06	-3.3480774e-05	-3.3573567e-05	0.0027638671
-0.256	0.744	-0.2048	0	0	0.98093453	0	0	0	0.99736234	0.72789029	-3.1439507e-05	-2.5536793e-06	1.83457e-07	-3.373337e-06	2.9516485e-08	8.1489806e-07	5.6178942e-07	9.6910621e-07	2.1757699e-07	1.0397471e-05	8.1196517e-06	-3.3465713e-05	-3.3558001e-05	0.0027501243
-0.258	0.742	-0.2064	0	0	0.98060436	0	0	0	0.99725279	0.72560954	-3.1439174e-05	-2.5344599e-06	1.9050235e-07	-3.3548694e-06	2.9277544e-08	8.3579611e-07	5.8347029e-07	9.9390815e-07	2.2080396e-07	1.0396364e-05	8.1867517e-06	-3.3449767e-05	-3.354149e-05	0.002734627
-0.26	0.74	-0.208	0	0	0.98027104	0	0	0	0.9971428	0.72332796	-3.1438038e-05	-2.515152e-06	1.9741382e-07	-3.3361511e-06	2.9054602e-08	8.5681765e-07	6.0524395e-07	1.0188539e-06	2.2404972e-07	1.0394978e-05	8.2538177e-06	-3.3432954e-05	-3.3524052e-05	0.0027173746
-0.262	0.738	-0.2096	0	0	0.97993456	0	0	0	0.99703249	0.72104563	-3.1436118e-05	-2.4957571e-06	2.0418071e-07	-3.317182e-06	2.8849006e-08	8.7795269e-07	6.2709256e-07	1.0439307e-06	2.2731261e-07	1.0393319e-05	8.3208479e-06	-3.3415297e-05	-3.3505708e-05	0.0026983724
-0.264	0.736	-0.2112	0	0	0.97959489	0	0	0	0.99692195	0.71876262	-3.1433436e-05	-2.4762766e-06	2.1079298e-07	-3.2979623e-06	2.8662058e-08	8.9919119e-07	6.4899885e-07	1.0691259e-06	2.3059101e-07	1.0391394e-05	8.3878405e-06	-3.3396815e-05	-3.348648e-05	0.0026776314
-0.266	0.734	-0.2128	0	0	0.97925202	0	0	0	0.9968113	0.71647904	-3.1430009e-05	-2.4567121e-06	2.1724119e-07	-3.2784923e-06	2.8495009e-08	9.2052309e-07	6.7094613e-07	1.0944271e-06	2.3388332e-07	1.038921e-05	8.4547938e-06	-3.337753e-05	-3.3466389e-05	0.0026551681
-0.268	0.732	-0.2144	0	0	0.97890592	0	0	0	0.99670064	0.71419495	-3.1425861e-05	-2.437065e-06	2.2351659e-07	-3.2587726e-06	2.8349056e-08	9.419384e-07	6.9291839e-07	1.1198216e-06	2.3718799e-07	1.0386775e-05	8.521706e-06	-3.3357465e-05	-3.344546e-05	0.002631004
-0.27	0.73	-0.216	0	0	0.97855659	0	0	0	0.99659006	0.71191043	-3.142101e-05	-2.4173373e-06	2.2961107e-07	-3.238804e-06	2.8225342e-08	9.6342722e-07	7.1490031e-07	1.1452973e-06	2.4050353e-07	1.0384094e-05	8.5885756e-06	-3.3336642e-05	-3.3423716e-05	0.0026051651
-0.272	0.728	-0.2176	0	0	0.97820399	0	0	0	0.99647968	0.70962557	-3.1415479e-05	-2.3975307e-06	2.3551718e-07	-3.2185875e-06	2.8124951e-08	9.8497977e-07	7.3687729e-07	1.170842e-06	2.438285e-07	1.0381175e-05	8.6554009e-06	-3.3315082e-05	-3.340118e-05	0.0025776815
-0.274	0.726	-0.2192	0	0	0.97784812	0	0	0	0.99636958	0.70734044	-3.1409288e-05	-2.377647e-06	2.4122814e-07	-3.1981242e-06	2.8048907e-08	1.0065864e-06	7.5883551e-07	1.1964442e-06	2.4716149e-07	1.0378026e-05	8.7221803e-06	-3.3292809e-05	-3.3377875e-05	0.0025485872
-0.276	0.724	-0.2208	0	0	0.97748897	0	0	0	0.99625986	0.7050551	-3.1402459e-05	-2.3576882e-06	2.4673783e-07	-3.1774155e-06	2.7998178e-08	1.0282378e-06	7.8076187e-07	1.2220922e-06	2.5050118e-07	1.0374653e-05	8.7889124e-06	-3.3269845e-05	-3.3353827e-05	0.0025179193
-0.278	0.722	-0.2224	0	0	0.97712651	0	0	0	0.9961506	0.70276964	-3.1395012e-05	-2.3376562e-06	2.5204074e-07	-3.1564626e-06	2.7973669e-08	1.0499247e-06	8.0264409e-07	1.2477749e-06	2.5384627e-07	1.0371064e-05	8.8555956e-06	-3.3246212e-05	-3.3329059e-05	0.0024857176
-0.28	0.72	-0.224	0	0	0.97676073	0	0	0	0.9960419	0.70048412	-3.1386968e-05	-2.317553e-06	2.5713202e-07	-3.1352674e-06	2.7976227e-08	1.071638e-06	8.2447061e-07	1.2734815e-06	2.5719555e-07	1.0367266e-05	8.9222286e-06	-3.3221933e-05	-3.3303594e-05	0.0024520245
-0.282	0.718	-0.2256	0	0	0.97639163	0	0	0	0.99593383	0.69819861	-3.1378348e-05	-2.2973808e-06	2.620074e-07	-3.1138314e-06	2.8006639e-08	1.0933691e-06	8.4623068e-07	1.2992016e-06	2.6054783e-07	1.0363264e-05	8.98881e-06	-3.3197028e-05	-3.3277456e-05	0.0024168845
-0.284	0.716	-0.2272	0	0	0.97601919	0	0	0	0.99582648	0.69591316	-3.136917e-05	-2.2771415e-06	2.6666321e-07	-3.0921566e-06	2.8065634e-08	1.1151095e-06	8.6791428e-07	1.324925e-06	2.6390202e-07	1.0359068e-05	9.0553385e-06	-3.317152e-05	-3.3250668e-05	0.0023803436
-0.286	0.714	-0.2288	0	0	0.9756434	0	0	0	0.99571991	0.69362784	-3.1359456e-05	-2.2568374e-06	2.7109631e-07	-3.0702448e-06	2.8153884e-08	1.136851e-06	8.8951213e-07	1.350642e-06	2.6725706e-07	1.0354682e-05	9.1218127e-06	-3.3145429e-05	-3.3223253e-05	0.0023424494
-0.288	0.712	-0.2304	0	0	0.97526425	0	0	0	0.9956142	0.6913427	-3.1349223e-05	-2.2364705e-06	2.7530414e-07	-3.0480982e-06	2.8272006e-08	1.1585857e-06	9.1101566e-07	1.3763433e-06	2.7061193e-07	1.0350113e-05	9.1882315e-06	-3.3118775e-05	-3.3195232e-05	0.0023032503
-0.29	0.71	-0.232	0	0	0.97488173	0	0	0	0.99550942	0.68905781	-3.133849e-05	-2.216043e-06	2.792846e-07	-3.0257188e-06	2.842056e-08	1.1803059e-06	9.3241703e-07	1.4020199e-06	2.739657e-07	1.0345368e-05	9.2545936e-06	-3.3091579e-05	-3.3166628e-05	0.0022627956
-0.292	0.708	-0.2336	0	0	0.97449584	0	0	0	0.99540563	0.6867732	-3.1327275e-05	-2.1955572e-06	2.8303611e-07	-3.003109e-06	2.8600054e-08	1.2020042e-06	9.5370902e-07	1.4276632e-06	2.7731746e-07	1.0340452e-05	9.320898e-06	-3.3063859e-05	-3.3137462e-05	0.0022211352
-0.294	0.706	-0.2352	0	0	0.97410656	0	0	0	0.99530289	0.68448894	-3.1315595e-05	-2.1750151e-06	2.8655753e-07	-2.9802709e-06	2.8810947e-08	1.2236736e-06	9.7488511e-07	1.453265e-06	2.8066635e-07	1.0335373e-05	9.3871435e-06	-3.3035634e-05	-3.3107753e-05	0.0021783193
-0.296	0.704	-0.2368	0	0	0.97371389	0	0	0	0.99520125	0.68220506	-3.1303467e-05	-2.1544191e-06	2.8984815e-07	-2.9572069e-06	2.9053646e-08	1.2453071e-06	9.9593935e-07	1.4788173e-06	2.8401158e-07	1.0330134e-05	9.453329e-06	-3.3006922e-05	-3.3077523e-05	0.0021343979
-0.298	0.702	-0.2384	0	0	0.97331783	0	0	0	0.99510076	0.67992162	-3.1290908e-05	-2.1337713e-06	2.9290767e-07	-2.9339196e-06	2.9328512e-08	1.2668983e-06	1.0168664e-06	1.5043127e-06	2.8735239e-07	1.0324742e-05	9.5194536e-06	-3.2977741e-05	-3.304679e-05	0.0020894215
-0.3	0.7	-0.24	0	0	0.97291837	0	0	0	0.99500148	0.67763865	-3.1277932e-05	-2.113074e-06	2.9573614e-07	-2.9104113e-06	2.9635861e-08	1.2884409e-06	1.0376615e-06	1.5297439e-06	2.9068805e-07	1.0319203e-05	9.5855162e-06	inf	inf	inf
