lambda	F11	F12	F13	F21	F22	F23	F31	F32	F33	J	P11	P12	P13	P21	P22	P23	P31	P32	P33	p	StrEn	t(1)	t(2)	d
0	1	0	0	0	1	0	0	0	1	1	0	0	0	0	0	0	0	0	0	-0	0	inf	inf	inf
0.002	1	0.002	0	0	1	0	0	0	1	1	-6.2010115e-08	6.9812771e-06	-5.1828573e-08	6.9823821e-06	-2.2473825e-07	-2.8284416e-09	-4.5330561e-08	-3.4352941e-09	4.8721554e-08	7.9342271e-08	6.9728458e-09	6.9812771e-06	6.9718601e-06	-0.0013507168
0.004	1	0.004	0	0	1	0	0	0	1	1	1.6265084e-08	1.3951837e-05	-9.0663808e-08	1.3954627e-05	-3.0545354e-07	-1.1078768e-08	-7.7456374e-08	-1.2823954e-08	1.7870793e-07	3.6826844e-08	2.788744e-08	1.3951837e-05	1.3930711e-05	-0.0015165323
0.006	1	0.006	0	0	1	0	0	0	1	1	2.4725376e-07	2.0884079e-05	-1.099941e-07	2.0888249e-05	-2.2889924e-07	-3.4642589e-08	-8.9655025e-08	-3.8063666e-08	4.0292602e-07	-1.4042685e-07	6.2695688e-08	2.0884079e-05	2.0854448e-05	-0.0014208295
0.008	1	0.008	0	0	1	0	0	0	1	1	6.3384451e-07	2.776314e-05	-1.0979449e-07	2.7767596e-05	8.85562e-09	-7.528496e-08	-8.16006e-08	-8.0974187e-08	7.2463431e-07	-4.5577815e-07	1.1130523e-07	2.776314e-05	2.7729378e-05	-0.0012175574
0.01	1	0.01	0	0	1	0	0	0	1	1	1.1622456e-06	3.4592668e-05	-9.849096e-08	3.4595732e-05	3.9493958e-07	-1.2404323e-07	-6.1510527e-08	-1.3272152e-07	1.129261e-06	-8.9548206e-07	1.736132e-07	3.4592668e-05	3.4556554e-05	-0.0010450752
0.012	1	0.012	0	0	1	0	0	0	1	1	1.8150669e-06	4.1381771e-05	-8.4216704e-08	4.1381291e-05	9.1267868e-07	-1.7166633e-07	-3.74273e-08	-1.8420606e-07	1.5966741e-06	-1.4414732e-06	2.4953145e-07	4.1381771e-05	4.1343231e-05	-0.00093220862
0.014	1	0.014	0	0	1	0	0	0	1	1	2.5813413e-06	4.8134842e-05	-7.0620968e-08	4.8128174e-05	1.5517674e-06	-2.1402738e-07	-1.2940029e-08	-2.3144972e-07	2.1110353e-06	-2.0813814e-06	3.3898612e-07	4.8134842e-05	4.8093648e-05	-0.00085654961
0.016	1	0.016	0	0	1	0	0	0	1	1	3.4577556e-06	5.4849772e-05	-5.817171e-08	5.4833717e-05	2.3097537e-06	-2.5083688e-07	1.1579461e-08	-2.7431464e-07	2.6618384e-06	-2.8097826e-06	4.4190604e-07	5.4849772e-05	5.4806022e-05	-0.00079827912
0.018	1	0.018	0	0	1	0	0	0	1	1	4.4477924e-06	6.151833e-05	-4.5940966e-08	6.1489044e-05	3.1914529e-06	-2.835168e-07	3.7219607e-08	-3.1438936e-07	3.2425212e-06	-3.6272555e-06	5.5821021e-07	6.151833e-05	6.147246e-05	-0.00074619107
0.02	1	0.02	0	0	1	0	0	0	1	1	5.5613125e-06	6.8126289e-05	-3.2611156e-08	6.8079141e-05	4.2087596e-06	-3.1392678e-07	6.5525715e-08	-3.5372466e-07	3.8491822e-06	-4.5397514e-06	6.8779588e-07	6.8126289e-05	6.8079022e-05	-0.00069429379
0.022	1	0.022	0	0	1	0	0	0	1	1	6.8147434e-06	7.4653046e-05	-1.6883122e-08	7.45824e-05	5.3810148e-06	-3.4383062e-07	9.8078286e-08	-3.9430022e-07	4.4796993e-06	-5.5584858e-06	8.305263e-07	7.4653046e-05	7.4605382e-05	-0.00063887216
0.024	1	0.024	0	0	1	0	0	0	1	1	8.2314542e-06	8.1071112e-05	2.3960127e-09	8.0970008e-05	6.7354858e-06	-3.7473754e-07	1.3633317e-07	-4.3784848e-07	5.1331897e-06	-6.7000432e-06	9.8621741e-07	8.1071112e-05	8.1024424e-05	-0.00057623033
0.026	1	0.026	0	0	1	0	0	0	1	1	9.8413886e-06	8.7346446e-05	2.6160314e-08	8.7206149e-05	8.3069194e-06	-4.0784305e-07	1.8148725e-07	-4.8574972e-07	5.80969e-06	-7.9859993e-06	1.154624e-06	8.7346446e-05	8.7302719e-05	-0.00050087355
0.028	1	0.028	0	0	1	0	0	0	1	1	1.1678428e-05	9.3441232e-05	5.4996439e-08	9.3250714e-05	1.0134442e-05	-4.4393337e-07	2.3424966e-07	-5.3885656e-07	6.5099054e-06	-9.4409249e-06	1.3354283e-06	9.3441232e-05	9.3403396e-05	-0.00040508752
0.03	1	0.03	0	0	1	0	0	0	1	1	1.3774065e-05	9.9320619e-05	8.8957879e-08	9.9066101e-05	1.2254242e-05	-4.8324356e-07	2.9453747e-07	-5.9725556e-07	7.2348819e-06	-1.108773e-05	1.5282376e-06	9.9320619e-05	9.92926e-05	-0.00028218355
0.032	1	0.032	0	0	1	0	0	0	1	1	1.6148191e-05	0.00010496252	1.2743747e-07	0.00010462731	1.4689058e-05	-5.2537349e-07	3.6127983e-07	-6.6012749e-07	7.9855385e-06	-1.2940929e-05	1.7325987e-06	0.00010496252	0.00010494852	-0.00013344811
0.034	1	0.034	0	0	1	0	0	0	1	1	1.8801578e-05	0.00011036555	1.6925498e-07	0.00010993035	1.7439785e-05	-5.6939949e-07	4.3256624e-07	-7.2591016e-07	8.762195e-06	-1.5001186e-05	1.9480316e-06	0.00011036555	0.00011036863	2.7899979e-05
0.036	1	0.036	0	0	1	0	0	0	1	1	2.171537e-05	0.00011554933	2.129751e-07	0.00011499294	2.0485179e-05	-6.141836e-07	5.0614739e-07	-7.9276036e-07	9.5643531e-06	-1.7254967e-05	2.1740732e-06	0.00011554933	0.00011557041	0.00018245566
0.038	1	0.038	0	0	1	0	0	0	1	1	2.4857766e-05	0.00012054723	2.5726971e-07	0.00011984737	2.3789649e-05	-6.5870428e-07	5.7998987e-07	-8.5904548e-07	1.0390834e-05	-1.9679416e-05	2.4103133e-06	0.00012054723	0.00012058521	0.00031496481
0.04	1	0.04	0	0	1	0	0	0	1	1	2.8192849e-05	0.00012539682	3.011317e-07	0.00012453076	2.7313291e-05	-7.0223907e-07	6.5259041e-07	-9.236101e-07	1.1240109e-05	-2.224875e-05	2.656414e-06	0.00012539682	0.00012544942	0.00041925432
0.042	1	0.042	0	0	1	0	0	0	1	1	3.1686983e-05	0.00013013304	3.4390884e-07	0.00012907798	3.1019033e-05	-7.4438137e-07	7.2301036e-07	-9.8579351e-07	1.2110611e-05	-2.4938875e-05	2.912111e-06	0.00013013304	0.00013019767	0.00049638152
0.044	1	0.044	0	0	1	0	0	0	1	1	3.5311713e-05	0.00013478515	3.8523646e-07	0.00013351844	3.4875766e-05	-7.8497007e-07	7.9075888e-07	-1.0453175e-06	1.3000905e-05	-2.7729461e-05	3.1772047e-06	0.00013478515	0.00013485942	0.00055073903
0.046	1	0.046	0	0	1	0	0	0	1	1	3.9044225e-05	0.00013937632	4.2494737e-07	0.00013787552	3.885876e-05	-8.2400375e-07	8.5564677e-07	-1.1021534e-06	1.3909767e-05	-3.0604251e-05	3.4515487e-06	0.00013937632	0.00013945822	0.00058730389
0.048	1	0.048	0	0	1	0	0	0	1	1	4.286669e-05	0.00014392442	4.629966e-07	0.00014216724	4.294885e-05	-8.6157206e-07	9.1766712e-07	-1.1564155e-06	1.4836178e-05	-3.3550573e-05	3.7350376e-06	0.00014392442	0.00014401232	0.00061041985
0.05	1	0.05	0	0	1	0	0	0	1	1	4.6765292e-05	0.00014844303	4.9940899e-07	0.00014640735	4.7131313e-05	-8.9780979e-07	9.7691374e-07	-1.208291e-06	1.5779304e-05	-3.6558636e-05	4.0275979e-06	0.00014844303	0.00014853564	0.00062349804
0.052	1	0.052	0	0	1	0	0	0	1	1	5.0729309e-05	0.00015294251	5.3424607e-07	0.0001506063	5.1394819e-05	-9.3286901e-07	1.0335304e-06	-1.2579962e-06	1.6738462e-05	-3.9620863e-05	4.3291802e-06	0.00015294251	0.00015303878	0.00062909658
0.054	1	0.054	0	0	1	0	0	0	1	1	5.4750366e-05	0.00015743077	5.6758624e-07	0.00015477206	5.5730595e-05	-9.669034e-07	1.0876807e-06	-1.3057526e-06	1.7713093e-05	-4.2731351e-05	4.6397531e-06	0.00015743077	0.00015752987	0.00062910106
0.056	1	0.056	0	0	1	0	0	0	1	1	5.8821853e-05	0.0001619139	5.9951341e-07	0.00015891075	6.0131773e-05	-1.0000601e-06	1.1395321e-06	-1.3517738e-06	1.8702735e-05	-4.5885454e-05	4.9592996e-06	0.0001619139	0.00016201515	0.00062489829
0.058	1	0.058	0	0	1	0	0	0	1	1	6.2938499e-05	0.00016639667	6.3011076e-07	0.00016302711	6.4592923e-05	-1.0324757e-06	1.189246e-06	-1.3962594e-06	1.9707001e-05	-4.9079474e-05	5.2878137e-06	0.00016639667	0.00016649948	0.00061751414
0.06	1	0.06	0	0	1	0	0	0	1	1	6.7096046e-05	0.00017088279	6.5945751e-07	0.00016712483	6.9109692e-05	-1.064275e-06	1.2369745e-06	-1.4393926e-06	2.0725568e-05	-5.2310435e-05	5.6252976e-06	0.00017088279	0.0001709867	0.00060771497
0.062	1	0.062	0	0	1	0	0	0	1	1	7.1291019e-05	0.00017537524	6.876274e-07	0.00017120682	7.3678555e-05	-1.0955708e-06	1.2828578e-06	-1.4813394e-06	2.1758164e-05	-5.5575913e-05	5.9717605e-06	0.00017537524	0.00017547984	0.00059607984
0.064	1	0.064	0	0	1	0	0	0	1	1	7.5520549e-05	0.0001798764	7.1468818e-07	0.0001752754	7.8296624e-05	-1.1264645e-06	1.3270246e-06	-1.5222499e-06	2.2804553e-05	-5.8873909e-05	6.3272169e-06	0.0001798764	0.00017998134	0.00058305147
0.066	1	0.066	0	0	1	0	0	0	1	1	7.978224e-05	0.00018438821	7.4070162e-07	0.0001793324	8.2961506e-05	-1.1570468e-06	1.3695918e-06	-1.5622588e-06	2.3864536e-05	-6.220276e-05	6.6916858e-06	0.00018438821	0.00018449318	0.00056897219
0.068	1	0.068	0	0	1	0	0	0	1	1	8.4074073e-05	0.00018891225	7.6572378e-07	0.00018337932	8.7671195e-05	-1.1873988e-06	1.410666e-06	-1.6014875e-06	2.4937939e-05	-6.5561069e-05	7.0651897e-06	0.00018891225	0.00018901699	0.00055410949
0.07	1	0.07	0	0	1	0	0	0	1	1	8.839433e-05	0.00019344985	7.8980543e-07	0.00018741737	9.2423998e-05	-1.2175929e-06	1.4503436e-06	-1.6400445e-06	2.6024612e-05	-6.8947647e-05	7.4477538e-06	0.00019344985	0.00019355411	0.00053867428
0.072	1	0.072	0	0	1	0	0	0	1	1	9.2741537e-05	0.0001980021	8.1299256e-07	0.00019144752	9.721847e-05	-1.247694e-06	1.4887126e-06	-1.6780276e-06	2.7124423e-05	-7.2361477e-05	7.8394061e-06	0.0001980021	0.00019810568	0.00052283421
0.074	1	0.074	0	0	1	0	0	0	1	1	9.7114418e-05	0.00020256995	8.3532676e-07	0.00019547059	0.00010205337	-1.2777596e-06	1.5258528e-06	-1.7155244e-06	2.8237258e-05	-7.5801681e-05	8.2401765e-06	0.00020256995	0.00020267265	0.00050672345
0.076	1	0.076	0	0	1	0	0	0	1	1	0.00010151186	0.00020715418	8.5684577e-07	0.00019948725	0.00010692761	-1.3078413e-06	1.5618369e-06	-1.7526137e-06	2.9363015e-05	-7.9267497e-05	8.6500967e-06	0.00020715418	0.00020725583	0.00049044992
0.078	1	0.078	0	0	1	0	0	0	1	1	0.00010593289	0.00021175548	8.775838e-07	0.00020349803	0.00011184027	-1.3379852e-06	1.5967315e-06	-1.7893666e-06	3.0501606e-05	-8.2758254e-05	9.0691998e-06	0.00021175548	0.00021185593	0.00047410081
0.08	1	0.08	0	0	1	0	0	0	1	1	0.00011037665	0.00021637446	8.9757193e-07	0.00020750341	0.0001167905	-1.3682321e-06	1.6305973e-06	-1.8258468e-06	3.1652952e-05	-8.6273364e-05	9.4975204e-06	0.00021637446	0.00021647355	0.00045774673
0.082	1	0.082	0	0	1	0	0	0	1	1	0.00011484236	0.00022101164	9.1683849e-07	0.00021150377	0.00012177757	-1.3986186e-06	1.66349e-06	-1.8621119e-06	3.2816984e-05	-8.9812304e-05	9.9350941e-06	0.00022101164	0.00022110925	0.00044144496
0.084	1	0.084	0	0	1	0	0	0	1	1	0.00011932934	0.00022566749	9.3540929e-07	0.00021549943	0.00012680083	-1.4291772e-06	1.6954609e-06	-1.8982136e-06	3.399364e-05	-9.3374606e-05	1.0381957e-05	0.00022566749	0.0002257635	0.00042524197
0.086	1	0.086	0	0	1	0	0	0	1	1	0.00012383699	0.00023034242	9.5330795e-07	0.00021949066	0.00013185971	-1.4599369e-06	1.7265571e-06	-1.9341986e-06	3.5182867e-05	-9.6959854e-05	1.0838148e-05	0.00023034242	0.00023043671	0.00040917539
0.088	1	0.088	0	0	1	0	0	0	1	1	0.00012836474	0.00023503682	9.7055607e-07	0.00022347768	0.00013695366	-1.4909233e-06	1.7568221e-06	-1.9701091e-06	3.6384616e-05	-0.00010056767	1.1303704e-05	0.00023503682	0.00023512929	0.00039327561
0.09	1	0.09	0	0	1	0	0	0	1	1	0.00013291209	0.00023975101	9.8717349e-07	0.0002274607	0.00014208221	-1.5221589e-06	1.7862964e-06	-2.0059828e-06	3.7598845e-05	-0.00010419772	1.1778665e-05	0.00023975101	0.00023984157	0.00037756701
0.092	1	0.092	0	0	1	0	0	0	1	1	0.00013747859	0.00024448533	1.0031785e-06	0.00023143986	0.00014724493	-1.5536637e-06	1.8150171e-06	-2.0418539e-06	3.8825517e-05	-0.00010784968	1.2263071e-05	0.00024448533	0.00024457388	0.00036206905
0.094	1	0.094	0	0	1	0	0	0	1	1	0.00014206382	0.00024924005	1.0185878e-06	0.00023541531	0.00015244142	-1.5854553e-06	1.843019e-06	-2.0777529e-06	4.00646e-05	-0.00011152328	1.2756961e-05	0.00024924005	0.00024932652	0.00034679704
0.096	1	0.096	0	0	1	0	0	0	1	1	0.00014666739	0.00025401545	1.0334171e-06	0.00023938716	0.00015767132	-1.6175489e-06	1.8703343e-06	-2.1137074e-06	4.1316065e-05	-0.00011521826	1.3260377e-05	0.00025401545	0.00025409975	0.00033176285
0.098	1	0.098	0	0	1	0	0	0	1	1	0.00015128895	0.00025881179	1.0476807e-06	0.00024335552	0.00016293429	-1.6499575e-06	1.8969932e-06	-2.149742e-06	4.2579887e-05	-0.00011893437	1.377336e-05	0.00025881179	0.00025889385	0.00031697552
0.1	1	0.1	0	0	1	0	0	0	1	1	0.00015592818	0.00026362929	1.061392e-06	0.00024732046	0.00016823002	-1.6826925e-06	1.9230238e-06	-2.1858786e-06	4.3856044e-05	-0.00012267141	1.4295952e-05	0.00026362929	0.00026370905	0.00030244163
0.102	1	0.102	0	0	1	0	0	0	1	1	0.00016058478	0.00026846819	1.0745634e-06	0.00025128205	0.00017355823	-1.7157635e-06	1.9484524e-06	-2.2221368e-06	4.5144517e-05	-0.00012642917	1.4828196e-05	0.00026846819	0.00026854558	0.00028816578
0.104	1	0.104	0	0	1	0	0	0	1	1	0.00016525846	0.00027332871	1.0872065e-06	0.00025524036	0.00017891864	-1.7491784e-06	1.9733037e-06	-2.2585339e-06	4.6445291e-05	-0.00013020746	1.5370134e-05	0.00027332871	0.00027340366	0.00027415089
0.106	1	0.106	0	0	1	0	0	0	1	1	0.00016994897	0.00027821104	1.0993321e-06	0.00025919543	0.000184311	-1.7829435e-06	1.9976008e-06	-2.2950851e-06	4.7758352e-05	-0.00013400611	1.5921811e-05	0.00027821104	0.0002782835	0.00026039846
0.108	1	0.108	0	0	1	0	0	0	1	1	0.00017465607	0.00028311538	1.1109504e-06	0.0002631473	0.00018973509	-1.817064e-06	2.0213656e-06	-2.331804e-06	4.9083689e-05	-0.00013782495	1.6483268e-05	0.00028311538	0.0002831853	0.0002469088
0.11	1	0.11	0	0	1	0	0	0	1	1	0.00017937953	0.00028804194	1.1220709e-06	0.00026709601	0.00019519067	-1.8515437e-06	2.0446186e-06	-2.3687021e-06	5.0421291e-05	-0.00014166383	1.7054552e-05	0.00028804194	0.00028810926	0.00023368124
0.112	1	0.112	0	0	1	0	0	0	1	1	0.00018411914	0.00029299088	1.1327026e-06	0.00027104158	0.00020067754	-1.8863853e-06	2.0673792e-06	-2.4057895e-06	5.1771152e-05	-0.00014552261	1.7635705e-05	0.00029299088	0.00029305556	0.00022071431
0.114	1	0.114	0	0	1	0	0	0	1	1	0.0001888747	0.0002979624	1.1428541e-06	0.00027498403	0.00020619549	-1.9215902e-06	2.0896657e-06	-2.4430746e-06	5.3133266e-05	-0.00014940115	1.8226774e-05	0.0002979624	0.00029802439	0.00020800584
0.116	1	0.116	0	0	1	0	0	0	1	1	0.00019364601	0.00030295667	1.1525332e-06	0.0002789234	0.00021174435	-1.9571591e-06	2.1114954e-06	-2.4805647e-06	5.4507628e-05	-0.00015329933	1.8827803e-05	0.00030295667	0.00030301592	0.00019555312
0.118	1	0.118	0	0	1	0	0	0	1	1	0.00019843292	0.00030797385	1.1617477e-06	0.00028285968	0.00021732393	-1.9930914e-06	2.1328847e-06	-2.5182656e-06	5.5894234e-05	-0.00015721703	1.9438838e-05	0.00030797385	0.00030803033	0.00018335297
0.12	1	0.12	0	0	1	0	0	0	1	1	0.00020323524	0.00031301412	1.1705047e-06	0.00028679288	0.00022293405	-2.029386e-06	2.1538492e-06	-2.5561819e-06	5.7293083e-05	-0.00016115412	2.0059924e-05	0.00031301412	0.00031306778	0.00017140183
0.122	1	0.122	0	0	1	0	0	0	1	1	0.00020805281	0.00031807764	1.1788113e-06	0.00029072303	0.00022857456	-2.0660407e-06	2.1744037e-06	-2.5943172e-06	5.8704173e-05	-0.00016511052	2.0691109e-05	0.00031807764	0.00031812845	0.00015969588
0.124	1	0.124	0	0	1	0	0	0	1	1	0.0002128855	0.00032316458	1.1866741e-06	0.00029465011	0.0002342453	-2.1030528e-06	2.1945622e-06	-2.632674e-06	6.0127505e-05	-0.0001690861	2.1332438e-05	0.00032316458	0.00032321249	0.00014823103
0.126	1	0.126	0	0	1	0	0	0	1	1	0.00021773316	0.00032827508	1.1940993e-06	0.00029857414	0.00023994612	-2.1404185e-06	2.214338e-06	-2.6712539e-06	6.1563079e-05	-0.00017308078	2.1983959e-05	0.00032827508	0.00032832007	0.00013700304
0.128	1	0.128	0	0	1	0	0	0	1	1	0.00022259565	0.00033340932	1.2010931e-06	0.00030249511	0.00024567686	-2.1781339e-06	2.233744e-06	-2.7100574e-06	6.3010896e-05	-0.00017709447	2.2645718e-05	0.00033340932	0.00033345134	0.00012600751
0.13	1	0.13	0	0	1	0	0	0	1	1	0.00022747283	0.00033856744	1.2076614e-06	0.00030641303	0.0002514374	-2.216194e-06	2.2527923e-06	-2.7490844e-06	6.4470959e-05	-0.00018112706	2.3317764e-05	0.00033856744	0.00033860646	0.00011523998
0.132	1	0.132	0	0	1	0	0	0	1	1	0.0002323646	0.00034374959	1.2138099e-06	0.00031032788	0.00025722758	-2.2545935e-06	2.2714946e-06	-2.788334e-06	6.5943269e-05	-0.00018517848	2.4000144e-05	0.00034374959	0.00034378558	0.00010469589
0.134	1	0.134	0	0	1	0	0	0	1	1	0.00023727083	0.00034895593	1.2195441e-06	0.00031423966	0.00026304729	-2.2933266e-06	2.2898618e-06	-2.8278045e-06	6.7427831e-05	-0.00018924865	2.4692906e-05	0.00034895593	0.00034898887	9.4370685e-05
0.136	1	0.136	0	0	1	0	0	0	1	1	0.00024219141	0.00035418661	1.2248694e-06	0.00031814838	0.00026889638	-2.3323868e-06	2.3079047e-06	-2.8674935e-06	6.8924647e-05	-0.00019333748	2.53961e-05	0.00035418661	0.00035421646	8.4259777e-05
0.138	1	0.138	0	0	1	0	0	0	1	1	0.00024712623	0.00035944177	1.2297909e-06	0.00032205402	0.00027477474	-2.3717675e-06	2.3256333e-06	-2.9073981e-06	7.0433721e-05	-0.0001974449	2.6109772e-05	0.00035944177	0.0003594685	7.4358598e-05
0.14	1	0.14	0	0	1	0	0	0	1	1	0.00025207519	0.00036472156	1.2343138e-06	0.00032595657	0.00028068224	-2.4114614e-06	2.3430575e-06	-2.9475147e-06	7.1955058e-05	-0.00020157083	2.6833974e-05	0.00036472156	0.00036474515	6.4662608e-05
0.142	1	0.142	0	0	1	0	0	0	1	1	0.00025703819	0.00037002613	1.2384431e-06	0.00032985603	0.00028661877	-2.451461e-06	2.3601867e-06	-2.9878393e-06	7.348866e-05	-0.0002057152	2.7568753e-05	0.00037002613	0.00037004655	5.5167309e-05
0.144	1	0.144	0	0	1	0	0	0	1	1	0.00026201512	0.00037535563	1.2421836e-06	0.00033375238	0.0002925842	-2.4917584e-06	2.3770297e-06	-3.0283673e-06	7.5034532e-05	-0.00020987795	2.831416e-05	0.00037535563	0.00037537284	4.5868257e-05
0.146	1	0.146	0	0	1	0	0	0	1	1	0.00026700591	0.00038071018	1.2455401e-06	0.00033764562	0.00029857842	-2.5323453e-06	2.3935952e-06	-3.0690937e-06	7.659268e-05	-0.000214059	2.9070244e-05	0.00038071018	0.00038072418	3.6761074e-05
0.148	1	0.148	0	0	1	0	0	0	1	1	0.00027201045	0.00038608994	1.2485174e-06	0.00034153574	0.00030460131	-2.5732132e-06	2.4098915e-06	-3.1100132e-06	7.8163106e-05	-0.00021825829	2.9837057e-05	0.00038608994	0.00038610069	2.7841449e-05
0.15	1	0.15	0	0	1	0	0	0	1	1	0.00027702867	0.00039149505	1.2511201e-06	0.00034542272	0.00031065278	-2.6143535e-06	2.4259267e-06	-3.1511199e-06	7.9745815e-05	-0.00022247575	3.0614647e-05	0.00039149505	0.00039150253	1.9105154e-05
0.152	1	0.152	0	0	1	0	0	0	1	1	0.00028206047	0.00039692565	1.2533527e-06	0.00034930656	0.00031673269	-2.655757e-06	2.4417083e-06	-3.1924076e-06	8.1340812e-05	-0.00022671133	3.1403067e-05	0.00039692565	0.00039692984	1.054804e-05
0.154	1	0.154	0	0	1	0	0	0	1	1	0.00028710579	0.00040238187	1.2552197e-06	0.00035318724	0.00032284096	-2.6974148e-06	2.4572438e-06	-3.2338699e-06	8.29481e-05	-0.00023096495	3.2202366e-05	0.00040238187	0.00040238274	2.1660457e-06
0.156	1	0.156	0	0	1	0	0	0	1	1	0.00029216453	0.00040786386	1.2567258e-06	0.00035706474	0.00032897747	-2.7393173e-06	2.4725404e-06	-3.2755001e-06	8.4567683e-05	-0.00023523656	3.3012598e-05	0.00040786386	0.0004078614	-6.0447996e-06
0.158	1	0.158	0	0	1	0	0	0	1	1	0.00029723663	0.00041337176	1.2578752e-06	0.00036093907	0.00033514212	-2.7814551e-06	2.4876049e-06	-3.3172911e-06	8.6199567e-05	-0.00023952611	3.3833812e-05	0.00041337176	0.00041336593	-1.4088377e-05
0.16	1	0.16	0	0	1	0	0	0	1	1	0.000302322	0.00041890569	1.2586725e-06	0.0003648102	0.00034133481	-2.8238184e-06	2.502444e-06	-3.3592357e-06	8.7843752e-05	-0.00024383352	3.4666061e-05	0.00041890569	0.00041889649	-2.1968473e-05
0.162	1	0.162	0	0	1	0	0	0	1	1	0.00030742059	0.0004244658	1.2591219e-06	0.00036867812	0.00034755542	-2.8663976e-06	2.5170641e-06	-3.4013264e-06	8.9500245e-05	-0.00024815875	3.5509398e-05	0.0004244658	0.0004244532	-2.9688784e-05
0.164	1	0.164	0	0	1	0	0	0	1	1	0.00031253231	0.00043005222	1.2592279e-06	0.00037254282	0.00035380387	-2.9091828e-06	2.5314715e-06	-3.4435556e-06	9.1169046e-05	-0.00025250174	3.6363874e-05	0.00043005222	0.0004300362	-3.7252909e-05
0.166	1	0.166	0	0	1	0	0	0	1	1	0.0003176571	0.00043566508	1.2589947e-06	0.00037640429	0.00036008004	-2.9521639e-06	2.5456721e-06	-3.4859154e-06	9.285016e-05	-0.00025686243	3.7229543e-05	0.00043566508	0.00043564563	-4.4664358e-05
0.168	1	0.168	0	0	1	0	0	0	1	1	0.00032279489	0.00044130453	1.2584267e-06	0.00038026251	0.00036638385	-2.995331e-06	2.5596719e-06	-3.528398e-06	9.4543588e-05	-0.00026124077	3.8106457e-05	0.00044130453	0.00044128162	-5.1926546e-05
0.17	1	0.17	0	0	1	0	0	0	1	1	0.00032794562	0.00044697069	1.257528e-06	0.00038411747	0.00037271518	-3.038674e-06	2.5734764e-06	-3.5709953e-06	9.6249332e-05	-0.00026563671	3.8994669e-05	0.00044697069	0.0004469443	-5.9042797e-05
0.172	1	0.172	0	0	1	0	0	0	1	1	0.00033310922	0.0004526637	1.2563031e-06	0.00038796916	0.00037907394	-3.0821828e-06	2.5870911e-06	-3.613699e-06	9.7967395e-05	-0.00027005018	3.9894234e-05	0.0004526637	0.00045263381	-6.6016346e-05
0.174	1	0.174	0	0	1	0	0	0	1	1	0.00033828563	0.00045838368	1.2547562e-06	0.00039181755	0.00038546003	-3.1258474e-06	2.6005214e-06	-3.656501e-06	9.9697778e-05	-0.00027448115	4.0805204e-05	0.00045838368	0.00045835029	-7.2850339e-05
0.176	1	0.176	0	0	1	0	0	0	1	1	0.00034347479	0.00046413077	1.2528915e-06	0.00039566265	0.00039187336	-3.1696575e-06	2.6137722e-06	-3.6993928e-06	0.00010144048	-0.00027892954	4.1727635e-05	0.00046413077	0.00046409385	-7.9547836e-05
0.178	1	0.178	0	0	1	0	0	0	1	1	0.00034867664	0.0004699051	1.2507132e-06	0.00039950443	0.00039831382	-3.2136031e-06	2.6268487e-06	-3.7423662e-06	0.00010319551	-0.00028339532	4.266158e-05	0.0004699051	0.00046986464	-8.611181e-05
0.18	1	0.18	0	0	1	0	0	0	1	1	0.00035389112	0.0004757068	1.2482257e-06	0.00040334288	0.00040478133	-3.2576741e-06	2.6397557e-06	-3.7854127e-06	0.00010496285	-0.00028787843	4.3607094e-05	0.0004757068	0.00047566278	-9.2545153e-05
0.182	1	0.182	0	0	1	0	0	0	1	1	0.00035911817	0.00048153599	1.245433e-06	0.00040717798	0.00041127577	-3.3018606e-06	2.6524979e-06	-3.8285239e-06	0.00010674252	-0.00029237882	4.4564231e-05	0.00048153599	0.0004814884	-9.8850674e-05
0.184	1	0.184	0	0	1	0	0	0	1	1	0.00036435774	0.00048739281	1.2423395e-06	0.00041100973	0.00041779706	-3.3461524e-06	2.6650798e-06	-3.8716914e-06	0.00010853451	-0.00029689644	4.5533047e-05	0.00048739281	0.00048734163	-0.0001050311
0.186	1	0.186	0	0	1	0	0	0	1	1	0.00036960977	0.00049327739	1.2389494e-06	0.00041483811	0.0004243451	-3.3905396e-06	2.6775059e-06	-3.9149067e-06	0.00011033881	-0.00030143123	4.6513597e-05	0.00049327739	0.0004932226	-0.0001110891
0.188	1	0.188	0	0	1	0	0	0	1	1	0.0003748742	0.00049918985	1.2352668e-06	0.00041866311	0.00043091979	-3.4350125e-06	2.6897805e-06	-3.9581614e-06	0.00011215544	-0.00030598314	4.7505938e-05	0.00049918985	0.00049913143	-0.00011702723
0.19	1	0.19	0	0	1	0	0	0	1	1	0.00038015098	0.00050513031	1.231296e-06	0.00042248471	0.00043752104	-3.4795612e-06	2.7019078e-06	-4.0014471e-06	0.00011398437	-0.00031055213	4.8510123e-05	0.00050513031	0.00050506826	-0.00012284802
0.192	1	0.192	0	0	1	0	0	0	1	1	0.00038544006	0.00051109891	1.2270412e-06	0.0004263029	0.00044414875	-3.5241761e-06	2.7138918e-06	-4.0447556e-06	0.00011582563	-0.00031513815	4.9526211e-05	0.00051109891	0.00051103321	-0.00012855389
0.194	1	0.194	0	0	1	0	0	0	1	1	0.00039074139	0.00051709576	1.2225065e-06	0.00043011767	0.00045080282	-3.5688475e-06	2.7257367e-06	-4.0880785e-06	0.00011767919	-0.00031974113	5.0554256e-05	0.00051709576	0.0005170264	-0.00013414721
0.196	1	0.196	0	0	1	0	0	0	1	1	0.00039605491	0.000523121	1.2176963e-06	0.000433929	0.00045748316	-3.6135659e-06	2.7374462e-06	-4.1314076e-06	0.00011954505	-0.00032436104	5.1594316e-05	0.000523121	0.00052304797	-0.00013963028
0.198	1	0.198	0	0	1	0	0	0	1	1	0.00040138057	0.00052917474	1.2126146e-06	0.00043773687	0.00046418967	-3.658322e-06	2.7490241e-06	-4.1747347e-06	0.00012142322	-0.00032899782	5.2646448e-05	0.00052917474	0.00052909802	-0.00014500534
0.2	1	0.2	0	0	1	0	0	0	1	1	0.00040671832	0.00053525712	1.2072656e-06	0.00044154129	0.00047092226	-3.7031065e-06	2.7604741e-06	-4.2180519e-06	0.00012331368	-0.00033365142	5.3710708e-05	0.00053525712	0.00053517669	-0.00015027457
0.202	1	0.202	0	0	1	0	0	0	1	1	0.00041206811	0.00054136824	1.2016536e-06	0.00044534222	0.00047768082	-3.7479103e-06	2.7717998e-06	-4.261351e-06	0.00012521644	-0.00033832179	5.4787155e-05	0.00054136824	0.00054128411	-0.00015544007
0.204	1	0.204	0	0	1	0	0	0	1	1	0.0004174299	0.00054750824	1.1957826e-06	0.00044913967	0.00048446527	-3.7927243e-06	2.7830046e-06	-4.3046242e-06	0.00012713148	-0.00034300888	5.5875845e-05	0.00054750824	0.00054742038	-0.00016050391
0.206	1	0.206	0	0	1	0	0	0	1	1	0.00042280363	0.00055367724	1.1896569e-06	0.00045293361	0.00049127551	-3.8375398e-06	2.7940921e-06	-4.3478638e-06	0.0001290588	-0.00034771265	5.6976836e-05	0.00055367724	0.00055358564	-0.00016546808
0.208	1	0.208	0	0	1	0	0	0	1	1	0.00042818925	0.00055987535	1.1832806e-06	0.00045672404	0.00049811144	-3.8823479e-06	2.8050654e-06	-4.391062e-06	0.00013099839	-0.00035243303	5.8090187e-05	0.00055987535	0.00055978	-0.00017033453
0.21	1	0.21	0	0	1	0	0	0	1	1	0.00043358672	0.00056610269	1.1766579e-06	0.00046051094	0.00050497296	-3.9271401e-06	2.8159279e-06	-4.4342114e-06	0.00013295024	-0.00035716997	5.9215956e-05	0.00056610269	0.00056600358	-0.00017510516
0.212	1	0.212	0	0	1	0	0	0	1	1	0.000438996	0.0005723594	1.1697928e-06	0.00046429429	0.00051185997	-3.971908e-06	2.8266827e-06	-4.4773044e-06	0.00013491436	-0.00036192344	6.0354202e-05	0.0005723594	0.00057225651	-0.00017978179
0.214	1	0.214	0	0	1	0	0	0	1	1	0.00044441702	0.00057864557	1.1626896e-06	0.0004680741	0.00051877238	-4.0166432e-06	2.8373329e-06	-4.5203337e-06	0.00013689072	-0.00036669337	6.1504982e-05	0.00057864557	0.00057853891	-0.00018436623
0.216	1	0.216	0	0	1	0	0	0	1	1	0.00044984975	0.00058496133	1.1553523e-06	0.00047185033	0.0005257101	-4.0613378e-06	2.8478816e-06	-4.5632921e-06	0.00013887932	-0.00037147972	6.2668357e-05	0.00058496133	0.00058485088	-0.00018886022
0.218	1	0.218	0	0	1	0	0	0	1	1	0.00045529414	0.00059130681	1.1477849e-06	0.00047562299	0.00053267302	-4.1059836e-06	2.8583316e-06	-4.6061727e-06	0.00014088015	-0.00037628244	6.3844386e-05	0.00059130681	0.00059119255	-0.00019326547
0.22	1	0.22	0	0	1	0	0	0	1	1	0.00046075015	0.0005976821	1.1399917e-06	0.00047939206	0.00053966104	-4.150573e-06	2.8686859e-06	-4.6489684e-06	0.00014289321	-0.00038110146	6.5033127e-05	0.0005976821	0.00059756404	-0.00019758361
0.222	1	0.222	0	0	1	0	0	0	1	1	0.00046621772	0.00060408734	1.1319767e-06	0.00048315752	0.00054667407	-4.1950983e-06	2.8789472e-06	-4.6916725e-06	0.00014491847	-0.00038593675	6.6234642e-05	0.00060408734	0.00060396545	-0.00020181628
0.224	1	0.224	0	0	1	0	0	0	1	1	0.00047169682	0.00061052263	1.1237439e-06	0.00048691937	0.00055371202	-4.239552e-06	2.8891184e-06	-4.7342784e-06	0.00014695593	-0.00039078825	6.7448989e-05	0.00061052263	0.00061039691	-0.00020596503
0.226	1	0.226	0	0	1	0	0	0	1	1	0.0004771874	0.00061698809	1.1152973e-06	0.00049067759	0.00056077477	-4.2839268e-06	2.899202e-06	-4.7767795e-06	0.00014900557	-0.00039565591	6.867623e-05	0.00061698809	0.00061685854	-0.0002100314
0.228	1	0.228	0	0	1	0	0	0	1	1	0.00048268941	0.00062348384	1.106641e-06	0.00049443217	0.00056786223	-4.3282157e-06	2.9092008e-06	-4.8191696e-06	0.0001510674	-0.00040053968	6.9916423e-05	0.00062348384	0.00062335043	-0.00021401688
0.23	1	0.23	0	0	1	0	0	0	1	1	0.00048820282	0.00063000998	1.097779e-06	0.0004981831	0.00057497431	-4.3724116e-06	2.9191174e-06	-4.8614425e-06	0.00015314138	-0.0004054395	7.1169631e-05	0.00063000998	0.00062987272	-0.00021792293
0.232	1	0.232	0	0	1	0	0	0	1	1	0.00049372757	0.00063656663	1.0887153e-06	0.00050193037	0.0005821109	-4.4165079e-06	2.9289541e-06	-4.903592e-06	0.00015522751	-0.00041035533	7.2435914e-05	0.00063656663	0.0006364255	-0.00022175096
0.234	1	0.234	0	0	1	0	0	0	1	1	0.00049926363	0.00064315389	1.0794537e-06	0.00050567396	0.0005892719	-4.4604978e-06	2.9387135e-06	-4.9456124e-06	0.00015732578	-0.0004152871	7.3715333e-05	0.00064315389	0.00064300889	-0.00022550236
0.236	1	0.236	0	0	1	0	0	0	1	1	0.00050481094	0.00064977189	1.0699983e-06	0.00050941387	0.00059645722	-4.504375e-06	2.948398e-06	-4.9874979e-06	0.00015943617	-0.00042023478	7.500795e-05	0.00064977189	0.00064962301	-0.00022917848
0.238	1	0.238	0	0	1	0	0	0	1	1	0.00051036948	0.00065642073	1.060353e-06	0.00051315009	0.00060366675	-4.5481333e-06	2.9580099e-06	-5.029243e-06	0.00016155867	-0.0004251983	7.6313825e-05	0.00065642073	0.00065626796	-0.00023278064
0.24	1	0.24	0	0	1	0	0	0	1	1	0.00051593919	0.00066310051	1.0505216e-06	0.00051688259	0.00061090039	-4.5917665e-06	2.9675516e-06	-5.0708422e-06	0.00016369325	-0.00043017761	7.7633022e-05	0.00066310051	0.00066294385	-0.00023631012
0.242	1	0.242	0	0	1	0	0	0	1	1	0.00052152003	0.00066981136	1.040508e-06	0.00052061138	0.00061815804	-4.6352688e-06	2.9770252e-06	-5.1122902e-06	0.00016583991	-0.00043517266	7.8965601e-05	0.00066981136	0.0006696508	-0.00023976818
0.244	1	0.244	0	0	1	0	0	0	1	1	0.00052711196	0.00067655337	1.0303161e-06	0.00052433644	0.0006254396	-4.6786344e-06	2.986433e-06	-5.153582e-06	0.00016799864	-0.0004401834	8.0311625e-05	0.00067655337	0.0006763889	-0.00024315605
0.246	1	0.246	0	0	1	0	0	0	1	1	0.00053271494	0.00068332665	1.0199496e-06	0.00052805776	0.00063274497	-4.7218578e-06	2.9957772e-06	-5.1947127e-06	0.0001701694	-0.00044520977	8.1671156e-05	0.00068332665	0.00068315827	-0.00024647492
0.248	1	0.248	0	0	1	0	0	0	1	1	0.00053832892	0.00069013131	1.0094123e-06	0.00053177533	0.00064007404	-4.7649336e-06	3.0050598e-06	-5.2356773e-06	0.00017235219	-0.00045025172	8.3044258e-05	0.00069013131	0.00068995901	-0.00024972598
0.25	1	0.25	0	0	1	0	0	0	1	1	0.00054395387	0.00069696745	9.9870807e-07	0.00053548914	0.00064742672	-4.8078566e-06	3.0142829e-06	-5.2764714e-06	0.00017454699	-0.00045530919	8.4430992e-05	0.00069696745	0.00069679123	-0.00025291035
0.252	1	0.252	0	0	1	0	0	0	1	1	0.00054958975	0.00070383519	9.878405e-07	0.00053919918	0.0006548029	-4.8506217e-06	3.0234485e-06	-5.3170905e-06	0.00017675377	-0.00046038214	8.5831423e-05	0.00070383519	0.00070365503	-0.00025602916
0.254	1	0.254	0	0	1	0	0	0	1	1	0.0005552365	0.00071073461	9.7681333e-07	0.00054290543	0.00066220247	-4.8932241e-06	3.0325587e-06	-5.3575302e-06	0.00017897253	-0.0004654705	8.7245613e-05	0.00071073461	0.00071055052	-0.00025908351
0.256	1	0.256	0	0	1	0	0	0	1	1	0.00056089409	0.00071766583	9.6563021e-07	0.0005466079	0.00066962534	-4.9356591e-06	3.0416153e-06	-5.3977863e-06	0.00018120324	-0.00047057423	8.8673625e-05	0.00071766583	0.0007174778	-0.00026207446
0.258	1	0.258	0	0	1	0	0	0	1	1	0.00056656249	0.00072462895	9.5429478e-07	0.00055030656	0.0006770714	-4.9779222e-06	3.0506203e-06	-5.4378549e-06	0.00018344589	-0.00047569326	9.0115524e-05	0.00072462895	0.00072443697	-0.00026500307
0.26	1	0.26	0	0	1	0	0	0	1	1	0.00057224164	0.00073162407	9.4281062e-07	0.00055400142	0.00068454055	-5.020009e-06	3.0595755e-06	-5.4777321e-06	0.00018570044	-0.00048082754	9.1571373e-05	0.00073162407	0.00073142814	-0.00026787034
0.262	1	0.262	0	0	1	0	0	0	1	1	0.00057793151	0.00073865129	9.3118129e-07	0.00055769245	0.00069203268	-5.0619152e-06	3.0684827e-06	-5.5174142e-06	0.00018796689	-0.00048597702	9.3041236e-05	0.00073865129	0.00073845141	-0.00027067729
0.264	1	0.264	0	0	1	0	0	0	1	1	0.00058363206	0.00074571071	9.1941032e-07	0.00056137965	0.00069954768	-5.1036369e-06	3.0773437e-06	-5.5568976e-06	0.00019024521	-0.00049114165	9.4525178e-05	0.00074571071	0.00074550687	-0.0002734249
0.266	1	0.266	0	0	1	0	0	0	1	1	0.00058934324	0.00075280243	9.075012e-07	0.00056506301	0.00070708546	-5.1451701e-06	3.0861602e-06	-5.596179e-06	0.00019253537	-0.00049632136	9.6023264e-05	0.00075280243	0.00075259463	-0.00027611412
0.268	1	0.268	0	0	1	0	0	0	1	1	0.00059506502	0.00075992654	8.9545738e-07	0.00056874252	0.00071464591	-5.1865112e-06	3.094934e-06	-5.635255e-06	0.00019483737	-0.0005015161	9.7535557e-05	0.00075992654	0.00075971478	-0.0002787459
0.27	1	0.27	0	0	1	0	0	0	1	1	0.00060079736	0.00076708316	8.8328227e-07	0.00057241817	0.00072222891	-5.2276566e-06	3.1036667e-06	-5.6741226e-06	0.00019715117	-0.00050672581	9.9062123e-05	0.00076708316	0.00076686742	-0.00028132116
0.272	1	0.272	0	0	1	0	0	0	1	1	0.00060654022	0.00077427236	8.7097927e-07	0.00057608995	0.00072983437	-5.2686028e-06	3.11236e-06	-5.7127787e-06	0.00019947676	-0.00051195045	0.00010060303	0.00077427236	0.00077405265	-0.00028384079
0.274	1	0.274	0	0	1	0	0	0	1	1	0.00061229355	0.00078149425	8.585517e-07	0.00057975785	0.00073746218	-5.3093466e-06	3.1210154e-06	-5.7512206e-06	0.0002018141	-0.00051718995	0.00010215833	0.00078149425	0.00078127057	-0.00028630568
0.276	1	0.276	0	0	1	0	0	0	1	1	0.00061805732	0.00078874893	8.4600288e-07	0.00058342187	0.00074511224	-5.3498848e-06	3.1296345e-06	-5.7894455e-06	0.00020416318	-0.00052244425	0.00010372811	0.00078874893	0.00078852127	-0.00028871669
0.278	1	0.278	0	0	1	0	0	0	1	1	0.00062383149	0.00079603648	8.3333607e-07	0.00058708199	0.00075278443	-5.3902146e-06	3.1382189e-06	-5.827451e-06	0.00020652398	-0.0005277133	0.00010531242	0.00079603648	0.00079580485	-0.00029107468
0.28	1	0.28	0	0	1	0	0	0	1	1	0.00062961602	0.00080335701	8.2055449e-07	0.00059073821	0.00076047864	-5.430333e-06	3.14677e-06	-5.8652345e-06	0.00020889646	-0.00053299704	0.00010691133	0.00080335701	0.00080312139	-0.00029338048
0.282	1	0.282	0	0	1	0	0	0	1	1	0.00063541087	0.0008107106	8.0766133e-07	0.00059439052	0.00076819478	-5.4702374e-06	3.1552894e-06	-5.9027937e-06	0.00021128061	-0.00053829542	0.0001085249	0.0008107106	0.000810471	-0.00029563489
0.284	1	0.284	0	0	1	0	0	0	1	1	0.000641216	0.00081809734	7.9465974e-07	0.0005980389	0.00077593273	-5.5099252e-06	3.1637784e-06	-5.9401266e-06	0.00021367639	-0.00054360837	0.00011015321	0.00081809734	0.00081785376	-0.00029783873
0.286	1	0.286	0	0	1	0	0	0	1	1	0.00064703137	0.00082551734	7.8155283e-07	0.00060168336	0.00078369238	-5.5493941e-06	3.1722385e-06	-5.9772311e-06	0.00021608379	-0.00054893585	0.00011179632	0.00082551734	0.00082526976	-0.00029999276
0.288	1	0.288	0	0	1	0	0	0	1	1	0.00065285694	0.00083297066	7.6834365e-07	0.00060532387	0.00079147364	-5.5886417e-06	3.1806711e-06	-6.0141052e-06	0.00021850278	-0.00055427779	0.00011345429	0.00083297066	0.0008327191	-0.00030209777
0.29	1	0.29	0	0	1	0	0	0	1	1	0.00065869268	0.00084045742	7.5503524e-07	0.00060896044	0.00079927637	-5.627666e-06	3.1890774e-06	-6.0507473e-06	0.00022093333	-0.00055963413	0.0001151272	0.00084045742	0.00084020187	-0.0003041545
0.292	1	0.292	0	0	1	0	0	0	1	1	0.00066453854	0.00084797769	7.4163058e-07	0.00061259305	0.00080710049	-5.6664648e-06	3.1974588e-06	-6.0871555e-06	0.00022337541	-0.00056500482	0.0001168151	0.00084797769	0.00084771815	-0.00030616369
0.294	1	0.294	0	0	1	0	0	0	1	1	0.00067039449	0.00085553156	7.281326e-07	0.0006162217	0.00081494588	-5.7050364e-06	3.2058167e-06	-6.1233285e-06	0.00022582901	-0.00057038979	0.00011851807	0.00085553156	0.00085526803	-0.00030812607
0.296	1	0.296	0	0	1	0	0	0	1	1	0.00067626049	0.00086311912	7.1454421e-07	0.00061984638	0.00082281242	-5.7433789e-06	3.2141522e-06	-6.1592647e-06	0.00022829408	-0.000575789	0.00012023617	0.00086311912	0.0008628516	-0.00031004235
0.298	1	0.298	0	0	1	0	0	0	1	1	0.0006821365	0.00087074045	7.0086827e-07	0.00062346709	0.00083070002	-5.7814907e-06	3.2224666e-06	-6.1949628e-06	0.0002307706	-0.00058120237	0.00012196947	0.00087074045	0.00087046894	-0.00031191323
0.3	1	0.3	0	0	1	0	0	0	1	1	0.00068802248	0.00087839565	6.8710758e-07	0.0006270838	0.00083860855	-5.8193702e-06	3.2307611e-06	-6.2304217e-06	0.00023325856	-0.00058662986	0.00012371805	inf	inf	inf
