lambda	F11	F12	F13	F21	F22	F23	F31	F32	F33	J	P11	P12	P13	P21	P22	P23	P31	P32	P33	p	StrEn	t(1)	t(2)	d
0	1	0	0	0	1	0	0	0	1	1	0	0	0	0	0	0	0	0	0	-0	0	inf	inf	inf
-0.002	0.998	0	0	0	0.999	0	0	0	1.0007727	0.99777237	-1.6494637e-05	-1.1730104e-08	6.7552892e-08	-1.1772342e-08	-1.0210992e-05	-1.2909508e-07	7.7749921e-08	-1.2108629e-07	6.4645434e-09	8.8997215e-06	2.1636348e-08	-2.1602616e-05	-2.1546035e-05	-0.0026260789
-0.004	0.996	0	0	0	0.998	0	0	0	1.0015366	0.99553537	-3.276769e-05	-3.341526e-08	1.4835376e-07	-3.3747322e-08	-2.0318307e-05	-2.6578094e-07	1.6932419e-07	-2.4948819e-07	1.2889146e-08	1.7691036e-05	8.6184139e-08	-4.2931736e-05	-4.2851419e-05	-0.0018743274
-0.006	0.994	0	0	0	0.997	0	0	0	1.0022911	0.99328849	-4.8760185e-05	-5.9708262e-08	2.4365428e-07	-6.0499241e-08	-3.0313938e-05	-4.0821656e-07	2.768474e-07	-3.8311958e-07	1.965257e-08	2.635149e-05	1.9304202e-07	-6.3924517e-05	-6.3810437e-05	-0.0017877856
-0.008	0.992	0	0	0	0.996	0	0	0	1.003035	0.99103071	-6.4364831e-05	-8.9874736e-08	3.5546906e-07	-9.1192722e-08	-4.0175957e-05	-5.5228763e-07	4.0304089e-07	-5.1744026e-07	2.7055803e-08	3.4837911e-05	3.4142589e-07	-8.446279e-05	-8.4301851e-05	-0.0019090764
-0.01	0.99	0	0	0	0.995	0	0	0	1.0037665	0.98876014	-7.9408321e-05	-1.2543315e-07	4.845645e-07	-1.2713573e-07	-4.9873088e-05	-6.8901668e-07	5.4954477e-07	-6.4292828e-07	3.5362606e-08	4.3082015e-05	5.3024943e-07	-0.00010435765	-0.00010413045	-0.002181912
-0.012	0.988	0	0	0	0.994	0	0	0	1.0044816	0.98647324	-9.361633e-05	-1.717273e-07	6.2651722e-07	-1.7324362e-07	-5.9357037e-05	-7.9874452e-07	7.1318147e-07	-7.3900925e-07	4.4981208e-08	5.0976129e-05	7.5794769e-07	-0.00012331064	-0.00012298874	-0.0026172619
-0.014	0.986	0	0	0	0.993	0	0	0	1.0051704	0.98416035	-0.00010656696	-2.4273819e-07	7.58338e-07	-2.4256375e-07	-6.8531732e-05	-8.3672748e-07	8.7287302e-07	-7.5908431e-07	5.669237e-08	5.8347334e-05	1.0222044e-06	-0.00014085138	-0.00014037909	-0.0033643479
-0.016	0.984	0	0	0	0.992	0	0	0	1.0057901	0.98177989	-0.00011756178	-3.4079859e-07	7.9606894e-07	-3.3542805e-07	-7.707752e-05	-7.2142899e-07	9.4789791e-07	-6.1689631e-07	7.2053641e-08	6.4855749e-05	1.3194641e-06	-0.00015611871	-0.0001553125	-0.0051909358
-0.018	0.982	0	0	0	0.991	0	0	0	1.0061794	0.97917551	-0.00012523957	-2.481797e-07	6.4067959e-07	-2.3525544e-07	-8.3825125e-05	-7.9914143e-07	8.380829e-07	-6.57394e-07	9.0126249e-08	6.9658189e-05	1.6434544e-06	-0.00016716466	-0.00016637777	-0.0047295524
-0.02	0.98	0	0	0	0.99	0	0	0	1.0063462	0.97635706	-0.00012967722	1.4294315e-07	5.1426622e-07	1.3672283e-07	-8.8161373e-05	-1.9552641e-06	7.2880605e-07	-1.791239e-06	9.6382559e-08	7.2580736e-05	1.9849751e-06	-0.00017376029	-0.00017293385	-0.0047789435
-0.022	0.978	0	0	0	0.989	0	0	0	1.0062785	0.97331485	-0.00013180815	8.0285677e-07	4.9800924e-07	7.4430725e-07	-9.0352781e-05	-1.5810222e-06	6.8200152e-07	-1.3827423e-06	7.9074241e-08	7.4027284e-05	2.3351898e-06	-0.00017698198	-0.00017686464	-0.00066345733
-0.024	0.976	0	0	0	0.988	0	0	0	1.0062171	0.97028308	-0.00013386266	1.0720849e-06	4.1354336e-07	9.8637768e-07	-9.3069264e-05	-1.2779917e-06	5.9360028e-07	-1.0469479e-06	7.3442722e-08	7.5619492e-05	2.6924337e-06	-0.00018039523	-0.00018022314	-0.00095487507
-0.026	0.974	0	0	0	0.987	0	0	0	1.0061662	0.9672658	-0.00013553372	1.2468696e-06	3.3737432e-07	1.1375139e-06	-9.5707222e-05	-1.0746202e-06	5.1729072e-07	-8.1272882e-07	7.0070112e-08	7.7056956e-05	3.0560823e-06	-0.00018338567	-0.00018321723	-0.00091931626
-0.028	0.972	0	0	0	0.986	0	0	0	1.0061223	0.96425958	-0.0001368871	1.3742604e-06	2.7118747e-07	1.2425598e-06	-9.8202423e-05	-9.2531517e-07	4.5213941e-07	-6.3387532e-07	6.7694944e-08	7.8340608e-05	3.4253026e-06	-0.00018598691	-0.00018582397	-0.00087687509
-0.03	0.97	0	0	0	0.985	0	0	0	1.0060836	0.96126261	-0.00013799505	1.47229e-06	2.139948e-07	1.3188682e-06	-0.00010053746	-8.0927064e-07	3.9634787e-07	-4.8926717e-07	6.5865277e-08	7.9488884e-05	3.7993782e-06	-0.00018826258	-0.00018810325	-0.00084703592
-0.032	0.968	0	0	0	0.984	0	0	0	1.006049	0.95827376	-0.00013891535	1.5501469e-06	1.6461569e-07	1.3753706e-06	-0.0001027092	-7.1546326e-07	3.4841231e-07	-3.6771683e-07	6.4364148e-08	8.0520062e-05	4.1777156e-06	-0.00019026889	-0.00019011127	-0.00082906646
-0.034	0.966	0	0	0	0.983	0	0	0	1.0060177	0.95529227	-0.00013969153	1.613317e-06	1.2200329e-07	1.4174596e-06	-0.00010472114	-6.3743051e-07	3.0714306e-07	-2.6267815e-07	6.3068897e-08	8.1449869e-05	4.5598233e-06	-0.00019205116	-0.00019189381	-0.00081997638
-0.036	0.964	0	0	0	0.982	0	0	0	1.0059891	0.9523176	-0.00014035599	1.6654123e-06	8.5280582e-08	1.4487266e-06	-0.00010658047	-5.7108148e-07	2.715978e-07	-1.7002072e-07	6.1901998e-08	8.2291519e-05	4.9452909e-06	-0.00019364538	-0.00019348727	-0.00081714949
-0.038	0.962	0	0	0	0.981	0	0	0	1.005963	0.94934938	-0.00014093287	1.7089661e-06	5.3723405e-08	1.4717161e-06	-0.00010829637	-5.1366253e-07	2.4102335e-07	-8.6974745e-08	6.0810335e-08	8.3056145e-05	5.3337724e-06	-0.00019508029	-0.00019492072	-0.00081863703
-0.04	0.96	0	0	0	0.98	0	0	0	1.0059389	0.94638731	-0.00014144026	1.7458322e-06	2.673636e-08	1.4883052e-06	-0.00010987908	-4.6322452e-07	2.1481283e-07	-1.1585938e-08	5.975529e-08	8.3753195e-05	5.7249737e-06	-0.00019637911	-0.00019621761	-0.00082303217
-0.042	0.958	0	0	0	0.979	0	0	0	1.0059167	0.94343114	-0.00014189185	1.777408e-06	3.8310852e-09	1.4999166e-06	-0.00011133911	-4.1832906e-07	1.92475e-07	5.7585399e-08	5.8707516e-08	8.4390751e-05	6.1186428e-06	-0.00019756078	-0.00019739708	-0.00082930921
-0.044	0.956	0	0	0	0.978	0	0	0	1.0058961	0.94048069	-0.00014229809	1.8047703e-06	-1.5391449e-08	1.507649e-06	-0.00011268684	-3.7787718e-07	1.7361185e-07	1.2163976e-07	5.7643916e-08	8.4975763e-05	6.514562e-06	-0.00019864094	-0.00019847488	-0.00083669955
-0.046	0.954	0	0	0	0.977	0	0	0	1.0058771	0.93753578	-0.00014266703	1.8287631e-06	-3.1255019e-08	1.5123627e-06	-0.00011393219	-3.4100439e-07	1.5790222e-07	1.8144543e-07	5.6545764e-08	8.5514225e-05	6.9125424e-06	-0.0001996326	-0.00019946414	-0.00084460714
-0.048	0.952	0	0	0	0.976	0	0	0	1.0058594	0.93459629	-0.00014300487	1.850058e-06	-4.401931e-08	1.5147385e-06	-0.00011508448	-3.070136e-07	1.4508926e-07	2.3770649e-07	5.5397453e-08	8.6011319e-05	7.3124186e-06	-0.00020054664	-0.00020037581	-0.000852553
-0.05	0.95	0	0	0	0.975	0	0	0	1.005843	0.93166207	-0.00014331648	1.8691963e-06	-5.3888807e-08	1.5153204e-06	-0.0001161523	-2.7533062e-07	1.3497088e-07	2.910076e-07	5.4185607e-08	8.647153e-05	7.7140456e-06	-0.0002013922	-0.00020121912	-0.00086013911
-0.052	0.948	0	0	0	0.974	0	0	0	1.0058277	0.92873301	-0.00014360564	1.8866201e-06	-6.101995e-08	1.5145468e-06	-0.00011714348	-2.4547353e-07	1.273922e-07	3.4184439e-07	5.2898445e-08	8.689874e-05	8.1172951e-06	-0.00020217699	-0.00020200185	-0.0008670248
-0.054	0.946	0	0	0	0.973	0	0	0	1.0058134	0.925809	-0.0001438753	1.9026958e-06	-6.5527005e-08	1.5127741e-06	-0.00011806514	-2.170312e-07	1.2223949e-07	3.9064473e-07	5.1525298e-08	8.7296305e-05	8.522053e-06	-0.00020290751	-0.00020273055	-0.00087291132
-0.056	0.944	0	0	0	0.972	0	0	0	1.0058001	0.92288996	-0.00014412776	1.9177313e-06	-6.7487021e-08	1.5102949e-06	-0.00011892367	-1.8964785e-07	1.1943514e-07	4.377838e-07	5.0056265e-08	8.7667124e-05	8.9282173e-06	-0.00020358927	-0.00020341077	-0.00087753218
-0.058	0.942	0	0	0	0.971	0	0	0	1.0057876	0.91997579	-0.00014436479	1.9319897e-06	-6.6944225e-08	1.5073524e-06	-0.00011972478	-1.6301201e-07	1.1893324e-07	4.8359479e-07	4.8481966e-08	8.8013699e-05	9.3356961e-06	-0.00020422689	-0.0002040472	-0.00088064792
-0.06	0.94	0	0	0	0.97	0	0	0	1.0057758	0.9170664	-0.00014458773	1.9457004e-06	-6.391424e-08	1.5041514e-06	-0.00012047359	-1.3684878e-07	1.2071552e-07	5.2837641e-07	4.6793402e-08	8.8338176e-05	9.7444061e-06	-0.00020482426	-0.00020464375	-0.000882045
-0.062	0.938	0	0	0	0.969	0	0	0	1.0057648	0.91416172	-0.00014479753	1.9590666e-06	-5.8388502e-08	1.5008672e-06	-0.00012117463	-1.1091477e-07	1.2478699e-07	5.7239768e-07	4.4981908e-08	8.8642393e-05	1.0154271e-05	-0.0002053846	-0.00020520371	-0.00088153868
-0.064	0.936	0	0	0	0.968	0	0	0	1.0057543	0.91126168	-0.00014499483	1.9722724e-06	-5.0339326e-08	1.4976527e-06	-0.00012183194	-8.499546e-08	1.3117125e-07	6.1590044e-07	4.3039224e-08	8.8927913e-05	1.0565221e-05	-0.00020591059	-0.00020572975	-0.00087898047
-0.066	0.934	0	0	0	0.967	0	0	0	1.0057444	0.90836619	-0.00014518003	1.9854872e-06	-3.9726115e-08	1.494644e-06	-0.00012244909	-5.8904782e-08	1.3990467e-07	6.5909962e-07	4.0957692e-08	8.9196054e-05	1.097719e-05	-0.00020640438	-0.00020622408	-0.00087427022
-0.068	0.932	0	0	0	0.966	0	0	0	1.0057349	0.90547519	-0.00014535326	1.9988688e-06	-2.6503181e-08	1.4919643e-06	-0.00012302924	-3.2486913e-08	1.5102914e-07	7.021813e-07	3.8730586e-08	8.9447921e-05	1.1390117e-05	-0.00020686769	-0.00020668842	-0.00086737322
-0.07	0.93	0	0	0	0.965	0	0	0	1.0057258	0.90258863	-0.00014551446	2.012565e-06	-1.0629607e-08	1.4897274e-06	-0.00012357517	-5.6200999e-09	1.6458304e-07	7.4529867e-07	3.6352608e-08	8.9684426e-05	1.1803944e-05	-0.00020730188	-0.0002071241	-0.00085834123
-0.072	0.928	0	0	0	0.964	0	0	0	1.0057171	0.89970643	-0.00014566341	2.0267135e-06	7.9187076e-09	1.4880385e-06	-0.00012408938	2.1777749e-08	1.8059019e-07	7.8856613e-07	3.382052e-08	8.9906325e-05	1.2218614e-05	-0.00020770796	-0.00020753211	-0.00084733549
-0.074	0.926	0	0	0	0.963	0	0	0	1.0057086	0.89682855	-0.00014579978	2.0414398e-06	2.9135093e-08	1.486995e-06	-0.00012457407	4.9742386e-08	1.9904715e-07	8.3205212e-07	3.1133883e-08	9.0114239e-05	1.2634072e-05	-0.00020808669	-0.00020791315	-0.00083464738
-0.076	0.924	0	0	0	0.962	0	0	0	1.0057003	0.89395494	-0.00014592316	2.0568538e-06	5.2967266e-08	1.4866851e-06	-0.00012503122	7.825663e-08	2.1990963e-07	8.7577182e-07	2.8295836e-08	9.0308692e-05	1.3050266e-05	-0.00020843865	-0.00020826772	-0.00082071062
-0.078	0.922	0	0	0	0.961	0	0	0	1.0056922	0.89108556	-0.00014603314	2.0730443e-06	7.9303457e-08	1.4871851e-06	-0.00012546262	1.0724554e-07	2.4307986e-07	9.1968141e-07	2.5313763e-08	9.0490147e-05	1.3467143e-05	-0.00020876435	-0.0002085962	-0.00080609752
-0.08	0.92	0	0	0	0.96	0	0	0	1.0056843	0.88822038	-0.00014612939	2.0900736e-06	1.0796217e-07	1.4885564e-06	-0.00012586994	1.3657536e-07	2.6839722e-07	9.636759e-07	2.2199692e-08	9.0659044e-05	1.3884651e-05	-0.00020906427	-0.00020889893	-0.0007914929
-0.082	0.918	0	0	0	0.959	0	0	0	1.0056765	0.88535938	-0.00014621173	2.1079723e-06	1.3868845e-07	1.4908414e-06	-0.00012625474	1.6605809e-07	2.9563482e-07	1.0075925e-06	1.8970263e-08	9.0815834e-05	1.4302739e-05	-0.00020933903	-0.00020917636	-0.00077764347
-0.084	0.916	0	0	0	0.958	0	0	0	1.0056688	0.88250255	-0.00014628016	2.1267362e-06	1.7115888e-07	1.4940606e-06	-0.00012661854	1.9546243e-07	3.2450392e-07	1.0512208e-06	1.5646145e-08	9.0961018e-05	1.4721356e-05	-0.00020958937	-0.0002094291	-0.00076528758
-0.086	0.914	0	0	0	0.957	0	0	0	1.0056613	0.8796499	-0.00014633493	2.1463256e-06	2.0499584e-07	1.4982112e-06	-0.0001269628	2.2453068e-07	3.5466681e-07	1.0943186e-06	1.2250919e-08	9.1095158e-05	1.5140455e-05	-0.00020981628	-0.00020965797	-0.0007550779
-0.088	0.912	0	0	0	0.956	0	0	0	1.0056538	0.87680143	-0.00014637654	2.1666691e-06	2.3978925e-07	1.5032674e-06	-0.00012728893	2.5299905e-07	3.8575636e-07	1.1366323e-06	8.8095743e-09	9.1218889e-05	1.5559988e-05	-0.00021002098	-0.0002098641	-0.00074751418
-0.09	0.91	0	0	0	0.955	0	0	0	1.0056466	0.87395717	-0.00014640573	2.1876699e-06	2.7512218e-07	1.5091836e-06	-0.00012759835	2.8061812e-07	4.1739909e-07	1.1779177e-06	5.3468676e-09	9.1332909e-05	1.5979912e-05	-0.00021020488	-0.00021004884	-0.00074290122
-0.092	0.908	0	0	0	0.954	0	0	0	1.0056395	0.87111714	-0.00014642339	2.2092141e-06	3.1059563e-07	1.5158988e-06	-0.00012789237	3.0717008e-07	4.4923754e-07	1.2179579e-06	1.8858323e-09	9.143796e-05	1.6400184e-05	-0.00021036957	-0.00021021373	-0.00074133999
-0.094	0.906	0	0	0	0.953	0	0	0	1.0056327	0.86828136	-0.00014643058	2.2311803e-06	3.4584883e-07	1.523342e-06	-0.00012817229	3.3248036e-07	4.8094842e-07	1.2565762e-06	-1.5533494e-09	9.1534805e-05	1.6820767e-05	-0.00021051672	-0.00021036048	-0.00074274933
-0.096	0.904	0	0	0	0.952	0	0	0	1.0056261	0.86544985	-0.00014642837	2.2534476e-06	3.8057259e-07	1.5314382e-06	-0.00012843928	3.5642291e-07	5.122547e-07	1.2936419e-06	-4.9540086e-09	9.1624201e-05	1.7241626e-05	-0.00021064802	-0.00021049081	-0.00074690823
-0.098	0.902	0	0	0	0.951	0	0	0	1.0056198	0.86262264	-0.00014641786	2.2759025e-06	4.1451564e-07	1.5401125e-06	-0.00012869446	3.7891986e-07	5.4293113e-07	1.3290719e-06	-8.3031999e-09	9.1706875e-05	1.766273e-05	-0.00021076512	-0.00021060642	-0.00075350587
-0.1	0.9	0	0	0	0.95	0	0	0	1.0056137	0.85979975	-0.00014640012	2.2984428e-06	4.4748464e-07	1.5492944e-06	-0.00012893881	3.9993702e-07	5.7280437e-07	1.3628263e-06	-1.1591552e-08	9.1783507e-05	1.8084051e-05	-0.00021086956	-0.00021070896	-0.00076218849
-0.102	0.898	0	0	0	0.949	0	0	0	1.005608	0.85698117	-0.00014637613	2.3209806e-06	4.7934002e-07	1.5589198e-06	-0.00012917323	4.1947703e-07	6.0174908e-07	1.3949025e-06	-1.4812886e-08	9.1854724e-05	1.8505566e-05	-0.00021096279	-0.00021079992	-0.00077259666
-0.104	0.896	0	0	0	0.948	0	0	0	1.0056026	0.85416693	-0.0001463468	2.3434429e-06	5.0998917e-07	1.5689324e-06	-0.0001293985	4.3757162e-07	6.2968185e-07	1.4253277e-06	-1.7963713e-08	9.1921089e-05	1.8927251e-05	-0.0002110461	-0.00021088069	-0.00078439088
-0.106	0.894	0	0	0	0.947	0	0	0	1.0055976	0.85135702	-0.00014631293	2.3657711e-06	5.3937864e-07	1.5792843e-06	-0.00012961534	4.5427408e-07	6.5655421e-07	1.4541517e-06	-2.1042705e-08	9.1983103e-05	1.9349088e-05	-0.00021112065	-0.00021095246	-0.00079726637
-0.108	0.892	0	0	0	0.946	0	0	0	1.0055929	0.84855145	-0.00014627523	2.3879202e-06	5.6748644e-07	1.5899357e-06	-0.00012982435	4.6965259e-07	6.8234565e-07	1.4814404e-06	-2.40502e-08	9.2041209e-05	1.9771061e-05	-0.00021118746	-0.00021101633	-0.00081095952
-0.11	0.89	0	0	0	0.945	0	0	0	1.0055885	0.84575021	-0.00014623432	2.4098568e-06	5.9431489e-07	1.6008545e-06	-0.00013002607	4.8378465e-07	7.0705732e-07	1.5072697e-06	-2.6987766e-08	9.2095793e-05	2.0193154e-05	-0.00021124741	-0.00021107322	-0.0008252486
-0.112	0.888	0	0	0	0.944	0	0	0	1.0055845	0.8429533	-0.00014619073	2.4315581e-06	6.1988458e-07	1.6120152e-06	-0.00013022098	4.9675272e-07	7.3070654e-07	1.5317217e-06	-2.9857836e-08	9.2147192e-05	2.0615354e-05	-0.00021130128	-0.00021112395	-0.00083995106
-0.114	0.886	0	0	0	0.943	0	0	0	1.0055808	0.84016071	-0.00014614494	2.4530094e-06	6.4422924e-07	1.6233984e-06	-0.00013040949	5.0864085e-07	7.533223e-07	1.5548811e-06	-3.266342e-08	9.2195699e-05	2.1037649e-05	-0.00021134974	-0.00021116921	-0.00085491914
-0.116	0.884	0	0	0	0.942	0	0	0	1.0055774	0.83737243	-0.00014609733	2.4742035e-06	6.6739173e-07	1.6349899e-06	-0.00013059197	5.1953226e-07	7.7494164e-07	1.576832e-06	-3.540788e-08	9.2241567e-05	2.1460031e-05	-0.00021139337	-0.00021120961	-0.00087003481
-0.118	0.882	0	0	0	0.941	0	0	0	1.0055743	0.83458845	-0.00014604823	2.4951389e-06	6.8942079e-07	1.6467796e-06	-0.00013076872	5.2950769e-07	7.9560682e-07	1.5976573e-06	-3.8094761e-08	9.2285017e-05	2.1882488e-05	-0.00021143265	-0.00021124565	-0.00088520491
-0.12	0.88	0	0	0	0.94	0	0	0	1.0055715	0.83180877	-0.00014599795	2.5158184e-06	7.1036869e-07	1.6587613e-06	-0.00013094004	5.3864424e-07	8.1536316e-07	1.6174363e-06	-4.0727665e-08	9.2326239e-05	2.2305013e-05	-0.00021146802	-0.0002112778	-0.0009003566
-0.122	0.878	0	0	0	0.939	0	0	0	1.0055691	0.82903337	-0.00014594671	2.5362488e-06	7.3028928e-07	1.6709313e-06	-0.00013110618	5.4701469e-07	8.3425741e-07	1.6362447e-06	-4.331016e-08	9.23654e-05	2.2727599e-05	-0.00021149985	-0.00021130641	-0.00091543351
-0.124	0.876	0	0	0	0.938	0	0	0	1.0055669	0.82626224	-0.00014589473	2.5564391e-06	7.4923675e-07	1.6832887e-06	-0.00013126736	5.5468719e-07	8.5233657e-07	1.6541537e-06	-4.5845722e-08	9.2402644e-05	2.3150239e-05	-0.00021152845	-0.00021133183	-0.00093039243
-0.126	0.874	0	0	0	0.937	0	0	0	1.005565	0.82349538	-0.00014584218	2.576401e-06	7.6726457e-07	1.6958343e-06	-0.00013142378	5.6172505e-07	8.6964701e-07	1.6712301e-06	-4.8337691e-08	9.2438098e-05	2.3572926e-05	-0.00021155411	-0.00021135434	-0.0009452006
-0.128	0.872	0	0	0	0.936	0	0	0	1.0055634	0.82073276	-0.0001457892	2.5961472e-06	7.8442485e-07	1.7085704e-06	-0.00013157562	5.681868e-07	8.8623391e-07	1.6875361e-06	-5.0789243e-08	9.2471873e-05	2.3995656e-05	-0.00021157705	-0.00021137417	-0.00095983351
-0.13	0.87	0	0	0	0.935	0	0	0	1.005562	0.81797439	-0.00014573594	2.6156917e-06	8.0076785e-07	1.7215005e-06	-0.00013172306	5.7412635e-07	9.0214081e-07	1.7031295e-06	-5.320338e-08	9.2504066e-05	2.4418423e-05	-0.0002115975	-0.00021139155	-0.00097427315
-0.132	0.868	0	0	0	0.934	0	0	0	1.0055608	0.81522024	-0.00014568249	2.6350492e-06	8.163417e-07	1.7346292e-06	-0.00013186623	5.7959314e-07	9.1740941e-07	1.7180635e-06	-5.558292e-08	9.2534765e-05	2.4841222e-05	-0.00021161563	-0.00021140665	-0.00098850656
-0.134	0.866	0	0	0	0.933	0	0	0	1.00556	0.81247032	-0.00014562893	2.6542347e-06	8.3119223e-07	1.7479613e-06	-0.00013200527	5.8463243e-07	9.3207937e-07	1.7323876e-06	-5.7930495e-08	9.2564046e-05	2.526405e-05	-0.00021163159	-0.00021141964	-0.0010025247
-0.136	0.864	0	0	0	0.932	0	0	0	1.0055593	0.80972461	-0.00014557536	2.6732633e-06	8.4536289e-07	1.7615024e-06	-0.00013214032	5.8928553e-07	9.4618826e-07	1.746147e-06	-6.0248561e-08	9.2591977e-05	2.5686901e-05	-0.00021164554	-0.00021143066	-0.0010163218
-0.138	0.862	0	0	0	0.931	0	0	0	1.0055589	0.8069831	-0.00014552183	2.6921501e-06	8.588947e-07	1.7752583e-06	-0.00013227149	5.935901e-07	9.5977158e-07	1.7593835e-06	-6.2539395e-08	9.2618619e-05	2.6109772e-05	-0.00021165758	-0.00021143982	-0.0010298941
-0.14	0.86	0	0	0	0.93	0	0	0	1.0055586	0.80424579	-0.00014546839	2.7109102e-06	8.7182632e-07	1.7892349e-06	-0.00013239889	5.9758043e-07	9.7286275e-07	1.7721355e-06	-6.480511e-08	9.2644027e-05	2.653266e-05	-0.00021166784	-0.00021144725	-0.0010432401
-0.142	0.858	0	0	0	0.929	0	0	0	1.0055586	0.80151266	-0.00014541509	2.7295582e-06	8.841941e-07	1.8034383e-06	-0.00013252261	6.0128767e-07	9.8549318e-07	1.7844383e-06	-6.7047658e-08	9.2668252e-05	2.6955561e-05	-0.0002116764	-0.00021145303	-0.0010563592
-0.144	0.856	0	0	0	0.928	0	0	0	1.0055588	0.79878371	-0.00014536197	2.7481083e-06	8.9603217e-07	1.8178744e-06	-0.00013264277	6.047401e-07	9.9769236e-07	1.7963243e-06	-6.9268846e-08	9.2691338e-05	2.7378472e-05	-0.00021168335	-0.00021145725	-0.0010692525
-0.146	0.854	0	0	0	0.927	0	0	0	1.0055591	0.79605893	-0.00014530906	2.7665744e-06	9.0737251e-07	1.8325492e-06	-0.00013275945	6.0796338e-07	1.0094879e-06	1.8078231e-06	-7.1470337e-08	9.2713326e-05	2.780139e-05	-0.00021168877	-0.00021145999	-0.0010819213
-0.148	0.852	0	0	0	0.926	0	0	0	1.0055597	0.7933383	-0.00014525638	2.7849697e-06	9.1824509e-07	1.8474683e-06	-0.00013287273	6.1098079e-07	1.0209058e-06	1.8189619e-06	-7.3653666e-08	9.2734256e-05	2.8224312e-05	-0.00021169272	-0.00021146131	-0.0010943678
-0.15	0.85	0	0	0	0.925	0	0	0	1.0055604	0.79062184	-0.00014520395	2.8033071e-06	9.2867798e-07	1.8626372e-06	-0.00013298271	6.1381336e-07	1.0319702e-06	1.829766e-06	-7.5820246e-08	9.275416e-05	2.8647236e-05	-0.00021169528	-0.00021146128	-0.0011065948
-0.152	0.848	0	0	0	0.924	0	0	0	1.0055612	0.78790952	-0.0001451518	2.8215988e-06	9.3869742e-07	1.8780613e-06	-0.00013308945	6.1648016e-07	1.0427039e-06	1.8402581e-06	-7.7971377e-08	9.2773073e-05	2.9070157e-05	-0.00021169649	-0.00021145995	-0.0011186051
-0.154	0.846	0	0	0	0.923	0	0	0	1.0055623	0.78520135	-0.00014509992	2.8398563e-06	9.4832797e-07	1.8937456e-06	-0.00013319304	6.1899841e-07	1.0531281e-06	1.8504593e-06	-8.0108256e-08	9.2791023e-05	2.9493075e-05	-0.0002116964	-0.00021145737	-0.0011304019
-0.156	0.844	0	0	0	0.922	0	0	0	1.0055635	0.78249731	-0.00014504834	2.8580909e-06	9.5759259e-07	1.9096949e-06	-0.00013329354	6.2138367e-07	1.0632626e-06	1.8603891e-06	-8.2231982e-08	9.280804e-05	2.9915987e-05	-0.00021169506	-0.00021145359	-0.0011419886
-0.158	0.842	0	0	0	0.921	0	0	0	1.0055648	0.7797974	-0.00014499706	2.8763129e-06	9.6651278e-07	1.9259135e-06	-0.00013339104	6.2364999e-07	1.0731262e-06	1.8700651e-06	-8.4343563e-08	9.2824149e-05	3.033889e-05	-0.00021169252	-0.00021144864	-0.0011533686
-0.16	0.84	0	0	0	0.92	0	0	0	1.0055663	0.77710162	-0.00014494608	2.8945323e-06	9.7510861e-07	1.9424057e-06	-0.0001334856	6.2581004e-07	1.0827361e-06	1.8795038e-06	-8.6443927e-08	9.2839375e-05	3.0761781e-05	-0.00021168882	-0.00021144258	-0.0011645455
-0.162	0.838	0	0	0	0.919	0	0	0	1.0055679	0.77440995	-0.00014489541	2.9127584e-06	9.8339887e-07	1.9591754e-06	-0.00013357728	6.278752e-07	1.0921087e-06	1.8887202e-06	-8.8533926e-08	9.2853743e-05	3.118466e-05	-0.00021168398	-0.00021143543	-0.0011755227
-0.164	0.836	0	0	0	0.918	0	0	0	1.0055696	0.7717224	-0.00014484505	2.931e-06	9.9140113e-07	1.976226e-06	-0.00013366616	6.2985577e-07	1.1012592e-06	1.8977279e-06	-9.0614338e-08	9.2867273e-05	3.1607523e-05	-0.00021167805	-0.00021142723	-0.001186304
-0.166	0.834	0	0	0	0.917	0	0	0	1.0055715	0.76903896	-0.00014479499	2.9492654e-06	9.9913184e-07	1.9935608e-06	-0.00013375229	6.3176096e-07	1.110202e-06	1.9065399e-06	-9.268588e-08	9.2879989e-05	3.2030369e-05	-0.00021167105	-0.000211418	-0.0011968928
-0.168	0.832	0	0	0	0.916	0	0	0	1.0055735	0.76635963	-0.00014474525	2.9675622e-06	1.0066064e-06	2.0111827e-06	-0.00013383573	6.3359907e-07	1.1189504e-06	1.9151676e-06	-9.4749208e-08	9.2891909e-05	3.2453195e-05	-0.00021166302	-0.00021140778	-0.0012072927
-0.17	0.83	0	0	0	0.915	0	0	0	1.0055756	0.7636844	-0.0001446958	2.9858977e-06	1.0138391e-06	2.0290945e-06	-0.00013391656	6.3537753e-07	1.1275169e-06	1.923622e-06	-9.6804922e-08	9.2903055e-05	3.2876e-05	-0.00021165397	-0.0002113966	-0.0012175072
-0.172	0.828	0	0	0	0.914	0	0	0	1.0055778	0.76101326	-0.00014464665	3.0042785e-06	1.0208435e-06	2.0472983e-06	-0.00013399482	6.3710299e-07	1.1359135e-06	1.9319129e-06	-9.8853571e-08	9.2913443e-05	3.3298782e-05	-0.00021164395	-0.00021138447	-0.0012275397
-0.174	0.826	0	0	0	0.913	0	0	0	1.0055802	0.75834622	-0.0001445978	3.022711e-06	1.0276322e-06	2.0657965e-06	-0.00013407058	6.3878142e-07	1.144151e-06	1.9400496e-06	-1.0089566e-07	9.2923094e-05	3.3721538e-05	-0.00021163297	-0.00021137142	-0.0012373938
-0.176	0.824	0	0	0	0.912	0	0	0	1.0055826	0.75568326	-0.00014454924	3.0412008e-06	1.034217e-06	2.0845906e-06	-0.0001341439	6.4041812e-07	1.1522398e-06	1.9480403e-06	-1.0293165e-07	9.2932024e-05	3.4144267e-05	-0.00021162106	-0.00021135748	-0.0012470729
-0.178	0.822	0	0	0	0.911	0	0	0	1.0055851	0.75302439	-0.00014450096	3.0597534e-06	1.040609e-06	2.1036823e-06	-0.00013421483	6.4201783e-07	1.1601896e-06	1.9558931e-06	-1.0496196e-07	9.294025e-05	3.4566968e-05	-0.00021160824	-0.00021134267	-0.0012565803
-0.18	0.82	0	0	0	0.91	0	0	0	1.0055878	0.7503696	-0.00014445296	3.0783736e-06	1.0468185e-06	2.1230729e-06	-0.00013428342	6.4358477e-07	1.1680096e-06	1.963615e-06	-1.0698697e-07	9.294779e-05	3.4989638e-05	-0.00021159453	-0.00021132701	-0.0012659194
-0.182	0.818	0	0	0	0.909	0	0	0	1.0055905	0.7477189	-0.00014440523	3.097066e-06	1.0528553e-06	2.1427635e-06	-0.00013434973	6.4512268e-07	1.1757084e-06	1.9712128e-06	-1.0900704e-07	9.2954658e-05	3.5412276e-05	-0.00021157995	-0.00021131051	-0.0012750934
-0.184	0.816	0	0	0	0.908	0	0	0	1.0055933	0.74507226	-0.00014435777	3.1158347e-06	1.0587284e-06	2.1627549e-06	-0.00013441382	6.4663487e-07	1.1832939e-06	1.9786926e-06	-1.1102249e-07	9.296087e-05	3.583488e-05	-0.00021156452	-0.0002112932	-0.0012841056
-0.186	0.814	0	0	0	0.907	0	0	0	1.0055963	0.7424297	-0.00014431056	3.1346835e-06	1.0644464e-06	2.1830478e-06	-0.00013447573	6.4812428e-07	1.1907737e-06	1.9860602e-06	-1.130336e-07	9.2966442e-05	3.6257449e-05	-0.00021154826	-0.00021127509	-0.0012929593
-0.188	0.812	0	0	0	0.906	0	0	0	1.0055993	0.73979121	-0.0001442636	3.1536159e-06	1.0700173e-06	2.2036425e-06	-0.00013453553	6.4959348e-07	1.1981549e-06	1.9933209e-06	-1.1504065e-07	9.2971388e-05	3.667998e-05	-0.00021153119	-0.0002112562	-0.0013016576
-0.19	0.81	0	0	0	0.905	0	0	0	1.0056023	0.73715679	-0.00014421688	3.1726349e-06	1.0754487e-06	2.2245394e-06	-0.00013459325	6.5104475e-07	1.2054443e-06	2.0004796e-06	-1.1704388e-07	9.2975723e-05	3.7102473e-05	-0.00021151332	-0.00021123656	-0.0013102037
-0.192	0.808	0	0	0	0.904	0	0	0	1.0056055	0.73452643	-0.00014417039	3.1917434e-06	1.0807474e-06	2.2457385e-06	-0.00013464895	6.5248006e-07	1.2126481e-06	2.007541e-06	-1.1904351e-07	9.2979461e-05	3.7524927e-05	-0.00021149467	-0.00021121616	-0.0013186006
-0.194	0.806	0	0	0	0.903	0	0	0	1.0056087	0.73190014	-0.00014412412	3.2109439e-06	1.0859203e-06	2.2672399e-06	-0.00013470268	6.5390115e-07	1.2197722e-06	2.0145093e-06	-1.2103974e-07	9.2982616e-05	3.7947338e-05	-0.00021147527	-0.00021119504	-0.0013268515
-0.196	0.804	0	0	0	0.902	0	0	0	1.005612	0.7292779	-0.00014407808	3.2302387e-06	1.0909735e-06	2.2890431e-06	-0.00013475449	6.5530954e-07	1.2268221e-06	2.0213886e-06	-1.2303275e-07	9.29852e-05	3.8369707e-05	-0.00021145512	-0.00021117321	-0.0013349594
-0.198	0.802	0	0	0	0.901	0	0	0	1.0056154	0.72665972	-0.00014403224	3.2496297e-06	1.0959128e-06	2.311148e-06	-0.00013480442	6.5670651e-07	1.2338033e-06	2.0281824e-06	-1.2502271e-07	9.2987228e-05	3.8792031e-05	-0.00021143424	-0.00021115068	-0.0013429273
-0.2	0.8	0	0	0	0.9	0	0	0	1.0056189	0.7240456	-0.0001439866	3.2691187e-06	1.1007436e-06	2.333554e-06	-0.00013485252	6.580932e-07	1.2407205e-06	2.0348944e-06	-1.2700978e-07	9.2988711e-05	3.9214309e-05	-0.00021141264	-0.00021112746	-0.0013507582
-0.202	0.798	0	0	0	0.899	0	0	0	1.0056224	0.72143553	-0.00014394115	3.2887073e-06	1.1054713e-06	2.3562605e-06	-0.00013489884	6.5947055e-07	1.2475784e-06	2.0415278e-06	-1.2899409e-07	9.2989662e-05	3.9636541e-05	-0.00021139034	-0.00021110357	-0.001358455
-0.204	0.796	0	0	0	0.898	0	0	0	1.005626	0.71882951	-0.00014389589	3.3083968e-06	1.1101005e-06	2.3792668e-06	-0.00013494342	6.608394e-07	1.2543815e-06	2.0480856e-06	-1.3097577e-07	9.2990094e-05	4.0058724e-05	-0.00021136736	-0.00021107902	-0.0013660206
-0.206	0.794	0	0	0	0.897	0	0	0	1.0056297	0.71622754	-0.0001438508	3.3281883e-06	1.1146359e-06	2.4025722e-06	-0.00013498631	6.6220042e-07	1.2611339e-06	2.0545708e-06	-1.3295492e-07	9.2990019e-05	4.0480857e-05	-0.0002113437	-0.00021105383	-0.001373458
-0.208	0.792	0	0	0	0.896	0	0	0	1.0056334	0.71362962	-0.00014380587	3.3480828e-06	1.1190817e-06	2.4261758e-06	-0.00013502754	6.6355419e-07	1.2678394e-06	2.060986e-06	-1.3493166e-07	9.2989448e-05	4.0902939e-05	-0.00021131939	-0.00021102801	-0.0013807698
-0.21	0.79	0	0	0	0.895	0	0	0	1.0056372	0.71103575	-0.00014376111	3.3680809e-06	1.1234419e-06	2.4500766e-06	-0.00013506716	6.6490117e-07	1.2745019e-06	2.0673337e-06	-1.3690608e-07	9.2988392e-05	4.1324969e-05	-0.00021129443	-0.00021100157	-0.001387959
-0.212	0.788	0	0	0	0.894	0	0	0	1.005641	0.70844592	-0.0001437165	3.3881834e-06	1.1277203e-06	2.4742736e-06	-0.00013510521	6.6624177e-07	1.2811247e-06	2.0736164e-06	-1.3887826e-07	9.2986863e-05	4.1746945e-05	-0.00021126884	-0.00021097452	-0.0013950283
-0.214	0.786	0	0	0	0.893	0	0	0	1.0056449	0.70586013	-0.00014367203	3.4083908e-06	1.1319206e-06	2.4987658e-06	-0.00013514174	6.6757628e-07	1.2877111e-06	2.0798364e-06	-1.4084828e-07	9.2984871e-05	4.2168867e-05	-0.00021124262	-0.00021094688	-0.0014019803
-0.216	0.784	0	0	0	0.892	0	0	0	1.0056488	0.70327839	-0.00014362769	3.4287033e-06	1.136046e-06	2.523552e-06	-0.00013517677	6.6890494e-07	1.2942643e-06	2.0859957e-06	-1.4281622e-07	9.2982427e-05	4.2590733e-05	-0.0002112158	-0.00021091865	-0.0014088179
-0.218	0.782	0	0	0	0.891	0	0	0	1.0056528	0.70070068	-0.00014358349	3.4491211e-06	1.1400996e-06	2.5486312e-06	-0.00013521036	6.7022794e-07	1.3007872e-06	2.0920964e-06	-1.4478213e-07	9.2979542e-05	4.3012542e-05	-0.00021118837	-0.00021088985	-0.0014155437
-0.22	0.78	0	0	0	0.89	0	0	0	1.0056569	0.69812701	-0.0001435394	3.4696444e-06	1.1440846e-06	2.5740021e-06	-0.00013524253	6.715454e-07	1.3072825e-06	2.0981405e-06	-1.4674608e-07	9.2976226e-05	4.3434292e-05	-0.00021116037	-0.00021086049	-0.0014221602
-0.222	0.778	0	0	0	0.889	0	0	0	1.005661	0.69555738	-0.00014349543	3.490273e-06	1.1480036e-06	2.5996635e-06	-0.00013527333	6.7285741e-07	1.313753e-06	2.1041297e-06	-1.4870812e-07	9.2972487e-05	4.3855984e-05	-0.00021113178	-0.00021083058	-0.0014286701
-0.224	0.776	0	0	0	0.888	0	0	0	1.0056652	0.69299179	-0.00014345156	3.511007e-06	1.1518593e-06	2.6256142e-06	-0.00013530278	6.7416402e-07	1.320201e-06	2.1100659e-06	-1.506683e-07	9.2968337e-05	4.4277615e-05	-0.00021110264	-0.00021080012	-0.0014350758
-0.226	0.774	0	0	0	0.887	0	0	0	1.0056694	0.69043023	-0.00014340779	3.5318461e-06	1.1556542e-06	2.6518529e-06	-0.00013533094	6.7546525e-07	1.326629e-06	2.1159506e-06	-1.5262666e-07	9.2963785e-05	4.4699184e-05	-0.00021107294	-0.00021076914	-0.0014413799
-0.228	0.772	0	0	0	0.886	0	0	0	1.0056736	0.6878727	-0.00014336411	3.55279e-06	1.1593907e-06	2.6783785e-06	-0.00013535782	6.7676107e-07	1.3330392e-06	2.1217855e-06	-1.5458325e-07	9.2958839e-05	4.5120691e-05	-0.00021104269	-0.00021073763	-0.0014475848
-0.23	0.77	0	0	0	0.885	0	0	0	1.0056779	0.68531921	-0.00014332052	3.5738383e-06	1.1630709e-06	2.7051896e-06	-0.00013538347	6.7805146e-07	1.3394337e-06	2.1275721e-06	-1.565381e-07	9.2953508e-05	4.5542135e-05	-0.00021101191	-0.00021070561	-0.001453693
-0.232	0.768	0	0	0	0.884	0	0	0	1.0056823	0.68276975	-0.000143277	3.5949905e-06	1.166697e-06	2.732285e-06	-0.00013540791	6.7933637e-07	1.3458145e-06	2.1333119e-06	-1.5849125e-07	9.2947802e-05	4.5963514e-05	-0.00021098061	-0.00021067309	-0.0014597067
-0.234	0.766	0	0	0	0.883	0	0	0	1.0056866	0.68022432	-0.00014323356	3.6162463e-06	1.170271e-06	2.7596635e-06	-0.00013543118	6.8061573e-07	1.3521835e-06	2.1390063e-06	-1.6044274e-07	9.2941728e-05	4.6384827e-05	-0.0002109488	-0.00021064008	-0.0014656283
-0.236	0.764	0	0	0	0.882	0	0	0	1.0056911	0.67768292	-0.00014319018	3.637605e-06	1.1737946e-06	2.7873238e-06	-0.00013545332	6.8188946e-07	1.3585425e-06	2.1446565e-06	-1.6239258e-07	9.2935295e-05	4.6806074e-05	-0.00021091647	-0.00021060657	-0.0014714601
-0.238	0.762	0	0	0	0.881	0	0	0	1.0056955	0.67514554	-0.00014314685	3.6590659e-06	1.1772696e-06	2.8152646e-06	-0.00013547434	6.8315747e-07	1.3648933e-06	2.150264e-06	-1.6434082e-07	9.2928511e-05	4.7227253e-05	-0.00021088365	-0.0002105726	-0.0014772043
-0.24	0.76	0	0	0	0.88	0	0	0	1.0057001	0.6726122	-0.00014310359	3.6806285e-06	1.1806978e-06	2.8434849e-06	-0.00013549428	6.8441967e-07	1.3712374e-06	2.1558299e-06	-1.6628747e-07	9.2921384e-05	4.7648364e-05	-0.00021085035	-0.00021053815	-0.0014828632
-0.242	0.758	0	0	0	0.879	0	0	0	1.0057046	0.67008288	-0.00014306036	3.702292e-06	1.1840807e-06	2.8719834e-06	-0.00013551317	6.8567595e-07	1.3775765e-06	2.1613554e-06	-1.6823257e-07	9.2913921e-05	4.8069406e-05	-0.00021081656	-0.00021050324	-0.0014884387
-0.244	0.756	0	0	0	0.878	0	0	0	1.0057092	0.66755758	-0.00014301718	3.7240557e-06	1.1874197e-06	2.9007588e-06	-0.00013553104	6.8692622e-07	1.383912e-06	2.1668418e-06	-1.7017614e-07	9.290613e-05	4.8490377e-05	-0.0002107823	-0.00021046788	-0.0014939332
-0.246	0.754	0	0	0	0.877	0	0	0	1.0057138	0.66503632	-0.00014297403	3.7459187e-06	1.1907163e-06	2.9298102e-06	-0.00013554791	6.8817037e-07	1.3902454e-06	2.1722901e-06	-1.7211819e-07	9.2898018e-05	4.8911277e-05	-0.00021074758	-0.00021043207	-0.0014993485
-0.248	0.752	0	0	0	0.876	0	0	0	1.0057185	0.66251907	-0.00014293091	3.7678804e-06	1.1939718e-06	2.9591364e-06	-0.00013556381	6.894083e-07	1.3965779e-06	2.1777014e-06	-1.7405876e-07	9.2889592e-05	4.9332105e-05	-0.00021071241	-0.00021039583	-0.0015046868
-0.25	0.75	0	0	0	0.875	0	0	0	1.0057232	0.66000585	-0.00014288781	3.7899398e-06	1.1971875e-06	2.9887362e-06	-0.00013557877	6.9063992e-07	1.4029108e-06	2.1830768e-06	-1.7599786e-07	9.2880859e-05	4.9752861e-05	-0.00021067678	-0.00021035915	-0.0015099499
-0.252	0.748	0	0	0	0.874	0	0	0	1.0057279	0.65749665	-0.00014284474	3.812096e-06	1.2003646e-06	3.0186086e-06	-0.0001355928	6.9186511e-07	1.4092454e-06	2.1884173e-06	-1.7793551e-07	9.2871825e-05	5.0173542e-05	-0.00021064071	-0.00021032205	-0.0015151398
-0.254	0.746	0	0	0	0.873	0	0	0	1.0057327	0.65499148	-0.00014280167	3.8343482e-06	1.2035041e-06	3.0487527e-06	-0.00013560595	6.9308379e-07	1.4155829e-06	2.1937238e-06	-1.7987173e-07	9.2862497e-05	5.0594149e-05	-0.00021060421	-0.00021028453	-0.0015202585
-0.256	0.744	0	0	0	0.872	0	0	0	1.0057375	0.65249032	-0.00014275861	3.8566955e-06	1.2066072e-06	3.0791673e-06	-0.00013561823	6.9429587e-07	1.4219244e-06	2.1989974e-06	-1.8180655e-07	9.2852882e-05	5.101468e-05	-0.00021056729	-0.0002102466	-0.0015253076
-0.258	0.742	0	0	0	0.871	0	0	0	1.0057424	0.64999319	-0.00014271556	3.8791369e-06	1.2096749e-06	3.1098516e-06	-0.00013562966	6.9550126e-07	1.4282708e-06	2.204239e-06	-1.8373997e-07	9.2842984e-05	5.1435135e-05	-0.00021052994	-0.00021020826	-0.0015302891
-0.26	0.74	0	0	0	0.87	0	0	0	1.0057472	0.64750008	-0.0001426725	3.9016716e-06	1.2127081e-06	3.1408047e-06	-0.00013564026	6.9669988e-07	1.4346234e-06	2.2094495e-06	-1.8567203e-07	9.2832811e-05	5.1855513e-05	-0.00021049218	-0.00021016952	-0.0015352046
-0.262	0.738	0	0	0	0.869	0	0	0	1.0057522	0.64501099	-0.00014262944	3.9242985e-06	1.2157077e-06	3.1720255e-06	-0.00013565006	6.9789165e-07	1.440983e-06	2.2146297e-06	-1.8760273e-07	9.2822367e-05	5.2275813e-05	-0.00021045401	-0.00021013039	-0.0015400559
-0.264	0.736	0	0	0	0.868	0	0	0	1.0057571	0.64252591	-0.00014258636	3.9470166e-06	1.2186747e-06	3.2035134e-06	-0.00013565909	6.9907652e-07	1.4473506e-06	2.2197806e-06	-1.895321e-07	9.281166e-05	5.2696035e-05	-0.00021041543	-0.00021009088	-0.0015448446
-0.266	0.734	0	0	0	0.867	0	0	0	1.0057621	0.64004486	-0.00014254327	3.9698251e-06	1.2216098e-06	3.2352674e-06	-0.00013566735	7.0025441e-07	1.4537271e-06	2.2249029e-06	-1.9146015e-07	9.2800693e-05	5.3116177e-05	-0.00021037647	-0.00021005098	-0.0015495723
-0.268	0.732	0	0	0	0.866	0	0	0	1.0057671	0.63756782	-0.00014250016	3.9927229e-06	1.2245139e-06	3.2672869e-06	-0.00013567487	7.0142527e-07	1.4601134e-06	2.2299975e-06	-1.9338691e-07	9.2789472e-05	5.3536239e-05	-0.00021033711	-0.0002100107	-0.0015542406
-0.27	0.73	0	0	0	0.865	0	0	0	1.0057721	0.6350948	-0.00014245702	4.015709e-06	1.2273876e-06	3.299571e-06	-0.00013568167	7.0258905e-07	1.4665103e-06	2.2350652e-06	-1.9531238e-07	9.2778002e-05	5.395622e-05	-0.00021029736	-0.00020997005	-0.0015588511
-0.272	0.728	0	0	0	0.864	0	0	0	1.0057772	0.6326258	-0.00014241385	4.0387825e-06	1.2302317e-06	3.3321191e-06	-0.00013568778	7.037457e-07	1.4729186e-06	2.2401068e-06	-1.9723659e-07	9.2766289e-05	5.4376119e-05	-0.00021025724	-0.00020992904	-0.0015634052
-0.274	0.726	0	0	0	0.863	0	0	0	1.0057823	0.63016081	-0.00014237066	4.0619424e-06	1.2330468e-06	3.3649305e-06	-0.0001356932	7.048952e-07	1.4793391e-06	2.245123e-06	-1.9915956e-07	9.2754337e-05	5.4795936e-05	-0.00021021675	-0.00020988766	-0.0015679044
-0.276	0.724	0	0	0	0.862	0	0	0	1.0057874	0.62769984	-0.00014232742	4.0851876e-06	1.2358337e-06	3.3980046e-06	-0.00013569795	7.0603751e-07	1.4857726e-06	2.2501146e-06	-2.010813e-07	9.2742151e-05	5.521567e-05	-0.00021017588	-0.00020984593	-0.0015723501
-0.278	0.722	0	0	0	0.861	0	0	0	1.0057925	0.62524289	-0.00014228414	4.1085172e-06	1.2385928e-06	3.4313408e-06	-0.00013570206	7.0717261e-07	1.4922197e-06	2.2550824e-06	-2.0300183e-07	9.2729735e-05	5.5635319e-05	-0.00021013465	-0.00020980384	-0.0015767436
-0.28	0.72	0	0	0	0.86	0	0	0	1.0057977	0.62278995	-0.00014224082	4.1319301e-06	1.2413248e-06	3.4649386e-06	-0.00013570554	7.0830048e-07	1.4986813e-06	2.2600269e-06	-2.0492118e-07	9.2717094e-05	5.6054885e-05	-0.00021009306	-0.00020976141	-0.0015810864
-0.282	0.718	0	0	0	0.859	0	0	0	1.0058029	0.62034103	-0.00014219745	4.1554254e-06	1.2440302e-06	3.4987975e-06	-0.00013570841	7.0942112e-07	1.5051579e-06	2.264949e-06	-2.0683936e-07	9.2704232e-05	5.6474365e-05	-0.00021005111	-0.00020971863	-0.0015853796
-0.284	0.716	0	0	0	0.858	0	0	0	1.0058082	0.61789612	-0.00014215403	4.1790021e-06	1.2467096e-06	3.532917e-06	-0.00013571068	7.1053451e-07	1.5116502e-06	2.2698492e-06	-2.0875638e-07	9.2691153e-05	5.6893759e-05	-0.00021000882	-0.00020967551	-0.0015896246
-0.286	0.714	0	0	0	0.857	0	0	0	1.0058134	0.61545523	-0.00014211055	4.2026591e-06	1.2493634e-06	3.5672967e-06	-0.00013571236	7.1164066e-07	1.5181589e-06	2.2747284e-06	-2.1067227e-07	9.2677861e-05	5.7313067e-05	-0.00020996617	-0.00020963206	-0.0015938225
-0.288	0.712	0	0	0	0.856	0	0	0	1.0058187	0.61301835	-0.00014206701	4.2263954e-06	1.2519922e-06	3.6019362e-06	-0.00013571348	7.1273958e-07	1.5246846e-06	2.279587e-06	-2.1258705e-07	9.266436e-05	5.7732288e-05	-0.00020992319	-0.00020958827	-0.0015979746
-0.29	0.71	0	0	0	0.855	0	0	0	1.005824	0.61058549	-0.00014202341	4.2502102e-06	1.2545963e-06	3.6368352e-06	-0.00013571406	7.1383128e-07	1.5312279e-06	2.2844259e-06	-2.1450073e-07	9.2650654e-05	5.815142e-05	-0.00020987986	-0.00020954416	-0.001602082
-0.292	0.708	0	0	0	0.854	0	0	0	1.0058294	0.60815663	-0.00014197974	4.2741022e-06	1.2571763e-06	3.6719934e-06	-0.00013571409	7.1491579e-07	1.5377894e-06	2.2892455e-06	-2.1641334e-07	9.2636747e-05	5.8570464e-05	-0.0002098362	-0.00020949972	-0.0016061457
-0.294	0.706	0	0	0	0.853	0	0	0	1.0058348	0.60573179	-0.000141936	4.2980707e-06	1.2597325e-06	3.7074105e-06	-0.0001357136	7.1599312e-07	1.5443696e-06	2.2940465e-06	-2.183249e-07	9.2622642e-05	5.8989419e-05	-0.00020979221	-0.00020945496	-0.0016101669
-0.296	0.704	0	0	0	0.852	0	0	0	1.0058401	0.60331097	-0.00014189219	4.3221146e-06	1.2622653e-06	3.7430862e-06	-0.0001357126	7.170633e-07	1.5509692e-06	2.2988296e-06	-2.2023542e-07	9.2608343e-05	5.9408284e-05	-0.0002097479	-0.00020940988	-0.0016141466
-0.298	0.702	0	0	0	0.851	0	0	0	1.0058456	0.60089415	-0.0001418483	4.3462328e-06	1.2647751e-06	3.7790204e-06	-0.00013571111	7.1812638e-07	1.5575886e-06	2.3035953e-06	-2.2214492e-07	9.2593853e-05	5.9827059e-05	-0.00020970326	-0.00020936449	-0.0016180859
-0.3	0.7	0	0	0	0.85	0	0	0	1.005851	0.59848135	-0.00014180434	4.3704245e-06	1.2672624e-06	3.8152129e-06	-0.00013570913	7.1918239e-07	1.5642284e-06	2.3083442e-06	-2.2405343e-07	9.2579175e-05	6.0245742e-05	inf	inf	inf
