lambda	F11	F12	F13	F21	F22	F23	F31	F32	F33	J	P11	P12	P13	P21	P22	P23	P31	P32	P33	p	StrEn	t(1)	t(2)	d
0	1	0	0	0	1	0	0	0	1	1	0	0	0	0	0	0	0	0	0	-0	0	inf	inf	inf
-0.002	0.998	0	0	0	1.0000024	0	0	0	0.99999797	0.99800042	-7.2656018e-06	-2.1450255e-09	2.2252713e-08	-2.6085749e-09	1.0577823e-11	1.7300753e-10	2.1684178e-08	1.0328408e-09	1.0271878e-09	2.4215213e-06	7.2966805e-09	-7.2656e-06	-7.2251857e-06	-0.0055935368
-0.004	0.996	0	0	0	1.0000029	0	0	0	0.99999303	0.99599593	-1.4292599e-05	-3.4283007e-11	4.9232557e-08	-2.7506706e-10	2.3752187e-10	5.662443e-10	4.8970426e-08	2.5036748e-09	2.3811035e-09	4.7633268e-06	2.8900743e-08	-1.4292592e-05	-1.4218829e-05	-0.0051877189
-0.006	0.994	0	0	0	1.0000034	0	0	0	0.99998659	0.99399008	-2.0890233e-05	3.5528334e-09	7.8068064e-08	4.63505e-09	6.3256256e-10	1.1528532e-09	7.937808e-08	4.1449677e-09	3.8720932e-09	6.9619096e-06	6.4171997e-08	-2.089022e-05	-2.0750868e-05	-0.0067154877
-0.008	0.992	0	0	0	1.0000042	0	0	0	0.9999789	0.99198326	-2.6675785e-05	7.8830467e-09	1.0643827e-07	1.2118749e-08	1.25103e-09	1.9891642e-09	1.1124271e-07	5.8312457e-09	5.3750264e-09	8.8897195e-06	1.1190421e-07	-2.6675764e-05	-2.6453532e-05	-0.0084008369
-0.01	0.99	0	0	0	1.0000051	0	0	0	0.99997095	0.9899763	-3.1172e-05	1.1627496e-08	1.30215e-07	2.1310701e-08	2.071081e-09	3.0354855e-09	1.4079457e-07	7.3263698e-09	6.6682832e-09	1.0387754e-05	1.6998613e-07	-3.1171976e-05	-3.0927678e-05	-0.0078990183
-0.012	0.988	0	0	0	1.0000059	0	0	0	0.99996404	0.9879703	-3.4246657e-05	1.3522816e-08	1.4646282e-07	3.0337091e-08	2.9700196e-09	4.1376806e-09	1.644123e-07	8.4208949e-09	7.5733223e-09	1.1412038e-05	2.3561492e-07	-3.4246635e-05	-3.4064453e-05	-0.0053481428
-0.014	0.986	0	0	0	1.0000065	0	0	0	0.99995865	0.98596567	-3.6247001e-05	1.3587157e-08	1.5603421e-07	3.8065981e-08	3.8376509e-09	5.1707588e-09	1.8180409e-07	9.1171799e-09	8.1104751e-09	1.2078351e-05	3.0624394e-07	-3.6246983e-05	-3.6134838e-05	-0.0031035072
-0.016	0.984	0	0	0	1.000007	0	0	0	0.99995454	0.98396215	-3.7587166e-05	1.2500818e-08	1.6126398e-07	4.4464912e-08	4.6387004e-09	6.1039955e-09	1.9462733e-07	9.5304196e-09	8.3937239e-09	1.2524711e-05	3.8015428e-07	-3.7587152e-05	-3.751868e-05	-0.0018249983
-0.018	0.982	0	0	0	1.0000074	0	0	0	0.99995132	0.98195943	-3.8537157e-05	1.0829606e-08	1.6393759e-07	4.9850282e-08	5.3765655e-09	6.9498588e-09	2.0444348e-07	9.7623343e-09	8.5177342e-09	1.2841087e-05	4.5631866e-07	-3.8537145e-05	-3.849193e-05	-0.0011746582
-0.02	0.98	0	0	0	1.0000077	0	0	0	0.99994873	0.97995726	-3.9248128e-05	8.9080578e-09	1.6511485e-07	5.4515123e-08	6.0631232e-09	7.7275275e-09	2.1228414e-07	9.8782728e-09	8.5416094e-09	1.3077841e-05	5.34122e-07	-3.9248119e-05	-3.9214946e-05	-0.00084590501
-0.022	0.978	0	0	0	1.0000079	0	0	0	0.99994656	0.97795546	-3.9804695e-05	6.9184125e-09	1.6539945e-07	5.86694e-08	6.7094103e-09	8.4530453e-09	2.1878709e-07	9.917849e-09	8.5005119e-09	1.3263162e-05	6.1317844e-07	-3.9804687e-05	-3.9777705e-05	-0.00067831785
-0.024	0.976	0	0	0	1.0000081	0	0	0	0.9999447	0.97595395	-4.0256355e-05	4.9587044e-09	1.6514242e-07	6.2456475e-08	7.3240595e-09	9.1383978e-09	2.2435161e-07	9.9054525e-09	8.4157838e-09	1.3413538e-05	6.9323282e-07	-4.0256348e-05	-4.0232432e-05	-0.00059444228
-0.026	0.974	0	0	0	1.0000083	0	0	0	0.99994307	0.97395263	-4.0633581e-05	3.0815507e-09	1.6455515e-07	6.5974803e-08	7.9135766e-09	9.7923696e-09	2.2923623e-07	9.8566315e-09	8.3008706e-09	1.3539122e-05	7.7410817e-07	-4.0633575e-05	-4.0610993e-05	-0.00055606978
-0.028	0.972	0	0	0	1.0000085	0	0	0	0.99994162	0.97195147	-4.0956051e-05	1.3147161e-09	1.637695e-07	6.9293478e-08	8.4828682e-09	1.0421456e-08	2.3361457e-07	9.7816742e-09	8.1645774e-09	1.3646468e-05	8.5567679e-07	-4.0956046e-05	-4.09338e-05	-0.00054345821
-0.03	0.97	0	0	0	1.0000086	0	0	0	0.9999403	0.96995043	-4.123701e-05	-3.2793428e-10	1.628702e-07	7.2462239e-08	9.0356832e-09	1.1030546e-08	2.3760727e-07	9.6876283e-09	8.0128789e-09	1.3739987e-05	9.3784338e-07	-4.1237006e-05	-4.1214507e-05	-0.00054589706
-0.032	0.968	0	0	0	1.0000087	0	0	0	0.99993908	0.96794948	-4.1485698e-05	-1.840455e-09	1.6191312e-07	7.5517807e-08	9.5749348e-09	1.1623391e-08	2.413008e-07	9.5794734e-09	7.8499591e-09	1.3822758e-05	1.0205348e-06	-4.1485694e-05	-4.1462586e-05	-0.00055731158
-0.034	0.966	0	0	0	1.0000089	0	0	0	0.99993794	0.96594861	-4.1708757e-05	-3.2214585e-09	1.6093578e-07	7.8487938e-08	1.0102927e-08	1.2202924e-08	2.4475882e-07	9.4608255e-09	7.6788296e-09	1.3896992e-05	1.1036937e-06	-4.1708754e-05	-4.1684821e-05	-0.00057412166
-0.036	0.964	0	0	0	1.000009	0	0	0	0.99993688	0.9639478	-4.1911095e-05	-4.4721737e-09	1.5996382e-07	8.1394078e-08	1.0621511e-08	1.2771485e-08	2.4802933e-07	9.3343738e-09	7.5017111e-09	1.3964324e-05	1.1872741e-06	-4.1911091e-05	-4.1886205e-05	-0.00059414871
-0.038	0.962	0	0	0	1.0000091	0	0	0	0.99993586	0.96194704	-4.2096414e-05	-5.5953e-09	1.5901487e-07	8.4253131e-08	1.11322e-08	1.3330969e-08	2.5114927e-07	9.2021622e-09	7.320277e-09	1.4025987e-05	1.2712385e-06	-4.2096411e-05	-4.2070494e-05	-0.00061603196
-0.04	0.96	0	0	0	1.0000092	0	0	0	0.9999349	0.95994631	-4.2267568e-05	-6.5943176e-09	1.5810116e-07	8.7078673e-08	1.1636249e-08	1.3882937e-08	2.5414763e-07	9.0657743e-09	7.1358119e-09	1.4082932e-05	1.3555561e-06	-4.2267565e-05	-4.2240577e-05	-0.00063890408
-0.042	0.958	0	0	0	1.0000093	0	0	0	0.99993397	0.95794562	-4.2426791e-05	-7.4730687e-09	1.5723118e-07	8.9881793e-08	1.213471e-08	1.4428689e-08	2.5704752e-07	8.9264584e-09	6.9493198e-09	1.4135902e-05	1.4402008e-06	-4.2426788e-05	-4.2398711e-05	-0.00066220398
-0.044	0.956	0	0	0	1.0000094	0	0	0	0.99993306	0.95594495	-4.2575861e-05	-8.2355006e-09	1.5641077e-07	9.2671701e-08	1.262848e-08	1.496933e-08	2.5986768e-07	8.785215e-09	6.7615975e-09	1.418549e-05	1.5251509e-06	-4.2575859e-05	-4.254669e-05	-0.00068556547
-0.046	0.954	0	0	0	1.0000094	0	0	0	0.99993219	0.95394431	-4.2716213e-05	-8.8855105e-09	1.556439e-07	9.5456161e-08	1.3118331e-08	1.5505802e-08	2.6262348e-07	8.6428579e-09	6.5732868e-09	1.4232174e-05	1.6103876e-06	-4.2716211e-05	-4.2685957e-05	-0.00070874899
-0.048	0.952	0	0	0	1.0000095	0	0	0	0.99993133	0.95194368	-4.2849016e-05	-9.4268508e-09	1.5493323e-07	9.8241815e-08	1.3604932e-08	1.6038923e-08	2.6532772e-07	8.500059e-09	6.3849121e-09	1.4276342e-05	1.6958948e-06	-4.2849014e-05	-4.2817688e-05	-0.00073159868
-0.05	0.95	0	0	0	1.0000096	0	0	0	0.99993049	0.94994306	-4.2975235e-05	-9.8630758e-09	1.5428045e-07	1.0103442e-07	1.4088874e-08	1.6569412e-08	2.6799118e-07	8.3573804e-09	6.1969075e-09	1.4318316e-05	1.7816584e-06	-4.2975233e-05	-4.2942853e-05	-0.00075401488
-0.052	0.948	0	0	0	1.0000096	0	0	0	0.99992966	0.94794246	-4.3095674e-05	-1.0197511e-08	1.5368657e-07	1.0383905e-07	1.4570679e-08	1.7097902e-08	2.7062304e-07	8.2152987e-09	6.009637e-09	1.4358364e-05	1.8676662e-06	-4.3095672e-05	-4.3062258e-05	-0.00077593603
-0.054	0.946	0	0	0	1.0000097	0	0	0	0.99992884	0.94594186	-4.3211008e-05	-1.0433242e-08	1.531521e-07	1.066602e-07	1.5050817e-08	1.7624961e-08	2.7323118e-07	8.0742236e-09	5.8234099e-09	1.4396711e-05	1.9539074e-06	-4.3211006e-05	-4.3176581e-05	-0.00079732665
-0.056	0.944	0	0	0	1.0000098	0	0	0	0.99992803	0.94394127	-4.3321811e-05	-1.0573107e-08	1.5267722e-07	1.0950195e-07	1.552971e-08	1.81511e-08	2.758225e-07	7.9345117e-09	5.6384921e-09	1.4433547e-05	2.0403725e-06	-4.3321809e-05	-4.3286393e-05	-0.00081816921
-0.058	0.942	0	0	0	1.0000098	0	0	0	0.99992722	0.94194068	-4.3428569e-05	-1.0619703e-08	1.5226186e-07	1.1236799e-07	1.6007744e-08	1.8676786e-08	2.7840301e-07	7.7964771e-09	5.4551153e-09	1.4469035e-05	2.127053e-06	-4.3428567e-05	-4.3392185e-05	-0.0008384585
-0.06	0.94	0	0	0	1.0000099	0	0	0	0.99992642	0.93994009	-4.3531704e-05	-1.057539e-08	1.5190578e-07	1.1526174e-07	1.6485271e-08	1.9202447e-08	2.8097808e-07	7.6604005e-09	5.2734839e-09	1.4503315e-05	2.2139412e-06	-4.3531702e-05	-4.3494375e-05	-0.00085819783
-0.062	0.938	0	0	0	1.0000099	0	0	0	0.99992562	0.93793951	-4.3631577e-05	-1.0442301e-08	1.5160864e-07	1.1818639e-07	1.696262e-08	1.9728479e-08	2.8355249e-07	7.5265357e-09	5.0937804e-09	1.4536507e-05	2.3010305e-06	-4.3631575e-05	-4.3593326e-05	-0.00087739623
-0.064	0.936	0	0	0	1.0000099	0	0	0	0.99992481	0.93593892	-4.3728503e-05	-1.0222349e-08	1.5137004e-07	1.2114493e-07	1.7440095e-08	2.0255252e-08	2.8613057e-07	7.3951146e-09	4.9161699e-09	1.4568716e-05	2.3883145e-06	-4.3728502e-05	-4.3689353e-05	-0.00089606662
-0.066	0.934	0	0	0	1.00001	0	0	0	0.99992401	0.93393832	-4.3822759e-05	-9.9172382e-09	1.5118956e-07	1.2414021e-07	1.7917982e-08	2.0783112e-08	2.8871627e-07	7.2663522e-09	4.7408037e-09	1.4600034e-05	2.4757879e-06	-4.3822758e-05	-4.3782731e-05	-0.00091422444
-0.068	0.932	0	0	0	1.00001	0	0	0	0.9999232	0.93193772	-4.3914587e-05	-9.5284753e-09	1.5106675e-07	1.2717497e-07	1.839655e-08	2.1312391e-08	2.9131322e-07	7.1404499e-09	4.5678219e-09	1.4630541e-05	2.5634455e-06	-4.3914585e-05	-4.38737e-05	-0.00093188663
-0.07	0.93	0	0	0	1.00001	0	0	0	0.99992239	0.92993712	-4.40042e-05	-9.0573759e-09	1.5100121e-07	1.3025184e-07	1.8876055e-08	2.18434e-08	2.9392477e-07	7.0175983e-09	4.3973561e-09	1.4660309e-05	2.6512827e-06	-4.4004198e-05	-4.3962475e-05	-0.00094907103
-0.072	0.928	0	0	0	1.00001	0	0	0	0.99992157	0.92793651	-4.4091787e-05	-8.5050747e-09	1.5099254e-07	1.3337339e-07	1.9356743e-08	2.2376443e-08	2.9655406e-07	6.8979801e-09	4.2295309e-09	1.46894e-05	2.7392954e-06	-4.4091785e-05	-4.4049243e-05	-0.00096579582
-0.074	0.926	0	0	0	1.00001	0	0	0	0.99992075	0.92593589	-4.4177516e-05	-7.8725341e-09	1.5104039e-07	1.3654215e-07	1.9838848e-08	2.2911809e-08	2.9920407e-07	6.7817717e-09	4.0644661e-09	1.4717871e-05	2.8274796e-06	-4.4177515e-05	-4.4134171e-05	-0.00098207922
-0.076	0.924	0	0	0	1.00001	0	0	0	0.99991991	0.92393526	-4.4261539e-05	-7.1605507e-09	1.5114447e-07	1.397606e-07	2.03226e-08	2.3449782e-08	3.0187758e-07	6.6691452e-09	3.9022774e-09	1.4745771e-05	2.915832e-06	-4.4261537e-05	-4.4217411e-05	-0.00099793923
-0.078	0.922	0	0	0	1.00001	0	0	0	0.99991907	0.92193461	-4.4343989e-05	-6.3697631e-09	1.5130455e-07	1.4303121e-07	2.0808218e-08	2.3990638e-08	3.045773e-07	6.56027e-09	3.7430783e-09	1.4773146e-05	3.0043493e-06	-4.4343987e-05	-4.4299094e-05	-0.0010133935
-0.08	0.92	0	0	0	1.00001	0	0	0	0.99991822	0.91993396	-4.4424987e-05	-5.500657e-09	1.5152042e-07	1.4635645e-07	2.1295919e-08	2.4534648e-08	3.073058e-07	6.4553138e-09	3.5869806e-09	1.4800035e-05	3.0930284e-06	-4.4424985e-05	-4.4379343e-05	-0.001028459
-0.082	0.918	0	0	0	1.00001	0	0	0	0.99991736	0.91793329	-4.4504643e-05	-4.5535715e-09	1.5179199e-07	1.4973879e-07	2.1785916e-08	2.5082081e-08	3.1006559e-07	6.3544444e-09	3.4340953e-09	1.4826474e-05	3.1818667e-06	-4.4504641e-05	-4.4458265e-05	-0.0010431524
-0.084	0.916	0	0	0	1.00001	0	0	0	0.99991648	0.91593261	-4.4583056e-05	-3.5287033e-09	1.5211921e-07	1.5318071e-07	2.2278417e-08	2.5633202e-08	3.1285913e-07	6.25783e-09	3.2845336e-09	1.4852498e-05	3.2708615e-06	-4.4583054e-05	-4.4535958e-05	-0.0010574897
-0.086	0.914	0	0	0	1.0000099	0	0	0	0.99991559	0.91393192	-4.4660314e-05	-2.426111e-09	1.5250208e-07	1.5668473e-07	2.2773629e-08	2.6188275e-08	3.156888e-07	6.1656407e-09	3.1384076e-09	1.4878134e-05	3.3600105e-06	-4.4660312e-05	-4.461251e-05	-0.001071486
-0.088	0.912	0	0	0	1.0000099	0	0	0	0.99991469	0.9119312	-4.4736499e-05	-1.2457186e-09	1.5294071e-07	1.602534e-07	2.3271758e-08	2.6747566e-08	3.1855697e-07	6.078049e-09	2.9958307e-09	1.4903411e-05	3.4493115e-06	-4.4736497e-05	-4.4688004e-05	-0.001085156
-0.09	0.91	0	0	0	1.0000098	0	0	0	0.99991377	0.90993047	-4.4811686e-05	1.2681745e-11	1.5343526e-07	1.6388932e-07	2.3773009e-08	2.7311342e-08	3.21466e-07	5.9952309e-09	2.8569183e-09	1.4928352e-05	3.5387625e-06	-4.4811684e-05	-4.4762512e-05	-0.0010985138
-0.092	0.908	0	0	0	1.0000098	0	0	0	0.99991284	0.90792972	-4.4885942e-05	1.3494273e-09	1.5398598e-07	1.6759514e-07	2.4277588e-08	2.7879869e-08	3.2441822e-07	5.9173667e-09	2.7217884e-09	1.4952981e-05	3.6283616e-06	-4.488594e-05	-4.4836101e-05	-0.0011115726
-0.094	0.906	0	0	0	1.0000097	0	0	0	0.99991189	0.90592895	-4.4959328e-05	2.7649828e-09	1.5459319e-07	1.7137355e-07	2.47857e-08	2.8453419e-08	3.2741598e-07	5.8446411e-09	2.590562e-09	1.4977317e-05	3.7181069e-06	-4.4959326e-05	-4.4908833e-05	-0.0011243452
-0.096	0.904	0	0	0	1.0000096	0	0	0	0.99991092	0.90392816	-4.5031902e-05	4.2599396e-09	1.5525727e-07	1.7522734e-07	2.5297555e-08	2.9032266e-08	3.3046163e-07	5.777245e-09	2.4633635e-09	1.500138e-05	3.8079969e-06	-4.50319e-05	-4.4980764e-05	-0.0011368439
-0.098	0.902	0	0	0	1.0000095	0	0	0	0.99990993	0.90192735	-4.5103716e-05	5.8350145e-09	1.5597871e-07	1.7915937e-07	2.5813362e-08	2.9616691e-08	3.3355756e-07	5.7153749e-09	2.3403215e-09	1.5025188e-05	3.89803e-06	-4.5103714e-05	-4.5051946e-05	-0.00114908
-0.1	0.9	0	0	0	1.0000094	0	0	0	0.99990892	0.89992652	-4.5174818e-05	7.4910499e-09	1.5675807e-07	1.8317256e-07	2.6333334e-08	3.0206979e-08	3.3670617e-07	5.6592348e-09	2.2215688e-09	1.5048754e-05	3.9882047e-06	-4.5174816e-05	-4.5122426e-05	-0.0011610647
-0.102	0.898	0	0	0	1.0000093	0	0	0	0.99990789	0.89792565	-4.5245252e-05	9.2290135e-09	1.5759598e-07	1.8726994e-07	2.6857688e-08	3.0803421e-08	3.3990992e-07	5.609036e-09	2.1072431e-09	1.5072096e-05	4.0785197e-06	-4.5245249e-05	-4.5192248e-05	-0.0011728085
-0.104	0.896	0	0	0	1.0000092	0	0	0	0.99990684	0.89592477	-4.5315059e-05	1.105e-08	1.5849316e-07	1.9145464e-07	2.7386644e-08	3.1406316e-08	3.431713e-07	5.5649982e-09	1.9974875e-09	1.5095225e-05	4.1689737e-06	-4.5315056e-05	-4.5261452e-05	-0.0011843213
-0.106	0.894	0	0	0	1.0000091	0	0	0	0.99990577	0.89392385	-4.5384277e-05	1.295523e-08	1.5945043e-07	1.9572989e-07	2.7920427e-08	3.2015971e-08	3.4649285e-07	5.52735e-09	1.8924506e-09	1.5118155e-05	4.2595655e-06	-4.5384274e-05	-4.5330077e-05	-0.0011956126
-0.108	0.892	0	0	0	1.0000089	0	0	0	0.99990467	0.89192291	-4.5452941e-05	1.4946055e-08	1.6046868e-07	2.0009904e-07	2.8459266e-08	3.2632703e-08	3.498772e-07	5.4963298e-09	1.7922874e-09	1.5140896e-05	4.350294e-06	-4.5452938e-05	-4.5398156e-05	-0.0012066915
-0.11	0.89	0	0	0	1.0000087	0	0	0	0.99990354	0.88992193	-4.5521083e-05	1.7023958e-08	1.6154891e-07	2.0456555e-07	2.9003399e-08	3.3256835e-08	3.5332703e-07	5.4721865e-09	1.6971593e-09	1.5163461e-05	4.4411581e-06	-4.5521079e-05	-4.5465722e-05	-0.0012175666
-0.112	0.888	0	0	0	1.0000086	0	0	0	0.99990239	0.88792093	-4.5588733e-05	1.9190553e-08	1.6269218e-07	2.0913302e-07	2.9553066e-08	3.3888706e-08	3.568451e-07	5.4551802e-09	1.6072351e-09	1.5185858e-05	4.5321569e-06	-4.558873e-05	-4.5532804e-05	-0.0012282461
-0.114	0.886	0	0	0	1.0000084	0	0	0	0.99990121	0.88591989	-4.565592e-05	2.1447594e-08	1.6389969e-07	2.138052e-07	3.0108517e-08	3.4528663e-08	3.6043427e-07	5.4455828e-09	1.5226908e-09	1.5208096e-05	4.6232893e-06	-4.5655916e-05	-4.559943e-05	-0.0012387378
-0.116	0.884	0	0	0	1.0000082	0	0	0	0.9999	0.88391881	-4.5722669e-05	2.3796974e-08	1.6517269e-07	2.1858597e-07	3.0670008e-08	3.5177067e-08	3.6409747e-07	5.4436793e-09	1.4437108e-09	1.5230185e-05	4.7145546e-06	-4.5722665e-05	-4.5665627e-05	-0.0012490491
-0.118	0.882	0	0	0	1.0000079	0	0	0	0.99989876	0.8819177	-4.5789005e-05	2.6240731e-08	1.6651258e-07	2.2347938e-07	3.1237805e-08	3.5834292e-08	3.6783775e-07	5.4497683e-09	1.3704879e-09	1.5252132e-05	4.8059518e-06	-4.5789001e-05	-4.5731416e-05	-0.0012591872
-0.12	0.88	0	0	0	1.0000077	0	0	0	0.99989749	0.87991654	-4.5854951e-05	2.878105e-08	1.6792083e-07	2.2848965e-07	3.1812179e-08	3.6500727e-08	3.7165827e-07	5.4641631e-09	1.303224e-09	1.5273945e-05	4.8974803e-06	-4.5854946e-05	-4.5796822e-05	-0.0012691586
-0.122	0.878	0	0	0	1.0000074	0	0	0	0.99989618	0.87791535	-4.5920526e-05	3.1420272e-08	1.6939903e-07	2.3362116e-07	3.2393415e-08	3.7176776e-08	3.755623e-07	5.4871926e-09	1.2421309e-09	1.529563e-05	4.9891391e-06	-4.5920521e-05	-4.5861865e-05	-0.00127897
-0.124	0.876	0	0	0	1.0000071	0	0	0	0.99989484	0.87591411	-4.5985751e-05	3.4160897e-08	1.709489e-07	2.3887851e-07	3.2981806e-08	3.7862862e-08	3.7955326e-07	5.5192024e-09	1.1874306e-09	1.5317194e-05	5.0809277e-06	-4.5985745e-05	-4.5926563e-05	-0.0012886273
-0.126	0.874	0	0	0	1.0000068	0	0	0	0.99989346	0.87391283	-4.6050644e-05	3.7005591e-08	1.7257227e-07	2.4426649e-07	3.3577655e-08	3.8559424e-08	3.8363467e-07	5.5605558e-09	1.1393561e-09	1.5338642e-05	5.1728454e-06	-4.6050638e-05	-4.5990935e-05	-0.0012981364
-0.128	0.872	0	0	0	1.0000065	0	0	0	0.99989204	0.87191149	-4.6115222e-05	3.9957192e-08	1.7427107e-07	2.4979009e-07	3.4181279e-08	3.926692e-08	3.8781025e-07	5.6116352e-09	1.0981519e-09	1.5359981e-05	5.2648915e-06	-4.6115215e-05	-4.6054998e-05	-0.0013075029
-0.13	0.87	0	0	0	1.0000061	0	0	0	0.99989057	0.86991011	-4.6179501e-05	4.3018717e-08	1.7604739e-07	2.5545455e-07	3.4793005e-08	3.9985832e-08	3.9208383e-07	5.672843e-09	1.0640751e-09	1.5381215e-05	5.3570654e-06	-4.6179494e-05	-4.6118768e-05	-0.001316732
-0.132	0.868	0	0	0	1.0000057	0	0	0	0.99988907	0.86790867	-4.6243496e-05	4.6193373e-08	1.7790345e-07	2.6126535e-07	3.5413176e-08	4.071666e-08	3.9645944e-07	5.7446033e-09	1.0373955e-09	1.5402348e-05	5.4493665e-06	-4.6243488e-05	-4.6182258e-05	-0.0013258287
-0.134	0.866	0	0	0	1.0000053	0	0	0	0.99988752	0.86590718	-4.6307219e-05	4.948456e-08	1.7984161e-07	2.672282e-07	3.6042147e-08	4.1459932e-08	4.0094128e-07	5.8273633e-09	1.0183972e-09	1.5423386e-05	5.5417944e-06	-4.6307211e-05	-4.6245482e-05	-0.0013347979
-0.136	0.864	0	0	0	1.0000048	0	0	0	0.99988592	0.86390562	-4.6370685e-05	5.2895888e-08	1.8186437e-07	2.7334912e-07	3.6680289e-08	4.2216199e-08	4.0553374e-07	5.9215944e-09	1.0073789e-09	1.5444333e-05	5.6343485e-06	-4.6370676e-05	-4.6308454e-05	-0.001343644
-0.138	0.862	0	0	0	1.0000044	0	0	0	0.99988427	0.86190401	-4.6433905e-05	5.643118e-08	1.839744e-07	2.7963439e-07	3.7327991e-08	4.2986039e-08	4.1024143e-07	6.0277945e-09	1.004655e-09	1.5465191e-05	5.7270282e-06	-4.6433895e-05	-4.6371184e-05	-0.0013523714
-0.14	0.86	0	0	0	1.0000038	0	0	0	0.99988257	0.85990232	-4.649689e-05	6.0094486e-08	1.8617453e-07	2.8609063e-07	3.7985657e-08	4.3770061e-08	4.1506916e-07	6.1464893e-09	1.0105565e-09	1.5485965e-05	5.8198332e-06	-4.6496879e-05	-4.6433684e-05	-0.0013609842
-0.142	0.858	0	0	0	1.0000033	0	0	0	0.99988082	0.85790057	-4.655965e-05	6.3890096e-08	1.8846777e-07	2.9272474e-07	3.865371e-08	4.4568904e-08	4.20022e-07	6.2782344e-09	1.0254322e-09	1.5506657e-05	5.9127629e-06	-4.6559638e-05	-4.6495963e-05	-0.0013694863
-0.144	0.856	0	0	0	1.0000027	0	0	0	0.999879	0.85589874	-4.6622195e-05	6.782255e-08	1.9085731e-07	2.9954401e-07	3.9332594e-08	4.538324e-08	4.2510524e-07	6.4236174e-09	1.0496496e-09	1.5527271e-05	6.005817e-06	-4.6622182e-05	-4.655803e-05	-0.0013778815
-0.146	0.854	0	0	0	1.0000021	0	0	0	0.99987713	0.85389684	-4.6684533e-05	7.1896656e-08	1.9334653e-07	3.0655609e-07	4.0022771e-08	4.6213778e-08	4.3032448e-07	6.5832598e-09	1.0835962e-09	1.5547809e-05	6.0989951e-06	-4.6684518e-05	-4.6619895e-05	-0.0013861731
-0.148	0.852	0	0	0	1.0000014	0	0	0	0.99987519	0.85189485	-4.6746671e-05	7.6117497e-08	1.9593902e-07	3.1376899e-07	4.072473e-08	4.7061263e-08	4.3568556e-07	6.7578198e-09	1.1276811e-09	1.5568273e-05	6.1922966e-06	-4.6746656e-05	-4.6681565e-05	-0.0013943646
-0.15	0.85	0	0	0	1.0000007	0	0	0	0.99987319	0.84989277	-4.6808618e-05	8.0490456e-08	1.9863859e-07	3.2119119e-07	4.1438978e-08	4.7926485e-08	4.4119465e-07	6.9479946e-09	1.1823355e-09	1.5588666e-05	6.2857213e-06	-4.6808601e-05	-4.6743046e-05	-0.001402459
-0.152	0.848	0	0	0	0.99999989	0	0	0	0.99987111	0.84789061	-4.687038e-05	8.5021226e-08	2.0144929e-07	3.2883156e-07	4.2166053e-08	4.8810273e-08	4.4685825e-07	7.1545233e-09	1.2480151e-09	1.5608989e-05	6.3792688e-06	-4.6870361e-05	-4.6804346e-05	-0.0014104593
-0.154	0.846	0	0	0	0.99999906	0	0	0	0.99986896	0.84588834	-4.6931961e-05	8.9715831e-08	2.0437538e-07	3.3669948e-07	4.2906516e-08	4.9713506e-08	4.5268318e-07	7.3781898e-09	1.3252011e-09	1.5629243e-05	6.4729387e-06	-4.6931942e-05	-4.6865469e-05	-0.0014183683
-0.156	0.844	0	0	0	0.99999817	0	0	0	0.99986673	0.84388598	-4.6993369e-05	9.4580645e-08	2.0742142e-07	3.4480482e-07	4.3660959e-08	5.0637112e-08	4.5867666e-07	7.6198259e-09	1.4144022e-09	1.5649431e-05	6.5667307e-06	-4.6993347e-05	-4.6926421e-05	-0.0014261885
-0.158	0.842	0	0	0	0.99999722	0	0	0	0.99986442	0.8418835	-4.7054606e-05	9.9622412e-08	2.1059222e-07	3.5315797e-07	4.4430003e-08	5.1582074e-08	4.6484629e-07	7.8803151e-09	1.5161559e-09	1.5669553e-05	6.6606444e-06	-4.7054583e-05	-4.6987207e-05	-0.0014339225
-0.16	0.84	0	0	0	0.9999962	0	0	0	0.99986202	0.8398809	-4.7115677e-05	1.0484827e-07	2.1389289e-07	3.617699e-07	4.5214302e-08	5.2549432e-08	4.7120009e-07	8.1605962e-09	1.6310311e-09	1.5689611e-05	6.7546795e-06	-4.7115651e-05	-4.7047829e-05	-0.0014415723
-0.162	0.838	0	0	0	0.99999511	0	0	0	0.99985953	0.83787819	-4.7176585e-05	1.1026577e-07	2.1732886e-07	3.7065219e-07	4.6014546e-08	5.3540288e-08	4.7774653e-07	8.4616672e-09	1.7596295e-09	1.5709604e-05	6.8488357e-06	-4.7176557e-05	-4.710829e-05	-0.0014491402
-0.164	0.836	0	0	0	0.99999395	0	0	0	0.99985694	0.83587534	-4.7237332e-05	1.1588292e-07	2.2090588e-07	3.7981706e-07	4.683146e-08	5.4555811e-08	4.8449456e-07	8.7845899e-09	1.9025883e-09	1.5729533e-05	6.9431127e-06	-4.7237301e-05	-4.7168594e-05	-0.0014566279
-0.166	0.834	0	0	0	0.9999927	0	0	0	0.99985424	0.83387235	-4.729792e-05	1.2170817e-07	2.2463004e-07	3.892774e-07	4.7665809e-08	5.5597241e-08	4.9145366e-07	9.1304949e-09	2.0605824e-09	1.5749398e-05	7.0375101e-06	-4.7297886e-05	-4.7228742e-05	-0.0014640373
-0.168	0.832	0	0	0	0.99999136	0	0	0	0.99985144	0.83186922	-4.735835e-05	1.277505e-07	2.2850784e-07	3.9904684e-07	4.8518402e-08	5.6665894e-08	4.9863383e-07	9.500586e-09	2.2343267e-09	1.5769199e-05	7.1320276e-06	-4.7358313e-05	-4.7288734e-05	-0.0014713699
-0.17	0.83	0	0	0	0.99998994	0	0	0	0.99984852	0.82986592	-4.7418622e-05	1.3401938e-07	2.3254614e-07	4.0913981e-07	4.939009e-08	5.7763169e-08	5.0604568e-07	9.8961467e-09	2.424579e-09	1.5788936e-05	7.226665e-06	-4.7418582e-05	-4.7348571e-05	-0.0014786269
-0.172	0.828	0	0	0	0.99998841	0	0	0	0.99984548	0.82786246	-4.7478736e-05	1.4052489e-07	2.3675225e-07	4.1957152e-07	5.0281771e-08	5.8890554e-08	5.1370042e-07	1.0318545e-08	2.6321431e-09	1.5808607e-05	7.3214219e-06	-4.7478692e-05	-4.7408252e-05	-0.0014858097
-0.174	0.826	0	0	0	0.99998677	0	0	0	0.99984231	0.82585882	-4.753869e-05	1.4727765e-07	2.4113392e-07	4.303581e-07	5.1194397e-08	6.0049632e-08	5.2160996e-07	1.0769242e-08	2.8578714e-09	1.5828213e-05	7.416298e-06	-4.7538642e-05	-4.7467776e-05	-0.0014929191
-0.176	0.824	0	0	0	0.99998501	0	0	0	0.999839	0.82385499	-4.7598483e-05	1.5428897e-07	2.4569939e-07	4.4151661e-07	5.212897e-08	6.1242085e-08	5.297869e-07	1.1249796e-08	3.1026685e-09	1.584775e-05	7.511293e-06	-4.759843e-05	-4.7527142e-05	-0.0014999559
-0.178	0.822	0	0	0	0.99998313	0	0	0	0.99983555	0.82185096	-4.7658111e-05	1.6157078e-07	2.5045741e-07	4.5306508e-07	5.3086552e-08	6.2469709e-08	5.382446e-07	1.1761873e-08	3.3674948e-09	1.5867219e-05	7.6064066e-06	-4.7658054e-05	-4.7586345e-05	-0.0015069208
-0.18	0.82	0	0	0	0.99998112	0	0	0	0.99983194	0.8198467	-4.7717571e-05	1.6913575e-07	2.5541727e-07	4.6502262e-07	5.4068263e-08	6.3734414e-08	5.4699725e-07	1.2307252e-08	3.6533696e-09	1.5886617e-05	7.7016384e-06	-4.7717508e-05	-4.7645382e-05	-0.001513814
-0.182	0.818	0	0	0	0.99997895	0	0	0	0.99982816	0.81784222	-4.7776859e-05	1.769973e-07	2.6058885e-07	4.7740948e-07	5.5075289e-08	6.5038238e-08	5.5605989e-07	1.2887837e-08	3.961376e-09	1.5905941e-05	7.7969881e-06	-4.7776789e-05	-4.7704249e-05	-0.0015206356
-0.184	0.816	0	0	0	0.99997663	0	0	0	0.99982421	0.81583749	-4.7835967e-05	1.8516965e-07	2.6598264e-07	4.9024708e-07	5.6108885e-08	6.6383356e-08	5.6544849e-07	1.3505663e-08	4.2926641e-09	1.5925189e-05	7.8924554e-06	-4.7835891e-05	-4.7762939e-05	-0.0015273856
-0.186	0.814	0	0	0	0.99997414	0	0	0	0.99982006	0.81383249	-4.789489e-05	1.9366785e-07	2.7160979e-07	5.0355812e-07	5.7170377e-08	6.7772086e-08	5.7518001e-07	1.416291e-08	4.6484561e-09	1.5944357e-05	7.9880399e-06	-4.7894807e-05	-4.7821445e-05	-0.0015340635
-0.188	0.812	0	0	0	0.99997147	0	0	0	0.99981572	0.8118272	-4.795362e-05	2.0250786e-07	2.7748214e-07	5.1736664e-07	5.8261167e-08	6.9206904e-08	5.8527245e-07	1.4861911e-08	5.0300504e-09	1.5963443e-05	8.0837412e-06	-4.7953528e-05	-4.7879761e-05	-0.0015406686
-0.19	0.81	0	0	0	0.99996859	0	0	0	0.99981117	0.80982161	-4.8012147e-05	2.1170657e-07	2.836123e-07	5.316981e-07	5.9382739e-08	7.0690455e-08	5.9574494e-07	1.5605164e-08	5.4388268e-09	1.5982442e-05	8.1795589e-06	-4.8012045e-05	-4.7937876e-05	-0.0015472
-0.192	0.808	0	0	0	0.9999655	0	0	0	0.99980638	0.80781569	-4.807046e-05	2.2128185e-07	2.9001361e-07	5.4657946e-07	6.0536662e-08	7.222556e-08	6.0661776e-07	1.6395345e-08	5.8762512e-09	1.6001349e-05	8.2754927e-06	-4.8070349e-05	-4.799578e-05	-0.0015536563
-0.194	0.806	0	0	0	0.99996218	0	0	0	0.99980136	0.80580942	-4.8128549e-05	2.3125264e-07	2.9670028e-07	5.6203926e-07	6.1724593e-08	7.3815235e-08	6.1791249e-07	1.7235323e-08	6.3438807e-09	1.602016e-05	8.371542e-06	-4.8128426e-05	-4.8053461e-05	-0.001560036
-0.196	0.804	0	0	0	0.99995861	0	0	0	0.99979607	0.80380277	-4.8186398e-05	2.4163893e-07	3.0368738e-07	5.7810769e-07	6.2948284e-08	7.54627e-08	6.2965199e-07	1.8128169e-08	6.8433691e-09	1.6038869e-05	8.4677065e-06	-4.8186263e-05	-4.8110905e-05	-0.0015663369
-0.198	0.802	0	0	0	0.99995476	0	0	0	0.9997905	0.80179571	-4.8243994e-05	2.5246186e-07	3.1099088e-07	5.948167e-07	6.4209584e-08	7.7171395e-08	6.4186056e-07	1.9077178e-08	7.3764721e-09	1.6057469e-05	8.5639857e-06	-4.8243845e-05	-4.8168098e-05	-0.0015725566
-0.2	0.8	0	0	0	0.99995061	0	0	0	0.99978464	0.79978821	-4.830132e-05	2.6374376e-07	3.1862773e-07	6.1220004e-07	6.5510444e-08	7.8944993e-08	6.5456394e-07	2.0085875e-08	7.9450523e-09	1.6075955e-05	8.6603789e-06	-4.8301155e-05	-4.8225022e-05	-0.0015786924
-0.202	0.798	0	0	0	0.99994614	0	0	0	0.99977845	0.79778024	-4.8358355e-05	2.7550815e-07	3.2661588e-07	6.3029334e-07	6.6852919e-08	8.0787411e-08	6.6778942e-07	2.1158041e-08	8.5510847e-09	1.6094317e-05	8.7568857e-06	-4.8358173e-05	-4.8281659e-05	-0.0015847407
-0.204	0.796	0	0	0	0.99994133	0	0	0	0.99977192	0.79577176	-4.8415081e-05	2.8777982e-07	3.349743e-07	6.4913417e-07	6.8239174e-08	8.2702833e-08	6.8156592e-07	2.2297719e-08	9.1966611e-09	1.6112548e-05	8.8535056e-06	-4.8414879e-05	-4.8337988e-05	-0.0015906977
-0.206	0.794	0	0	0	0.99993613	0	0	0	0.99976502	0.79376273	-4.8471472e-05	3.0058481e-07	3.4372305e-07	6.6876212e-07	6.9671481e-08	8.4695716e-08	6.9592399e-07	2.350924e-08	9.8839948e-09	1.6130639e-05	8.9502377e-06	-4.8471249e-05	-4.8393985e-05	-0.0015965589
-0.208	0.792	0	0	0	0.99993052	0	0	0	0.99975773	0.79175311	-4.8527505e-05	3.1395046e-07	3.5288329e-07	6.8921878e-07	7.1152227e-08	8.6770805e-08	7.1089594e-07	2.479723e-08	1.0615424e-08	1.6148579e-05	9.0470815e-06	-4.8527257e-05	-4.8449626e-05	-0.0016023193
-0.21	0.79	0	0	0	0.99992446	0	0	0	0.99975001	0.78974285	-4.858315e-05	3.2790538e-07	3.6247729e-07	7.1054781e-07	7.2683906e-08	8.8933151e-08	7.2651583e-07	2.6166634e-08	1.1393416e-08	1.6166358e-05	9.1440362e-06	-4.8582876e-05	-4.8504881e-05	-0.001607973
-0.212	0.788	0	0	0	0.99991791	0	0	0	0.99974183	0.7877319	-4.8638377e-05	3.4247942e-07	3.7252844e-07	7.3279488e-07	7.4269123e-08	9.1188116e-08	7.4281948e-07	2.7622724e-08	1.2220567e-08	1.6183962e-05	9.241101e-06	-4.8638072e-05	-4.8559721e-05	-0.0016135136
-0.214	0.786	0	0	0	0.99991084	0	0	0	0.99973317	0.78572021	-4.8693151e-05	3.5770365e-07	3.8306125e-07	7.5600768e-07	7.5910588e-08	9.3541384e-08	7.5984454e-07	2.9171114e-08	1.3099603e-08	1.620138e-05	9.3382751e-06	-4.8692813e-05	-4.861411e-05	-0.0016189337
-0.216	0.784	0	0	0	0.99990318	0	0	0	0.99972398	0.78370771	-4.8747437e-05	3.7361026e-07	3.941013e-07	7.8023578e-07	7.761111e-08	9.5998967e-08	7.776304e-07	3.0817773e-08	1.4033377e-08	1.6218597e-05	9.4355575e-06	-4.8747061e-05	-4.8668013e-05	-0.0016242251
-0.218	0.782	0	0	0	0.9998949	0	0	0	0.99971421	0.78169435	-4.8801192e-05	3.9023245e-07	4.0567518e-07	8.0553052e-07	7.9373587e-08	9.856721e-08	7.9621815e-07	3.2569027e-08	1.5024869e-08	1.6235598e-05	9.5329471e-06	-4.8800774e-05	-4.8721389e-05	-0.0016293787
-0.22	0.78	0	0	0	0.99988594	0	0	0	0.99970384	0.77968005	-4.8854374e-05	4.0760428e-07	4.1781045e-07	8.3194484e-07	8.1200992e-08	1.0125278e-07	8.1565051e-07	3.4431566e-08	1.607717e-08	1.6252365e-05	9.630443e-06	-4.8853909e-05	-4.8774193e-05	-0.0016343844
-0.222	0.778	0	0	0	0.99987623	0	0	0	0.99969282	0.77766475	-4.8906934e-05	4.2576046e-07	4.3053545e-07	8.5953296e-07	8.3096359e-08	1.0406266e-07	8.3597162e-07	3.6412439e-08	1.7193482e-08	1.6268881e-05	9.7280439e-06	-4.8906417e-05	-4.8826379e-05	-0.0016392309
-0.224	0.776	0	0	0	0.99986572	0	0	0	0.99968109	0.77564835	-4.8958822e-05	4.4473606e-07	4.4387919e-07	8.8835009e-07	8.5062757e-08	1.0700414e-07	8.5722691e-07	3.8519042e-08	1.8377093e-08	1.6285127e-05	9.8257485e-06	-4.8958245e-05	-4.8877894e-05	-0.001643906
-0.226	0.774	0	0	0	0.99985433	0	0	0	0.9996686	0.77363079	-4.9009981e-05	4.6456624e-07	4.5787113e-07	9.1845198e-07	8.7103264e-08	1.1008477e-07	8.7946275e-07	4.0759099e-08	1.9631361e-08	1.6301082e-05	9.9235555e-06	-4.9009338e-05	-4.8928684e-05	-0.0016483961
-0.228	0.772	0	0	0	0.999842	0	0	0	0.9996553	0.77161196	-4.9060352e-05	4.852858e-07	4.7254091e-07	9.4989437e-07	8.9220932e-08	1.1331234e-07	9.0272616e-07	4.3140634e-08	2.095969e-08	1.6316724e-05	1.0021463e-05	-4.9059635e-05	-4.8978688e-05	-0.0016526866
-0.23	0.77	0	0	0	0.99982865	0	0	0	0.99964114	0.76959178	-4.9109872e-05	5.0692873e-07	4.87918e-07	9.8273233e-07	9.1418752e-08	1.1669482e-07	9.2706433e-07	4.5671925e-08	2.2365492e-08	1.6332029e-05	1.011947e-05	-4.9109072e-05	-4.9027845e-05	-0.0016567617
-0.232	0.768	0	0	0	0.99981418	0	0	0	0.99962604	0.76757014	-4.9158474e-05	5.2952762e-07	5.0403137e-07	1.0170195e-06	9.3699597e-08	1.2024029e-07	9.5252409e-07	4.8361449e-08	2.3852155e-08	1.6346974e-05	1.0217575e-05	-4.9157582e-05	-4.9076086e-05	-0.0016606043
-0.234	0.766	0	0	0	0.99979853	0	0	0	0.99960995	0.76554695	-4.9206088e-05	5.531131e-07	5.20909e-07	1.0528073e-06	9.6066179e-08	1.2395687e-07	9.791513e-07	5.1217804e-08	2.542299e-08	1.6361533e-05	1.0315775e-05	-4.9205093e-05	-4.9123342e-05	-0.0016641962
-0.236	0.764	0	0	0	0.99978158	0	0	0	0.9995928	0.76352209	-4.9252639e-05	5.7771302e-07	5.3857735e-07	1.0901438e-06	9.852098e-08	1.278526e-07	1.0069901e-06	5.4249624e-08	2.7081181e-08	1.6375679e-05	1.0414068e-05	-4.925153e-05	-4.9169539e-05	-0.0016675185
-0.238	0.762	0	0	0	0.99976326	0	0	0	0.99957452	0.76149546	-4.9298051e-05	6.0335178e-07	5.5706084e-07	1.1290726e-06	1.0106619e-07	1.3193534e-07	1.0360823e-06	5.7465466e-08	2.8829726e-08	1.6389385e-05	1.0512453e-05	-4.9296816e-05	-4.9214601e-05	-0.0016705512
-0.24	0.76	0	0	0	0.99974346	0	0	0	0.99955504	0.75946695	-4.9342247e-05	6.3004942e-07	5.7638116e-07	1.1696317e-06	1.0370364e-07	1.3621264e-07	1.0664659e-06	6.0873686e-08	3.0671369e-08	1.6402624e-05	1.0610926e-05	-4.9340871e-05	-4.9258448e-05	-0.001673274
-0.242	0.758	0	0	0	0.99972209	0	0	0	0.9995343	0.75743644	-4.9385146e-05	6.5782082e-07	5.9655666e-07	1.2118524e-06	1.0643473e-07	1.4069159e-07	1.0981749e-06	6.4482295e-08	3.2608528e-08	1.6415367e-05	1.0709487e-05	-4.9383615e-05	-4.9301003e-05	-0.0016756663
-0.244	0.756	0	0	0	0.99969904	0	0	0	0.99951222	0.75540383	-4.9426668e-05	6.8667485e-07	6.1760162e-07	1.2557578e-06	1.0926033e-07	1.4537864e-07	1.1312379e-06	6.8298801e-08	3.4643226e-08	1.6427588e-05	1.080813e-05	-4.9424966e-05	-4.9342184e-05	-0.0016777077
-0.246	0.754	0	0	0	0.99967423	0	0	0	0.99948874	0.753369	-4.9466735e-05	7.1661352e-07	6.3952564e-07	1.3013619e-06	1.1218077e-07	1.5027947e-07	1.1656769e-06	7.2330045e-08	3.6777016e-08	1.6439259e-05	1.0906855e-05	-4.9464846e-05	-4.9381915e-05	-0.0016793787
-0.248	0.752	0	0	0	0.99964755	0	0	0	0.99946379	0.75133187	-4.950527e-05	7.4763134e-07	6.6233301e-07	1.3486682e-06	1.1519572e-07	1.553988e-07	1.201507e-06	7.658203e-08	3.9010911e-08	1.6450354e-05	1.1005658e-05	-4.9503176e-05	-4.9420117e-05	-0.0016806607
-0.25	0.75	0	0	0	0.99961892	0	0	0	0.99943731	0.74929233	-4.95422e-05	7.7971467e-07	6.8602213e-07	1.397669e-06	1.1830416e-07	1.6074025e-07	1.2387349e-06	8.1059757e-08	4.1345327e-08	1.646085e-05	1.1104536e-05	-4.9539883e-05	-4.9456719e-05	-0.0016815374
-0.252	0.748	0	0	0	0.99958826	0	0	0	0.99940925	0.74725031	-4.9577457e-05	8.1284137e-07	7.1058514e-07	1.4483446e-06	1.2150438e-07	1.6630621e-07	1.2773588e-06	8.5767064e-08	4.3780026e-08	1.6470724e-05	1.1203485e-05	-4.9574898e-05	-4.9491653e-05	-0.0016819944
-0.254	0.746	0	0	0	0.99955548	0	0	0	0.99937955	0.74520573	-4.9610979e-05	8.4698062e-07	7.3600761e-07	1.5006632e-06	1.247939e-07	1.7209767e-07	1.3173675e-06	9.07065e-08	4.6314088e-08	1.6479957e-05	1.1302502e-05	-4.9608159e-05	-4.9524857e-05	-0.0016820207
-0.256	0.744	0	0	0	0.99952052	0	0	0	0.99934817	0.74315854	-4.9642712e-05	8.8209297e-07	7.622685e-07	1.5545804e-06	1.2816955e-07	1.781142e-07	1.3587403e-06	9.5879214e-08	4.8945886e-08	1.6488532e-05	1.1401584e-05	-4.9639612e-05	-4.9556277e-05	-0.0016816084
-0.258	0.742	0	0	0	0.99948334	0	0	0	0.99931508	0.74110869	-4.9672611e-05	9.1813071e-07	7.8934019e-07	1.61004e-06	1.3162743e-07	1.8435388e-07	1.4014473e-06	1.0128489e-07	5.1673096e-08	1.6496437e-05	1.1500727e-05	-4.9669212e-05	-4.958587e-05	-0.0016807539
-0.26	0.74	0	0	0	0.99944389	0	0	0	0.99928025	0.73905616	-4.970064e-05	9.550385e-07	8.1718886e-07	1.6669746e-06	1.35163e-07	1.908133e-07	1.4454493e-06	1.0692171e-07	5.4492719e-08	1.6503661e-05	1.1599928e-05	-4.9696923e-05	-4.9613599e-05	-0.0016794571
-0.262	0.738	0	0	0	0.99940214	0	0	0	0.99924366	0.73700094	-4.9726774e-05	9.9275421e-07	8.4577496e-07	1.7253067e-06	1.3877117e-07	1.9748761e-07	1.490699e-06	1.1278638e-07	5.7401125e-08	1.6510201e-05	1.1699182e-05	-4.9722722e-05	-4.9639441e-05	-0.0016777225
-0.264	0.736	0	0	0	0.99935808	0	0	0	0.99920532	0.73494304	-4.9751e-05	1.03121e-06	8.750539e-07	1.78495e-06	1.4244633e-07	2.0437059e-07	1.5371411e-06	1.1887422e-07	6.0394119e-08	1.6516053e-05	1.1798486e-05	-4.9746595e-05	-4.9663382e-05	-0.001675558
-0.266	0.734	0	0	0	0.99931171	0	0	0	0.99916521	0.73288248	-4.9773314e-05	1.0703336e-06	9.0497689e-07	1.8458112e-06	1.4618251e-07	2.1145484e-07	1.5847142e-06	1.2517922e-07	6.3467022e-08	1.6521222e-05	1.1897835e-05	-4.9768541e-05	-4.9685418e-05	-0.0016729758
-0.268	0.732	0	0	0	0.99926305	0	0	0	0.99912336	0.73081933	-4.9793724e-05	1.1100496e-06	9.3549184e-07	1.9077919e-06	1.4997349e-07	2.1873186e-07	1.6333516e-06	1.316942e-07	6.6614764e-08	1.6525712e-05	1.1997227e-05	-4.9788567e-05	-4.9705559e-05	-0.0016699907
-0.27	0.73	0	0	0	0.99921213	0	0	0	0.99907978	0.72875362	-4.9812247e-05	1.1502808e-06	9.6654438e-07	1.9707904e-06	1.5381288e-07	2.2619232e-07	1.6829828e-06	1.38411e-07	6.9831982e-08	1.6529534e-05	1.2096658e-05	-4.9806693e-05	-4.9723823e-05	-0.0016666205
-0.272	0.728	0	0	0	0.99915898	0	0	0	0.9990345	0.72668545	-4.982891e-05	1.1909496e-06	9.9807882e-07	2.0347032e-06	1.5769426e-07	2.3382621e-07	1.7335347e-06	1.4532065e-07	7.3113123e-08	1.6532701e-05	1.2196123e-05	-4.9822948e-05	-4.9740236e-05	-0.0016628849
-0.274	0.726	0	0	0	0.99910366	0	0	0	0.99898757	0.72461489	-4.9843749e-05	1.2319794e-06	1.0300391e-06	2.0994276e-06	1.6161127e-07	2.4162305e-07	1.7849334e-06	1.5241357e-07	7.6452544e-08	1.6535228e-05	1.2295619e-05	-4.9837369e-05	-4.9754835e-05	-0.0016588048
-0.276	0.724	0	0	0	0.99904624	0	0	0	0.99893901	0.72254206	-4.9856807e-05	1.2732952e-06	1.0623697e-06	2.1648625e-06	1.6555773e-07	2.495721e-07	1.8371047e-06	1.5967974e-07	7.9844603e-08	1.6537135e-05	1.2395142e-05	-4.9849999e-05	-4.9767663e-05	-0.0016544019
-0.278	0.722	0	0	0	0.99898678	0	0	0	0.99888889	0.72046704	-4.9868132e-05	1.3148254e-06	1.0950164e-06	2.2309102e-06	1.6952768e-07	2.5766256e-07	1.8899759e-06	1.6710895e-07	8.3283744e-08	1.653844e-05	1.2494689e-05	-4.9860889e-05	-4.977877e-05	-0.0016496981
-0.28	0.72	0	0	0	0.99892535	0	0	0	0.99883724	0.71838996	-4.9877778e-05	1.3565015e-06	1.1279268e-06	2.2974774e-06	1.7351548e-07	2.6588368e-07	1.9434764e-06	1.7469088e-07	8.6764567e-08	1.6539166e-05	1.2594257e-05	-4.9870095e-05	-4.9788208e-05	-0.0016447148
-0.282	0.718	0	0	0	0.99886204	0	0	0	0.99878413	0.71631095	-4.9885803e-05	1.3982596e-06	1.1610512e-06	2.3644761e-06	1.7751584e-07	2.7422498e-07	1.9975387e-06	1.8241533e-07	9.0281888e-08	1.6539335e-05	1.2693842e-05	-4.9877675e-05	-4.9796036e-05	-0.0016394728
-0.284	0.716	0	0	0	0.99879694	0	0	0	0.99872961	0.7142301	-4.9892267e-05	1.4400404e-06	1.1943424e-06	2.4318243e-06	1.8152385e-07	2.8267629e-07	2.0520987e-06	1.9027229e-07	9.3830785e-08	1.6538971e-05	1.2793441e-05	-4.9883691e-05	-4.9802314e-05	-0.0016339917
-0.286	0.714	0	0	0	0.99873013	0	0	0	0.99867373	0.71214756	-4.989723e-05	1.4817895e-06	1.2277568e-06	2.4994461e-06	1.8553502e-07	2.9122788e-07	2.1070965e-06	1.9825209e-07	9.740663e-08	1.6538096e-05	1.2893051e-05	-4.9888205e-05	-4.9807104e-05	-0.0016282899
-0.288	0.712	0	0	0	0.9986617	0	0	0	0.99861657	0.71006345	-4.9900756e-05	1.5234574e-06	1.2612536e-06	2.5672724e-06	1.8954527e-07	2.9987052e-07	2.1624762e-06	2.0634542e-07	1.0100511e-07	1.6536735e-05	1.299267e-05	-4.989128e-05	-4.9810468e-05	-0.0016223844
-0.29	0.71	0	0	0	0.99859174	0	0	0	0.99855816	0.70797787	-4.9902907e-05	1.5649996e-06	1.2947958e-06	2.6352407e-06	1.9355092e-07	3.0859553e-07	2.2181866e-06	2.1454343e-07	1.0462225e-07	1.6534911e-05	1.3092293e-05	-4.989298e-05	-4.9812468e-05	-0.0016162908
-0.292	0.708	0	0	0	0.99852033	0	0	0	0.99849858	0.70589096	-4.9903743e-05	1.6063763e-06	1.3283494e-06	2.7032946e-06	1.975487e-07	3.1739476e-07	2.2741807e-06	2.2283776e-07	1.0825439e-07	1.6532647e-05	1.3191919e-05	-4.9893367e-05	-4.9813166e-05	-0.001610023
-0.294	0.706	0	0	0	0.99844756	0	0	0	0.99843787	0.70380283	-4.9903325e-05	1.6475526e-06	1.3618839e-06	2.7713843e-06	2.0153572e-07	3.2626068e-07	2.3304162e-06	2.3122056e-07	1.118982e-07	1.6529964e-05	1.3291546e-05	-4.9892501e-05	-4.9812622e-05	-0.0016035938
-0.296	0.704	0	0	0	0.99837352	0	0	0	0.99837609	0.70171358	-4.9901712e-05	1.6884976e-06	1.3953718e-06	2.8394658e-06	2.0550945e-07	3.3518629e-07	2.3868547e-06	2.3968447e-07	1.1555068e-07	1.6526884e-05	1.339117e-05	-4.9890443e-05	-4.9810894e-05	-0.0015970145
-0.298	0.702	0	0	0	0.99829827	0	0	0	0.9983133	0.69962334	-4.9898959e-05	1.7291846e-06	1.4287886e-06	2.9075004e-06	2.0946771e-07	3.4416515e-07	2.4434622e-06	2.4822266e-07	1.1920912e-07	1.6523427e-05	1.3490789e-05	-4.9887248e-05	-4.9808038e-05	-0.0015902951
-0.3	0.7	0	0	0	0.9982219	0	0	0	0.99824953	0.69753219	-4.9895121e-05	1.7695909e-06	1.4621126e-06	2.9754549e-06	2.1340861e-07	3.5319138e-07	2.5002081e-06	2.5682879e-07	1.2287111e-07	1.6519614e-05	1.3590402e-05	inf	inf	inf
