lambda	F11	F12	F13	F21	F22	F23	F31	F32	F33	J	P11	P12	P13	P21	P22	P23	P31	P32	P33	p	StrEn	t(1)	t(2)	d
0	1	0	0	0	1	0	0	0	1	1	0	0	0	0	0	0	0	0	0	-0	0	inf	inf	inf
0.002	1.002	0	0	0	1	0	0	0	0.9996285	1.0016278	8.7639116e-06	1.0440998e-07	-1.9587164e-08	9.4723866e-08	1.488176e-06	4.7114905e-08	-3.0579237e-08	4.7230504e-08	-4.7096883e-10	-3.4172055e-06	8.7078577e-09	8.7640012e-06	8.7836986e-06	0.0022424872
0.004	1.004	0	0	0	1	0	0	0	0.9992386	1.0032356	1.7738725e-05	2.0355827e-07	-3.7088319e-08	1.8538417e-07	3.0574095e-06	9.6665737e-08	-5.7310127e-08	9.6395047e-08	-9.1187279e-10	-6.9317408e-06	3.5134794e-08	1.7738906e-05	1.7736291e-05	-0.00014743969
0.006	1.006	0	0	0	1	0	0	0	0.998833	1.004826	2.6875426e-05	2.917893e-07	-5.2623919e-08	2.6597495e-07	4.6846036e-06	1.4635659e-07	-8.0500714e-08	1.4536267e-07	-1.3302133e-09	-1.0519566e-05	7.9653022e-08	2.68757e-05	2.6854074e-05	-0.00080532048
0.008	1.008	0	0	0	1	0	0	0	0.99841336	1.0064007	3.6137789e-05	3.6896025e-07	-6.6333644e-08	3.3613551e-07	6.356873e-06	1.9505981e-07	-1.0052854e-07	1.9311947e-07	-1.7303788e-09	-1.4164311e-05	1.4255109e-07	3.6138159e-05	3.6100201e-05	-0.0010514574
0.01	1.01	0	0	0	1	0	0	0	0.99797996	1.0079598	4.5497858e-05	4.366564e-07	-7.8484492e-08	3.9723198e-07	8.0699413e-06	2.4204027e-07	-1.1788274e-07	2.3904773e-07	-2.1175864e-09	-1.7855227e-05	2.2405382e-07	4.5498323e-05	4.5446911e-05	-0.0011312441
0.012	1.012	0	0	0	1	0	0	0	0.99753492	1.0095053	5.4936748e-05	4.9660796e-07	-8.9356912e-08	4.510334e-07	9.8143706e-06	2.8678331e-07	-1.3301776e-07	2.8262224e-07	-2.473949e-09	-2.1582882e-05	3.2433873e-07	5.4937304e-05	5.4874626e-05	-0.0011422081
0.014	1.014	0	0	0	1	0	0	0	0.99708104	1.0110402	6.444175e-05	5.5025774e-07	-9.9158672e-08	4.990261e-07	1.1578673e-05	3.2928248e-07	-1.4630436e-07	3.2380923e-07	-2.7994214e-09	-2.5339208e-05	4.4355233e-07	6.4442391e-05	6.4369866e-05	-0.0011266955
0.016	1.016	0	0	0	1	0	0	0	0.99661971	1.0125656	7.4002668e-05	5.987173e-07	-1.0801501e-07	5.4226479e-07	1.3356677e-05	3.6967128e-07	-1.5801352e-07	3.6275675e-07	-3.1043063e-09	-2.9118747e-05	5.818182e-07	7.4003389e-05	7.3922271e-05	-0.0010973438
0.018	1.018	0	0	0	1	0	0	0	0.99615162	1.0140823	8.3611308e-05	6.4283691e-07	-1.1599412e-07	5.815287e-07	1.5144749e-05	4.0809198e-07	-1.6833371e-07	3.996268e-07	-3.3973677e-09	-3.2917553e-05	7.3924141e-07	8.3612109e-05	8.3523484e-05	-0.00106108
0.02	1.02	0	0	0	1	0	0	0	0.99567703	1.0155906	9.3261041e-05	6.8327492e-07	-1.2312936e-07	6.1741265e-07	1.6940299e-05	4.4468801e-07	-1.7739709e-07	4.3457823e-07	-3.6857503e-09	-3.6732551e-05	9.1591213e-07	9.3261922e-05	9.3166723e-05	-0.0010218054
0.022	1.022	0	0	0	1	0	0	0	0.99519592	1.0170902	0.00010294636	7.2054953e-07	-1.2943351e-07	6.5038157e-07	1.8741245e-05	4.7960048e-07	-1.8529842e-07	4.6776245e-07	-3.9759895e-09	-4.0561209e-05	1.1119083e-06	0.00010294732	0.00010284636	-0.00098161566
0.024	1.024	0	0	0	1	0	0	0	0.994708	1.018581	0.00011266251	7.5507508e-07	-1.3490668e-07	6.8080598e-07	2.0545738e-05	5.1296471e-07	-1.9210702e-07	4.9932026e-07	-4.274821e-09	-4.4401324e-05	1.3272976e-06	0.00011266356	0.00011255758	-0.00094158073
0.026	1.026	0	0	0	1	0	0	0	0.99421264	1.0200622	0.00012240521	7.8718722e-07	-1.3954039e-07	7.0898589e-07	2.2351991e-05	5.4490752e-07	-1.978741e-07	5.2937958e-07	-4.5898329e-09	-4.8250871e-05	1.5621386e-06	0.00012240636	0.00012229603	-0.00090218173
0.028	1.028	0	0	0	1	0	0	0	0.99370884	1.0215327	0.00013217038	8.1716035e-07	-1.4331946e-07	7.3516689e-07	2.415812e-05	5.7554511e-07	-2.0263734e-07	5.5805358e-07	-4.9300596e-09	-5.2107856e-05	1.8164817e-06	0.00013217163	0.00013205759	-0.00086355061
0.03	1.03	0	0	0	1	0	0	0	0.99319511	1.022991	0.00014195384	8.4521964e-07	-1.46223e-07	7.5955104e-07	2.5961983e-05	6.0498108e-07	-2.0642428e-07	5.8543856e-07	-5.3066018e-09	-5.5970173e-05	2.090369e-06	0.00014195522	0.00014183812	-0.00082560218
0.032	1.032	0	0	0	1	0	0	0	0.99266925	1.0244347	0.00015175105	8.7154917e-07	-1.4822529e-07	7.8230399e-07	2.7760974e-05	6.3330379e-07	-2.0925516e-07	6.1161104e-07	-5.7333427e-09	-5.983543e-05	2.3838342e-06	0.00015175258	0.00015163308	-0.00078810874
0.034	1.034	0	0	0	1	0	0	0	0.99212812	1.0258605	0.00016155664	8.9629688e-07	-1.4929712e-07	8.0355928e-07	2.9551741e-05	6.6058243e-07	-2.1114613e-07	6.3662316e-07	-6.227818e-09	-6.3700717e-05	2.6969013e-06	0.00016155835	0.00016143715	-0.0007507462
0.036	1.036	0	0	0	1	0	0	0	0.99156711	1.0272635	0.00017136388	9.1957673e-07	-1.4940839e-07	8.2341994e-07	3.1329779e-05	6.8686066e-07	-2.1211354e-07	6.6049535e-07	-6.8122626e-09	-6.7562282e-05	3.0295828e-06	0.00017136584	0.00017124372	-0.00071313058
0.038	1.038	0	0	0	1	0	0	0	0.99097954	1.0286368	0.00018116388	9.4146822e-07	-1.4853304e-07	8.4195762e-07	3.3088842e-05	7.1214648e-07	-2.1218023e-07	6.8320506e-07	-7.5147596e-09	-7.1415067e-05	3.3818762e-06	0.00018116615	0.00018104397	-0.0006748573
0.04	1.04	0	0	0	1	0	0	0	0.9903557	1.0299699	0.00019094444	9.6201299e-07	-1.4665787e-07	8.5920907e-07	3.4820119e-05	7.3639696e-07	-2.1138499e-07	7.0467049e-07	-8.3701528e-09	-7.5252061e-05	3.7537587e-06	0.00019094715	0.00019082587	-0.00063554088
0.042	1.042	0	0	0	1	0	0	0	0.98968163	1.0312483	0.00020068867	9.8120937e-07	-1.4379715e-07	8.7517065e-07	3.65112e-05	7.5949753e-07	-2.097961e-07	7.2472995e-07	-9.4197921e-09	-7.9063485e-05	4.1451797e-06	0.00020069201	0.00020057271	-0.00059481097
0.044	1.044	0	0	0	1	0	0	0	0.98893798	1.0324513	0.0002103737	9.990077e-07	-1.4001425e-07	8.8979356e-07	3.8145138e-05	7.8124058e-07	-2.0752799e-07	7.4312395e-07	-1.0708124e-08	-8.2836044e-05	4.5560495e-06	0.00021037794	0.00021026184	-0.00055216061
0.046	1.046	0	0	0	1	0	0	0	0.98810008	1.0335527	0.00021997062	1.0153146e-06	-1.3544626e-07	9.029879e-07	3.9700516e-05	8.0131963e-07	-2.0475453e-07	7.5949949e-07	-1.2273141e-08	-8.6552954e-05	4.986227e-06	0.00021997613	0.00021986474	-0.00050665043
0.048	1.048	0	0	0	1	0	0	0	0.98714096	1.0345237	0.00022944796	1.03002e-06	-1.3031632e-07	9.1464834e-07	4.1154164e-05	8.1937094e-07	-2.0170387e-07	7.7347033e-07	-1.4129321e-08	-9.0195998e-05	5.4355085e-06	0.00022945524	0.00022935039	-0.00045714578
0.05	1.05	0	0	0	1	0	0	0	0.98603856	1.0353405	0.00023877988	1.0430528e-06	-1.24909e-07	9.2470773e-07	4.2487435e-05	8.3508515e-07	-1.9861857e-07	7.8474941e-07	-1.6249627e-08	-9.3750354e-05	5.9036286e-06	0.00023878945	0.00023869296	-0.00040423767
0.052	1.052	0	0	0	1	0	0	0	0.98478414	1.0359929	0.00024795572	1.0544403e-06	-1.1950191e-07	9.3319456e-07	4.3693417e-05	8.4834615e-07	-1.9569069e-07	7.9329316e-07	-1.8562657e-08	-9.7210193e-05	6.3902803e-06	0.00024796804	0.00024788068	-0.00035240979
0.054	1.054	0	0	0	1	0	0	0	0.98338529	1.0364881	0.00025698351	1.0643243e-06	-1.1429379e-07	9.402475e-07	4.4779395e-05	8.5929027e-07	-1.9301671e-07	7.9933969e-07	-2.0973716e-08	-0.00010058064	6.8951513e-06	0.00025699884	0.00025691963	-0.00030827838
0.056	1.056	0	0	0	1	0	0	0	0.98186113	1.0368453	0.00026588447	1.0729184e-06	-1.0937962e-07	9.4607458e-07	4.5762547e-05	8.6823827e-07	-1.9060413e-07	8.0330831e-07	-2.3394911e-08	-0.00010387454	7.4179589e-06	0.0002659029	0.00026582952	-0.00027600777
0.058	1.058	0	0	0	1	0	0	0	0.98023448	1.0370881	0.0002746842	1.0804486e-06	-1.0477435e-07	9.5089536e-07	4.6663137e-05	8.7557322e-07	-1.8841043e-07	8.0565643e-07	-2.5763077e-08	-0.00010710719	7.9584694e-06	0.00027470568	0.00027463549	-0.00025555076
0.06	1.06	0	0	0	1	0	0	0	0.97852643	1.037238	0.00028340638	1.0871142e-06	-1.0045061e-07	9.5490339e-07	4.7499748e-05	8.8165068e-07	-1.8637916e-07	8.0678629e-07	-2.8041368e-08	-0.0001102927	8.5165008e-06	0.00028343078	0.00028336154	-0.00024434853
0.062	1.062	0	0	0	1	0	0	0	0.97675411	1.0373129	0.0002920703	1.0930757e-06	-9.6366482e-08	9.5825398e-07	4.8287452e-05	8.8676229e-07	-1.8445898e-07	8.0701447e-07	-3.0212717e-08	-0.00011344251	9.0919156e-06	0.00029209746	0.00029202754	-0.00023941267
0.064	1.064	0	0	0	1	0	0	0	0.97493064	1.0373262	0.0003006907	1.0984565e-06	-9.2479738e-08	9.6106662e-07	4.9037777e-05	8.9113333e-07	-1.826097e-07	8.0657694e-07	-3.227246e-08	-0.0001165654	9.684611e-06	0.00030072045	0.0003006488	-0.00023832531
0.066	1.066	0	0	0	1	0	0	0	0.97306581	1.0372881	0.00030927859	1.1033505e-06	-8.8753369e-08	9.6343208e-07	4.9759326e-05	8.9493349e-07	-1.8080212e-07	8.0564574e-07	-3.4222844e-08	-0.0001196679	1.0294511e-05	0.00030931079	0.00030923675	-0.00023941461
0.068	1.068	0	0	0	1	0	0	0	0.97116689	1.0372062	0.00031784214	1.1078295e-06	-8.5156761e-08	9.6541951e-07	5.0458487e-05	8.9828988e-07	-1.7901586e-07	8.0434566e-07	-3.6069584e-08	-0.00012275485	1.0921558e-05	0.00031787664	0.00031779986	-0.00024161465
0.07	1.07	0	0	0	1	0	0	0	0.96923929	1.037086	0.00032638742	1.1119489e-06	-8.1665213e-08	9.6708228e-07	5.1140027e-05	9.0129806e-07	-1.772371e-07	8.0276768e-07	-3.7819869e-08	-0.00012582987	1.156571e-05	0.0003264241	0.00032634438	-0.00024427801
0.072	1.072	0	0	0	1	0	0	0	0.9672871	1.0369318	0.00033491899	1.1157522e-06	-7.8258958e-08	9.684622e-07	5.1807536e-05	9.0403059e-07	-1.7545666e-07	8.0097874e-07	-3.9481284e-08	-0.00012889568	1.2226936e-05	0.00033495774	0.00033487501	-0.00024702596
0.074	1.074	0	0	0	1	0	0	0	0.96531339	1.0367466	0.00034344031	1.1192742e-06	-7.4922174e-08	9.695926e-07	5.2463757e-05	9.0654319e-07	-1.7366862e-07	7.9902868e-07	-4.1061247e-08	-0.00013195433	1.290521e-05	0.00034348102	0.0003433953	-0.00024964602
0.076	1.076	0	0	0	1	0	0	0	0.96332057	1.0365329	0.00035195404	1.1225429e-06	-7.1642139e-08	9.7050053e-07	5.3110806e-05	9.088792e-07	-1.7186931e-07	7.9695503e-07	-4.2566741e-08	-0.00013500743	1.3600517e-05	0.00035199664	0.00035190795	-0.00025202656
0.078	1.078	0	0	0	1	0	0	0	0.96131047	1.0362927	0.00036046226	1.1255818e-06	-6.8408546e-08	9.7120824e-07	5.3750344e-05	9.1107277e-07	-1.7005663e-07	7.9478641e-07	-4.4004206e-08	-0.0001380562	1.4312842e-05	0.00036050666	0.00036041507	-0.00025411614
0.08	1.08	0	0	0	1	0	0	0	0.95928457	1.0360273	0.0003689666	1.1284103e-06	-6.5212978e-08	9.7173435e-07	5.4383688e-05	9.1315111e-07	-1.6822954e-07	7.9254488e-07	-4.5379512e-08	-0.00014110164	1.5042177e-05	0.00036901274	0.00036891833	-0.0002558987
0.082	1.082	0	0	0	1	0	0	0	0.95724402	1.035738	0.00037746837	1.131045e-06	-6.2048497e-08	9.7209462e-07	5.5011895e-05	9.1513617e-07	-1.6638774e-07	7.9024763e-07	-4.6697976e-08	-0.00014414452	1.5788515e-05	0.00037751618	0.00037741904	-0.0002573784
0.084	1.084	0	0	0	1	0	0	0	0.95518977	1.0354257	0.00038596861	1.1334998e-06	-5.8909333e-08	9.7230257e-07	5.5635825e-05	9.1704586e-07	-1.6453139e-07	7.8790821e-07	-4.79644e-08	-0.00014718549	1.6551853e-05	0.00038601803	0.00038591824	-0.00025857052
0.086	1.086	0	0	0	1	0	0	0	0.95312258	1.0350911	0.00039446818	1.1357873e-06	-5.5790641e-08	9.723699e-07	5.6256183e-05	9.1889492e-07	-1.6266102e-07	7.8553736e-07	-4.9183117e-08	-0.00015022506	1.7332188e-05	0.00039451917	0.00039441682	-0.00025949589
0.088	1.088	0	0	0	1	0	0	0	0.95104306	1.0347348	0.00040296778	1.1379181e-06	-5.2688318e-08	9.7230685e-07	5.6873555e-05	9.2069563e-07	-1.6077733e-07	7.8314369e-07	-5.0358034e-08	-0.00015326366	1.812952e-05	0.00040302029	0.00040291546	-0.00026017761
0.09	1.09	0	0	0	1	0	0	0	0.94895172	1.0343574	0.000411468	1.1399016e-06	-4.9598853e-08	9.7212245e-07	5.7488432e-05	9.2245826e-07	-1.5888118e-07	7.8073418e-07	-5.1492678e-08	-0.00015630165	1.894385e-05	0.00041152199	0.00041141476	-0.00026063916
0.092	1.092	0	0	0	1	0	0	0	0.94684901	1.0339591	0.00041996933	1.1417464e-06	-4.6519222e-08	9.7182472e-07	5.8101229e-05	9.2419153e-07	-1.5697346e-07	7.7831446e-07	-5.2590241e-08	-0.00015933932	1.9775179e-05	0.00042002476	0.00041991521	-0.00026090324
0.094	1.094	0	0	0	1	0	0	0	0.94473525	1.0335404	0.00042847217	1.1434599e-06	-4.344679e-08	9.7142084e-07	5.8712299e-05	9.2590287e-07	-1.5505514e-07	7.7588919e-07	-5.365361e-08	-0.00016237694	2.0623511e-05	0.00042852902	0.00042841721	-0.0002609912
0.096	1.096	0	0	0	1	0	0	0	0.94261076	1.0331014	0.00043697689	1.1450489e-06	-4.0379246e-08	9.7091725e-07	5.9321947e-05	9.2759867e-07	-1.5312714e-07	7.7346217e-07	-5.4685404e-08	-0.00016541472	2.1488848e-05	0.00043703512	0.00043692112	-0.00026092279
0.098	1.098	0	0	0	1	0	0	0	0.94047578	1.0326424	0.00044548378	1.1465197e-06	-3.7314541e-08	9.703198e-07	5.9930436e-05	9.2928445e-07	-1.5119041e-07	7.7103659e-07	-5.5688006e-08	-0.00016845284	2.2371196e-05	0.00044554337	0.00044542724	-0.00026071604
0.1	1.1	0	0	0	1	0	0	0	0.93833053	1.0321636	0.00045399311	1.1478776e-06	-3.4250847e-08	9.6963378e-07	6.0537996e-05	9.3096505e-07	-1.4924583e-07	7.6861507e-07	-5.6663583e-08	-0.00017149148	2.3270557e-05	0.00045405404	0.00045393584	-0.00026038727
0.102	1.102	0	0	0	1	0	0	0	0.93617517	1.031665	0.00046250511	1.1491279e-06	-3.1186515e-08	9.6886404e-07	6.114483e-05	9.3264469e-07	-1.4729426e-07	7.6619985e-07	-5.7614113e-08	-0.00017453078	2.4186939e-05	0.00046256734	0.00046244713	-0.00025995119
0.104	1.104	0	0	0	1	0	0	0	0.93400987	1.0311469	0.00047101998	1.1502751e-06	-2.8120047e-08	9.6801503e-07	6.1751116e-05	9.3432711e-07	-1.453365e-07	7.637928e-07	-5.8541406e-08	-0.00017757085	2.5120346e-05	0.0004710835	0.00047096132	-0.000259421
0.106	1.106	0	0	0	1	0	0	0	0.93183475	1.0306092	0.00047953789	1.1513235e-06	-2.5050069e-08	9.670908e-07	6.2357014e-05	9.3601564e-07	-1.4337332e-07	7.6139549e-07	-5.9447115e-08	-0.00018061182	2.6070784e-05	0.00047960268	0.00047947859	-0.00025880849
0.108	1.108	0	0	0	1	0	0	0	0.92964991	1.0300521	0.000488059	1.1522772e-06	-2.1975311e-08	9.6609515e-07	6.2962666e-05	9.3771326e-07	-1.4140542e-07	7.5900931e-07	-6.033276e-08	-0.00018365378	2.703826e-05	0.00048812506	0.00048799909	-0.00025812422
0.11	1.11	0	0	0	1	0	0	0	0.92745545	1.0294756	0.00049658346	1.1531397e-06	-1.8894588e-08	9.6503154e-07	6.3568201e-05	9.3942264e-07	-1.3943345e-07	7.566354e-07	-6.1199737e-08	-0.00018669682	2.8022781e-05	0.00049665076	0.00049652297	-0.00025737758
0.112	1.112	0	0	0	1	0	0	0	0.92525146	1.0288796	0.0005051114	1.1539144e-06	-1.5806786e-08	9.6390322e-07	6.4173737e-05	9.4114622e-07	-1.3745802e-07	7.5427478e-07	-6.2049331e-08	-0.00018974103	2.9024352e-05	0.00050517993	0.00050505035	-0.00025657696
0.114	1.114	0	0	0	1	0	0	0	0.92303798	1.0282643	0.00051364294	1.1546046e-06	-1.2710849e-08	9.6271319e-07	6.4779379e-05	9.4288619e-07	-1.3547966e-07	7.5192832e-07	-6.2882727e-08	-0.00019278648	3.0042982e-05	0.00051371268	0.00051358134	-0.0002557298
0.116	1.116	0	0	0	1	0	0	0	0.92081509	1.0276296	0.00052217817	1.155213e-06	-9.6057674e-09	9.6146427e-07	6.5385225e-05	9.4464461e-07	-1.3349887e-07	7.495968e-07	-6.3701019e-08	-0.00019583323	3.1078677e-05	0.00052224912	0.00052211607	-0.00025484276
0.118	1.118	0	0	0	1	0	0	0	0.91858282	1.0269756	0.00053071721	1.1557424e-06	-6.4905683e-09	9.6015909e-07	6.5991367e-05	9.4642332e-07	-1.315161e-07	7.4728089e-07	-6.450522e-08	-0.00019888136	3.2131446e-05	0.00053078936	0.00053065462	-0.00025392172
0.12	1.12	0	0	0	1	0	0	0	0.91634121	1.0263022	0.00053926015	1.1561955e-06	-3.3643085e-09	9.5880009e-07	6.6597886e-05	9.4822408e-07	-1.2953175e-07	7.4498121e-07	-6.5296266e-08	-0.00020193091	3.3201296e-05	0.00053933349	0.00053919709	-0.00025297196
0.122	1.122	0	0	0	1	0	0	0	0.9140903	1.0256093	0.00054780707	1.1565746e-06	-2.2606646e-10	9.5738961e-07	6.7204861e-05	9.5004851e-07	-1.2754615e-07	7.4269828e-07	-6.6075029e-08	-0.00020498195	3.4288235e-05	0.00054788159	0.00054774356	-0.00025199813
0.124	1.124	0	0	0	1	0	0	0	0.9118301	1.024897	0.00055635806	1.156882e-06	2.9250643e-09	9.5592981e-07	6.7812366e-05	9.5189812e-07	-1.255596e-07	7.4043261e-07	-6.6842317e-08	-0.00020803453	3.539227e-05	0.00055643375	0.00055629412	-0.00025100439
0.126	1.126	0	0	0	1	0	0	0	0.90956065	1.0241653	0.00056491319	1.1571198e-06	6.0899809e-09	9.5442274e-07	6.8420468e-05	9.5377435e-07	-1.2357237e-07	7.3818465e-07	-6.7598881e-08	-0.00021108869	3.6513411e-05	0.00056499005	0.00056484884	-0.00024999443
0.128	1.128	0	0	0	1	0	0	0	0.90728195	1.023414	0.00057347254	1.15729e-06	9.2695761e-09	9.5287035e-07	6.9029232e-05	9.5567858e-07	-1.2158466e-07	7.359548e-07	-6.8345424e-08	-0.00021414448	3.7651665e-05	0.00057355057	0.0005734078	-0.00024897151
0.13	1.13	0	0	0	1	0	0	0	0.90499402	1.0226432	0.00058203618	1.1573945e-06	1.2464743e-08	9.5127447e-07	6.9638721e-05	9.576121e-07	-1.1959664e-07	7.3374346e-07	-6.9082597e-08	-0.00021720194	3.8807042e-05	0.00058211537	0.00058197107	-0.00024793856
0.132	1.132	0	0	0	1	0	0	0	0.90269685	1.0218528	0.00059060418	1.1574351e-06	1.567638e-08	9.4963683e-07	7.0248992e-05	9.5957617e-07	-1.1760844e-07	7.31551e-07	-6.9811013e-08	-0.00022026112	3.997955e-05	0.00059068453	0.00059053872	-0.00024689814
0.134	1.134	0	0	0	1	0	0	0	0.90039047	1.0210428	0.00059917661	1.1574136e-06	1.8905395e-08	9.4795909e-07	7.0860103e-05	9.6157199e-07	-1.1562013e-07	7.2937775e-07	-7.0531243e-08	-0.00022332206	4.1169197e-05	0.00059925811	0.00059911082	-0.00024585255
0.136	1.136	0	0	0	1	0	0	0	0.89807486	1.020213	0.00060775353	1.1573314e-06	2.2152707e-08	9.4624281e-07	7.1472106e-05	9.6360074e-07	-1.1363176e-07	7.2722406e-07	-7.1243821e-08	-0.0002263848	4.2375993e-05	0.00060783618	0.00060768742	-0.0002448038
0.138	1.138	0	0	0	1	0	0	0	0.89575003	1.0193635	0.00061633501	1.1571902e-06	2.5419252e-08	9.4448949e-07	7.2085054e-05	9.6566357e-07	-1.1164334e-07	7.2509025e-07	-7.1949251e-08	-0.00022944937	4.3599947e-05	0.00061641881	0.00061626859	-0.00024375369
0.14	1.14	0	0	0	1	0	0	0	0.89341596	1.0184942	0.00062492111	1.1569915e-06	2.8705987e-08	9.4270055e-07	7.2698997e-05	9.677616e-07	-1.0965483e-07	7.2297663e-07	-7.2648002e-08	-0.00023251582	4.4841067e-05	0.00062500606	0.0006248544	-0.0002427038
0.142	1.142	0	0	0	1	0	0	0	0.89107267	1.017605	0.00063351189	1.1567365e-06	3.201389e-08	9.4087737e-07	7.3313984e-05	9.6989592e-07	-1.0766616e-07	7.2088351e-07	-7.3340518e-08	-0.00023558418	4.6099364e-05	0.00063359798	0.00063344491	-0.0002416555
0.144	1.144	0	0	0	1	0	0	0	0.88872013	1.0166958	0.00064210741	1.1564267e-06	3.5343967e-08	9.3902122e-07	7.3930062e-05	9.7206763e-07	-1.0567722e-07	7.1881121e-07	-7.4027217e-08	-0.00023865448	4.7374847e-05	0.00064219465	0.00064204017	-0.00024061004
0.146	1.146	0	0	0	1	0	0	0	0.88635833	1.0157667	0.00065070773	1.1560632e-06	3.8697252e-08	9.3713338e-07	7.4547279e-05	9.7427781e-07	-1.0368787e-07	7.1676004e-07	-7.4708492e-08	-0.00024172677	4.8667525e-05	0.00065079613	0.00065064026	-0.00023956848
0.148	1.148	0	0	0	1	0	0	0	0.88398728	1.0148174	0.00065931292	1.1556474e-06	4.2074813e-08	9.3521503e-07	7.5165679e-05	9.7652755e-07	-1.0169792e-07	7.147303e-07	-7.5384713e-08	-0.00024480107	4.9977408e-05	0.00065940247	0.00065924522	-0.00023853176
0.15	1.15	0	0	0	1	0	0	0	0.88160694	1.013848	0.00066792304	1.1551804e-06	4.5477752e-08	9.3326731e-07	7.5785307e-05	9.788179e-07	-9.9707155e-08	7.1272232e-07	-7.6056232e-08	-0.00024787743	5.1304506e-05	0.00066801373	0.00066785512	-0.00023750069
0.152	1.152	0	0	0	1	0	0	0	0.87921732	1.0128584	0.00067653814	1.1546633e-06	4.890721e-08	9.3129135e-07	7.6406207e-05	9.8114997e-07	-9.7715315e-08	7.1073642e-07	-7.672338e-08	-0.00025095587	5.2648829e-05	0.00067662999	0.00067647002	-0.00023647598
0.154	1.154	0	0	0	1	0	0	0	0.87681839	1.0118484	0.00068515828	1.1540971e-06	5.236437e-08	9.292882e-07	7.7028423e-05	9.8352482e-07	-9.5722109e-08	7.0877291e-07	-7.7386473e-08	-0.00025403644	5.4010386e-05	0.00068525128	0.00068508997	-0.00023545824
0.156	1.156	0	0	0	1	0	0	0	0.87441015	1.0108181	0.00069378353	1.153483e-06	5.5850461e-08	9.272589e-07	7.7651996e-05	9.8594357e-07	-9.3727208e-08	7.0683215e-07	-7.8045809e-08	-0.00025711916	5.5389188e-05	0.00069387769	0.00069371505	-0.000234448
0.158	1.158	0	0	0	1	0	0	0	0.87199256	1.0097674	0.00070241395	1.1528219e-06	5.9366756e-08	9.2520442e-07	7.8276971e-05	9.8840732e-07	-9.1730248e-08	7.0491447e-07	-7.8701671e-08	-0.00026020407	5.6785246e-05	0.00070250927	0.00070234531	-0.00023344568
0.16	1.16	0	0	0	1	0	0	0	0.86956562	1.0086961	0.0007110496	1.1521147e-06	6.2914585e-08	9.2312574e-07	7.8903389e-05	9.9091719e-07	-8.9730825e-08	7.0302023e-07	-7.9354329e-08	-0.00026329121	5.819857e-05	0.00071114608	0.00071098081	-0.00023245168
0.162	1.162	0	0	0	1	0	0	0	0.86712931	1.0076043	0.00071969054	1.1513624e-06	6.6495327e-08	9.2102378e-07	7.9531291e-05	9.9347433e-07	-8.7728501e-08	7.011498e-07	-8.0004041e-08	-0.00026638061	5.9629169e-05	0.00071978818	0.00071962161	-0.00023146628
0.164	1.164	0	0	0	1	0	0	0	0.86468362	1.0064917	0.00072833683	1.1505659e-06	7.0110424e-08	9.1889945e-07	8.016072e-05	9.9607991e-07	-8.5722797e-08	6.9930356e-07	-8.0651052e-08	-0.0002694723	6.1077056e-05	0.00072843564	0.00072826778	-0.00023048974
0.166	1.166	0	0	0	1	0	0	0	0.86222851	1.0053584	0.00073698853	1.149726e-06	7.3761376e-08	9.1675361e-07	8.0791717e-05	9.9873511e-07	-8.3713198e-08	6.9748191e-07	-8.1295597e-08	-0.00027256632	6.2542241e-05	0.00073708852	0.00073691938	-0.00022952226
0.168	1.168	0	0	0	1	0	0	0	0.85976397	1.0042043	0.00074564572	1.1488437e-06	7.7449749e-08	9.1458712e-07	8.1424325e-05	1.0014412e-06	-8.169915e-08	6.9568526e-07	-8.1937899e-08	-0.0002756627	6.4024734e-05	0.00074574688	0.00074557647	-0.00022856399
0.17	1.17	0	0	0	1	0	0	0	0.85728999	1.0030293	0.00075430845	1.1479196e-06	8.117718e-08	9.1240081e-07	8.2058583e-05	1.0041993e-06	-7.9680057e-08	6.9391404e-07	-8.2578175e-08	-0.00027876149	6.5524546e-05	0.00075441079	0.00075423912	-0.00022761503
0.172	1.172	0	0	0	1	0	0	0	0.85480654	1.0018333	0.00076297679	1.1469547e-06	8.4945377e-08	9.1019548e-07	8.2694535e-05	1.0070108e-06	-7.7655285e-08	6.9216868e-07	-8.321663e-08	-0.0002818627	6.704169e-05	0.00076308032	0.00076290739	-0.00022667546
0.174	1.174	0	0	0	1	0	0	0	0.8523136	1.0006162	0.00077165081	1.1459496e-06	8.8756127e-08	9.0797191e-07	8.3332221e-05	1.009877e-06	-7.5624156e-08	6.9044966e-07	-8.3853463e-08	-0.00028496639	6.8576176e-05	0.00077175553	0.00077158135	-0.00022574531
0.176	1.176	0	0	0	1	0	0	0	0.84981116	0.99937792	0.00078033057	1.1449051e-06	9.2611298e-08	9.0573087e-07	8.3971684e-05	1.0127992e-06	-7.3585952e-08	6.8875746e-07	-8.4488867e-08	-0.00028807259	7.0128016e-05	0.00078043649	0.00078026107	-0.00022482458
0.178	1.178	0	0	0	1	0	0	0	0.84729919	0.99811845	0.00078901615	1.143822e-06	9.6512846e-08	9.0347312e-07	8.4612966e-05	1.0157789e-06	-7.153991e-08	6.8709258e-07	-8.5123025e-08	-0.00029118133	7.169722e-05	0.00078912326	0.00078894661	-0.00022391326
0.18	1.18	0	0	0	1	0	0	0	0.84477767	0.99683765	0.0007977076	1.142701e-06	1.0046282e-07	9.0119939e-07	8.5256109e-05	1.0188174e-06	-6.9485219e-08	6.8545557e-07	-8.5756115e-08	-0.00029429265	7.3283802e-05	0.00079781592	0.00079763804	-0.00022301129
0.182	1.182	0	0	0	1	0	0	0	0.84224659	0.99553547	0.00080640501	1.1415427e-06	1.0446335e-07	8.989104e-07	8.5901155e-05	1.0219163e-06	-6.7421026e-08	6.8384696e-07	-8.6388312e-08	-0.00029740659	7.4887772e-05	0.00080651454	0.00080633544	-0.00022211861
0.184	1.184	0	0	0	1	0	0	0	0.83970592	0.99421181	0.00081510844	1.1403479e-06	1.0851669e-07	8.9660685e-07	8.6548148e-05	1.0250771e-06	-6.5346427e-08	6.8226733e-07	-8.7019781e-08	-0.00030052319	7.6509144e-05	0.00081521919	0.00081503888	-0.00022123512
0.186	1.186	0	0	0	1	0	0	0	0.83715564	0.99286659	0.00082381796	1.1391172e-06	1.1262519e-07	8.9428943e-07	8.719713e-05	1.0283014e-06	-6.3260468e-08	6.807173e-07	-8.7650686e-08	-0.00030364248	7.8147928e-05	0.00082392994	0.00082374842	-0.0002203607
0.188	1.188	0	0	0	1	0	0	0	0.83459574	0.99149974	0.00083253366	1.1378513e-06	1.1679132e-07	8.9195884e-07	8.7848145e-05	1.0315908e-06	-6.1162144e-08	6.791975e-07	-8.8281186e-08	-0.00030676451	7.9804137e-05	0.00083264687	0.00083246415	-0.00021949525
0.19	1.19	0	0	0	1	0	0	0	0.83202619	0.99011117	0.0008412556	1.1365509e-06	1.2101767e-07	8.8961574e-07	8.8501236e-05	1.034947e-06	-5.9050395e-08	6.777086e-07	-8.8911435e-08	-0.00030988931	8.1477785e-05	0.00084137005	0.00084118613	-0.0002186386
0.192	1.192	0	0	0	1	0	0	0	0.82944698	0.9887008	0.00084998386	1.1352165e-06	1.2530693e-07	8.8726079e-07	8.9156449e-05	1.0383719e-06	-5.6924106e-08	6.7625129e-07	-8.9541584e-08	-0.00031301692	8.3168882e-05	0.00085009955	0.00084991445	-0.00021779061
0.194	1.194	0	0	0	1	0	0	0	0.82685808	0.98726855	0.00085871852	1.1338488e-06	1.2966197e-07	8.8489464e-07	8.9813827e-05	1.0418672e-06	-5.4782104e-08	6.7482631e-07	-9.0171781e-08	-0.00031614739	8.4877442e-05	0.00085883546	0.00085864918	-0.00021695111
0.196	1.196	0	0	0	1	0	0	0	0.82425948	0.98581434	0.00086745966	1.1324485e-06	1.3408577e-07	8.8251794e-07	9.0473416e-05	1.0454349e-06	-5.2623153e-08	6.7343442e-07	-9.080217e-08	-0.00031928076	8.6603479e-05	0.00086757786	0.0008673904	-0.00021611991
0.198	1.198	0	0	0	1	0	0	0	0.82165116	0.98433809	0.00087620736	1.1310161e-06	1.3858147e-07	8.8013132e-07	9.1135261e-05	1.049077e-06	-5.0445954e-08	6.7207644e-07	-9.1432894e-08	-0.00032241706	8.8347004e-05	0.00087632682	0.00087613819	-0.00021529683
0.2	1.2	0	0	0	1	0	0	0	0.81903311	0.98283973	0.00088496169	1.1295522e-06	1.4315236e-07	8.7773541e-07	9.1799408e-05	1.0527955e-06	-4.8249143e-08	6.7075321e-07	-9.2064094e-08	-0.00032555635	9.0108031e-05	0.00088508243	0.00088489264	-0.00021448167
0.202	1.202	0	0	0	1	0	0	0	0.8164053	0.98131917	0.00089372275	1.1280575e-06	1.4780191e-07	8.7533084e-07	9.2465904e-05	1.0565927e-06	-4.6031284e-08	6.6946563e-07	-9.2695907e-08	-0.00032869865	9.1886574e-05	0.00089384477	0.00089365382	-0.00021367421
0.204	1.204	0	0	0	1	0	0	0	0.81376772	0.97977634	0.00090249062	1.1265325e-06	1.5253377e-07	8.7291822e-07	9.3134795e-05	1.0604707e-06	-4.3790869e-08	6.6821465e-07	-9.3328471e-08	-0.00033184403	9.3682647e-05	0.00090261393	0.00090242183	-0.00021287425
0.206	1.206	0	0	0	1	0	0	0	0.81112036	0.97821115	0.00091126538	1.1249778e-06	1.5735176e-07	8.7049817e-07	9.380613e-05	1.064432e-06	-4.1526311e-08	6.6700124e-07	-9.396192e-08	-0.00033499252	9.5496262e-05	0.00091138999	0.00091119674	-0.00021208155
0.208	1.208	0	0	0	1	0	0	0	0.80846319	0.97662353	0.00092004712	1.1233941e-06	1.6225992e-07	8.6807129e-07	9.4479957e-05	1.0684789e-06	-3.9235944e-08	6.6582645e-07	-9.4596389e-08	-0.00033814416	9.7327434e-05	0.00092017303	0.00091997865	-0.00021129589
0.21	1.21	0	0	0	1	0	0	0	0.80579621	0.97501341	0.00092883593	1.1217819e-06	1.6726249e-07	8.6563819e-07	9.5156323e-05	1.0726142e-06	-3.6918017e-08	6.6469138e-07	-9.5232012e-08	-0.00034129901	9.9176176e-05	0.00092896316	0.00092876764	-0.00021051703
0.212	1.212	0	0	0	1	0	0	0	0.80311939	0.97338071	0.00093763191	1.1201417e-06	1.7236393e-07	8.6319947e-07	9.5835279e-05	1.0768404e-06	-3.4570686e-08	6.6359718e-07	-9.586892e-08	-0.00034445711	0.0001010425	0.00093776045	0.00093756381	-0.00020974474
0.214	1.214	0	0	0	1	0	0	0	0.80043274	0.97172535	0.00094643513	1.1184743e-06	1.7756896e-07	8.6075573e-07	9.6516874e-05	1.0811604e-06	-3.2192016e-08	6.6254509e-07	-9.6507247e-08	-0.0003476185	0.00010292643	0.00094656501	0.00094636724	-0.00020897876
0.216	1.216	0	0	0	1	0	0	0	0.79773623	0.97004726	0.00095524571	1.1167801e-06	1.8288254e-07	8.5830756e-07	9.7201158e-05	1.0855772e-06	-2.9779969e-08	6.6153638e-07	-9.7147126e-08	-0.00035078324	0.00010482797	0.00095537693	0.00095517804	-0.00020821884
0.218	1.218	0	0	0	1	0	0	0	0.79502986	0.96834636	0.00096406373	1.1150597e-06	1.8830988e-07	8.5585557e-07	9.7888183e-05	1.0900939e-06	-2.7332402e-08	6.6057242e-07	-9.7788688e-08	-0.00035395137	0.00010674714	0.00096419629	0.0009639963	-0.00020746473
0.22	1.22	0	0	0	1	0	0	0	0.79231361	0.9666226	0.00097288928	1.1133138e-06	1.9385652e-07	8.5340034e-07	9.8578001e-05	1.0947137e-06	-2.4847059e-08	6.5965465e-07	-9.8432068e-08	-0.00035712295	0.00010868396	0.00097302321	0.00097282211	-0.00020671618
0.222	1.222	0	0	0	1	0	0	0	0.78958747	0.96487589	0.00098172248	1.1115429e-06	1.9952828e-07	8.5094247e-07	9.9270663e-05	1.09944e-06	-2.2321567e-08	6.5878459e-07	-9.9077399e-08	-0.00036029802	0.00011063843	0.00098185777	0.00098165558	-0.00020597291
0.224	1.224	0	0	0	1	0	0	0	0.78685144	0.96310616	0.00099056342	1.1097476e-06	2.053313e-07	8.4848256e-07	9.9966222e-05	1.1042765e-06	-1.9753424e-08	6.5796385e-07	-9.9724816e-08	-0.00036347664	0.00011261058	0.00099070009	0.0009904968	-0.00020523466
0.226	1.226	0	0	0	1	0	0	0	0.78410551	0.96131335	0.00099941219	1.1079286e-06	2.1127207e-07	8.4602119e-07	0.00010066473	1.109227e-06	-1.7139996e-08	6.5719414e-07	-1.0037445e-07	-0.00036665885	0.00011460042	0.00099955025	0.00099934589	-0.00020450116
0.228	1.228	0	0	0	1	0	0	0	0.78134967	0.95949739	0.0010082689	1.1060863e-06	2.1735747e-07	8.4355897e-07	0.00010136625	1.1142954e-06	-1.4478506e-08	6.5647725e-07	-1.0102645e-07	-0.00036984471	0.00011660796	0.0010084084	0.0010082029	-0.00020377215
0.23	1.23	0	0	0	1	0	0	0	0.77858392	0.95765822	0.0010171337	1.1042215e-06	2.2359475e-07	8.410965e-07	0.00010207082	1.1194859e-06	-1.1766024e-08	6.5581511e-07	-1.0168095e-07	-0.00037303428	0.00011863323	0.0010172746	0.001017068	-0.00020304734
0.232	1.232	0	0	0	1	0	0	0	0.77580825	0.95579576	0.0010260066	1.1023348e-06	2.299916e-07	8.3863436e-07	0.00010277851	1.124803e-06	-8.99946e-09	6.5520975e-07	-1.0233809e-07	-0.0003762276	0.00012067624	0.0010261489	0.0010259413	-0.00020232645
0.234	1.234	0	0	0	1	0	0	0	0.77302266	0.95390996	0.0010348878	1.1004268e-06	2.3655616e-07	8.3617317e-07	0.00010348937	1.1302513e-06	-6.175551e-09	6.5466332e-07	-1.0299801e-07	-0.00037942474	0.000122737	0.0010350315	0.0010348229	-0.00020160923
0.236	1.236	0	0	0	1	0	0	0	0.77022715	0.95200076	0.0010437774	1.0984981e-06	2.4329704e-07	8.3371353e-07	0.00010420346	1.1358359e-06	-3.2908495e-09	6.5417811e-07	-1.0366086e-07	-0.00038262574	0.00012481553	0.0010439226	0.0010437129	-0.00020089537
0.238	1.238	0	0	0	1	0	0	0	0.76742172	0.95006809	0.0010526755	1.0965494e-06	2.5022339e-07	8.3125606e-07	0.00010492083	1.1415619e-06	-3.4171143e-10	6.5375657e-07	-1.0432679e-07	-0.00038583067	0.00012691185	0.0010528221	0.0010526114	-0.0002001846
0.24	1.24	0	0	0	1	0	0	0	0.76460637	0.9481119	0.0010615822	1.0945814e-06	2.573449e-07	8.2880136e-07	0.00010564155	1.1474349e-06	2.6757178e-09	6.5340128e-07	-1.0499594e-07	-0.00038903958	0.00012902597	0.0010617302	0.0010615185	-0.00019947663
0.242	1.242	0	0	0	1	0	0	0	0.76178111	0.94613213	0.0010704976	1.0925948e-06	2.6467186e-07	8.2635007e-07	0.00010636566	1.1534608e-06	5.7655185e-09	6.5311501e-07	-1.0566849e-07	-0.00039225253	0.00013115792	0.0010706471	0.0010704344	-0.00019877119
0.244	1.244	0	0	0	1	0	0	0	0.75894593	0.94412873	0.0010794218	1.0905902e-06	2.7221521e-07	8.239028e-07	0.00010709324	1.1596458e-06	8.9320129e-09	6.5290071e-07	-1.0634458e-07	-0.00039546958	0.00013330771	0.0010795729	0.0010793591	-0.00019806799
0.246	1.246	0	0	0	1	0	0	0	0.75610084	0.94210165	0.0010883551	1.0885685e-06	2.7998658e-07	8.214602e-07	0.00010782433	1.1659965e-06	1.2179783e-08	6.5276151e-07	-1.0702438e-07	-0.00039869079	0.00013547536	0.0010885076	0.0010882928	-0.00019736674
0.248	1.248	0	0	0	1	0	0	0	0.75324585	0.94005082	0.0010972974	1.0865303e-06	2.8799833e-07	8.1902292e-07	0.00010855901	1.1725199e-06	1.551369e-08	6.5270077e-07	-1.0770805e-07	-0.00040191622	0.00013766088	0.0010974514	0.0010972356	-0.00019666716
0.25	1.25	0	0	0	1	0	0	0	0.75038097	0.93797622	0.0011062489	1.0844766e-06	2.9626364e-07	8.165916e-07	0.00010929732	1.1792236e-06	1.8938896e-08	6.5272208e-07	-1.0839578e-07	-0.00040514593	0.0001398643	0.0011064044	0.0011061876	-0.00019596897
0.252	1.252	0	0	0	1	0	0	0	0.74750621	0.93587778	0.0011152097	1.082408e-06	3.0479654e-07	8.1416691e-07	0.00011003933	1.1861156e-06	2.2460885e-08	6.5282927e-07	-1.0908774e-07	-0.00040837998	0.00014208563	0.0011153668	0.001115149	-0.00019527189
0.254	1.254	0	0	0	1	0	0	0	0.74462158	0.93375546	0.00112418	1.0803254e-06	3.1361201e-07	8.1174955e-07	0.0001107851	1.1932043e-06	2.6085494e-08	6.5302646e-07	-1.0978412e-07	-0.00041161844	0.0001443249	0.0011243386	0.0011241199	-0.00019457564
0.256	1.256	0	0	0	1	0	0	0	0.74172709	0.93160922	0.0011331599	1.0782298e-06	3.2272603e-07	8.0934019e-07	0.00011153469	1.2004988e-06	2.9818932e-08	6.5331805e-07	-1.104851e-07	-0.00041486136	0.00014658211	0.0011333201	0.0011331004	-0.00019387995
0.258	1.258	0	0	0	1	0	0	0	0.73882275	0.92943902	0.0011421495	1.0761221e-06	3.3215567e-07	8.0693956e-07	0.00011228817	1.2080088e-06	3.3667821e-08	6.5370878e-07	-1.1119089e-07	-0.00041810882	0.0001488573	0.0011423112	0.0011420906	-0.00019318455
0.26	1.26	0	0	0	1	0	0	0	0.73590859	0.92724482	0.0011511489	1.0740033e-06	3.4191921e-07	8.0454838e-07	0.00011304559	1.2157449e-06	3.763922e-08	6.5420373e-07	-1.1190169e-07	-0.00042136087	0.00015115047	0.0011513123	0.0011510907	-0.00019248917
0.262	1.262	0	0	0	1	0	0	0	0.73298462	0.92502659	0.0011601584	1.0718744e-06	3.5203618e-07	8.0216741e-07	0.00011380701	1.223718e-06	4.1740668e-08	6.5480836e-07	-1.1261773e-07	-0.00042461759	0.00015346166	0.0011603233	0.0011601008	-0.00019179356
0.264	1.264	0	0	0	1	0	0	0	0.73005086	0.92278429	0.0011691779	1.0697367e-06	3.6252755e-07	7.9979743e-07	0.00011457251	1.2319402e-06	4.5980226e-08	6.5552857e-07	-1.1333922e-07	-0.00042787903	0.00015579088	0.0011693445	0.001169121	-0.00019109747
0.266	1.266	0	0	0	1	0	0	0	0.72710733	0.92051788	0.0011782077	1.0675911e-06	3.7341579e-07	7.9743925e-07	0.00011534213	1.2404243e-06	5.0366516e-08	6.5637071e-07	-1.140664e-07	-0.00043114526	0.00015813815	0.0011783759	0.0011781516	-0.00019040066
0.268	1.268	0	0	0	1	0	0	0	0.72415405	0.91822734	0.0011872479	1.0654392e-06	3.8472505e-07	7.9509371e-07	0.00011611595	1.2491843e-06	5.4908775e-08	6.5734164e-07	-1.1479953e-07	-0.00043441636	0.00016050348	0.0011874177	0.0011871925	-0.0001897029
0.27	1.27	0	0	0	1	0	0	0	0.72119105	0.91591264	0.0011962986	1.0632822e-06	3.9648126e-07	7.9276168e-07	0.00011689401	1.258235e-06	5.9616913e-08	6.5844877e-07	-1.1553885e-07	-0.00043769237	0.00016288692	0.0011964701	0.001196244	-0.00018900399
0.272	1.272	0	0	0	1	0	0	0	0.71821836	0.91357375	0.00120536	1.0611216e-06	4.0871236e-07	7.9044409e-07	0.00011767639	1.2675925e-06	6.4501566e-08	6.5970014e-07	-1.1628464e-07	-0.00044097338	0.00016528846	0.0012055331	0.0012053062	-0.00018830373
0.274	1.274	0	0	0	1	0	0	0	0.71523598	0.91121064	0.0012144322	1.058959e-06	4.2144846e-07	7.8814191e-07	0.00011846314	1.2772744e-06	6.9574173e-08	6.6110445e-07	-1.170372e-07	-0.00044425944	0.00016770814	0.001214607	0.0012143792	-0.00018760194
0.276	1.276	0	0	0	1	0	0	0	0.71224397	0.9088233	0.0012235153	1.0567963e-06	4.3472202e-07	7.8585618e-07	0.00011925432	1.2872993e-06	7.4847044e-08	6.6267117e-07	-1.1779683e-07	-0.00044755062	0.00017014598	0.0012236919	0.0012234632	-0.00018689848
0.278	1.278	0	0	0	1	0	0	0	0.70924233	0.9064117	0.0012326096	1.0546353e-06	4.4856813e-07	7.8358799e-07	0.00012004999	1.297688e-06	8.0333451e-08	6.6441057e-07	-1.1856384e-07	-0.00045084699	0.00017260199	0.0012327878	0.0012325583	-0.00018619324
0.28	1.28	0	0	0	1	0	0	0	0.70623111	0.90397582	0.001241715	1.0524781e-06	4.6302474e-07	7.8133852e-07	0.0001208502	1.3084626e-06	8.6047714e-08	6.6633387e-07	-1.193386e-07	-0.00045414862	0.00017507621	0.0012418949	0.0012416646	-0.00018548611
0.282	1.282	0	0	0	1	0	0	0	0.70321032	0.90151563	0.0012508318	1.050327e-06	4.7813295e-07	7.7910903e-07	0.00012165502	1.3196474e-06	9.2005312e-08	6.6845329e-07	-1.2012146e-07	-0.00045745556	0.00017756865	0.0012510135	0.0012507824	-0.00018477705
0.284	1.284	0	0	0	1	0	0	0	0.70018	0.89903112	0.0012599601	1.0481847e-06	4.9393735e-07	7.769009e-07	0.00012246448	1.3312688e-06	9.8222999e-08	6.7078221e-07	-1.2091281e-07	-0.00046076788	0.00018007934	0.0012601436	0.0012599116	-0.00018406607
0.286	1.286	0	0	0	1	0	0	0	0.69714018	0.89652227	0.0012691	1.046054e-06	5.1048637e-07	7.7471564e-07	0.00012327864	1.3433557e-06	1.0471893e-07	6.7333528e-07	-1.2171309e-07	-0.00046408564	0.0001826083	0.0012692853	0.0012690526	-0.0001833532
0.288	1.288	0	0	0	1	0	0	0	0.69409088	0.89398905	0.0012782517	1.043938e-06	5.2783271e-07	7.7255489e-07	0.00012409755	1.35594e-06	1.1151281e-07	6.7612855e-07	-1.2252273e-07	-0.0004674089	0.00018515555	0.0012784388	0.0012782053	-0.00018263857
0.29	1.29	0	0	0	1	0	0	0	0.69103213	0.89143144	0.0012874153	1.0418403e-06	5.4603375e-07	7.7042046e-07	0.00012492125	1.3690562e-06	1.1862608e-07	6.7917971e-07	-1.2334223e-07	-0.00047073773	0.00018772112	0.0012876042	0.00128737	-0.00018192234
0.292	1.292	0	0	0	1	0	0	0	0.68796394	0.88884942	0.0012965909	1.0397649e-06	5.6515214e-07	7.6831438e-07	0.00012574979	1.3827428e-06	1.2608204e-07	6.8250822e-07	-1.2417212e-07	-0.00047407216	0.00019030503	0.0012967817	0.0012965467	-0.00018120478
0.294	1.294	0	0	0	1	0	0	0	0.68488635	0.88624294	0.0013057786	1.0377163e-06	5.8525633e-07	7.6623891e-07	0.00012658319	1.3970418e-06	1.3390614e-07	6.8613558e-07	-1.2501295e-07	-0.00047741227	0.00019290731	0.0013059713	0.0013057356	-0.00018048624
0.296	1.296	0	0	0	1	0	0	0	0.68179937	0.88361198	0.0013149787	1.0356995e-06	6.0642126e-07	7.6419661e-07	0.00012742148	1.4120001e-06	1.4212616e-07	6.9008559e-07	-1.2586536e-07	-0.0004807581	0.00019552797	0.0013151732	0.0013149369	-0.0001797672
0.298	1.298	0	0	0	1	0	0	0	0.67870301	0.8809565	0.0013241911	1.0337204e-06	6.2872908e-07	7.6219035e-07	0.0001282647	1.4276691e-06	1.5077247e-07	6.9438463e-07	-1.2673002e-07	-0.00048410968	0.00019816705	0.0013243876	0.0013241505	-0.00017904823
0.3	1.3	0	0	0	1	0	0	0	0.67559726	0.87827644	0.001333416	1.0317856e-06	6.5227002e-07	7.6022344e-07	0.00012911285	1.4441065e-06	1.5987838e-07	6.9906206e-07	-1.2760767e-07	-0.00048746707	0.00020082457	inf	inf	inf
