lambda	F11	F12	F13	F21	F22	F23	F31	F32	F33	J	P11	P12	P13	P21	P22	P23	P31	P32	P33	p	StrEn	t(1)	t(2)	d
0	1	0	0	0	1	0	0	0	1	1	0	0	0	0	0	0	0	0	0	-0	0	inf	inf	inf
0.002	1.002	0	0	0	0.99909951	0	0	0	0.99896537	1.0000619	2.2845706e-06	1.3817424e-07	6.1371551e-08	1.4030866e-07	2.6693836e-09	8.6653465e-08	6.0044885e-08	8.5099789e-08	-3.7553086e-10	-7.6228814e-07	2.2815181e-09	2.2835478e-06	2.2800677e-06	-0.0015263354
0.004	1.004	0	0	0	0.99817535	0	0	0	0.99792366	1.0000872	4.5364054e-06	2.8798852e-07	1.2004148e-07	2.9255068e-07	5.4585299e-09	1.7861534e-07	1.1524767e-07	1.7578873e-07	-1.1596774e-09	-1.5135681e-06	9.1202707e-09	4.534448e-06	4.5083548e-06	-0.0057877544
0.006	1.006	0	0	0	0.99721927	0	0	0	0.99686678	1.0000593	6.6010914e-06	4.4527794e-07	1.77526e-07	4.5117107e-07	7.6858654e-09	2.6900174e-07	1.6750929e-07	2.6486517e-07	-3.0339566e-09	-2.2019144e-06	2.0314937e-08	6.5989636e-06	6.5575629e-06	-0.00631342
0.008	1.008	0	0	0	0.99622487	0	0	0	0.99578791	0.99996491	8.3707307e-06	6.0797772e-07	2.3420169e-07	6.1327601e-07	8.7663024e-09	3.5278589e-07	2.1787665e-07	3.4765051e-07	-5.696044e-09	-2.791267e-06	3.5350522e-08	8.3694078e-06	8.3533874e-06	-0.00191783
0.01	1.01	0	0	0	0.99520465	0	0	0	0.99469527	0.99982461	9.9671616e-06	7.7486381e-07	2.908474e-07	7.7795225e-07	9.1750428e-09	4.3492613e-07	2.6800601e-07	4.2934904e-07	-8.1879086e-09	-3.3227163e-06	5.3728487e-08	9.966934e-06	9.969437e-06	0.00025106482
0.012	1.012	0	0	0	0.99416975	0	0	0	0.99359623	0.99965696	1.1503417e-05	9.4521437e-07	3.4776102e-07	9.448232e-07	9.3616014e-09	5.1837427e-07	3.1835025e-07	5.1278962e-07	-1.02894e-08	-3.8341629e-06	7.522827e-08	1.1504213e-05	1.1512414e-05	0.0007123858
0.014	1.014	0	0	0	0.9931246	0	0	0	0.99249336	0.99946895	1.3021092e-05	1.1184991e-06	4.0495639e-07	1.1134539e-06	9.4729265e-09	6.03411e-07	3.688659e-07	5.981285e-07	-1.2062866e-08	-4.3395006e-06	9.9778142e-08	1.3022783e-05	1.3032534e-05	0.00074821735
0.016	1.016	0	0	0	0.99207113	0	0	0	0.99138742	0.99926327	1.453522e-05	1.2942848e-06	4.6239519e-07	1.2834292e-06	9.5552111e-09	6.8980897e-07	4.1946139e-07	6.8506047e-07	-1.3579743e-08	-4.8437319e-06	1.2735841e-07	1.4537688e-05	1.4547742e-05	0.00069105712
0.018	1.018	0	0	0	0.99101034	0	0	0	0.99027864	0.99904114	1.6052016e-05	1.4722077e-06	5.2003645e-07	1.4543867e-06	9.6256833e-09	7.7732148e-07	4.7006125e-07	7.7328813e-07	-1.4891577e-08	-5.3489167e-06	1.5796911e-07	1.6055161e-05	1.6065106e-05	0.00061904831
0.02	1.02	0	0	0	0.98994286	0	0	0	0.98916704	0.99880322	1.7574332e-05	1.6519605e-06	5.7784462e-07	1.6260174e-06	9.6921159e-09	8.6575021e-07	5.2060792e-07	8.6257747e-07	-1.6034416e-08	-5.8559965e-06	1.9161883e-07	1.7578067e-05	1.7587766e-05	0.00055143455
0.022	1.022	0	0	0	0.98886913	0	0	0	0.98805257	0.99854988	1.9103561e-05	1.8332819e-06	6.3578994e-07	1.7980593e-06	9.7587282e-09	9.5494247e-07	5.710572e-07	9.5274909e-07	-1.7034137e-08	-6.3654287e-06	2.2832017e-07	1.9107812e-05	1.9117225e-05	0.00049236872
0.024	1.024	0	0	0	0.98778946	0	0	0	0.98693516	0.99828137	2.0640397e-05	2.0159497e-06	6.9384763e-07	1.9702912e-06	9.8282103e-09	1.0447801e-06	6.2137446e-07	1.043664e-06	-1.7909959e-08	-6.8774384e-06	2.6808773e-07	2.0645097e-05	2.0654224e-05	0.00044188916
0.026	1.026	0	0	0	0.9867041	0	0	0	0.98581472	0.99799782	2.2185171e-05	2.1997747e-06	7.5199686e-07	2.1425261e-06	9.9024913e-09	1.1351699e-06	6.7153198e-07	1.1352123e-06	-1.8676639e-08	-7.3921323e-06	3.1093707e-07	2.2190261e-05	2.2199118e-05	0.0003989851
0.028	1.028	0	0	0	0.98561326	0	0	0	0.98469117	0.99769937	2.3738022e-05	2.3845959e-06	8.1021998e-07	2.3146063e-06	9.9830597e-09	1.226037e-06	7.2150713e-07	1.227305e-06	-1.9345838e-08	-7.909553e-06	3.568842e-07	2.3743447e-05	2.3752057e-05	0.00036250073
0.03	1.03	0	0	0	0.9845171	0	0	0	0.98356444	0.99738609	2.5298979e-05	2.5702761e-06	8.6850191e-07	2.4863989e-06	1.0071109e-08	1.3173195e-06	7.7128121e-07	1.3198691e-06	-1.9927009e-08	-8.4297078e-06	4.059453e-07	2.5304689e-05	2.5313077e-05	0.00033139203
0.032	1.032	0	0	0	0.98341574	0	0	0	0.98243445	0.99705802	2.6868013e-05	2.756699e-06	9.2682967e-07	2.6577921e-06	1.0167611e-08	1.4089659e-06	8.2083853e-07	1.4128431e-06	-2.0427985e-08	-8.9525843e-06	4.5813651e-07	2.687396e-05	2.6882153e-05	0.00030478089
0.034	1.034	0	0	0	0.98230929	0	0	0	0.98130113	0.99671522	2.844506e-05	2.9437653e-06	9.85192e-07	2.8286917e-06	1.0273358e-08	1.5009319e-06	8.701658e-07	1.5061744e-06	-2.0855376e-08	-9.4781593e-06	5.1347391e-07	2.8451199e-05	2.8459223e-05	0.00028194681
0.036	1.036	0	0	0	0.98119785	0	0	0	0.98016442	0.99635769	3.0030038e-05	3.1313909e-06	1.043579e-06	2.999019e-06	1.0388993e-08	1.5931793e-06	9.192517e-07	1.5998177e-06	-2.121485e-08	-1.0006404e-05	5.719734e-07	3.0036328e-05	3.0044208e-05	0.00026230277
0.038	1.038	0	0	0	0.9800815	0	0	0	0.97902427	0.99598547	3.1622857e-05	3.3195042e-06	1.1019822e-06	3.1687077e-06	1.0515026e-08	1.6856743e-06	9.6808649e-07	1.6937329e-06	-2.1511338e-08	-1.0537287e-05	6.3365074e-07	3.1629257e-05	3.163702e-05	0.00024536999
0.04	1.04	0	0	0	0.9789603	0	0	0	0.97788062	0.99559855	3.3223426e-05	3.5080445e-06	1.1603938e-06	3.3377026e-06	1.0651856e-08	1.778387e-06	1.0166617e-06	1.7878848e-06	-2.1749176e-08	-1.1070776e-05	6.9852148e-07	3.3229898e-05	3.3237568e-05	0.00023075614
0.042	1.042	0	0	0	0.9778343	0	0	0	0.97673343	0.99519695	3.4831653e-05	3.6969603e-06	1.2188071e-06	3.5059576e-06	1.0799781e-08	1.8712902e-06	1.0649701e-06	1.8822416e-06	-2.1932216e-08	-1.160684e-05	7.6660101e-07	3.483816e-05	3.4845761e-05	0.0002181377
0.044	1.044	0	0	0	0.97670355	0	0	0	0.97558265	0.99478066	3.644745e-05	3.8862079e-06	1.2772161e-06	3.6734341e-06	1.0959014e-08	1.9643593e-06	1.1130053e-06	1.9767744e-06	-2.2063913e-08	-1.2145448e-05	8.3790453e-07	3.6453956e-05	3.6461513e-05	0.00020724597
0.046	1.046	0	0	0	0.97556808	0	0	0	0.97442824	0.99434966	3.8070731e-05	4.0757504e-06	1.3356154e-06	3.8401005e-06	1.1129693e-08	2.0575717e-06	1.1607617e-06	2.0714571e-06	-2.2147385e-08	-1.2686571e-05	9.1244706e-07	3.8077203e-05	3.8084738e-05	0.00019785625
0.048	1.048	0	0	0	0.97442794	0	0	0	0.97327017	0.99390396	3.9701417e-05	4.2655563e-06	1.3940001e-06	4.0059303e-06	1.1311889e-08	2.1509064e-06	1.2082343e-06	2.1662655e-06	-2.2185464e-08	-1.3230181e-05	9.9024348e-07	3.9707822e-05	3.9715359e-05	0.00018977925
0.05	1.05	0	0	0	0.97328315	0	0	0	0.97210838	0.99344354	4.1339433e-05	4.455599e-06	1.4523659e-06	4.1709018e-06	1.150562e-08	2.2443439e-06	1.2554189e-06	2.2611772e-06	-2.218074e-08	-1.3776253e-05	1.0713085e-06	4.1345739e-05	4.1353301e-05	0.00018285449
0.052	1.052	0	0	0	0.97213373	0	0	0	0.97094286	0.99296839	4.2984708e-05	4.645856e-06	1.5107088e-06	4.3349972e-06	1.1710852e-08	2.3378658e-06	1.3023116e-06	2.3561716e-06	-2.2135589e-08	-1.4324761e-05	1.1556567e-06	4.2990885e-05	4.2998493e-05	0.00017694505
0.054	1.054	0	0	0	0.97097969	0	0	0	0.96977356	0.99247848	4.4637178e-05	4.8363082e-06	1.5690251e-06	4.498202e-06	1.1927511e-08	2.4314548e-06	1.348909e-06	2.451229e-06	-2.2052202e-08	-1.4875685e-05	1.2433025e-06	4.4643196e-05	4.4650873e-05	0.00017193343
0.056	1.056	0	0	0	0.96982106	0	0	0	0.96860046	0.99197379	4.6296782e-05	5.0269394e-06	1.6273115e-06	4.6605044e-06	1.2155488e-08	2.5250946e-06	1.3952081e-06	2.5463312e-06	-2.1932604e-08	-1.5429002e-05	1.3342602e-06	4.6302612e-05	4.6310379e-05	0.00016771822
0.058	1.058	0	0	0	0.96865785	0	0	0	0.96742351	0.99145432	4.7963463e-05	5.2177358e-06	1.6855649e-06	4.8218948e-06	1.2394644e-08	2.6187695e-06	1.4412062e-06	2.6414609e-06	-2.1778678e-08	-1.5984693e-05	1.428544e-06	4.7969078e-05	4.7976956e-05	0.00016421151
0.06	1.06	0	0	0	0.96749006	0	0	0	0.9662427	0.99092002	4.963717e-05	5.4086856e-06	1.7437825e-06	4.9823656e-06	1.2644814e-08	2.7124648e-06	1.4869008e-06	2.7366017e-06	-2.1592171e-08	-1.6542741e-05	1.526168e-06	4.9642542e-05	4.9650552e-05	0.00016133667
0.062	1.062	0	0	0	0.9663177	0	0	0	0.965058	0.99037089	5.1317855e-05	5.5997789e-06	1.8019615e-06	5.1419107e-06	1.2905813e-08	2.8061659e-06	1.5322899e-06	2.8317379e-06	-2.1374718e-08	-1.7103129e-05	1.6271462e-06	5.1322957e-05	5.133112e-05	0.00015902666
0.064	1.064	0	0	0	0.96514078	0	0	0	0.96386937	0.98980689	5.3005473e-05	5.7910068e-06	1.8600996e-06	5.3005253e-06	1.3177437e-08	2.8998594e-06	1.5773713e-06	2.9268546e-06	-2.1127842e-08	-1.7665841e-05	1.7314925e-06	5.3010281e-05	5.3018616e-05	0.00015722258
0.066	1.066	0	0	0	0.9639593	0	0	0	0.96267679	0.98922801	5.4699983e-05	5.9823619e-06	1.9181942e-06	5.4582056e-06	1.345947e-08	2.9935318e-06	1.6221435e-06	3.0219375e-06	-2.0852974e-08	-1.8230863e-05	1.8392207e-06	5.4704472e-05	5.4713e-05	0.00015587249
0.068	1.068	0	0	0	0.96277325	0	0	0	0.96148023	0.9886342	5.6401349e-05	6.1738377e-06	1.9762431e-06	5.6149488e-06	1.3751682e-08	3.0871704e-06	1.6666046e-06	3.1169728e-06	-2.0551452e-08	-1.8798183e-05	1.9503445e-06	5.6405495e-05	5.6414235e-05	0.00015493044
0.07	1.07	0	0	0	0.96158265	0	0	0	0.96027967	0.98802545	5.8109536e-05	6.3654283e-06	2.0342442e-06	5.7707525e-06	1.4053837e-08	3.1807629e-06	1.7107533e-06	3.2119474e-06	-2.0224536e-08	-1.9367789e-05	2.0648776e-06	5.8113315e-05	5.8122286e-05	0.00015435563
0.072	1.072	0	0	0	0.96038748	0	0	0	0.95907508	0.98740172	5.9824514e-05	6.5571285e-06	2.0921954e-06	5.9256149e-06	1.4365691e-08	3.274297e-06	1.7545881e-06	3.3068484e-06	-1.9873411e-08	-1.9939669e-05	2.1828336e-06	5.9827902e-05	5.9837124e-05	0.00015411177
0.074	1.074	0	0	0	0.95918774	0	0	0	0.95786643	0.98676299	6.1546252e-05	6.7489334e-06	2.1500947e-06	6.0795347e-06	1.4686993e-08	3.3677612e-06	1.7981079e-06	3.4016634e-06	-1.9499191e-08	-2.0513813e-05	2.3042261e-06	6.1549229e-05	6.1558719e-05	0.00015416644
0.076	1.076	0	0	0	0.95798343	0	0	0	0.9566537	0.98610922	6.3274726e-05	6.9408388e-06	2.2079401e-06	6.2325108e-06	1.5017491e-08	3.461144e-06	1.8413114e-06	3.4963806e-06	-1.9102928e-08	-2.1090214e-05	2.4290685e-06	6.3277269e-05	6.3287046e-05	0.00015449064
0.078	1.078	0	0	0	0.95677453	0	0	0	0.95543686	0.98544039	6.5009913e-05	7.1328404e-06	2.2657297e-06	6.3845422e-06	1.5356931e-08	3.5544343e-06	1.8841976e-06	3.5909882e-06	-1.8685615e-08	-2.1668861e-05	2.5573743e-06	6.5012001e-05	6.5022083e-05	0.00015505837
0.08	1.08	0	0	0	0.95556106	0	0	0	0.95421589	0.98475647	6.675179e-05	7.3249342e-06	2.3234616e-06	6.5356283e-06	1.5705055e-08	3.6476211e-06	1.9267654e-06	3.6854749e-06	-1.8248189e-08	-2.2249749e-05	2.6891568e-06	6.6753402e-05	6.6763807e-05	0.00015584624
0.082	1.082	0	0	0	0.95434298	0	0	0	0.95299077	0.98405742	6.8500339e-05	7.5171162e-06	2.3811341e-06	6.6857681e-06	1.6061608e-08	3.7406939e-06	1.9690138e-06	3.7798297e-06	-1.7791537e-08	-2.283287e-05	2.8244295e-06	6.8501456e-05	6.8512201e-05	0.00015683321
0.084	1.084	0	0	0	0.95312031	0	0	0	0.95176147	0.98334321	7.0255544e-05	7.7093826e-06	2.4387452e-06	6.8349611e-06	1.6426336e-08	3.8336422e-06	2.010942e-06	3.8740419e-06	-1.7316497e-08	-2.3418218e-05	2.9632056e-06	7.0256145e-05	7.0267247e-05	0.00015800028
0.086	1.086	0	0	0	0.95189302	0	0	0	0.95052796	0.98261381	7.2017389e-05	7.9017293e-06	2.4962931e-06	6.9832063e-06	1.6798985e-08	3.9264558e-06	2.052549e-06	3.9681008e-06	-1.6823862e-08	-2.4005788e-05	3.1054985e-06	7.2017455e-05	7.2028931e-05	0.00015933027
0.088	1.088	0	0	0	0.95066111	0	0	0	0.94929022	0.98186918	7.3785861e-05	8.0941523e-06	2.5537761e-06	7.130503e-06	1.7179304e-08	4.0191247e-06	2.0938341e-06	4.0619962e-06	-1.6314386e-08	-2.4595575e-05	3.2513214e-06	7.3785374e-05	7.3797241e-05	0.00016080766
0.09	1.09	0	0	0	0.94942456	0	0	0	0.94804823	0.9811093	7.556095e-05	8.2866476e-06	2.6111923e-06	7.2768501e-06	1.7567045e-08	4.1116389e-06	2.1347964e-06	4.1557181e-06	-1.5788781e-08	-2.5187576e-05	3.4006875e-06	7.555989e-05	7.5572164e-05	0.00016241834
0.092	1.092	0	0	0	0.94818337	0	0	0	0.94680196	0.98033413	7.7342645e-05	8.4792108e-06	2.6685399e-06	7.4222465e-06	1.7961962e-08	4.2039888e-06	2.1754351e-06	4.2492564e-06	-1.5247723e-08	-2.5781787e-05	3.55361e-06	7.7340995e-05	7.7353693e-05	0.00016414952
0.094	1.094	0	0	0	0.94693751	0	0	0	0.94555139	0.97954363	7.913094e-05	8.6718373e-06	2.7258172e-06	7.5666909e-06	1.8363814e-08	4.2961649e-06	2.2157495e-06	4.3426016e-06	-1.4691854e-08	-2.6378204e-05	3.7101022e-06	7.9128682e-05	7.9141818e-05	0.00016598957
0.096	1.096	0	0	0	0.94568699	0	0	0	0.9442965	0.97873777	8.0925827e-05	8.8645227e-06	2.7830222e-06	7.7101818e-06	1.8772363e-08	4.3881577e-06	2.2557388e-06	4.4357441e-06	-1.4121783e-08	-2.6976826e-05	3.8701773e-06	8.0922943e-05	8.0936535e-05	0.00016792791
0.098	1.098	0	0	0	0.94443177	0	0	0	0.94303726	0.97791651	8.2727302e-05	9.0572619e-06	2.8401532e-06	7.8527176e-06	1.9187377e-08	4.4799579e-06	2.2954024e-06	4.5286745e-06	-1.3538089e-08	-2.757765e-05	4.0338484e-06	8.2723776e-05	8.2737837e-05	0.0001699549
0.1	1.1	0	0	0	0.94317186	0	0	0	0.94177364	0.97707983	8.4535361e-05	9.2500498e-06	2.8972083e-06	7.9942964e-06	1.9608625e-08	4.5715564e-06	2.3347395e-06	4.6213835e-06	-1.2941322e-08	-2.8180676e-05	4.2011286e-06	8.4531176e-05	8.4545723e-05	0.00017206173
0.102	1.102	0	0	0	0.94190723	0	0	0	0.94050562	0.97622768	8.6350003e-05	9.4428811e-06	2.9541856e-06	8.1349163e-06	2.0035883e-08	4.6629443e-06	2.3737494e-06	4.7138622e-06	-1.2332004e-08	-2.8785902e-05	4.3720313e-06	8.6345143e-05	8.636019e-05	0.00017424039
0.104	1.104	0	0	0	0.94063786	0	0	0	0.93923318	0.97536004	8.8171228e-05	9.6357501e-06	3.0110834e-06	8.2745749e-06	2.046893e-08	4.7541125e-06	2.4124314e-06	4.8061015e-06	-1.1710633e-08	-2.9393329e-05	4.5465694e-06	8.8165676e-05	8.8181238e-05	0.00017648354
0.106	1.106	0	0	0	0.93936375	0	0	0	0.9379563	0.97447686	8.9999035e-05	9.828651e-06	3.0678997e-06	8.4132697e-06	2.090755e-08	4.8450523e-06	2.4507849e-06	4.8980925e-06	-1.1077681e-08	-3.0002955e-05	4.7247562e-06	8.9992775e-05	9.0008868e-05	0.00017878446
0.108	1.108	0	0	0	0.93808488	0	0	0	0.93667494	0.9735781	9.1833427e-05	1.0021578e-05	3.1246325e-06	8.5509981e-06	2.1351533e-08	4.935755e-06	2.4888091e-06	4.9898267e-06	-1.0433599e-08	-3.0614782e-05	4.9066049e-06	9.1826445e-05	9.1843081e-05	0.00018113704
0.11	1.11	0	0	0	0.93680122	0	0	0	0.93538909	0.97266374	9.3674407e-05	1.0214524e-05	3.18128e-06	8.6877573e-06	2.1800672e-08	5.0262119e-06	2.5265035e-06	5.0812952e-06	-9.7788149e-09	-3.122881e-05	5.0921285e-06	9.3666687e-05	9.3683881e-05	0.00018353563
0.112	1.112	0	0	0	0.93551277	0	0	0	0.93409872	0.97173374	9.552198e-05	1.0407482e-05	3.2378403e-06	8.8235441e-06	2.2254765e-08	5.1164146e-06	2.5638674e-06	5.1724897e-06	-9.1137371e-09	-3.184504e-05	5.2813404e-06	9.5513506e-05	9.5531273e-05	0.00018597511
0.114	1.114	0	0	0	0.93421949	0	0	0	0.9328038	0.97078805	9.7376151e-05	1.0600446e-05	3.2943113e-06	8.9583553e-06	2.2713615e-08	5.2063546e-06	2.6009001e-06	5.2634018e-06	-8.4387544e-09	-3.2463475e-05	5.4742536e-06	9.7366909e-05	9.7385261e-05	0.00018845075
0.116	1.116	0	0	0	0.93292139	0	0	0	0.93150431	0.96982665	9.9236927e-05	1.0793409e-05	3.3506911e-06	9.0921874e-06	2.3177029e-08	5.2960237e-06	2.6376009e-06	5.3540229e-06	-7.7542373e-09	-3.3084116e-05	5.6708814e-06	9.9226902e-05	9.9245854e-05	0.00019095823
0.118	1.118	0	0	0	0.93161843	0	0	0	0.93020022	0.96884949	0.00010110432	1.0986362e-05	3.4069778e-06	9.2250367e-06	2.364482e-08	5.3854134e-06	2.6739693e-06	5.4443451e-06	-7.0605388e-09	-3.3706967e-05	5.871237e-06	0.00010109349	0.00010111306	0.00019349357
0.12	1.12	0	0	0	0.93031059	0	0	0	0.92889152	0.96785654	0.00010297833	1.1179298e-05	3.4631692e-06	9.3568994e-06	2.4116804e-08	5.4745156e-06	2.7100046e-06	5.53436e-06	-6.3579957e-09	-3.4332028e-05	6.0753337e-06	0.00010296669	0.00010298688	0.00019605315
0.122	1.122	0	0	0	0.92899787	0	0	0	0.92757817	0.96684776	0.00010485897	1.137221e-05	3.5192634e-06	9.4877713e-06	2.4592801e-08	5.5633222e-06	2.7457061e-06	5.6240595e-06	-5.6469292e-09	-3.4959305e-05	6.2831846e-06	0.00010484651	0.00010486734	0.00019863361
0.124	1.124	0	0	0	0.92768023	0	0	0	0.92626015	0.96582311	0.00010674625	1.1565088e-05	3.5752583e-06	9.6176485e-06	2.5072638e-08	5.6518252e-06	2.7810734e-06	5.7134358e-06	-4.9276457e-09	-3.55888e-05	6.494803e-06	0.00010673296	0.00010675444	0.00020123189
0.126	1.126	0	0	0	0.92635766	0	0	0	0.92493743	0.96478256	0.00010864019	1.1757924e-05	3.6311518e-06	9.7465263e-06	2.5556143e-08	5.7400165e-06	2.8161056e-06	5.8024808e-06	-4.2004375e-09	-3.6220517e-05	6.7102023e-06	0.00010862605	0.00010864819	0.00020384517
0.128	1.128	0	0	0	0.92503014	0	0	0	0.92360999	0.96372607	0.0001105408	1.195071e-05	3.6869419e-06	9.8744004e-06	2.604315e-08	5.8278882e-06	2.8508023e-06	5.8911866e-06	-3.4655837e-09	-3.6854461e-05	6.9293958e-06	0.00011052579	0.00011054861	0.00020647087
0.13	1.13	0	0	0	0.92369764	0	0	0	0.92227781	0.9626536	0.0001124481	1.2143436e-05	3.7426264e-06	1.0001266e-05	2.6533497e-08	5.9154325e-06	2.8851627e-06	5.9795454e-06	-2.7233509e-09	-3.7490635e-05	7.1523968e-06	0.0001124322	0.00011245572	0.00020910661
0.132	1.132	0	0	0	0.92236015	0	0	0	0.92094084	0.9615651	0.00011436209	1.2336093e-05	3.7982033e-06	1.0127118e-05	2.7027027e-08	6.0026415e-06	2.9191864e-06	6.0675495e-06	-1.9739934e-09	-3.8129046e-05	7.3792187e-06	0.0001143453	0.00011436952	0.00021175022
0.134	1.134	0	0	0	0.92101764	0	0	0	0.91959908	0.96046055	0.00011628279	1.2528671e-05	3.8536705e-06	1.0251953e-05	2.7523584e-08	6.0895075e-06	2.9528727e-06	6.1551912e-06	-1.2177544e-09	-3.8769698e-05	7.6098749e-06	0.0001162651	0.00011629003	0.00021439969
0.136	1.136	0	0	0	0.9196701	0	0	0	0.91825249	0.95933991	0.00011821022	1.2721161e-05	3.9090257e-06	1.0375763e-05	2.8023019e-08	6.1760227e-06	2.9862211e-06	6.2424628e-06	-4.5486613e-10	-3.9412598e-05	7.8443788e-06	0.00011819161	0.00011821727	0.00021705319
0.138	1.138	0	0	0	0.91831749	0	0	0	0.91690105	0.95820313	0.00012014441	1.2913552e-05	3.9642669e-06	1.0498546e-05	2.8525184e-08	6.2621795e-06	3.0192309e-06	6.3293567e-06	3.1444942e-10	-4.005775e-05	8.082744e-06	0.00012012487	0.00012015127	0.00021970903
0.14	1.14	0	0	0	0.91695979	0	0	0	0.91554472	0.95705018	0.00012208536	1.3105834e-05	4.0193918e-06	1.0620294e-05	2.9029937e-08	6.3479703e-06	3.0519016e-06	6.4158653e-06	1.0899801e-09	-4.0705161e-05	8.3249839e-06	0.00012206488	0.00012209203	0.00022236566
0.142	1.142	0	0	0	0.91559699	0	0	0	0.91418349	0.95588101	0.0001240331	1.3297998e-05	4.0743983e-06	1.0741004e-05	2.9537138e-08	6.4333875e-06	3.0842326e-06	6.5019812e-06	1.8715229e-09	-4.1354838e-05	8.5711121e-06	0.00012401166	0.00012403958	0.00022502168
0.144	1.144	0	0	0	0.91422905	0	0	0	0.91281733	0.95469559	0.00012598766	1.3490031e-05	4.1292843e-06	1.0860668e-05	3.0046651e-08	6.5184237e-06	3.1162234e-06	6.587697e-06	2.658884e-09	-4.2006787e-05	8.8211422e-06	0.00012596525	0.00012599393	0.00022767578
0.146	1.146	0	0	0	0.91285597	0	0	0	0.9114462	0.95349389	0.00012794904	1.3681925e-05	4.1840475e-06	1.0979282e-05	3.0558342e-08	6.6030713e-06	3.1478734e-06	6.6730051e-06	3.4518776e-09	-4.2661017e-05	9.0750878e-06	0.00012792565	0.00012795512	0.00023032677
0.148	1.148	0	0	0	0.9114777	0	0	0	0.91007008	0.95227585	0.00012991728	1.3873666e-05	4.2386857e-06	1.1096841e-05	3.1072083e-08	6.6873228e-06	3.1791821e-06	6.7578982e-06	4.2503263e-09	-4.3317534e-05	9.3329627e-06	0.0001298929	0.00012992317	0.00023297357
0.15	1.15	0	0	0	0.91009422	0	0	0	0.90868894	0.95104144	0.0001318924	1.4065245e-05	4.2931967e-06	1.1213337e-05	3.1587747e-08	6.771171e-06	3.2101491e-06	6.842369e-06	5.05406e-09	-4.3976347e-05	9.5947805e-06	0.00013186701	0.00013189809	0.00023561518
0.152	1.152	0	0	0	0.90870552	0	0	0	0.90730276	0.94979063	0.00013387442	1.4256649e-05	4.3475783e-06	1.1328766e-05	3.2105211e-08	6.8546084e-06	3.2407737e-06	6.9264102e-06	5.8629162e-09	-4.4637463e-05	9.860555e-06	0.00013384802	0.00013387991	0.0002382507
0.154	1.154	0	0	0	0.90731157	0	0	0	0.90591151	0.94852336	0.00013586337	1.4447867e-05	4.4018283e-06	1.1443122e-05	3.2624353e-08	6.9376278e-06	3.2710555e-06	7.0100146e-06	6.676739e-09	-4.5300892e-05	1.01303e-05	0.00013583594	0.00013586867	0.0002408793
0.156	1.156	0	0	0	0.90591233	0	0	0	0.90451515	0.94723961	0.00013785928	1.4638888e-05	4.4559445e-06	1.1556398e-05	3.3145057e-08	7.0202218e-06	3.3009939e-06	7.0931748e-06	7.4953795e-09	-4.5966641e-05	1.040403e-05	0.00013783081	0.00013786438	0.00024350022
0.158	1.158	0	0	0	0.90450779	0	0	0	0.90311366	0.94593933	0.00013986218	1.48297e-05	4.5099245e-06	1.1668589e-05	3.3667207e-08	7.1023832e-06	3.3305887e-06	7.1758838e-06	8.3186949e-09	-4.6634722e-05	1.0681758e-05	0.00013983265	0.00013986707	0.00024611278
0.16	1.16	0	0	0	0.90309792	0	0	0	0.90170701	0.94462248	0.00014187209	1.502029e-05	4.5637663e-06	1.1779689e-05	3.4190691e-08	7.1841049e-06	3.3598391e-06	7.2581343e-06	9.1465483e-09	-4.7305142e-05	1.0963498e-05	0.0001418415	0.00014187678	0.00024871635
0.162	1.162	0	0	0	0.90168269	0	0	0	0.90029517	0.94328902	0.00014388904	1.5210646e-05	4.6174676e-06	1.1889692e-05	3.47154e-08	7.2653795e-06	3.3887449e-06	7.3399193e-06	9.9788087e-09	-4.7977912e-05	1.1249265e-05	0.00014385737	0.00014389353	0.00025131038
0.164	1.164	0	0	0	0.90026207	0	0	0	0.89887811	0.94193892	0.00014591307	1.5400757e-05	4.6710261e-06	1.1998592e-05	3.5241226e-08	7.3462e-06	3.4173056e-06	7.4212317e-06	1.0815351e-08	-4.8653042e-05	1.1539072e-05	0.00014588031	0.00014591736	0.00025389434
0.166	1.166	0	0	0	0.89883605	0	0	0	0.8974558	0.94057212	0.0001479442	1.5590609e-05	4.7244395e-06	1.2106382e-05	3.5768065e-08	7.4265593e-06	3.4455208e-06	7.5020643e-06	1.1656054e-08	-4.9330543e-05	1.1832934e-05	0.00014791035	0.00014794829	0.00025646779
0.168	1.168	0	0	0	0.89740458	0	0	0	0.89602822	0.9391886	0.00014998248	1.5780191e-05	4.7777058e-06	1.2213057e-05	3.6295815e-08	7.5064503e-06	3.47339e-06	7.5824102e-06	1.2500803e-08	-5.0010425e-05	1.2130865e-05	0.00014994751	0.00014998636	0.0002590303
0.17	1.17	0	0	0	0.89596764	0	0	0	0.89459532	0.9377883	0.00015202793	1.5969489e-05	4.8308225e-06	1.2318611e-05	3.6824375e-08	7.5858659e-06	3.5009129e-06	7.6622624e-06	1.3349487e-08	-5.0692701e-05	1.243288e-05	0.00015199184	0.00015203161	0.00026158151
0.172	1.172	0	0	0	0.89452521	0	0	0	0.89315709	0.93637119	0.00015408059	1.6158491e-05	4.8837876e-06	1.2423037e-05	3.7353647e-08	7.6647991e-06	3.5280892e-06	7.7416138e-06	1.4202001e-08	-5.1377381e-05	1.2738992e-05	0.00015404336	0.00015408406	0.00026412108
0.174	1.174	0	0	0	0.89307725	0	0	0	0.89171348	0.93493724	0.00015614049	1.6347183e-05	4.9365988e-06	1.252633e-05	3.7883537e-08	7.7432429e-06	3.5549184e-06	7.8204576e-06	1.5058243e-08	-5.2064477e-05	1.3049216e-05	0.00015610212	0.00015614376	0.00026664872
0.176	1.176	0	0	0	0.89162374	0	0	0	0.89026447	0.93348639	0.00015820767	1.6535554e-05	4.9892538e-06	1.2628484e-05	3.841395e-08	7.8211904e-06	3.5814002e-06	7.8987868e-06	1.5918116e-08	-5.2754002e-05	1.3363567e-05	0.00015816815	0.00015821073	0.00026916417
0.178	1.178	0	0	0	0.89016465	0	0	0	0.88881003	0.93201861	0.00016028218	1.672359e-05	5.0417504e-06	1.2729493e-05	3.8944794e-08	7.8986347e-06	3.6075343e-06	7.9765946e-06	1.6781526e-08	-5.3445969e-05	1.3682059e-05	0.00016024149	0.00016028503	0.0002716672
0.18	1.18	0	0	0	0.88869995	0	0	0	0.88735012	0.93053385	0.00016236405	1.6911277e-05	5.0940864e-06	1.282935e-05	3.9475981e-08	7.9755687e-06	3.6333205e-06	8.053874e-06	1.7648383e-08	-5.414039e-05	1.4004707e-05	0.00016232217	0.00016236669	0.00027415761
0.182	1.182	0	0	0	0.8872296	0	0	0	0.88588472	0.92903208	0.00016445331	1.7098604e-05	5.1462597e-06	1.2928051e-05	4.0007421e-08	8.0519857e-06	3.6587583e-06	8.1306182e-06	1.8518603e-08	-5.4837279e-05	1.4331526e-05	0.00016441025	0.00016445574	0.00027663523
0.184	1.184	0	0	0	0.88575358	0	0	0	0.88441379	0.92751325	0.00016655002	1.7285555e-05	5.1982679e-06	1.3025589e-05	4.053903e-08	8.1278789e-06	3.6838476e-06	8.2068204e-06	1.9392103e-08	-5.553665e-05	1.466253e-05	0.00016650575	0.00016655224	0.00027909991
0.186	1.186	0	0	0	0.88427186	0	0	0	0.88293729	0.92597733	0.00016865421	1.747212e-05	5.250109e-06	1.3121958e-05	4.1070722e-08	8.2032413e-06	3.7085881e-06	8.2824739e-06	2.0268804e-08	-5.6238516e-05	1.4997735e-05	0.00016860873	0.00016865622	0.00028155152
0.188	1.188	0	0	0	0.8827844	0	0	0	0.88145521	0.92442427	0.00017076593	1.7658283e-05	5.3017806e-06	1.3217153e-05	4.1602416e-08	8.2780662e-06	3.7329795e-06	8.3575718e-06	2.114863e-08	-5.6942893e-05	1.5337155e-05	0.00017071923	0.00017076772	0.00028398997
0.19	1.19	0	0	0	0.88129118	0	0	0	0.87996749	0.92285403	0.00017288522	1.7844032e-05	5.3532807e-06	1.3311168e-05	4.213403e-08	8.3523468e-06	3.7570217e-06	8.4321074e-06	2.203151e-08	-5.7649795e-05	1.5680805e-05	0.00017283728	0.0001728868	0.00028641518
0.192	1.192	0	0	0	0.87979216	0	0	0	0.87847411	0.92126657	0.00017501213	1.8029353e-05	5.404607e-06	1.3403998e-05	4.2665485e-08	8.4260764e-06	3.7807145e-06	8.506074e-06	2.2917374e-08	-5.8359238e-05	1.6028702e-05	0.00017496295	0.0001750135	0.00028882707
0.194	1.194	0	0	0	0.87828731	0	0	0	0.87697504	0.91966184	0.00017714671	1.8214234e-05	5.4557574e-06	1.3495636e-05	4.3196703e-08	8.4992482e-06	3.8040575e-06	8.5794649e-06	2.3806156e-08	-5.9071238e-05	1.6380859e-05	0.00017709627	0.00017714786	0.00029122561
0.196	1.196	0	0	0	0.8767766	0	0	0	0.87547024	0.91803982	0.000179289	1.8398659e-05	5.5067298e-06	1.3586079e-05	4.3727609e-08	8.5718557e-06	3.8270508e-06	8.6522735e-06	2.4697792e-08	-5.978581e-05	1.6737293e-05	0.00017923729	0.00017928993	0.00029361075
0.198	1.198	0	0	0	0.87526	0	0	0	0.87395967	0.91640045	0.00018143906	1.8582617e-05	5.5575219e-06	1.3675319e-05	4.4258127e-08	8.643892e-06	3.8496942e-06	8.724493e-06	2.5592221e-08	-6.0502971e-05	1.7098019e-05	0.00018138607	0.00018143977	0.0002959825
0.2	1.2	0	0	0	0.87373747	0	0	0	0.87244331	0.91474369	0.00018359694	1.8766094e-05	5.6081317e-06	1.3763353e-05	4.4788184e-08	8.7153507e-06	3.8719874e-06	8.796117e-06	2.6489386e-08	-6.1222738e-05	1.7463052e-05	0.00018354265	0.00018359743	0.00029834084
0.202	1.202	0	0	0	0.87220898	0	0	0	0.87092111	0.91306951	0.00018576268	1.8949076e-05	5.6585569e-06	1.3850174e-05	4.5317708e-08	8.786225e-06	3.8939305e-06	8.8671387e-06	2.7389232e-08	-6.1945129e-05	1.7832409e-05	0.00018570709	0.00018576295	0.00030068578
0.204	1.204	0	0	0	0.87067449	0	0	0	0.86939305	0.91137785	0.00018793634	1.9131549e-05	5.7087956e-06	1.3935779e-05	4.5846628e-08	8.8565084e-06	3.9155233e-06	8.9375516e-06	2.8291704e-08	-6.2670161e-05	1.8206104e-05	0.00018787944	0.00018793639	0.00030301735
0.206	1.206	0	0	0	0.86913398	0	0	0	0.86785908	0.90966869	0.00019011798	1.9313501e-05	5.7588456e-06	1.4020161e-05	4.6374876e-08	8.9261944e-06	3.9367658e-06	9.0073492e-06	2.9196753e-08	-6.3397852e-05	1.8584154e-05	0.00019005976	0.00019011781	0.00030533559
0.208	1.208	0	0	0	0.8675874	0	0	0	0.86631917	0.90794198	0.00019230766	1.9494919e-05	5.8087048e-06	1.4103316e-05	4.6902383e-08	8.9952764e-06	3.9576579e-06	9.076525e-06	3.0104331e-08	-6.4128222e-05	1.8966575e-05	0.0001922481	0.00019230726	0.00030764053
0.21	1.21	0	0	0	0.86603473	0	0	0	0.86477328	0.90619767	0.00019450543	1.9675788e-05	5.8583711e-06	1.418524e-05	4.7429082e-08	9.0637479e-06	3.9781996e-06	9.1450724e-06	3.1014391e-08	-6.486129e-05	1.9353383e-05	0.00019444451	0.0001945048	0.00030993223
0.212	1.212	0	0	0	0.86447592	0	0	0	0.86322138	0.90443573	0.00019671134	1.9856095e-05	5.9078424e-06	1.4265927e-05	4.7954909e-08	9.1316024e-06	3.9983908e-06	9.212985e-06	3.192689e-08	-6.5597074e-05	1.9744595e-05	0.00019664907	0.00019671048	0.00031221075
0.214	1.214	0	0	0	0.86291094	0	0	0	0.86166343	0.90265611	0.00019892547	2.0035828e-05	5.9571168e-06	1.4345374e-05	4.8479797e-08	9.1988336e-06	4.0182316e-06	9.2802564e-06	3.2841788e-08	-6.6335596e-05	2.0140225e-05	0.00019886182	0.00019892438	0.00031447616
0.216	1.216	0	0	0	0.86133976	0	0	0	0.86009939	0.90085877	0.00020114787	2.0214973e-05	6.006192e-06	1.4423575e-05	4.9003685e-08	9.2654349e-06	4.037722e-06	9.34688e-06	3.3759044e-08	-6.7076876e-05	2.0540292e-05	0.00020108284	0.00020114655	0.00031672854
0.218	1.218	0	0	0	0.85976234	0	0	0	0.85852922	0.89904367	0.0002033786	2.0393516e-05	6.0550662e-06	1.4500527e-05	4.9526511e-08	9.3314e-06	4.056862e-06	9.4128497e-06	3.4678622e-08	-6.7820935e-05	2.0944812e-05	0.00020331218	0.00020337705	0.00031896797
0.22	1.22	0	0	0	0.85817865	0	0	0	0.85695289	0.89721077	0.00020561773	2.0571445e-05	6.1037373e-06	1.4576225e-05	5.0048212e-08	9.3967225e-06	4.0756517e-06	9.4781589e-06	3.5600486e-08	-6.8567795e-05	2.13538e-05	0.00020554991	0.00020561595	0.00032119455
0.222	1.222	0	0	0	0.85658863	0	0	0	0.85537035	0.89536003	0.00020786534	2.0748747e-05	6.1522033e-06	1.4650666e-05	5.056873e-08	9.4613961e-06	4.0940912e-06	9.5428013e-06	3.6524605e-08	-6.9317477e-05	2.1767275e-05	0.0002077961	0.00020786332	0.00032340838
0.224	1.224	0	0	0	0.85499227	0	0	0	0.85378157	0.89349141	0.00021012148	2.0925409e-05	6.2004622e-06	1.4723845e-05	5.1088006e-08	9.5254145e-06	4.1121805e-06	9.6067707e-06	3.7450946e-08	-7.0070005e-05	2.2185254e-05	0.00021005081	0.00021011922	0.00032560955
0.226	1.226	0	0	0	0.85338951	0	0	0	0.85218651	0.89160486	0.00021238622	2.1101417e-05	6.248512e-06	1.479576e-05	5.1605982e-08	9.5887714e-06	4.1299198e-06	9.6700607e-06	3.8379482e-08	-7.0825401e-05	2.2607752e-05	0.00021231411	0.00021238373	0.00032779818
0.228	1.228	0	0	0	0.85178033	0	0	0	0.85058513	0.88970035	0.00021465964	2.1276759e-05	6.2963507e-06	1.4866405e-05	5.2122601e-08	9.6514606e-06	4.1473091e-06	9.7326651e-06	3.9310185e-08	-7.1583691e-05	2.3034789e-05	0.00021458608	0.00021465691	0.00032997437
0.23	1.23	0	0	0	0.85016468	0	0	0	0.84897739	0.88777782	0.00021694181	2.1451423e-05	6.3439765e-06	1.4935779e-05	5.2637808e-08	9.7134758e-06	4.1643487e-06	9.7945776e-06	4.0243031e-08	-7.2344896e-05	2.346638e-05	0.00021686679	0.00021693884	0.00033213825
0.232	1.232	0	0	0	0.84854253	0	0	0	0.84736324	0.88583725	0.0002192328	2.1625395e-05	6.3913873e-06	1.5003877e-05	5.3151547e-08	9.7748109e-06	4.1810387e-06	9.8557922e-06	4.1177996e-08	-7.3109044e-05	2.3902544e-05	0.0002191563	0.00021922959	0.00033428995
0.234	1.234	0	0	0	0.84691383	0	0	0	0.84574265	0.88387859	0.00022153269	2.1798663e-05	6.4385812e-06	1.5070696e-05	5.3663766e-08	9.8354597e-06	4.1973793e-06	9.9163025e-06	4.2115061e-08	-7.3876158e-05	2.4343298e-05	0.00022145471	0.00022152924	0.00033642957
0.236	1.236	0	0	0	0.84527854	0	0	0	0.84411557	0.8819018	0.00022384157	2.1971215e-05	6.4855563e-06	1.5136234e-05	5.4174412e-08	9.8954161e-06	4.2133707e-06	9.9761025e-06	4.3054205e-08	-7.4646265e-05	2.4788661e-05	0.00022376209	0.00022383787	0.00033855727
0.238	1.238	0	0	0	0.84363663	0	0	0	0.84248197	0.87990683	0.0002261595	2.2143039e-05	6.5323108e-06	1.5200487e-05	5.4683433e-08	9.9546739e-06	4.229013e-06	1.0035186e-05	4.3995412e-08	-7.5419392e-05	2.523865e-05	0.00022607851	0.00022615555	0.00034067317
0.24	1.24	0	0	0	0.84198805	0	0	0	0.8408418	0.87789365	0.00022848657	2.2314121e-05	6.5788427e-06	1.5263453e-05	5.5190777e-08	1.0013227e-05	4.2443066e-06	1.0093547e-05	4.4938667e-08	-7.6195567e-05	2.5693283e-05	0.00022840406	0.00022848238	0.00034277741
0.242	1.242	0	0	0	0.84033277	0	0	0	0.83919502	0.87586222	0.00023082287	2.2484451e-05	6.6251502e-06	1.532513e-05	5.5696397e-08	1.007107e-05	4.2592517e-06	1.0151179e-05	4.5883957e-08	-7.6974816e-05	2.6152579e-05	0.00023073882	0.00023081842	0.00034487012
0.244	1.244	0	0	0	0.83867073	0	0	0	0.83754158	0.87381249	0.00023316847	2.2654015e-05	6.6712314e-06	1.5385515e-05	5.6200242e-08	1.0128196e-05	4.2738484e-06	1.0208077e-05	4.683127e-08	-7.7757168e-05	2.6616557e-05	0.00023308288	0.00023316378	0.00034695147
0.246	1.246	0	0	0	0.83700191	0	0	0	0.83588145	0.87174442	0.00023552348	2.2822803e-05	6.7170844e-06	1.5444605e-05	5.6702264e-08	1.0184599e-05	4.2880972e-06	1.0264235e-05	4.7780598e-08	-7.8542653e-05	2.7085234e-05	0.00023543633	0.00023551853	0.00034902158
0.248	1.248	0	0	0	0.83532625	0	0	0	0.83421457	0.86965798	0.00023788797	2.2990802e-05	6.7627075e-06	1.5502399e-05	5.7202417e-08	1.0240274e-05	4.3019983e-06	1.0319645e-05	4.8731932e-08	-7.9331301e-05	2.7558631e-05	0.00023779925	0.00023788276	0.00035108062
0.25	1.25	0	0	0	0.83364372	0	0	0	0.83254091	0.86755312	0.00024026204	2.3158001e-05	6.8080988e-06	1.5558895e-05	5.7700655e-08	1.0295215e-05	4.315552e-06	1.0374304e-05	4.9685269e-08	-8.0123142e-05	2.8036765e-05	0.00024017174	0.00024025658	0.00035312873
0.252	1.252	0	0	0	0.83195427	0	0	0	0.83086041	0.86542981	0.00024264578	2.3324389e-05	6.8532565e-06	1.5614091e-05	5.8196932e-08	1.0349415e-05	4.3287586e-06	1.0428204e-05	5.0640604e-08	-8.0918207e-05	2.8519657e-05	0.00024255388	0.00024264006	0.00035516607
0.254	1.254	0	0	0	0.83025786	0	0	0	0.82917304	0.863288	0.0002450393	2.3489954e-05	6.8981789e-06	1.5667986e-05	5.8691205e-08	1.040287e-05	4.3416184e-06	1.048134e-05	5.1597936e-08	-8.1716529e-05	2.9007326e-05	0.00024494579	0.00024503331	0.0003571928
0.256	1.256	0	0	0	0.82855444	0	0	0	0.82747875	0.86112765	0.00024744268	2.3654685e-05	6.9428641e-06	1.5720577e-05	5.918343e-08	1.0455572e-05	4.3541319e-06	1.0533706e-05	5.2557267e-08	-8.251814e-05	2.949979e-05	0.00024734755	0.00024743643	0.00035920907
0.258	1.258	0	0	0	0.82684397	0	0	0	0.82577748	0.85894873	0.00024985603	2.3818571e-05	6.9873104e-06	1.5771865e-05	5.9673564e-08	1.0507517e-05	4.3662994e-06	1.0585296e-05	5.3518599e-08	-8.3323073e-05	2.9997071e-05	0.00024975927	0.00024984952	0.00036121506
0.26	1.26	0	0	0	0.8251264	0	0	0	0.8240692	0.85675119	0.00025227945	2.3981602e-05	7.031516e-06	1.5821847e-05	6.0161566e-08	1.0558698e-05	4.3781213e-06	1.0636105e-05	5.4481937e-08	-8.4131364e-05	3.0499189e-05	0.00025218104	0.00025227267	0.00036321092
0.262	1.262	0	0	0	0.8234017	0	0	0	0.82235386	0.85453499	0.00025471304	2.4143766e-05	7.0754793e-06	1.5870523e-05	6.0647395e-08	1.0609111e-05	4.3895979e-06	1.0686127e-05	5.5447288e-08	-8.4943046e-05	3.1006162e-05	0.00025461298	0.000254706	0.00036519682
0.264	1.264	0	0	0	0.8216698	0	0	0	0.82063141	0.8523001	0.00025715693	2.4305053e-05	7.1191984e-06	1.5917893e-05	6.1131012e-08	1.0658749e-05	4.4007296e-06	1.0735356e-05	5.6414662e-08	-8.5758157e-05	3.1518013e-05	0.00025705519	0.00025714961	0.00036717293
0.266	1.266	0	0	0	0.81993068	0	0	0	0.8189018	0.85004647	0.0002596112	2.4465453e-05	7.1626717e-06	1.5963955e-05	6.1612378e-08	1.0707606e-05	4.411517e-06	1.0783787e-05	5.7384069e-08	-8.6576732e-05	3.2034761e-05	0.00025950778	0.00025960361	0.00036913942
0.268	1.268	0	0	0	0.81818427	0	0	0	0.81716499	0.84777408	0.00026207598	2.4624956e-05	7.2058975e-06	1.600871e-05	6.2091455e-08	1.0755678e-05	4.4219604e-06	1.0831414e-05	5.8355524e-08	-8.739881e-05	3.2556427e-05	0.00026197087	0.00026206812	0.00037109647
0.27	1.27	0	0	0	0.81643054	0	0	0	0.81542092	0.84548287	0.00026455139	2.4783551e-05	7.248874e-06	1.6052156e-05	6.2568206e-08	1.0802959e-05	4.4320602e-06	1.0878231e-05	5.9329042e-08	-8.8224428e-05	3.3083033e-05	0.00026444456	0.00026454325	0.00037304424
0.272	1.272	0	0	0	0.81466944	0	0	0	0.81366954	0.84317281	0.00026703753	2.4941229e-05	7.2915996e-06	1.6094295e-05	6.3042594e-08	1.0849442e-05	4.4418169e-06	1.0924233e-05	6.0304641e-08	-8.9053626e-05	3.36146e-05	0.00026692898	0.00026702911	0.00037498292
0.274	1.274	0	0	0	0.81290091	0	0	0	0.81191081	0.84084387	0.00026953454	2.509798e-05	7.3340727e-06	1.6135126e-05	6.3514584e-08	1.0895124e-05	4.4512311e-06	1.0969415e-05	6.1282341e-08	-8.9886444e-05	3.4151149e-05	0.00026942425	0.00026952584	0.00037691269
0.276	1.276	0	0	0	0.81112491	0	0	0	0.81014467	0.838496	0.00027204253	2.5253796e-05	7.3762915e-06	1.6174649e-05	6.3984141e-08	1.0939998e-05	4.4603031e-06	1.1013771e-05	6.2262166e-08	-9.0722924e-05	3.4692703e-05	0.00027193049	0.00027203354	0.00037883372
0.278	1.278	0	0	0	0.80934139	0	0	0	0.80837108	0.83612917	0.00027456163	2.5408665e-05	7.4182545e-06	1.6212865e-05	6.4451233e-08	1.0984058e-05	4.4690334e-06	1.1057296e-05	6.3244139e-08	-9.1563107e-05	3.5239284e-05	0.00027444783	0.00027455236	0.0003807462
0.28	1.28	0	0	0	0.80755031	0	0	0	0.80658998	0.83374334	0.00027709197	2.556258e-05	7.45996e-06	1.6249774e-05	6.4915825e-08	1.1027301e-05	4.4774226e-06	1.1099984e-05	6.4228288e-08	-9.2407037e-05	3.5790913e-05	0.00027697639	0.00027708241	0.00038265031
0.282	1.282	0	0	0	0.8057516	0	0	0	0.80480132	0.83133847	0.00027963368	2.5715532e-05	7.5014063e-06	1.6285378e-05	6.5377885e-08	1.106972e-05	4.4854712e-06	1.1141831e-05	6.5214643e-08	-9.3254758e-05	3.6347613e-05	0.00027951631	0.00027962384	0.00038454623
0.284	1.284	0	0	0	0.80394523	0	0	0	0.80300504	0.82891454	0.0002821869	2.5867512e-05	7.5425919e-06	1.6319677e-05	6.5837382e-08	1.111131e-05	4.4931796e-06	1.1182831e-05	6.6203236e-08	-9.4106314e-05	3.6909408e-05	0.00028206773	0.00028217677	0.00038643416
0.286	1.286	0	0	0	0.80213113	0	0	0	0.8012011	0.82647149	0.00028475177	2.6018511e-05	7.5835151e-06	1.6352672e-05	6.6294285e-08	1.1152067e-05	4.5005485e-06	1.1222979e-05	6.7194101e-08	-9.4961753e-05	3.747632e-05	0.00028463077	0.00028474134	0.00038831428
0.288	1.288	0	0	0	0.80030927	0	0	0	0.79938944	0.8240093	0.00028732843	2.6168522e-05	7.6241744e-06	1.6384365e-05	6.6748565e-08	1.1191984e-05	4.5075783e-06	1.1262269e-05	6.8187275e-08	-9.5821121e-05	3.8048373e-05	0.0002872056	0.0002873177	0.00039018677
0.29	1.29	0	0	0	0.79847958	0	0	0	0.79757	0.82152794	0.00028991702	2.6317536e-05	7.6645682e-06	1.6414758e-05	6.7200191e-08	1.1231057e-05	4.5142696e-06	1.1300697e-05	6.9182797e-08	-9.6684468e-05	3.8625591e-05	0.00028979234	0.000289906	0.00039205184
0.292	1.292	0	0	0	0.79664202	0	0	0	0.79574274	0.81902736	0.00029251769	2.6465545e-05	7.7046948e-06	1.6443851e-05	6.7649134e-08	1.1269281e-05	4.5206229e-06	1.1338258e-05	7.0180708e-08	-9.7551841e-05	3.9207997e-05	0.00029239115	0.00029250637	0.00039390967
0.294	1.294	0	0	0	0.79479653	0	0	0	0.79390759	0.81650753	0.0002951306	2.6612541e-05	7.7445527e-06	1.6471647e-05	6.8095367e-08	1.130665e-05	4.5266388e-06	1.1374947e-05	7.1181054e-08	-9.8423293e-05	3.9795617e-05	0.00029500218	0.00029511897	0.00039576045
0.296	1.296	0	0	0	0.79294306	0	0	0	0.7920645	0.81396842	0.0002977559	2.6758518e-05	7.7841403e-06	1.6498147e-05	6.8538861e-08	1.1343161e-05	4.532318e-06	1.1410758e-05	7.2183881e-08	-9.9298874e-05	4.0388473e-05	0.00029762558	0.00029774396	0.00039760438
0.298	1.298	0	0	0	0.79108156	0	0	0	0.79021342	0.81141	0.00030039375	2.6903468e-05	7.8234561e-06	1.6523354e-05	6.8979588e-08	1.1378807e-05	4.5376608e-06	1.1445688e-05	7.3189237e-08	-0.00010017864	4.0986592e-05	0.00030026152	0.0003003815	0.00039944165
0.3	1.3	0	0	0	0.78921197	0	0	0	0.78835429	0.80883223	0.00030304431	2.7047384e-05	7.8624985e-06	1.654727e-05	6.9417521e-08	1.1413585e-05	4.542668e-06	1.147973e-05	7.4197174e-08	-0.00010106264	4.1589999e-05	inf	inf	inf
