lambda	F11	F12	F13	F21	F22	F23	F31	F32	F33	J	P11	P12	P13	P21	P22	P23	P31	P32	P33	p	StrEn	t(1)	t(2)	d
0	1	0	0	0	1	0	0	0	1	1	0	0	0	0	0	0	0	0	0	-0	0	inf	inf	inf
-0.002	1	-0.002	0	0	1	0	0	0	1	1	-6.1297518e-08	-1.2704249e-05	5.7698134e-09	-1.270136e-05	2.5037891e-08	-2.8051528e-08	1.0108661e-08	-2.6472317e-08	5.9282211e-08	-7.6741948e-09	1.2696631e-08	-1.2704249e-05	-1.269098e-05	-0.0010455
-0.004	1	-0.004	0	0	1	0	0	0	1	1	2.7846947e-08	-2.5387994e-05	1.1699572e-08	-2.5381918e-05	1.5861615e-07	-5.3766323e-08	2.0112686e-08	-5.0259119e-08	1.4200461e-07	-1.0948923e-07	5.0763921e-08	-2.5387994e-05	-2.5362734e-05	-0.00099597166
-0.006	1	-0.006	0	0	1	0	0	0	1	1	2.6686658e-07	-3.8038057e-05	1.7711676e-08	-3.8027804e-05	4.001352e-07	-7.7128032e-08	2.9987626e-08	-7.1398449e-08	2.4812917e-07	-3.0504365e-07	1.1414757e-07	-3.8038057e-05	-3.8001371e-05	-0.0009653873
-0.008	1	-0.008	0	0	1	0	0	0	1	1	6.5561821e-07	-5.0643819e-05	2.3699922e-08	-5.0627712e-05	7.495744e-07	-9.812394e-08	3.9669421e-08	-8.9942011e-08	3.7771516e-07	-5.9430259e-07	2.027694e-07	-5.0643819e-05	-5.0596481e-05	-0.00093559738
-0.01	1	-0.01	0	0	1	0	0	0	1	1	1.1937201e-06	-6.3198111e-05	2.9526366e-08	-6.3173792e-05	1.2068175e-06	-1.1675518e-07	4.904493e-08	-1.0596218e-07	5.3090683e-07	-9.7714816e-07	3.1653349e-07	-6.3198111e-05	-6.314092e-05	-0.0009057735
-0.012	1	-0.012	0	0	1	0	0	0	1	1	1.8800171e-06	-7.5697229e-05	3.5027365e-08	-7.5661678e-05	1.7710986e-06	-1.3303548e-07	5.7960898e-08	-1.1954022e-07	7.0791877e-07	-1.4530115e-06	4.5533308e-07	-7.5697229e-05	-7.5630949e-05	-0.00087635978
-0.014	1	-0.014	0	0	1	0	0	0	1	1	2.7118177e-06	-8.8140767e-05	4.0046159e-08	-8.8090338e-05	2.4402014e-06	-1.4696924e-07	6.6277722e-08	-1.3071718e-07	9.0902821e-07	-2.0203491e-06	6.1905729e-07	-8.8140767e-05	-8.8066268e-05	-0.00084594024
-0.016	1	-0.016	0	0	1	0	0	0	1	1	3.6831993e-06	-0.00010053234	4.4489646e-08	-0.00010046283	3.2086665e-06	-1.5852302e-07	7.3960889e-08	-1.394282e-07	1.1346008e-06	-2.6754889e-06	8.0759816e-07	-0.00010053234	-0.00010045053	-0.00081440865
-0.018	1	-0.018	0	0	1	0	0	0	1	1	4.783807e-06	-0.00011288002	4.8345287e-08	-0.00011278684	4.0664456e-06	-1.6764449e-07	8.1108764e-08	-1.4551774e-07	1.3851645e-06	-3.4118057e-06	1.0208594e-06	-0.00011288002	-0.00011279133	-0.00078639407
-0.02	1	-0.02	0	0	1	0	0	0	1	1	6.0009032e-06	-0.00012519406	5.1602664e-08	-0.00012507228	5.0009012e-06	-1.7434389e-07	8.7837832e-08	-1.4887273e-07	1.6614857e-06	-4.2210967e-06	1.2587635e-06	-0.00012519406	-0.00012509816	-0.00076656629
-0.022	1	-0.022	0	0	1	0	0	0	1	1	7.3231334e-06	-0.0001374831	5.4147857e-08	-0.00013732762	6.0006621e-06	-1.7876616e-07	9.4137352e-08	-1.4954292e-07	1.9646071e-06	-5.0961342e-06	1.521252e-06	-0.0001374831	-0.00013737935	-0.0007552124
-0.024	1	-0.024	0	0	1	0	0	0	1	1	8.7424613e-06	-0.00014975252	5.5703929e-08	-0.00014955801	7.0576596e-06	-1.8122034e-07	9.980292e-08	-1.4777462e-07	2.2958829e-06	-6.0320013e-06	1.8082809e-06	-0.00014975252	-0.00014964026	-0.00075015472
-0.026	1	-0.026	0	0	1	0	0	0	1	1	1.0254083e-05	-0.00016200449	5.5794524e-08	-0.00016176541	8.1670807e-06	-1.8220659e-07	1.0441179e-07	-1.4401875e-07	2.6570688e-06	-7.0260775e-06	2.1198131e-06	-0.00016200449	-0.00016188318	-0.00074933507
-0.028	1	-0.028	0	0	1	0	0	0	1	1	1.1855765e-05	-0.00017423866	5.368303e-08	-0.00017394921	9.3267015e-06	-1.8247961e-07	1.0727391e-07	-1.3897463e-07	3.05051e-06	-8.0776588e-06	2.4558136e-06	-0.00017423866	-0.00017410781	-0.00075157913
-0.03	1	-0.03	0	0	1	0	0	0	1	1	1.354744e-05	-0.00018645246	4.8252823e-08	-0.00018610653	1.0536456e-05	-1.8317501e-07	1.0731969e-07	-1.3369959e-07	3.4795042e-06	-9.1878001e-06	2.8162443e-06	-0.00018645246	-0.0001863115	-0.00075656823
-0.032	1	-0.032	0	0	1	0	0	0	1	1	1.5331362e-05	-0.00019864077	3.7785427e-08	-0.00019823191	1.1798548e-05	-1.8604008e-07	1.028828e-07	-1.2982081e-07	3.9490158e-06	-1.0359642e-05	3.2010596e-06	-0.00019864077	-0.00019848895	-0.00076484795
-0.034	1	-0.034	0	0	1	0	0	0	1	1	1.7213163e-05	-0.00021079471	1.9550525e-08	-0.00021031596	1.3118442e-05	-1.9385692e-07	9.1293544e-08	-1.2992977e-07	4.4671722e-06	-1.1599592e-05	3.6102001e-06	-0.00021079471	-0.00021063079	-0.00077825226
-0.036	1	-0.036	0	0	1	0	0	0	1	1	1.9204755e-05	-0.00022289852	-1.0976369e-08	-0.00022234219	1.450764e-05	-2.1124778e-07	6.8099076e-08	-1.3833692e-07	5.048632e-06	-1.2920342e-05	4.0435828e-06	-0.00022289852	-0.00022272006	-0.00080127751
-0.038	1	-0.038	0	0	1	0	0	0	1	1	2.1331812e-05	-0.00023492194	-6.1657e-08	-0.00023427902	1.5990914e-05	-2.4626232e-07	2.5518675e-08	-1.6256449e-07	5.7227731e-06	-1.43485e-05	4.5010804e-06	-0.00023492194	-0.00023472366	-0.00084473696
-0.04	1	-0.04	0	0	1	0	0	0	1	1	2.3653553e-05	-0.00024680139	-1.4668954e-07	-0.00024606009	1.762559e-05	-3.1346234e-07	-5.0578526e-08	-2.162631e-07	6.554895e-06	-1.5944679e-05	4.9824774e-06	-0.00024680139	-0.00024657125	-0.00093335463
-0.042	1	-0.042	0	0	1	0	0	0	1	1	2.6313728e-05	-0.00025839484	-2.9113676e-07	-0.00025753673	1.9551723e-05	-4.3857811e-07	-1.8531907e-07	-3.2367481e-07	7.7000426e-06	-1.7855164e-05	5.4873654e-06	-0.00025839484	-0.00025811053	-0.0011015
-0.044	1	-0.044	0	0	1	0	0	0	1	1	2.9629322e-05	-0.00026941413	-5.2838628e-07	-0.00026840549	2.2080939e-05	-6.5589481e-07	-4.1268546e-07	-5.1745308e-07	9.494547e-06	-2.0401602e-05	6.0149195e-06	-0.00026941413	-0.00026907075	-0.0012761738
-0.046	1	-0.046	0	0	1	0	0	0	1	1	3.4013434e-05	-0.00027952472	-8.6209282e-07	-0.00027830925	2.5625627e-05	-9.6919365e-07	-7.3789792e-07	-8.0217667e-07	1.2369098e-05	-2.400272e-05	6.5636484e-06	-0.00027952472	-0.00027919157	-0.0011932915
-0.048	1	-0.048	0	0	1	0	0	0	1	1	3.9506122e-05	-0.0002887501	-1.2327699e-06	-0.00028726259	3.023688e-05	-1.3177655e-06	-1.1028601e-06	-1.1215143e-06	1.6356753e-05	-2.8699918e-05	7.1316858e-06	-0.0002887501	-0.0002884819	-0.00092968026
-0.05	1	-0.05	0	0	1	0	0	0	1	1	4.5756176e-05	-0.00029742212	-1.5823052e-06	-0.00029560761	3.5575925e-05	-1.6428488e-06	-1.4493675e-06	-1.4199709e-06	2.1085764e-05	-3.4139288e-05	7.717576e-06	-0.00029742212	-0.00029720271	-0.00073827758
-0.052	1	-0.052	0	0	1	0	0	0	1	1	5.2448079e-05	-0.00030580736	-1.8917162e-06	-0.00030362252	4.1332931e-05	-1.9259205e-06	-1.757727e-06	-1.6796299e-06	2.6227995e-05	-4.0003002e-05	8.3204966e-06	-0.00030580736	-0.00030561238	-0.00063798424
-0.054	1	-0.054	0	0	1	0	0	0	1	1	5.9404837e-05	-0.00031404526	-2.1615198e-06	-0.00031145372	4.7332451e-05	-2.1682216e-06	-2.0278696e-06	-1.9013377e-06	3.1601674e-05	-4.6112987e-05	8.9400256e-06	-0.00031404526	-0.00031386146	-0.00058558683
-0.056	1	-0.056	0	0	1	0	0	0	1	1	6.6533877e-05	-0.00032220469	-2.3970218e-06	-0.00031917387	5.3482035e-05	-2.3756566e-06	-2.2647175e-06	-2.090485e-06	3.7112895e-05	-5.2376269e-05	9.5759425e-06	-0.00032220469	-0.00032202576	-0.00055563765
-0.058	1	-0.058	0	0	1	0	0	0	1	1	7.3784619e-05	-0.0003303215	-2.6037365e-06	-0.00032682086	5.9730834e-05	-2.5541678e-06	-2.4735386e-06	-2.2525846e-06	4.2711032e-05	-5.8742161e-05	1.0228129e-05	-0.0003303215	-0.00033014434	-0.00053663395
-0.06	1	-0.06	0	0	1	0	0	0	1	1	8.1127592e-05	-0.0003384157	-2.7863733e-06	-0.00033441594	6.6049036e-05	-2.7087559e-06	-2.6588779e-06	-2.392306e-06	4.8367026e-05	-6.5181218e-05	1.089652e-05	-0.0003384157	-0.00033823868	-0.00052336059
-0.062	1	-0.062	0	0	1	0	0	0	1	1	8.8544558e-05	-0.00034649927	-2.9487649e-06	-0.00034197184	7.2418088e-05	-2.8434468e-06	-2.8244541e-06	-2.5134226e-06	5.4063202e-05	-7.1675283e-05	1.1581083e-05	-0.00034649927	-0.0003463215	-0.00051331076
-0.064	1	-0.064	0	0	1	0	0	0	1	1	9.6023628e-05	-0.00035457981	-3.0940019e-06	-0.00034949664	7.8825834e-05	-2.9614559e-06	-2.9732755e-06	-2.618955e-06	5.9788265e-05	-7.8212576e-05	1.2281806e-05	-0.00035457981	-0.00035440077	-0.00050519763
-0.066	1	-0.066	0	0	1	0	0	0	1	1	0.00010355671	-0.00036266241	-3.2245863e-06	-0.00035699576	8.5263963e-05	-3.065362e-06	-3.1077826e-06	-2.7113293e-06	6.5534699e-05	-8.4785124e-05	1.2998686e-05	-0.00036266241	-0.00036248177	-0.00049831904
-0.068	1	-0.068	0	0	1	0	0	0	1	1	0.00011113809	-0.00037075061	-3.3425597e-06	-0.00036447298	9.1726582e-05	-3.15725e-06	-3.2299696e-06	-2.7925086e-06	7.1297337e-05	-9.1387338e-05	1.3731733e-05	-0.00037075061	-0.00037056819	-0.00049227056
-0.07	1	-0.07	0	0	1	0	0	0	1	1	0.00011876362	-0.000378847	-3.4496038e-06	-0.00037193106	9.8209391e-05	-3.238821e-06	-3.3414806e-06	-2.8640954e-06	7.7072525e-05	-9.8015178e-05	1.4480959e-05	-0.000378847	-0.00037866267	-0.00048680792
-0.072	1	-0.072	0	0	1	0	0	0	1	1	0.00012643018	-0.00038695354	-3.5471163e-06	-0.00037937205	0.00010470916	-3.3114756e-06	-3.4436834e-06	-2.9274093e-06	8.2857621e-05	-0.00010466565	1.5246384e-05	-0.00038695354	-0.00038676721	-0.00048177718
-0.074	1	-0.074	0	0	1	0	0	0	1	1	0.00013413539	-0.00039507173	-3.6362694e-06	-0.00038679756	0.00011122343	-3.3763774e-06	-3.5377252e-06	-2.9835458e-06	8.8650677e-05	-0.0001113365	1.6028028e-05	-0.00039507173	-0.00039488334	-0.00047707761
-0.076	1	-0.076	0	0	1	0	0	0	1	1	0.00014187741	-0.00040320278	-3.7180539e-06	-0.00039420885	0.00011775027	-3.4345002e-06	-3.624576e-06	-3.0334218e-06	9.4450235e-05	-0.00011802597	1.6825917e-05	-0.00040320278	-0.0004030123	-0.00047264094
-0.078	1	-0.078	0	0	1	0	0	0	1	1	0.00014965475	-0.00041134767	-3.7933132e-06	-0.00040160696	0.00012428814	-3.4866651e-06	-3.7050615e-06	-3.0778096e-06	0.00010025519	-0.00012473269	1.7640077e-05	-0.00041134767	-0.00041115508	-0.00046841938
-0.08	1	-0.08	0	0	1	0	0	0	1	1	0.00015746624	-0.00041950721	-3.8627704e-06	-0.00040899273	0.00013083581	-3.5335695e-06	-3.7798898e-06	-3.1173644e-06	0.00010606468	-0.00013145558	1.8470537e-05	-0.00041950721	-0.00041931249	-0.00046437848
-0.082	1	-0.082	0	0	1	0	0	0	1	1	0.00016531088	-0.0004276821	-3.927049e-06	-0.0004163669	0.00013739228	-3.5758088e-06	-3.8496712e-06	-3.152645e-06	0.00011187807	-0.00013819374	1.9317327e-05	-0.0004276821	-0.00042748525	-0.00046049263
-0.084	1	-0.084	0	0	1	0	0	0	1	1	0.00017318789	-0.00043587293	-3.9866895e-06	-0.00042373006	0.00014395671	-3.6138944e-06	-3.9149347e-06	-3.1841309e-06	0.00011769482	-0.00014494647	2.0180478e-05	-0.00043587293	-0.00043567394	-0.00045674236
-0.086	1	-0.086	0	0	1	0	0	0	1	1	0.00018109658	-0.00044408021	-4.0421631e-06	-0.00043108276	0.00015052842	-3.648268e-06	-3.9761413e-06	-3.2122352e-06	0.00012351453	-0.00015171318	2.1060023e-05	-0.00044408021	-0.00044387909	-0.00045311242
-0.088	1	-0.088	0	0	1	0	0	0	1	1	0.00018903637	-0.00045230441	-4.0938823e-06	-0.00043842546	0.00015710681	-3.6793126e-06	-4.0336944e-06	-3.2373159e-06	0.00012933689	-0.00015849336	2.1955995e-05	-0.00045230441	-0.00045210115	-0.00044959062
-0.09	1	-0.09	0	0	1	0	0	0	1	1	0.00019700677	-0.00046054591	-4.1422098e-06	-0.00044575856	0.00016369139	-3.7073621e-06	-4.0879486e-06	-3.2596843e-06	0.00013516163	-0.0001652866	2.2868428e-05	-0.00046054591	-0.00046034052	-0.00044616701
-0.092	1	-0.092	0	0	1	0	0	0	1	1	0.00020500736	-0.00046880508	-4.1874656e-06	-0.00045308243	0.00017028173	-3.7327086e-06	-4.1392167e-06	-3.279612e-06	0.00014098855	-0.00017209255	2.3797357e-05	-0.00046880508	-0.00046859757	-0.00044283331
-0.094	1	-0.094	0	0	1	0	0	0	1	1	0.00021303776	-0.00047708225	-4.2299336e-06	-0.0004603974	0.00017687747	-3.7556085e-06	-4.1877756e-06	-3.2973374e-06	0.00014681749	-0.00017891091	2.4742818e-05	-0.00047708225	-0.00047687263	-0.00043958252
-0.096	1	-0.096	0	0	1	0	0	0	1	1	0.00022109764	-0.00048537771	-4.2698657e-06	-0.00046770377	0.00018347828	-3.7762879e-06	-4.2338716e-06	-3.3130698e-06	0.00015264832	-0.00018574141	2.5704847e-05	-0.00048537771	-0.00048516598	-0.00043640862
-0.098	1	-0.098	0	0	1	0	0	0	1	1	0.0002291867	-0.00049369172	-4.3074869e-06	-0.00047500179	0.00019008388	-3.7949469e-06	-4.2777238e-06	-3.3269941e-06	0.00015848093	-0.00019258384	2.6683482e-05	-0.00049369172	-0.00049347789	-0.00043330636
-0.1	1	-0.1	0	0	1	0	0	0	1	1	0.00023730469	-0.00050202453	-4.3429982e-06	-0.00048229172	0.00019669403	-3.811763e-06	-4.3195284e-06	-3.3392737e-06	0.00016431524	-0.00019943799	2.7678759e-05	-0.00050202453	-0.00050180862	-0.00043027114
-0.102	1	-0.102	0	0	1	0	0	0	1	1	0.00024545137	-0.00051037636	-4.3765801e-06	-0.00048957376	0.0002033085	-3.8268938e-06	-4.3594608e-06	-3.3500539e-06	0.00017015117	-0.00020630368	2.8690716e-05	-0.00051037636	-0.00051015837	-0.00042729888
-0.104	1	-0.104	0	0	1	0	0	0	1	1	0.00025362653	-0.00051874742	-4.4083947e-06	-0.00049684813	0.0002099271	-3.8404805e-06	-4.397679e-06	-3.3594637e-06	0.00017598868	-0.00021318077	2.9719392e-05	-0.00051874742	-0.00051852736	-0.00042438589
-0.106	1	-0.106	0	0	1	0	0	0	1	1	0.00026182996	-0.00052713789	-4.4385884e-06	-0.00050411502	0.00021654965	-3.852649e-06	-4.4343252e-06	-3.3676184e-06	0.00018182772	-0.00022006911	3.0764826e-05	-0.00052713789	-0.00052691578	-0.00042152887
-0.108	1	-0.108	0	0	1	0	0	0	1	1	0.00027006148	-0.00053554796	-4.4672932e-06	-0.00051137458	0.00022317599	-3.8635126e-06	-4.4695276e-06	-3.374621e-06	0.00018766825	-0.00022696858	3.1827055e-05	-0.00053554796	-0.00053532381	-0.00041872483
-0.11	1	-0.11	0	0	1	0	0	0	1	1	0.00027832094	-0.00054397779	-4.4946288e-06	-0.00051862698	0.00022980599	-3.8731728e-06	-4.5034024e-06	-3.380564e-06	0.00019351025	-0.00023387906	3.2906121e-05	-0.00054397779	-0.0005437516	-0.00041597102
-0.112	1	-0.112	0	0	1	0	0	0	1	1	0.00028660816	-0.00055242752	-4.5207038e-06	-0.00052587236	0.0002364395	-3.8817216e-06	-4.5360548e-06	-3.3855305e-06	0.0001993537	-0.00024080046	3.4002062e-05	-0.00055242752	-0.00055219931	-0.00041326493
-0.114	1	-0.114	0	0	1	0	0	0	1	1	0.00029492301	-0.00056089729	-4.545617e-06	-0.00053311086	0.00024307642	-3.8892416e-06	-4.5675804e-06	-3.3895951e-06	0.00020519858	-0.00024773267	3.5114918e-05	-0.00056089729	-0.00056066708	-0.00041060427
-0.116	1	-0.116	0	0	1	0	0	0	1	1	0.00030326534	-0.00056938724	-4.5694583e-06	-0.0005403426	0.00024971662	-3.8958079e-06	-4.5980662e-06	-3.3928255e-06	0.00021104488	-0.00025467562	3.624473e-05	-0.00056938724	-0.00056915503	-0.00040798689
-0.118	1	-0.118	0	0	1	0	0	0	1	1	0.00031163504	-0.00057789749	-4.5923099e-06	-0.0005475677	0.00025636002	-3.9014887e-06	-4.6275916e-06	-3.3952827e-06	0.00021689259	-0.00026162921	3.7391538e-05	-0.00057789749	-0.0005776633	-0.00040541084
-0.12	1	-0.12	0	0	1	0	0	0	1	1	0.00032003196	-0.00058642815	-4.6142468e-06	-0.00055478627	0.0002630065	-3.9063458e-06	-4.6562289e-06	-3.397022e-06	0.00022274169	-0.00026859339	3.8555383e-05	-0.00058642815	-0.00058619198	-0.00040287427
-0.122	1	-0.122	0	0	1	0	0	0	1	1	0.000328456	-0.00059497932	-4.6353378e-06	-0.00056199839	0.000269656	-3.9104357e-06	-4.6840445e-06	-3.3980938e-06	0.0002285922	-0.00027556807	3.9736306e-05	-0.00059497932	-0.0005947412	-0.00040037551
-0.124	1	-0.124	0	0	1	0	0	0	1	1	0.00033690705	-0.00060355111	-4.6556461e-06	-0.00056920417	0.00027630842	-3.9138098e-06	-4.7110989e-06	-3.3985437e-06	0.00023444409	-0.00028255319	4.0934348e-05	-0.00060355111	-0.00060331105	-0.00039791295
-0.126	1	-0.126	0	0	1	0	0	0	1	1	0.00034538499	-0.00061214361	-4.6752295e-06	-0.0005764037	0.00028296368	-3.9165153e-06	-4.737448e-06	-3.3984136e-06	0.00024029738	-0.00028954868	4.214955e-05	-0.00061214361	-0.00061190161	-0.00039548512
-0.128	1	-0.128	0	0	1	0	0	0	1	1	0.00035388972	-0.0006207569	-4.6941413e-06	-0.00058359704	0.00028962172	-3.9185953e-06	-4.7631428e-06	-3.3977416e-06	0.00024615206	-0.0002965545	4.3381955e-05	-0.0006207569	-0.00062051298	-0.00039309066
-0.13	1	-0.13	0	0	1	0	0	0	1	1	0.00036242115	-0.00062939106	-4.7124309e-06	-0.00059078427	0.00029628247	-3.9200894e-06	-4.7882305e-06	-3.3965625e-06	0.00025200812	-0.00030357058	4.4631602e-05	-0.00062939106	-0.00062914523	-0.00039072826
-0.132	1	-0.132	0	0	1	0	0	0	1	1	0.00037097917	-0.00063804617	-4.7301434e-06	-0.00059796547	0.00030294585	-3.921034e-06	-4.8127544e-06	-3.3949085e-06	0.00025786558	-0.00031059687	4.5898535e-05	-0.00063804617	-0.00063779845	-0.00038839671
-0.134	1	-0.134	0	0	1	0	0	0	1	1	0.00037956369	-0.0006467223	-4.7473208e-06	-0.00060514069	0.00030961182	-3.9214628e-06	-4.8367545e-06	-3.3928088e-06	0.00026372442	-0.00031763331	4.7182796e-05	-0.0006467223	-0.0006464727	-0.0003860949
-0.136	1	-0.136	0	0	1	0	0	0	1	1	0.00038817463	-0.00065541951	-4.7640018e-06	-0.00061230999	0.00031628031	-3.9214066e-06	-4.8602678e-06	-3.3902907e-06	0.00026958465	-0.00032467986	4.8484426e-05	-0.00065541951	-0.00065516804	-0.00038382175
-0.138	1	-0.138	0	0	1	0	0	0	1	1	0.00039681188	-0.00066413787	-4.7802224e-06	-0.00061947344	0.00032295126	-3.9208942e-06	-4.8833285e-06	-3.3873791e-06	0.00027544627	-0.00033173647	4.9803468e-05	-0.00066413787	-0.00066388455	-0.00038157627
-0.14	1	-0.14	0	0	1	0	0	0	1	1	0.00040547537	-0.00067287743	-4.7960157e-06	-0.00062663107	0.00032962463	-3.9199521e-06	-4.9059681e-06	-3.3840972e-06	0.00028130928	-0.00033880309	5.1139964e-05	-0.00067287743	-0.00067262227	-0.00037935752
-0.142	1	-0.142	0	0	1	0	0	0	1	1	0.00041416501	-0.00068163825	-4.8114128e-06	-0.00063378294	0.00033630035	-3.9186048e-06	-4.9282161e-06	-3.3804663e-06	0.00028717368	-0.00034587968	5.2493957e-05	-0.00068163825	-0.00068138126	-0.00037716462
-0.144	1	-0.144	0	0	1	0	0	0	1	1	0.00042288071	-0.00069042038	-4.8264423e-06	-0.0006409291	0.00034297839	-3.9168752e-06	-4.9500996e-06	-3.3765063e-06	0.00029303948	-0.00035296619	5.386549e-05	-0.00069042038	-0.00069016157	-0.00037499674
-0.146	1	-0.146	0	0	1	0	0	0	1	1	0.0004316224	-0.00069922386	-4.841131e-06	-0.00064806957	0.00034965868	-3.9147845e-06	-4.9716439e-06	-3.3722356e-06	0.00029890666	-0.00036006258	5.5254604e-05	-0.00069922386	-0.00069896325	-0.00037285311
-0.148	1	-0.148	0	0	1	0	0	0	1	1	0.00044038999	-0.00070804874	-4.8555036e-06	-0.0006552044	0.00035634119	-3.9123527e-06	-4.9928724e-06	-3.3676716e-06	0.00030477523	-0.0003671688	5.6661343e-05	-0.00070804874	-0.00070778634	-0.000370733
-0.15	1	-0.15	0	0	1	0	0	0	1	1	0.00044918341	-0.00071689506	-4.8695835e-06	-0.00066233362	0.00036302586	-3.9095982e-06	-5.0138072e-06	-3.3628301e-06	0.00031064519	-0.00037428482	5.8085749e-05	-0.00071689506	-0.00071663088	-0.0003686357
-0.152	1	-0.152	0	0	1	0	0	0	1	1	0.00045800258	-0.00072576285	-4.8833922e-06	-0.00066945727	0.00036971266	-3.9065382e-06	-5.0344684e-06	-3.3577263e-06	0.00031651654	-0.00038141059	5.9527866e-05	-0.00072576285	-0.00072549691	-0.00036656058
-0.154	1	-0.154	0	0	1	0	0	0	1	1	0.00046684742	-0.00073465215	-4.8969499e-06	-0.00067657538	0.00037640154	-3.903189e-06	-5.0548751e-06	-3.3523741e-06	0.00032238928	-0.00038854608	6.0987737e-05	-0.00073465215	-0.00073438447	-0.00036450702
-0.156	1	-0.156	0	0	1	0	0	0	1	1	0.00047571786	-0.000743563	-4.9102756e-06	-0.00068368796	0.00038309246	-3.8995658e-06	-5.0750451e-06	-3.3467868e-06	0.00032826339	-0.00039569124	6.2465404e-05	-0.000743563	-0.00074329358	-0.00036247445
-0.158	1	-0.158	0	0	1	0	0	0	1	1	0.00048461382	-0.00075249542	-4.9233868e-06	-0.00069079505	0.00038978537	-3.8956829e-06	-5.0949948e-06	-3.3409766e-06	0.00033413889	-0.00040284603	6.3960911e-05	-0.00075249542	-0.00075222428	-0.00036046231
-0.16	1	-0.16	0	0	1	0	0	0	1	1	0.00049353523	-0.00076144945	-4.9363e-06	-0.00069789667	0.00039648024	-3.8915536e-06	-5.1147397e-06	-3.3349554e-06	0.00034001577	-0.00041001041	6.5474301e-05	-0.00076144945	-0.00076117659	-0.0003584701
-0.162	1	-0.162	0	0	1	0	0	0	1	1	0.00050248201	-0.0007704251	-4.9490309e-06	-0.00070499284	0.00040317702	-3.8871906e-06	-5.1342942e-06	-3.328734e-06	0.00034589402	-0.00041718435	6.7005617e-05	-0.0007704251	-0.00077015054	-0.00035649733
-0.164	1	-0.164	0	0	1	0	0	0	1	1	0.00051145411	-0.0007794224	-4.9615937e-06	-0.00071208358	0.00040987568	-3.8826058e-06	-5.153672e-06	-3.3223229e-06	0.00035177365	-0.00042436781	6.8554903e-05	-0.0007794224	-0.00077914616	-0.00035454355
-0.166	1	-0.166	0	0	1	0	0	0	1	1	0.00052045143	-0.00078844138	-4.9740023e-06	-0.0007191689	0.00041657618	-3.8778106e-06	-5.1728856e-06	-3.3157319e-06	0.00035765464	-0.00043156075	7.0122202e-05	-0.00078844138	-0.00078816347	-0.00035260832
-0.168	1	-0.168	0	0	1	0	0	0	1	1	0.00052947392	-0.00079748206	-4.9862692e-06	-0.00072624883	0.00042327848	-3.8728154e-06	-5.1919469e-06	-3.3089703e-06	0.00036353699	-0.00043876313	7.1707557e-05	-0.00079748206	-0.00079720249	-0.00035069124
-0.17	1	-0.17	0	0	1	0	0	0	1	1	0.0005385215	-0.00080654444	-4.9984066e-06	-0.00073332337	0.00042998254	-3.8676304e-06	-5.2108671e-06	-3.3020469e-06	0.00036942069	-0.00044597491	7.3311012e-05	-0.00080654444	-0.00080626323	-0.00034879193
-0.172	1	-0.172	0	0	1	0	0	0	1	1	0.00054759411	-0.00081562856	-5.0104256e-06	-0.00074039254	0.00043668832	-3.8622652e-06	-5.2296566e-06	-3.2949701e-06	0.00037530575	-0.00045319606	7.493261e-05	-0.00081562856	-0.00081534571	-0.00034691001
-0.174	1	-0.174	0	0	1	0	0	0	1	1	0.00055669167	-0.00082473442	-5.0223368e-06	-0.00074745634	0.0004433958	-3.8567288e-06	-5.2483251e-06	-3.287748e-06	0.00038119215	-0.00046042654	7.6572395e-05	-0.00082473442	-0.00082444995	-0.00034504515
-0.176	1	-0.176	0	0	1	0	0	0	1	1	0.00056581412	-0.00083386205	-5.0341502e-06	-0.0007545148	0.00045010493	-3.8510298e-06	-5.2668821e-06	-3.280388e-06	0.00038707989	-0.00046766631	7.823041e-05	-0.00083386205	-0.00083357597	-0.00034319701
-0.178	1	-0.178	0	0	1	0	0	0	1	1	0.00057496139	-0.00084301144	-5.0458752e-06	-0.00076156791	0.00045681567	-3.8451764e-06	-5.2853359e-06	-3.2728976e-06	0.00039296895	-0.00047491534	7.9906699e-05	-0.00084301144	-0.00084272376	-0.0003413653
-0.18	1	-0.18	0	0	1	0	0	0	1	1	0.00058413342	-0.00085218262	-5.0575205e-06	-0.00076861569	0.00046352799	-3.8391764e-06	-5.3036949e-06	-3.2652835e-06	0.00039885934	-0.00048217358	8.1601305e-05	-0.00085218262	-0.00085189336	-0.00033954972
-0.182	1	-0.182	0	0	1	0	0	0	1	1	0.00059333013	-0.00086137559	-5.0690944e-06	-0.00077565814	0.00047024186	-3.8330374e-06	-5.3219666e-06	-3.2575524e-06	0.00040475104	-0.00048944101	8.3314272e-05	-0.00086137559	-0.00086108475	-0.00033774999
-0.184	1	-0.184	0	0	1	0	0	0	1	1	0.00060255146	-0.00087059036	-5.0806047e-06	-0.00078269527	0.00047695724	-3.8267662e-06	-5.3401583e-06	-3.2497108e-06	0.00041064405	-0.00049671758	8.5045644e-05	-0.00087059036	-0.00087029797	-0.00033596586
-0.186	1	-0.186	0	0	1	0	0	0	1	1	0.00061179735	-0.00087982694	-5.0920588e-06	-0.00078972708	0.00048367409	-3.8203698e-06	-5.3582767e-06	-3.2417646e-06	0.00041653835	-0.00050400326	8.6795464e-05	-0.00087982694	-0.000879533	-0.00033419707
-0.188	1	-0.188	0	0	1	0	0	0	1	1	0.00062106773	-0.00088908533	-5.1034637e-06	-0.00079675357	0.00049039239	-3.8138546e-06	-5.3763282e-06	-3.2337196e-06	0.00042243394	-0.00051129802	8.8563776e-05	-0.00088908533	-0.00088878986	-0.00033244338
-0.19	1	-0.19	0	0	1	0	0	0	1	1	0.00063036253	-0.00089836555	-5.1148257e-06	-0.00080377475	0.00049711209	-3.8072267e-06	-5.3943187e-06	-3.2255816e-06	0.0004283308	-0.0005186018	9.0350623e-05	-0.00089836555	-0.00089806855	-0.00033070458
-0.192	1	-0.192	0	0	1	0	0	0	1	1	0.00063968169	-0.00090766759	-5.126151e-06	-0.00081079063	0.00050383316	-3.8004922e-06	-5.412254e-06	-3.2173558e-06	0.00043422892	-0.00052591459	9.215605e-05	-0.00090766759	-0.00090736908	-0.00032898044
-0.194	1	-0.194	0	0	1	0	0	0	1	1	0.00064902514	-0.00091699145	-5.1374456e-06	-0.00081780119	0.00051055557	-3.7936567e-06	-5.4301394e-06	-3.2090474e-06	0.00044012831	-0.00053323634	9.39801e-05	-0.00091699145	-0.00091669145	-0.00032727077
-0.196	1	-0.196	0	0	1	0	0	0	1	1	0.00065839283	-0.00092633715	-5.1487147e-06	-0.00082480645	0.00051727928	-3.7867256e-06	-5.4479799e-06	-3.2006613e-06	0.00044602893	-0.00054056702	9.5822816e-05	-0.00092633715	-0.00092603566	-0.00032557537
-0.198	1	-0.198	0	0	1	0	0	0	1	1	0.00066778469	-0.00093570468	-5.1599635e-06	-0.0008318064	0.00052400427	-3.7797042e-06	-5.4657802e-06	-3.1922024e-06	0.00045193079	-0.00054790658	9.7684242e-05	-0.00093570468	-0.00093540171	-0.00032389405
-0.2	1	-0.2	0	0	1	0	0	0	1	1	0.00067720065	-0.00094509404	-5.171197e-06	-0.00083880104	0.00053073048	-3.7725974e-06	-5.4835448e-06	-3.1836753e-06	0.00045783386	-0.000555255	9.9564423e-05	-0.00094509404	-0.00094478961	-0.00032222664
-0.202	1	-0.202	0	0	1	0	0	0	1	1	0.00068664065	-0.00095450524	-5.1824195e-06	-0.00084579037	0.00053745791	-3.7654102e-06	-5.5012778e-06	-3.1750844e-06	0.00046373814	-0.00056261223	0.0001014634	-0.00095450524	-0.00095419935	-0.00032057296
-0.204	1	-0.204	0	0	1	0	0	0	1	1	0.00069610463	-0.00096393826	-5.1936356e-06	-0.0008527744	0.0005441865	-3.758147e-06	-5.5189833e-06	-3.1664339e-06	0.00046964362	-0.00056997825	0.00010338122	-0.00096393826	-0.00096363093	-0.00031893286
-0.206	1	-0.206	0	0	1	0	0	0	1	1	0.00070559253	-0.00097339311	-5.2048491e-06	-0.0008597531	0.00055091622	-3.7508123e-06	-5.5366649e-06	-3.157728e-06	0.00047555028	-0.00057735301	0.00010531792	-0.00097339311	-0.00097308435	-0.00031730617
-0.208	1	-0.208	0	0	1	0	0	0	1	1	0.00071510428	-0.00098286979	-5.2160639e-06	-0.00086672649	0.00055764705	-3.7434105e-06	-5.5543263e-06	-3.1489706e-06	0.00048145811	-0.00058473648	0.00010727356	-0.00098286979	-0.00098255961	-0.00031569274
-0.21	1	-0.21	0	0	1	0	0	0	1	1	0.00072463983	-0.0009923683	-5.2272837e-06	-0.00087369456	0.00056437895	-3.7359456e-06	-5.5719706e-06	-3.1401657e-06	0.00048736709	-0.00059212862	0.00010924816	-0.0009923683	-0.0009920567	-0.00031409244
-0.212	1	-0.212	0	0	1	0	0	0	1	1	0.0007341991	-0.0010018886	-5.2385117e-06	-0.00088065731	0.00057111189	-3.7284216e-06	-5.589601e-06	-3.1313168e-06	0.00049327721	-0.0005995294	0.00011124178	-0.0010018886	-0.0010015756	-0.00031250512
-0.214	1	-0.214	0	0	1	0	0	0	1	1	0.00074378205	-0.0010114308	-5.2497512e-06	-0.00088761472	0.00057784582	-3.7208422e-06	-5.6072205e-06	-3.1224276e-06	0.00049918845	-0.00060693877	0.00011325447	-0.0010114308	-0.0010111164	-0.00031093064
-0.216	1	-0.216	0	0	1	0	0	0	1	1	0.0007533886	-0.0010209947	-5.2610051e-06	-0.00089456681	0.00058458073	-3.7132112e-06	-5.6248318e-06	-3.1135015e-06	0.00050510081	-0.00061435671	0.00011528625	-0.0010209947	-0.0010206789	-0.00030936888
-0.218	1	-0.218	0	0	1	0	0	0	1	1	0.0007630187	-0.0010305804	-5.2722763e-06	-0.00090151356	0.00059131658	-3.7055321e-06	-5.6424375e-06	-3.1045418e-06	0.00051101426	-0.00062178318	0.00011733718	-0.0010305804	-0.0010302633	-0.00030781971
-0.22	1	-0.22	0	0	1	0	0	0	1	1	0.00077267228	-0.001040188	-5.2835675e-06	-0.00090845496	0.00059805333	-3.6978082e-06	-5.6600401e-06	-3.0955518e-06	0.0005169288	-0.00062921814	0.0001194073	-0.001040188	-0.0010398695	-0.000306283
-0.222	1	-0.222	0	0	1	0	0	0	1	1	0.0007823493	-0.0010498173	-5.294881e-06	-0.00091539102	0.00060479095	-3.6900429e-06	-5.6776419e-06	-3.0865346e-06	0.0005228444	-0.00063666155	0.00012149666	-0.0010498173	-0.0010494975	-0.00030475864
-0.224	1	-0.224	0	0	1	0	0	0	1	1	0.00079204967	-0.0010594684	-5.3062192e-06	-0.00092232172	0.00061152941	-3.6822393e-06	-5.6952451e-06	-3.0774931e-06	0.00052876105	-0.00064411338	0.00012360529	-0.0010594684	-0.0010591473	-0.00030324651
-0.226	1	-0.226	0	0	1	0	0	0	1	1	0.00080177335	-0.0010691413	-5.3175844e-06	-0.00092924706	0.00061826868	-3.6744005e-06	-5.7128517e-06	-3.0684303e-06	0.00053467873	-0.00065157359	0.00012573325	-0.0010691413	-0.0010688188	-0.00030174649
-0.228	1	-0.228	0	0	1	0	0	0	1	1	0.00081152028	-0.001078836	-5.3289785e-06	-0.00093616704	0.00062500873	-3.6665293e-06	-5.7304635e-06	-3.0593489e-06	0.00054059743	-0.00065904215	0.00012788057	-0.001078836	-0.0010785122	-0.00030025849
-0.23	1	-0.23	0	0	1	0	0	0	1	1	0.00082129039	-0.0010885524	-5.3404034e-06	-0.00094308164	0.00063174952	-3.6586287e-06	-5.7480825e-06	-3.0502517e-06	0.00054651714	-0.00066651902	0.0001300473	-0.0010885524	-0.0010882273	-0.00029878238
-0.232	1	-0.232	0	0	1	0	0	0	1	1	0.00083108363	-0.0010982906	-5.351861e-06	-0.00094999086	0.00063849102	-3.6507013e-06	-5.7657103e-06	-3.0411413e-06	0.00055243783	-0.00067400416	0.00013223348	-0.0010982906	-0.0010979641	-0.00029731806
-0.234	1	-0.234	0	0	1	0	0	0	1	1	0.00084089993	-0.0011080505	-5.3633529e-06	-0.0009568947	0.00064523319	-3.6427498e-06	-5.7833485e-06	-3.0320201e-06	0.00055835948	-0.00068149754	0.00013443915	-0.0011080505	-0.0011077227	-0.00029586543
-0.236	1	-0.236	0	0	1	0	0	0	1	1	0.00085073925	-0.0011178321	-5.3748807e-06	-0.00096379314	0.00065197601	-3.6347767e-06	-5.8009986e-06	-3.0228907e-06	0.00056428209	-0.00068899912	0.00013666437	-0.0011178321	-0.0011175031	-0.00029442439
-0.238	1	-0.238	0	0	1	0	0	0	1	1	0.00086060151	-0.0011276354	-5.3864458e-06	-0.00097068617	0.00065871945	-3.6267844e-06	-5.8186619e-06	-3.0137554e-06	0.00057020563	-0.00069650886	0.00013890917	-0.0011276354	-0.0011273051	-0.00029299484
-0.24	1	-0.24	0	0	1	0	0	0	1	1	0.00087048666	-0.0011374605	-5.3980496e-06	-0.0009775738	0.00066546347	-3.6187754e-06	-5.8363397e-06	-3.0046164e-06	0.00057613009	-0.00070402674	0.00014117359	-0.0011374605	-0.0011371289	-0.00029157667
-0.242	1	-0.242	0	0	1	0	0	0	1	1	0.00088039464	-0.0011473072	-5.4096933e-06	-0.00098445601	0.00067220804	-3.6107519e-06	-5.8540333e-06	-2.9954759e-06	0.00058205545	-0.00071155271	0.00014345768	-0.0011473072	-0.0011469744	-0.0002901698
-0.244	1	-0.244	0	0	1	0	0	0	1	1	0.00089032539	-0.0011571756	-5.4213781e-06	-0.00099133279	0.00067895312	-3.602716e-06	-5.8717438e-06	-2.9863361e-06	0.00058798169	-0.00071908673	0.00014576149	-0.0011571756	-0.0011568416	-0.00028877412
-0.246	1	-0.246	0	0	1	0	0	0	1	1	0.00090027886	-0.0011670657	-5.433105e-06	-0.00099820414	0.00068569869	-3.5946699e-06	-5.8894722e-06	-2.977199e-06	0.00059390879	-0.00072662878	0.00014808505	-0.0011670657	-0.0011667304	-0.00028738954
-0.248	1	-0.248	0	0	1	0	0	0	1	1	0.00091025499	-0.0011769775	-5.444875e-06	-0.00100507	0.00069244472	-3.5866157e-06	-5.9072196e-06	-2.9680666e-06	0.00059983673	-0.00073417882	0.00015042841	-0.0011769775	-0.0011766409	-0.00028601596
-0.25	1	-0.25	0	0	1	0	0	0	1	1	0.00092025371	-0.0011869108	-5.4566891e-06	-0.0010119305	0.00069919117	-3.5785552e-06	-5.9249867e-06	-2.9589407e-06	0.00060576551	-0.0007417368	0.00015279161	-0.0011869108	-0.0011865731	-0.00028465331
-0.252	1	-0.252	0	0	1	0	0	0	1	1	0.00093027498	-0.0011968659	-5.4685481e-06	-0.0010187855	0.00070593802	-3.5704905e-06	-5.9427745e-06	-2.9498232e-06	0.00061169509	-0.0007493027	0.0001551747	-0.0011968659	-0.0011965269	-0.00028330147
-0.254	1	-0.254	0	0	1	0	0	0	1	1	0.00094031873	-0.0012068425	-5.4804527e-06	-0.001025635	0.00071268522	-3.5624233e-06	-5.9605837e-06	-2.9407158e-06	0.00061762547	-0.00075687647	0.00015757772	-0.0012068425	-0.0012065023	-0.00028196036
-0.256	1	-0.256	0	0	1	0	0	0	1	1	0.0009503849	-0.0012168407	-5.4924036e-06	-0.0010324791	0.00071943276	-3.5543553e-06	-5.9784151e-06	-2.9316204e-06	0.00062355662	-0.00076445809	0.00016000071	-0.0012168407	-0.0012164993	-0.0002806299
-0.258	1	-0.258	0	0	1	0	0	0	1	1	0.00096047344	-0.0012268605	-5.5044014e-06	-0.0010393176	0.00072618059	-3.5462883e-06	-5.9962693e-06	-2.9225384e-06	0.00062948852	-0.00077204752	0.00016244372	-0.0012268605	-0.0012265179	-0.00027930999
-0.26	1	-0.26	0	0	1	0	0	0	1	1	0.0009705843	-0.0012369019	-5.5164467e-06	-0.0010461507	0.00073292869	-3.538224e-06	-6.0141469e-06	-2.9134715e-06	0.00063542115	-0.00077964471	0.00016490678	-0.0012369019	-0.0012365581	-0.00027800055
-0.262	1	-0.262	0	0	1	0	0	0	1	1	0.00098071741	-0.0012469648	-5.5285401e-06	-0.0010529783	0.00073967702	-3.5301638e-06	-6.0320484e-06	-2.9044212e-06	0.0006413545	-0.00078724964	0.00016738995	-0.0012469648	-0.0012466199	-0.00027670147
-0.264	1	-0.264	0	0	1	0	0	0	1	1	0.00099087271	-0.0012570493	-5.5406818e-06	-0.0010598003	0.00074642556	-3.5221094e-06	-6.0499744e-06	-2.895389e-06	0.00064728855	-0.00079486228	0.00016989326	-0.0012570493	-0.0012567032	-0.00027541269
-0.266	1	-0.266	0	0	1	0	0	0	1	1	0.0010010502	-0.0012671553	-5.5528724e-06	-0.0010666169	0.00075317428	-3.5140621e-06	-6.0679253e-06	-2.8863763e-06	0.00065322328	-0.00080248257	0.00017241676	-0.0012671553	-0.001266808	-0.00027413411
-0.268	1	-0.268	0	0	1	0	0	0	1	1	0.0010112497	-0.0012772828	-5.5651122e-06	-0.0010734278	0.00075992314	-3.5060234e-06	-6.0859015e-06	-2.8773844e-06	0.00065915867	-0.0008101105	0.00017496049	-0.0012772828	-0.0012769343	-0.00027286564
-0.27	1	-0.27	0	0	1	0	0	0	1	1	0.0010214712	-0.0012874317	-5.5774014e-06	-0.0010802333	0.00076667211	-3.4979947e-06	-6.1039034e-06	-2.8684147e-06	0.0006650947	-0.00081774602	0.0001775245	-0.0012874317	-0.0012870822	-0.0002716072
-0.272	1	-0.272	0	0	1	0	0	0	1	1	0.0010317148	-0.0012976022	-5.5897403e-06	-0.0010870332	0.00077342116	-3.4899772e-06	-6.1219312e-06	-2.8594683e-06	0.00067103135	-0.00082538909	0.00018010882	-0.0012976022	-0.0012972515	-0.0002703587
-0.274	1	-0.274	0	0	1	0	0	0	1	1	0.0010419802	-0.0013077941	-5.6021291e-06	-0.0010938276	0.00078017027	-3.4819722e-06	-6.1399854e-06	-2.8505466e-06	0.0006769686	-0.0008330397	0.0001827135	-0.0013077941	-0.0013074423	-0.00026912005
-0.276	1	-0.276	0	0	1	0	0	0	1	1	0.0010522675	-0.0013180075	-5.6145679e-06	-0.0011006163	0.00078691939	-3.473981e-06	-6.1580661e-06	-2.8416507e-06	0.00068290643	-0.00084069778	0.00018533859	-0.0013180075	-0.0013176545	-0.00026789118
-0.278	1	-0.278	0	0	1	0	0	0	1	1	0.0010625766	-0.0013282422	-5.6270569e-06	-0.0011073995	0.00079366851	-3.4660046e-06	-6.1761735e-06	-2.8327817e-06	0.00068884483	-0.00084836333	0.00018798412	-0.0013282422	-0.0013278881	-0.00026667199
-0.28	1	-0.28	0	0	1	0	0	0	1	1	0.0010729075	-0.0013384984	-5.6395961e-06	-0.0011141771	0.00080041759	-3.4580443e-06	-6.1943078e-06	-2.8239407e-06	0.00069478377	-0.00085603628	0.00019065014	-0.0013384984	-0.0013381432	-0.0002654624
-0.282	1	-0.282	0	0	1	0	0	0	1	1	0.00108326	-0.001348776	-5.6521856e-06	-0.0011209491	0.00080716661	-3.450101e-06	-6.2124693e-06	-2.8151287e-06	0.00070072323	-0.00086371663	0.0001933367	-0.001348776	-0.0013484196	-0.00026426232
-0.284	1	-0.284	0	0	1	0	0	0	1	1	0.0010936342	-0.0013590749	-5.6648253e-06	-0.0011277155	0.00081391552	-3.4421759e-06	-6.2306578e-06	-2.8063467e-06	0.0007066632	-0.00087140432	0.00019604382	-0.0013590749	-0.0013587174	-0.00026307168
-0.286	1	-0.286	0	0	1	0	0	0	1	1	0.00110403	-0.0013693952	-5.6775152e-06	-0.0011344763	0.00082066431	-3.43427e-06	-6.2488737e-06	-2.7975956e-06	0.00071260366	-0.00087909932	0.00019877156	-0.0013693952	-0.0013690366	-0.00026189039
-0.288	1	-0.288	0	0	1	0	0	0	1	1	0.0011144473	-0.0013797368	-5.6902553e-06	-0.0011412315	0.00082741293	-3.4263842e-06	-6.2671169e-06	-2.7888764e-06	0.00071854458	-0.0008868016	0.00020151997	-0.0013797368	-0.0013793771	-0.00026071836
-0.29	1	-0.29	0	0	1	0	0	0	1	1	0.001124886	-0.0013900997	-5.7030455e-06	-0.001147981	0.00083416137	-3.4185194e-06	-6.2853875e-06	-2.78019e-06	0.00072448595	-0.00089451112	0.00020428907	-0.0013900997	-0.0013897389	-0.00025955551
-0.292	1	-0.292	0	0	1	0	0	0	1	1	0.0011353462	-0.0014004839	-5.7158856e-06	-0.0011547248	0.0008409096	-3.4106765e-06	-6.3036854e-06	-2.7715371e-06	0.00073042775	-0.00090222786	0.00020707892	-0.0014004839	-0.0014001221	-0.00025840175
-0.294	1	-0.294	0	0	1	0	0	0	1	1	0.0011458278	-0.0014108893	-5.7287754e-06	-0.001161463	0.00084765758	-3.4028564e-06	-6.3220107e-06	-2.7629187e-06	0.00073636995	-0.00090995177	0.00020988956	-0.0014108893	-0.0014105265	-0.00025725701
-0.296	1	-0.296	0	0	1	0	0	0	1	1	0.0011563306	-0.001421316	-5.7417149e-06	-0.0011681956	0.00085440528	-3.39506e-06	-6.3403634e-06	-2.7543354e-06	0.00074231255	-0.00091768281	0.00021272103	-0.001421316	-0.0014209521	-0.0002561212
-0.298	1	-0.298	0	0	1	0	0	0	1	1	0.0011668547	-0.001431764	-5.7547037e-06	-0.0011749224	0.00086115268	-3.3872879e-06	-6.3587432e-06	-2.745788e-06	0.00074825551	-0.00092542096	0.00021557337	-0.001431764	-0.001431399	-0.00025499424
-0.3	1	-0.3	0	0	1	0	0	0	1	1	0.0011774	-0.0014422331	-5.7677417e-06	-0.0011816436	0.00086789974	-3.379541e-06	-6.3771503e-06	-2.7372772e-06	0.00075419882	-0.00093316619	0.00021844663	inf	inf	inf
