lambda	F11	F12	F13	F21	F22	F23	F31	F32	F33	J	P11	P12	P13	P21	P22	P23	P31	P32	P33	p	StrEn	t(1)	t(2)	d
0	1	0	0	0	1	0	0	0	1	1	0	0	0	0	0	0	0	0	0	-0	0	inf	inf	inf
-0.002	1	-0.002	0	0	1	0	0	0	1	1	2.1471875e-07	-5.3360282e-06	1.086125e-08	-5.336078e-06	1.4006014e-07	-4.6080402e-09	1.1438833e-08	-3.7636482e-09	9.9876204e-08	-1.515517e-07	5.3307385e-09	-5.3360282e-06	-5.3231194e-06	-0.0024250478
-0.004	1	-0.004	0	0	1	0	0	0	1	1	5.6234149e-07	-1.0642232e-05	3.0031303e-08	-1.0641422e-05	3.9906423e-07	-3.3966076e-09	3.1342203e-08	-1.1879982e-09	2.5015119e-07	-4.038523e-07	2.1292477e-08	-1.0642232e-05	-1.0616454e-05	-0.0024281135
-0.006	1	-0.006	0	0	1	0	0	0	1	1	1.054451e-06	-1.5888827e-05	5.9215475e-08	-1.5885416e-05	7.8891777e-07	5.5983743e-09	6.1599796e-08	9.7690446e-09	4.5573654e-07	-7.6636843e-07	4.7796556e-08	-1.5888827e-05	-1.5850104e-05	-0.0024430564
-0.008	1	-0.008	0	0	1	0	0	0	1	1	1.7094844e-06	-2.1044016e-05	1.0009222e-07	-2.1035272e-05	1.3289147e-06	2.4509714e-08	1.0410623e-07	3.1334115e-08	7.2432278e-07	-1.2542406e-06	8.4692894e-08	-2.1044016e-05	-2.0993238e-05	-0.0024187627
-0.01	1	-0.01	0	0	1	0	0	0	1	1	2.5487354e-06	-2.6077095e-05	1.5407148e-07	-2.6059093e-05	2.0418966e-06	5.5274064e-08	1.605241e-07	6.5551651e-08	1.0678076e-06	-1.8861465e-06	1.3176951e-07	-2.6077095e-05	-2.60156e-05	-0.0023637691
-0.012	1	-0.012	0	0	1	0	0	0	1	1	3.5961763e-06	-3.0956046e-05	2.2170607e-07	-3.0923404e-05	2.9543981e-06	9.870108e-08	2.317344e-07	1.134049e-07	1.5060847e-06	-2.685553e-06	1.8875529e-07	-3.0956046e-05	-3.0882977e-05	-0.0023659674
-0.014	1	-0.014	0	0	1	0	0	0	1	1	4.889574e-06	-3.563003e-05	3.0029037e-07	-3.5575416e-05	4.1090837e-06	1.5192722e-07	3.153464e-07	1.7219327e-07	2.0738624e-06	-3.69084e-06	2.5530142e-07	-3.563003e-05	-3.5547463e-05	-0.0023227455
-0.016	1	-0.016	0	0	1	0	0	0	1	1	6.4601895e-06	-4.0059273e-05	3.8003761e-07	-3.9973251e-05	5.5423128e-06	2.0628223e-07	4.0106399e-07	2.3266494e-07	2.8135969e-06	-4.9386997e-06	3.3094514e-07	-4.0059273e-05	-3.9976395e-05	-0.0020731721
-0.018	1	-0.018	0	0	1	0	0	0	1	1	8.2994868e-06	-4.4271336e-05	4.5024186e-07	-4.4143124e-05	7.2445931e-06	2.5206736e-07	4.7717345e-07	2.8434572e-07	3.7609053e-06	-6.434995e-06	4.15207e-07	-4.4271336e-05	-4.4182603e-05	-0.002008339
-0.02	1	-0.02	0	0	1	0	0	0	1	1	1.0402745e-05	-4.8287937e-05	5.0315421e-07	-4.8105384e-05	9.2098187e-06	2.7969737e-07	5.3542838e-07	3.1753107e-07	4.9458894e-06	-8.1861509e-06	5.0767555e-07	-4.8287937e-05	-4.8192167e-05	-0.0019872468
-0.022	1	-0.022	0	0	1	0	0	0	1	1	1.2757498e-05	-5.2124199e-05	5.3460515e-07	-5.1873917e-05	1.1425755e-05	2.8225639e-07	5.7134763e-07	3.2529059e-07	6.3727709e-06	-1.0185341e-05	6.0797567e-07	-5.2124199e-05	-5.2025397e-05	-0.0018991171
-0.024	1	-0.024	0	0	1	0	0	0	1	1	1.5327336e-05	-5.5810307e-05	5.462873e-07	-5.5478316e-05	1.3856262e-05	2.5965105e-07	5.8645669e-07	3.0748577e-07	8.0115059e-06	-1.2398368e-05	7.1577714e-07	-5.5810307e-05	-5.5711064e-05	-0.0017813911
-0.026	1	-0.026	0	0	1	0	0	0	1	1	1.80643e-05	-5.9384716e-05	5.4385207e-07	-5.8957015e-05	1.6453256e-05	2.1732875e-07	5.8642781e-07	2.6954757e-07	9.8147969e-06	-1.4777451e-05	8.3081992e-07	-5.9384716e-05	-5.9285122e-05	-0.0016799236
-0.028	1	-0.028	0	0	1	0	0	0	1	1	2.0925059e-05	-6.2881919e-05	5.3333026e-07	-6.2344731e-05	1.917308e-05	1.6219717e-07	5.7742773e-07	2.1840805e-07	1.1737667e-05	-1.7278602e-05	9.5291763e-07	-6.2881919e-05	-6.2781011e-05	-0.0016072923
-0.03	1	-0.03	0	0	1	0	0	0	1	1	2.3877039e-05	-6.6327748e-05	5.1927966e-07	-6.5667536e-05	2.1982831e-05	1.0005163e-07	5.6417812e-07	1.5990722e-07	1.3745533e-05	-1.9868467e-05	1.081944e-06	-6.6327748e-05	-6.6224565e-05	-0.001558066
-0.032	1	-0.032	0	0	1	0	0	0	1	1	2.689758e-05	-6.9740143e-05	5.0459464e-07	-6.8943552e-05	2.4859584e-05	3.4965197e-08	5.4972074e-07	9.8165465e-08	1.5814058e-05	-2.2523741e-05	1.2178159e-06	-6.9740143e-05	-6.9634025e-05	-0.0015239438
-0.034	1	-0.034	0	0	1	0	0	0	1	1	2.9971255e-05	-7.3131324e-05	4.9091507e-07	-7.2185115e-05	2.7787713e-05	-3.0446942e-08	5.3581429e-07	3.5840097e-08	1.7926585e-05	-2.5228518e-05	1.3604801e-06	-7.3131324e-05	-7.3021889e-05	-0.0014986636
-0.036	1	-0.036	0	0	1	0	0	0	1	1	3.3087502e-05	-7.6509678e-05	4.7906664e-07	-7.540068e-05	3.075651e-05	-9.459914e-08	5.2337653e-07	-2.5448323e-08	2.0071692e-05	-2.7971901e-05	1.5099034e-06	-7.6509678e-05	-7.6396741e-05	-0.0014783017
-0.038	1	-0.038	0	0	1	0	0	0	1	1	3.6238967e-05	-7.9881074e-05	4.6938394e-07	-7.8596146e-05	3.3758512e-05	-1.5658027e-07	5.1281254e-07	-8.4760445e-08	2.2241443e-05	-3.0746307e-05	1.666067e-06	-7.9881074e-05	-7.9764572e-05	-0.001460571
-0.04	1	-0.04	0	0	1	0	0	0	1	1	3.9420418e-05	-8.3249713e-05	4.6191938e-07	-8.1775721e-05	3.6788408e-05	-2.159059e-07	5.0422885e-07	-1.4158915e-07	2.4430221e-05	-3.3546349e-05	1.8289617e-06	-8.3249713e-05	-8.3129658e-05	-0.0014441832
-0.042	1	-0.042	0	0	1	0	0	0	1	1	4.2628057e-05	-8.6618672e-05	4.565712e-07	-8.4942472e-05	3.9842336e-05	-2.7235618e-07	4.9756563e-07	-1.956963e-07	2.6633973e-05	-3.6368122e-05	1.9985857e-06	-8.6618672e-05	-8.649512e-05	-0.0014284309
-0.044	1	-0.044	0	0	1	0	0	0	1	1	4.5859062e-05	-8.9990256e-05	4.5315988e-07	-8.8098681e-05	4.2917431e-05	-3.2587266e-07	4.926763e-07	-2.4700853e-07	2.8849724e-05	-3.9208739e-05	2.1749422e-06	-8.9990256e-05	-8.9863285e-05	-0.0014129389
-0.046	1	-0.046	0	0	1	0	0	0	1	1	4.9111299e-05	-9.3366224e-05	4.5147296e-07	-9.1246077e-05	4.6011527e-05	-3.764932e-07	4.8937457e-07	-2.9555141e-07	3.1075254e-05	-4.2066027e-05	2.3580388e-06	-9.3366224e-05	-9.3235925e-05	-0.0013975198
-0.048	1	-0.048	0	0	1	0	0	0	1	1	5.2383126e-05	-9.6747944e-05	4.5129065e-07	-9.4385991e-05	4.9122958e-05	-4.2431113e-07	4.8746174e-07	-3.4140802e-07	3.3308879e-05	-4.4938321e-05	2.5478859e-06	-9.6747944e-05	-9.6614414e-05	-0.0013820922
-0.05	1	-0.05	0	0	1	0	0	0	1	1	5.5673253e-05	-0.0001001365	4.5240001e-07	-9.7519465e-05	5.2250421e-05	-4.6944978e-07	4.8674215e-07	-3.8469303e-07	3.5549307e-05	-4.7824327e-05	2.7444965e-06	-0.0001001365	-9.9999835e-05	-0.0013666329
-0.052	1	-0.052	0	0	1	0	0	0	1	1	5.8980657e-05	-0.00010353275	4.5460234e-07	-0.00010064732	5.5392884e-05	-5.1204654e-07	4.8703137e-07	-4.2553641e-07	3.7795536e-05	-5.0723026e-05	2.9478853e-06	-0.00010353275	-0.00010339305	-0.00135115
-0.054	1	-0.054	0	0	1	0	0	0	1	1	6.2304511e-05	-0.00010693741	4.5771651e-07	-0.00010377021	5.854952e-05	-5.5224315e-07	4.8816027e-07	-4.6407348e-07	4.0046778e-05	-5.3633603e-05	3.1580687e-06	-0.00010693741	-0.00010679477	-0.0013356672
-0.056	1	-0.056	0	0	1	0	0	0	1	1	6.5644138e-05	-0.00011035105	4.615799e-07	-0.00010688868	6.1719656e-05	-5.9017974e-07	4.8997641e-07	-5.0043876e-07	4.230241e-05	-5.6555401e-05	3.3750643e-06	-0.00011035105	-0.00011020556	-0.0013202148
-0.058	1	-0.058	0	0	1	0	0	0	1	1	6.8998979e-05	-0.00011377416	4.6604814e-07	-0.00011000315	6.4902741e-05	-6.2599147e-07	4.9234413e-07	-5.3476241e-07	4.4561933e-05	-5.9487884e-05	3.5988909e-06	-0.00011377416	-0.0001136259	-0.0013048246
-0.06	1	-0.06	0	0	1	0	0	0	1	1	7.2368564e-05	-0.00011720714	4.7099396e-07	-0.00011311398	6.8098318e-05	-6.5980655e-07	4.9514375e-07	-5.671682e-07	4.6824948e-05	-6.243061e-05	3.8295679e-06	-0.00011720714	-0.0001170562	-0.0012895273
-0.062	1	-0.062	0	0	1	0	0	0	1	1	7.5752495e-05	-0.00012065034	4.7630584e-07	-0.00011622147	7.1306004e-05	-6.9174544e-07	4.9827039e-07	-5.9777259e-07	4.9091132e-05	-6.538321e-05	4.0671157e-06	-0.00012065034	-0.00012049679	-0.0012743509
-0.064	1	-0.064	0	0	1	0	0	0	1	1	7.9150434e-05	-0.00012410405	4.8188651e-07	-0.00011932585	7.4525478e-05	-7.2192051e-07	5.0163261e-07	-6.2668426e-07	5.1360222e-05	-6.8345378e-05	4.3115551e-06	-0.00012410405	-0.00012394796	-0.0012593201
-0.066	1	-0.066	0	0	1	0	0	0	1	1	8.2562085e-05	-0.00012756853	4.8765137e-07	-0.00012242733	7.7756466e-05	-7.5043612e-07	5.0515106e-07	-6.5400427e-07	5.3632005e-05	-7.1316852e-05	4.5629075e-06	-0.00012756853	-0.00012740997	-0.0012444562
-0.068	1	-0.068	0	0	1	0	0	0	1	1	8.5987193e-05	-0.00013104399	4.9352712e-07	-0.00012552608	8.0998735e-05	-7.7738896e-07	5.087571e-07	-6.798262e-07	5.5906305e-05	-7.4297411e-05	4.8211949e-06	-0.00013104399	-0.00013088304	-0.0012297772
-0.07	1	-0.07	0	0	1	0	0	0	1	1	8.9425531e-05	-0.00013453064	4.9945037e-07	-0.00012862224	8.4252084e-05	-8.0286848e-07	5.1239157e-07	-7.0423664e-07	5.818298e-05	-7.7286865e-05	5.0864397e-06	-0.00013453064	-0.00013436735	-0.0012152981
-0.072	1	-0.072	0	0	1	0	0	0	1	1	9.2876902e-05	-0.00013802866	5.0536647e-07	-0.00013171593	8.751634e-05	-8.2695734e-07	5.1600367e-07	-7.2731558e-07	6.0461912e-05	-8.0285051e-05	5.3586643e-06	-0.00013802866	-0.00013786308	-0.0012010309
-0.074	1	-0.074	0	0	1	0	0	0	1	1	9.6341125e-05	-0.00014153818	5.112284e-07	-0.00013480726	9.0791351e-05	-8.4973197e-07	5.1954989e-07	-7.4913693e-07	6.2743006e-05	-8.3291827e-05	5.637892e-06	-0.00014153818	-0.00014137038	-0.0011869851
-0.076	1	-0.076	0	0	1	0	0	0	1	1	9.9818041e-05	-0.00014505936	5.1699583e-07	-0.00013789631	9.4076985e-05	-8.7126302e-07	5.2299313e-07	-7.6976898e-07	6.5026183e-05	-8.630707e-05	5.9241459e-06	-0.00014505936	-0.00014488938	-0.0011731682
-0.078	1	-0.078	0	0	1	0	0	0	1	1	0.0001033075	-0.00014859233	5.2263425e-07	-0.00014098315	9.7373127e-05	-8.9161587e-07	5.2630186e-07	-7.8927488e-07	6.7311378e-05	-8.933067e-05	6.2174495e-06	-0.00014859233	-0.00014842022	-0.0011595855
-0.08	1	-0.08	0	0	1	0	0	0	1	1	0.00010680938	-0.00015213719	5.2811426e-07	-0.00014406785	0.00010067967	-9.1085108e-07	5.2944941e-07	-8.0771306e-07	6.9598542e-05	-9.2362533e-05	6.5178267e-06	-0.00015213719	-0.000151963	-0.0011462408
-0.082	1	-0.082	0	0	1	0	0	0	1	1	0.00011032356	-0.00015569405	5.3341087e-07	-0.00014715046	0.00010399654	-9.2902483e-07	5.3241338e-07	-8.2513767e-07	7.1887632e-05	-9.5402575e-05	6.8253015e-06	-0.00015569405	-0.00015551783	-0.0011331364
-0.084	1	-0.084	0	0	1	0	0	0	1	1	0.00011384991	-0.00015926302	5.3850296e-07	-0.00015023102	0.00010732363	-9.4618925e-07	5.3517504e-07	-8.4159891e-07	7.4178615e-05	-9.845072e-05	7.139898e-06	-0.00015926302	-0.0001590848	-0.0011202734
-0.086	1	-0.086	0	0	1	0	0	0	1	1	0.00011738835	-0.00016284419	5.4337278e-07	-0.00015330957	0.00011066089	-9.6239285e-07	5.3771886e-07	-8.5714344e-07	7.6471467e-05	-0.0001015069	7.4616407e-06	-0.00016284419	-0.00016266401	-0.0011076519
-0.088	1	-0.088	0	0	1	0	0	0	1	1	0.00012093877	-0.00016643763	5.4800551e-07	-0.00015638615	0.00011400825	-9.7768079e-07	5.4003214e-07	-8.7181465e-07	7.8766167e-05	-0.00010457106	7.7905541e-06	-0.00016643763	-0.00016625554	-0.0010952709
-0.09	1	-0.09	0	0	1	0	0	0	1	1	0.00012450108	-0.00017004345	5.5238888e-07	-0.00015946078	0.00011736565	-9.9209522e-07	5.4210456e-07	-8.8565296e-07	8.1062703e-05	-0.00010764314	8.1266629e-06	-0.00017004345	-0.00016985947	-0.001083129
-0.092	1	-0.092	0	0	1	0	0	0	1	1	0.00012807521	-0.0001736617	5.5651285e-07	-0.00016253348	0.00012073304	-1.0056755e-06	5.4392794e-07	-8.986961e-07	8.3361065e-05	-0.0001107231	8.469992e-06	-0.0001736617	-0.00017347587	-0.0010712238
-0.094	1	-0.094	0	0	1	0	0	0	1	1	0.00013166106	-0.00017729248	5.6036931e-07	-0.00016560428	0.00012411037	-1.0184585e-06	5.4549592e-07	-9.1097935e-07	8.5661247e-05	-0.00011381089	8.8205664e-06	-0.00017729248	-0.00017710482	-0.0010595528
-0.096	1	-0.096	0	0	1	0	0	0	1	1	0.00013525858	-0.00018093584	5.6395184e-07	-0.00016867319	0.0001274976	-1.0304788e-06	5.4680371e-07	-9.2253573e-07	8.7963247e-05	-0.00011690647	9.1784113e-06	-0.00018093584	-0.0001807464	-0.0010481128
-0.098	1	-0.098	0	0	1	0	0	0	1	1	0.00013886769	-0.00018459186	5.6725549e-07	-0.00017174022	0.00013089469	-1.0417689e-06	5.4784794e-07	-9.3339623e-07	9.0267065e-05	-0.00012000981	9.5435519e-06	-0.00018459186	-0.00018440065	-0.0010369002
-0.1	1	-0.1	0	0	1	0	0	0	1	1	0.00014248832	-0.0001882606	5.7027658e-07	-0.00017480539	0.0001343016	-1.0523592e-06	5.4862638e-07	-9.4358997e-07	9.2572705e-05	-0.00012312087	9.9160139e-06	-0.0001882606	-0.00018806765	-0.0010259114
-0.102	1	-0.102	0	0	1	0	0	0	1	1	0.0001461204	-0.00019194212	5.7301255e-07	-0.00017786871	0.00013771831	-1.0622787e-06	5.4913787e-07	-9.5314436e-07	9.4880172e-05	-0.00012623963	1.0295823e-05	-0.00019194212	-0.00019174747	-0.0010151424
-0.104	1	-0.104	0	0	1	0	0	0	1	1	0.00014976389	-0.0001956365	5.7546182e-07	-0.00018093018	0.00014114479	-1.0715545e-06	5.4938212e-07	-9.6208528e-07	9.7189472e-05	-0.00012936605	1.0683004e-05	-0.0001956365	-0.00019544016	-0.0010045891
-0.106	1	-0.106	0	0	1	0	0	0	1	1	0.00015341872	-0.00019934378	5.7762362e-07	-0.0001839898	0.000144581	-1.0802124e-06	5.4935961e-07	-9.7043717e-07	9.9500614e-05	-0.00013250011	1.1077583e-05	-0.00019934378	-0.00019914578	-0.00099424714
-0.108	1	-0.108	0	0	1	0	0	0	1	1	0.00015708483	-0.00020306404	5.7949795e-07	-0.00018704759	0.00014802692	-1.0882769e-06	5.4907148e-07	-9.7822319e-07	0.00010181361	-0.00013564178	1.1479587e-05	-0.00020306404	-0.0002028644	-0.0009841122
-0.11	1	-0.11	0	0	1	0	0	0	1	1	0.00016076218	-0.00020679732	5.8108543e-07	-0.00019010355	0.00015148252	-1.095771e-06	5.4851945e-07	-9.854653e-07	0.00010412846	-0.00013879105	1.1889041e-05	-0.00020679732	-0.00020659606	-0.00097417988
-0.112	1	-0.112	0	0	1	0	0	0	1	1	0.00016445071	-0.00021054369	5.8238721e-07	-0.00019315768	0.00015494779	-1.1027169e-06	5.4770571e-07	-9.9218439e-07	0.00010644519	-0.0001419479	1.2305971e-05	-0.00021054369	-0.00021034082	-0.00096444573
-0.114	1	-0.114	0	0	1	0	0	0	1	1	0.00016815037	-0.00021430319	5.8340497e-07	-0.00019620998	0.0001584227	-1.1091357e-06	5.4663287e-07	-9.9840035e-07	0.00010876381	-0.0001451123	1.2730404e-05	-0.00021430319	-0.00021409875	-0.00095490529
-0.116	1	-0.116	0	0	1	0	0	0	1	1	0.00017186112	-0.0002180759	5.8414075e-07	-0.00019926046	0.00016190724	-1.1150473e-06	5.453039e-07	-1.0041322e-06	0.00011108433	-0.00014828423	1.3162366e-05	-0.0002180759	-0.00021786989	-0.00094555412
-0.118	1	-0.118	0	0	1	0	0	0	1	1	0.00017558291	-0.00022186186	5.8459699e-07	-0.0002023091	0.00016540138	-1.1204712e-06	5.4372204e-07	-1.0093979e-06	0.00011340676	-0.00015146368	1.3601884e-05	-0.00022186186	-0.0002216543	-0.00093638779
-0.12	1	-0.12	0	0	1	0	0	0	1	1	0.0001793157	-0.00022566112	5.8477641e-07	-0.00020535592	0.00016890511	-1.1254257e-06	5.4189079e-07	-1.0142151e-06	0.00011573112	-0.00015465064	1.4048983e-05	-0.00022566112	-0.00022545204	-0.00092740191
-0.122	1	-0.122	0	0	1	0	0	0	1	1	0.00018305944	-0.00022947374	5.8468202e-07	-0.00020840092	0.0001724184	-1.1299284e-06	5.3981388e-07	-1.0186003e-06	0.00011805741	-0.00015784509	1.4503692e-05	-0.00022947374	-0.00022926315	-0.00091859214
-0.124	1	-0.124	0	0	1	0	0	0	1	1	0.0001868141	-0.00023329978	5.8431705e-07	-0.00021144408	0.00017594124	-1.1339965e-06	5.3749518e-07	-1.0225696e-06	0.00012038567	-0.000161047	1.4966036e-05	-0.00023329978	-0.00023308768	-0.0009099542
-0.126	1	-0.126	0	0	1	0	0	0	1	1	0.00019057963	-0.00023713928	5.8368491e-07	-0.00021448541	0.00017947362	-1.1376463e-06	5.349387e-07	-1.0261384e-06	0.0001227159	-0.00016425638	1.5436043e-05	-0.00023713928	-0.0002369257	-0.00090148388
-0.128	1	-0.128	0	0	1	0	0	0	1	1	0.00019435599	-0.0002409923	5.8278921e-07	-0.0002175249	0.00018301552	-1.1408936e-06	5.3214857e-07	-1.0293215e-06	0.00012504811	-0.00016747321	1.5913739e-05	-0.0002409923	-0.00024077724	-0.00089317701
-0.13	1	-0.13	0	0	1	0	0	0	1	1	0.00019814315	-0.00024485889	5.8163366e-07	-0.00022056256	0.00018656692	-1.1437537e-06	5.2912899e-07	-1.0321334e-06	0.00012738232	-0.00017069746	1.6399151e-05	-0.00024485889	-0.00024464237	-0.00088502953
-0.132	1	-0.132	0	0	1	0	0	0	1	1	0.00020194107	-0.0002487391	5.8022213e-07	-0.00022359838	0.0001901278	-1.1462413e-06	5.2588423e-07	-1.0345879e-06	0.00012971855	-0.00017392914	1.6892308e-05	-0.0002487391	-0.00024852113	-0.00087703744
-0.134	1	-0.134	0	0	1	0	0	0	1	1	0.0002057497	-0.00025263297	5.7855856e-07	-0.00022663236	0.00019369815	-1.1483708e-06	5.2241861e-07	-1.0366985e-06	0.0001320568	-0.00017716822	1.7393236e-05	-0.00025263297	-0.00025241358	-0.00086919684
-0.136	1	-0.136	0	0	1	0	0	0	1	1	0.00020956903	-0.00025654057	5.76647e-07	-0.00022966449	0.00019727796	-1.150156e-06	5.1873647e-07	-1.0384783e-06	0.0001343971	-0.0001804147	1.7901962e-05	-0.00025654057	-0.00025631975	-0.00086150388
-0.138	1	-0.138	0	0	1	0	0	0	1	1	0.000213399	-0.00026046195	5.7449153e-07	-0.00023269477	0.0002008672	-1.1516103e-06	5.1484217e-07	-1.0399398e-06	0.00013673947	-0.00018366856	1.8418515e-05	-0.00026046195	-0.00026023971	-0.00085395483
-0.14	1	-0.14	0	0	1	0	0	0	1	1	0.0002172396	-0.00026439714	5.7209633e-07	-0.0002357232	0.00020446587	-1.1527468e-06	5.1074005e-07	-1.0410954e-06	0.0001390839	-0.00018692979	1.8942921e-05	-0.00026439714	-0.00026417351	-0.00084654603
-0.142	1	-0.142	0	0	1	0	0	0	1	1	0.00022109077	-0.00026834621	5.6946558e-07	-0.00023874977	0.00020807394	-1.1535783e-06	5.0643445e-07	-1.0419571e-06	0.00014143042	-0.00019019838	1.9475209e-05	-0.00026834621	-0.00026812118	-0.0008392739
-0.144	1	-0.144	0	0	1	0	0	0	1	1	0.0002249525	-0.00027230919	5.6660353e-07	-0.00024177448	0.00021169139	-1.154117e-06	5.0192972e-07	-1.0425365e-06	0.00014377904	-0.00019347431	2.0015406e-05	-0.00027230919	-0.00027208278	-0.00083213497
-0.146	1	-0.146	0	0	1	0	0	0	1	1	0.00022882475	-0.00027628614	5.6351442e-07	-0.00024479732	0.00021531822	-1.1543749e-06	4.9723013e-07	-1.042845e-06	0.00014612977	-0.00019675758	2.056354e-05	-0.00027628614	-0.00027605836	-0.00082512583
-0.148	1	-0.148	0	0	1	0	0	0	1	1	0.00023270749	-0.00028027712	5.6020253e-07	-0.00024781829	0.0002189544	-1.1543639e-06	4.9233995e-07	-1.0428936e-06	0.00014848264	-0.00020004817	2.1119639e-05	-0.00028027712	-0.00028004797	-0.00081824316
-0.15	1	-0.15	0	0	1	0	0	0	1	1	0.00023660068	-0.00028428215	5.5667213e-07	-0.00025083738	0.00022259992	-1.1540952e-06	4.8726341e-07	-1.042693e-06	0.00015083764	-0.00020334608	2.1683732e-05	-0.00028428215	-0.00028405165	-0.00081148375
-0.152	1	-0.152	0	0	1	0	0	0	1	1	0.0002405043	-0.0002883013	5.5292752e-07	-0.00025385459	0.00022625475	-1.1535801e-06	4.8200467e-07	-1.042254e-06	0.00015319479	-0.00020665128	2.2255846e-05	-0.0002883013	-0.00028806945	-0.00080484444
-0.154	1	-0.154	0	0	1	0	0	0	1	1	0.00024441832	-0.00029233461	5.4897298e-07	-0.00025686992	0.00022991887	-1.1528294e-06	4.7656787e-07	-1.0415866e-06	0.0001555541	-0.00020996376	2.283601e-05	-0.00029233461	-0.00029210142	-0.00079832216
-0.156	1	-0.156	0	0	1	0	0	0	1	1	0.0002483427	-0.00029638213	5.4481276e-07	-0.00025988335	0.00023359228	-1.1518537e-06	4.7095707e-07	-1.040701e-06	0.0001579156	-0.00021328353	2.3424252e-05	-0.00029638213	-0.00029614761	-0.00079191395
-0.158	1	-0.158	0	0	1	0	0	0	1	1	0.00025227742	-0.00030044391	5.4045114e-07	-0.00026289489	0.00023727495	-1.1506632e-06	4.651763e-07	-1.0396069e-06	0.00016027927	-0.00021661055	2.40206e-05	-0.00030044391	-0.00030020806	-0.00078561689
-0.16	1	-0.16	0	0	1	0	0	0	1	1	0.00025622245	-0.00030451998	5.3589235e-07	-0.00026590452	0.00024096685	-1.1492681e-06	4.5922949e-07	-1.0383139e-06	0.00016264515	-0.00021994481	2.4625084e-05	-0.00030451998	-0.00030428282	-0.00077942816
-0.162	1	-0.162	0	0	1	0	0	0	1	1	0.00026017776	-0.00030861041	5.3114063e-07	-0.00026891225	0.00024466797	-1.1476781e-06	4.5312056e-07	-1.0368314e-06	0.00016501323	-0.00022328632	2.5237732e-05	-0.00030861041	-0.00030837193	-0.00077334501
-0.164	1	-0.164	0	0	1	0	0	0	1	1	0.00026414332	-0.00031271522	5.2620016e-07	-0.00027191807	0.00024837828	-1.145903e-06	4.4685333e-07	-1.0351684e-06	0.00016738352	-0.00022663504	2.5858572e-05	-0.00031271522	-0.00031247544	-0.00076736477
-0.166	1	-0.166	0	0	1	0	0	0	1	1	0.00026811911	-0.00031683448	5.2107512e-07	-0.00027492196	0.00025209777	-1.1439519e-06	4.4043157e-07	-1.033334e-06	0.00016975605	-0.00022999098	2.6487633e-05	-0.00031683448	-0.0003165934	-0.00076148484
-0.168	1	-0.168	0	0	1	0	0	0	1	1	0.0002721051	-0.00032096822	5.1576967e-07	-0.00027792393	0.00025582641	-1.141834e-06	4.3385899e-07	-1.0313367e-06	0.0001721308	-0.0002333541	2.7124945e-05	-0.00032096822	-0.00032072585	-0.0007557027
-0.17	1	-0.17	0	0	1	0	0	0	1	1	0.00027610125	-0.00032511649	5.102879e-07	-0.00028092397	0.00025956417	-1.1395583e-06	4.2713922e-07	-1.0291851e-06	0.0001745078	-0.00023672441	2.7770537e-05	-0.00032511649	-0.00032487283	-0.00075001587
-0.172	1	-0.172	0	0	1	0	0	0	1	1	0.00028010755	-0.00032927933	5.0463392e-07	-0.00028392208	0.00026331104	-1.1371333e-06	4.2027583e-07	-1.0268874e-06	0.00017688705	-0.00024010188	2.8424437e-05	-0.00032927933	-0.00032903439	-0.00074442198
-0.174	1	-0.174	0	0	1	0	0	0	1	1	0.00028412397	-0.00033345679	4.9881176e-07	-0.00028691824	0.00026706699	-1.1345674e-06	4.1327234e-07	-1.0244517e-06	0.00017926856	-0.00024348651	2.9086674e-05	-0.00033345679	-0.00033321058	-0.0007389187
-0.176	1	-0.176	0	0	1	0	0	0	1	1	0.00028815047	-0.00033764891	4.9282543e-07	-0.00028991246	0.00027083199	-1.131869e-06	4.0613217e-07	-1.021886e-06	0.00018165234	-0.00024687827	2.9757279e-05	-0.00033764891	-0.00033740143	-0.00073350377
-0.178	1	-0.178	0	0	1	0	0	0	1	1	0.00029218704	-0.00034185574	4.866789e-07	-0.00029290472	0.00027460601	-1.1290459e-06	3.9885871e-07	-1.0191978e-06	0.00018403838	-0.00025027715	3.043628e-05	-0.00034185574	-0.00034160699	-0.000728175
-0.18	1	-0.18	0	0	1	0	0	0	1	1	0.00029623365	-0.00034607732	4.8037611e-07	-0.00029589503	0.00027838904	-1.126106e-06	3.9145527e-07	-1.0163947e-06	0.0001864267	-0.00025368313	3.1123707e-05	-0.00034607732	-0.00034582731	-0.00072293024
-0.182	1	-0.182	0	0	1	0	0	0	1	1	0.00030029027	-0.00035031368	4.7392095e-07	-0.00029888336	0.00028218104	-1.1230567e-06	3.8392508e-07	-1.0134838e-06	0.0001888173	-0.0002570962	3.1819589e-05	-0.00035031368	-0.00035006242	-0.00071776744
-0.184	1	-0.184	0	0	1	0	0	0	1	1	0.00030435688	-0.00035456488	4.6731726e-07	-0.00030186973	0.00028598198	-1.1199054e-06	3.7627133e-07	-1.0104724e-06	0.00019121019	-0.00026051635	3.2523957e-05	-0.00035456488	-0.00035431237	-0.00071268457
-0.186	1	-0.186	0	0	1	0	0	0	1	1	0.00030843345	-0.00035883096	4.6056885e-07	-0.00030485411	0.00028979184	-1.1166593e-06	3.6849713e-07	-1.0073672e-06	0.00019360537	-0.00026394355	3.3236839e-05	-0.00035883096	-0.0003585772	-0.00070767968
-0.188	1	-0.188	0	0	1	0	0	0	1	1	0.00031251996	-0.00036311195	4.5367948e-07	-0.00030783652	0.00029361059	-1.1133251e-06	3.6060554e-07	-1.0041749e-06	0.00019600285	-0.0002673778	3.3958265e-05	-0.00036311195	-0.00036285696	-0.00070275085
-0.19	1	-0.19	0	0	1	0	0	0	1	1	0.00031661637	-0.0003674079	4.4665285e-07	-0.00031081693	0.00029743819	-1.1099097e-06	3.5259954e-07	-1.0009021e-06	0.00019840263	-0.00027081906	3.4688267e-05	-0.0003674079	-0.00036715167	-0.00069789625
-0.192	1	-0.192	0	0	1	0	0	0	1	1	0.00032072268	-0.00037171886	4.3949264e-07	-0.00031379534	0.00030127462	-1.1064195e-06	3.4448207e-07	-9.975549e-07	0.0002008047	-0.00027426733	3.5426872e-05	-0.00037171886	-0.00037146139	-0.00069311408
-0.194	1	-0.194	0	0	1	0	0	0	1	1	0.00032483884	-0.00037604485	4.3220246e-07	-0.00031677176	0.00030511984	-1.1028607e-06	3.3625599e-07	-9.9413951e-07	0.00020320908	-0.00027772259	3.6174112e-05	-0.00037604485	-0.00037578615	-0.00068840258
-0.196	1	-0.196	0	0	1	0	0	0	1	1	0.00032896485	-0.00038038592	4.2478587e-07	-0.00031974616	0.00030897383	-1.0992394e-06	3.2792411e-07	-9.9066179e-07	0.00020561577	-0.00028118481	3.6930017e-05	-0.00038038592	-0.000380126	-0.00068376007
-0.198	1	-0.198	0	0	1	0	0	0	1	1	0.00033310067	-0.00038474211	4.172464e-07	-0.00032271855	0.00031283655	-1.0955615e-06	3.1948918e-07	-9.8712745e-07	0.00020802476	-0.00028465399	3.7694616e-05	-0.00038474211	-0.00038448097	-0.00067918489
-0.2	1	-0.2	0	0	1	0	0	0	1	1	0.00033724627	-0.00038911346	4.0958751e-07	-0.00032568891	0.00031670796	-1.0918326e-06	3.1095389e-07	-9.8354199e-07	0.00021043606	-0.0002881301	3.8467941e-05	-0.00038911346	-0.00038885111	-0.00067467544
-0.202	1	-0.202	0	0	1	0	0	0	1	1	0.00034140164	-0.0003935	4.0181263e-07	-0.00032865725	0.00032058804	-1.0880581e-06	3.0232089e-07	-9.7991072e-07	0.00021284967	-0.00029161312	3.9250021e-05	-0.0003935	-0.00039323644	-0.00067023017
-0.204	1	-0.204	0	0	1	0	0	0	1	1	0.00034556675	-0.00039790179	3.9392511e-07	-0.00033162355	0.00032447675	-1.0842433e-06	2.9359274e-07	-9.7623879e-07	0.00021526558	-0.00029510303	4.0040886e-05	-0.00039790179	-0.00039763702	-0.00066584757
-0.206	1	-0.206	0	0	1	0	0	0	1	1	0.00034974158	-0.00040231885	3.8592826e-07	-0.00033458781	0.00032837405	-1.0803932e-06	2.8477198e-07	-9.7253112e-07	0.00021768381	-0.00029859981	4.0840569e-05	-0.00040231885	-0.00040205288	-0.00066152616
-0.208	1	-0.208	0	0	1	0	0	0	1	1	0.0003539261	-0.00040675122	3.7782536e-07	-0.00033755003	0.00033227991	-1.0765127e-06	2.7586108e-07	-9.6879248e-07	0.00022010434	-0.00030210345	4.1649098e-05	-0.00040675122	-0.00040648405	-0.00065726452
-0.21	1	-0.21	0	0	1	0	0	0	1	1	0.00035812029	-0.00041119894	3.6961959e-07	-0.00034051019	0.0003361943	-1.0726063e-06	2.6686246e-07	-9.6502743e-07	0.00022252718	-0.00030561392	4.2466505e-05	-0.00041119894	-0.00041093058	-0.00065306125
-0.212	1	-0.212	0	0	1	0	0	0	1	1	0.00036232413	-0.00041566205	3.6131413e-07	-0.00034346829	0.00034011717	-1.0686787e-06	2.577785e-07	-9.6124037e-07	0.00022495232	-0.0003091312	4.329282e-05	-0.00041566205	-0.0004153925	-0.00064891503
-0.214	1	-0.214	0	0	1	0	0	0	1	1	0.00036653759	-0.00042014058	3.5291206e-07	-0.00034642432	0.00034404849	-1.064734e-06	2.486115e-07	-9.574355e-07	0.00022737976	-0.00031265528	4.4128075e-05	-0.00042014058	-0.00041986984	-0.00064482452
-0.216	1	-0.216	0	0	1	0	0	0	1	1	0.00037076064	-0.00042463458	3.4441643e-07	-0.00034937828	0.00034798822	-1.0607763e-06	2.3936374e-07	-9.5361685e-07	0.0002298095	-0.00031618612	4.49723e-05	-0.00042463458	-0.00042436265	-0.00064078847
-0.218	1	-0.218	0	0	1	0	0	0	1	1	0.00037499328	-0.00042914406	3.3583024e-07	-0.00035233016	0.00035193632	-1.0568094e-06	2.3003744e-07	-9.4978829e-07	0.00023224154	-0.00031972371	4.5825525e-05	-0.00042914406	-0.00042887096	-0.00063680564
-0.22	1	-0.22	0	0	1	0	0	0	1	1	0.00037923546	-0.00043366908	3.2715642e-07	-0.00035527996	0.00035589276	-1.0528372e-06	2.2063478e-07	-9.4595349e-07	0.00023467588	-0.00032326803	4.6687783e-05	-0.00043366908	-0.0004333948	-0.00063287481
-0.222	1	-0.222	0	0	1	0	0	0	1	1	0.00038348717	-0.00043820967	3.1839785e-07	-0.00035822766	0.0003598575	-1.0488631e-06	2.1115788e-07	-9.4211597e-07	0.0002371125	-0.00032681906	4.7559105e-05	-0.00043820967	-0.00043793421	-0.00062899484
-0.224	1	-0.224	0	0	1	0	0	0	1	1	0.00038774839	-0.00044276586	3.0955736e-07	-0.00036117326	0.00036383049	-1.0448906e-06	2.0160884e-07	-9.3827907e-07	0.00023955141	-0.00033037676	4.843952e-05	-0.00044276586	-0.00044248923	-0.00062516458
-0.226	1	-0.226	0	0	1	0	0	0	1	1	0.00039201909	-0.00044733768	3.0063772e-07	-0.00036411676	0.00036781169	-1.0409227e-06	1.9198969e-07	-9.3444599e-07	0.00024199259	-0.00033394113	4.9329062e-05	-0.00044733768	-0.00044705988	-0.00062138292
-0.228	1	-0.228	0	0	1	0	0	0	1	1	0.00039629925	-0.00045192517	2.9164165e-07	-0.00036705815	0.00037180108	-1.0369625e-06	1.8230243e-07	-9.3061974e-07	0.00024443606	-0.00033751213	5.022776e-05	-0.00045192517	-0.00045164621	-0.00061764881
-0.23	1	-0.23	0	0	1	0	0	0	1	1	0.00040058885	-0.00045652836	2.8257182e-07	-0.00036999742	0.00037579859	-1.0330129e-06	1.7254901e-07	-9.2680319e-07	0.00024688179	-0.00034108974	5.1135646e-05	-0.00045652836	-0.00045624824	-0.0006139612
-0.232	1	-0.232	0	0	1	0	0	0	1	1	0.00040488786	-0.00046114728	2.7343084e-07	-0.00037293457	0.0003798042	-1.0290765e-06	1.6273136e-07	-9.2299905e-07	0.00024932979	-0.00034467395	5.2052753e-05	-0.00046114728	-0.00046086601	-0.00061031907
-0.234	1	-0.234	0	0	1	0	0	0	1	1	0.00040919626	-0.00046578198	2.6422126e-07	-0.00037586959	0.00038381786	-1.0251559e-06	1.5285134e-07	-9.1920988e-07	0.00025178005	-0.00034826472	5.297911e-05	-0.00046578198	-0.00046549955	-0.00060672144
-0.236	1	-0.236	0	0	1	0	0	0	1	1	0.00041351403	-0.00047043247	2.5494558e-07	-0.00037880247	0.00038783953	-1.0212535e-06	1.429108e-07	-9.1543809e-07	0.00025423256	-0.00035186204	5.3914751e-05	-0.00047043247	-0.00047014889	-0.00060316736
-0.238	1	-0.238	0	0	1	0	0	0	1	1	0.00041784114	-0.0004750988	2.4560625e-07	-0.00038173321	0.00039186916	-1.0173716e-06	1.3291152e-07	-9.1168596e-07	0.00025668732	-0.00035546587	5.4859706e-05	-0.0004750988	-0.00047481407	-0.0005996559
-0.24	1	-0.24	0	0	1	0	0	0	1	1	0.00042217758	-0.00047978098	2.3620567e-07	-0.0003846618	0.00039590671	-1.0135121e-06	1.2285528e-07	-9.079556e-07	0.00025914432	-0.0003590762	5.5814007e-05	-0.00047978098	-0.00047949511	-0.00059618614
-0.242	1	-0.242	0	0	1	0	0	0	1	1	0.00042652331	-0.00048447906	2.2674619e-07	-0.00038758824	0.00039995215	-1.0096771e-06	1.127438e-07	-9.0424902e-07	0.00026160355	-0.000362693	5.6777686e-05	-0.00048447906	-0.00048419205	-0.00059275723
-0.244	1	-0.244	0	0	1	0	0	0	1	1	0.00043087833	-0.00048919307	2.1723009e-07	-0.00039051251	0.00040400542	-1.0058684e-06	1.0257875e-07	-9.0056808e-07	0.000264065	-0.00036631625	5.7750775e-05	-0.00048919307	-0.00048890492	-0.00058936829
-0.246	1	-0.246	0	0	1	0	0	0	1	1	0.0004352426	-0.00049392303	2.076596e-07	-0.00039343462	0.00040806648	-1.0020876e-06	9.2361813e-08	-8.9691451e-07	0.00026652867	-0.00036994592	5.8733306e-05	-0.00049392303	-0.00049363375	-0.0005860185
-0.248	1	-0.248	0	0	1	0	0	0	1	1	0.0004396161	-0.00049866897	1.9803693e-07	-0.00039635455	0.00041213529	-9.9833637e-07	8.2094593e-08	-8.9328991e-07	0.00026899455	-0.00037358198	5.972531e-05	-0.00049866897	-0.00049837856	-0.00058270705
-0.25	1	-0.25	0	0	1	0	0	0	1	1	0.00044399881	-0.00050343092	1.883642e-07	-0.0003992723	0.0004162118	-9.9461605e-07	7.1778683e-08	-8.8969577e-07	0.00027146264	-0.00037722442	6.072682e-05	-0.00050343092	-0.00050313939	-0.00057943316
-0.252	1	-0.252	0	0	1	0	0	0	1	1	0.00044839071	-0.00050820892	1.7864351e-07	-0.00040218787	0.00042029597	-9.9092798e-07	6.1415637e-08	-8.8613345e-07	0.00027393291	-0.0003808732	6.1737868e-05	-0.00050820892	-0.00050791626	-0.00057619606
-0.254	1	-0.254	0	0	1	0	0	0	1	1	0.00045279177	-0.00051300299	1.6887688e-07	-0.00040510124	0.00042438776	-9.8727335e-07	5.1006981e-08	-8.8260422e-07	0.00027640537	-0.0003845283	6.2758485e-05	-0.00051300299	-0.00051270921	-0.000572995
-0.256	1	-0.256	0	0	1	0	0	0	1	1	0.00045720198	-0.00051781315	1.590663e-07	-0.00040801242	0.0004284871	-9.8365325e-07	4.0554209e-08	-8.7910922e-07	0.00027888	-0.0003881897	6.3788705e-05	-0.00051781315	-0.00051751825	-0.00056982927
-0.258	1	-0.258	0	0	1	0	0	0	1	1	0.00046162131	-0.00052263944	1.4921372e-07	-0.00041092139	0.00043259397	-9.8006863e-07	3.0058784e-08	-8.7564948e-07	0.0002813568	-0.00039185736	6.4828558e-05	-0.00052263944	-0.00052234343	-0.00056669816
-0.26	1	-0.26	0	0	1	0	0	0	1	1	0.00046604974	-0.00052748189	1.3932103e-07	-0.00041382816	0.00043670832	-9.7652038e-07	1.9522143e-08	-8.7222595e-07	0.00028383576	-0.00039553127	6.5878079e-05	-0.00052748189	-0.00052718476	-0.00056360098
-0.262	1	-0.262	0	0	1	0	0	0	1	1	0.00047048724	-0.00053234051	1.2939006e-07	-0.0004167327	0.00044083009	-9.7300926e-07	8.9456918e-09	-8.6883946e-07	0.00028631686	-0.0003992114	6.6937297e-05	-0.00053234051	-0.00053204228	-0.00056053707
-0.264	1	-0.264	0	0	1	0	0	0	1	1	0.0004749338	-0.00053721534	1.1942262e-07	-0.00041963503	0.00044495924	-9.6953594e-07	-1.6691908e-09	-8.6549076e-07	0.0002888001	-0.00040289771	6.8006248e-05	-0.00053721534	-0.00053691601	-0.00055750578
-0.266	1	-0.266	0	0	1	0	0	0	1	1	0.00047938939	-0.0005421064	1.0942046e-07	-0.00042253512	0.00044909573	-9.6610101e-07	-1.2321152e-08	-8.6218049e-07	0.00029128546	-0.00040659019	6.9084961e-05	-0.0005421064	-0.00054180597	-0.00055450647
-0.268	1	-0.268	0	0	1	0	0	0	1	1	0.00048385399	-0.00054701372	9.9385276e-08	-0.00042543299	0.00045323951	-9.6270495e-07	-2.3008868e-08	-8.5890923e-07	0.00029377294	-0.00041028881	7.0173472e-05	-0.00054701372	-0.00054671219	-0.00055153853
-0.27	1	-0.27	0	0	1	0	0	0	1	1	0.00048832758	-0.00055193733	8.9318742e-08	-0.00042832861	0.00045739053	-9.5934818e-07	-3.3731036e-08	-8.5567746e-07	0.00029626253	-0.00041399355	7.127181e-05	-0.00055193733	-0.0005516347	-0.00054860136
-0.272	1	-0.272	0	0	1	0	0	0	1	1	0.00049281014	-0.00055687724	7.9222474e-08	-0.00043122199	0.00046154874	-9.5603101e-07	-4.4486383e-08	-8.5248558e-07	0.00029875421	-0.00041770436	7.238001e-05	-0.00055687724	-0.00055657352	-0.00054569438
-0.274	1	-0.274	0	0	1	0	0	0	1	1	0.00049730164	-0.00056183349	6.9098046e-08	-0.00043411311	0.0004657141	-9.5275371e-07	-5.5273659e-08	-8.4933391e-07	0.00030124798	-0.00042142124	7.3498104e-05	-0.00056183349	-0.00056152868	-0.00054281702
-0.276	1	-0.276	0	0	1	0	0	0	1	1	0.00050180206	-0.00056680609	5.8946994e-08	-0.00043700198	0.00046988656	-9.4951644e-07	-6.6091636e-08	-8.4622271e-07	0.00030374382	-0.00042514415	7.4626125e-05	-0.00056680609	-0.0005665002	-0.00053996872
-0.278	1	-0.278	0	0	1	0	0	0	1	1	0.00050631138	-0.00057179507	4.8770809e-08	-0.00043988858	0.00047406607	-9.4631932e-07	-7.6939111e-08	-8.4315216e-07	0.00030624172	-0.00042887306	7.5764105e-05	-0.00057179507	-0.0005714881	-0.00053714895
-0.28	1	-0.28	0	0	1	0	0	0	1	1	0.00051082958	-0.00057680046	3.8570945e-08	-0.00044277292	0.00047825258	-9.4316238e-07	-8.7814905e-08	-8.4012238e-07	0.00030874168	-0.00043260795	7.6912077e-05	-0.00057680046	-0.0005764924	-0.00053435717
-0.282	1	-0.282	0	0	1	0	0	0	1	1	0.00051535664	-0.00058182227	2.8348815e-08	-0.00044565498	0.00048244605	-9.400456e-07	-9.8717858e-08	-8.3713341e-07	0.00031124367	-0.00043634879	7.8070075e-05	-0.00058182227	-0.00058151314	-0.00053159287
-0.284	1	-0.284	0	0	1	0	0	0	1	1	0.00051989253	-0.00058686053	1.8105792e-08	-0.00044853476	0.00048664643	-9.369689e-07	-1.0964683e-07	-8.3418526e-07	0.0003137477	-0.00044009555	7.923813e-05	-0.00058686053	-0.00058655033	-0.00052885556
-0.286	1	-0.286	0	0	1	0	0	0	1	1	0.00052443723	-0.00059191526	7.8432127e-09	-0.00045141226	0.00049085366	-9.3393213e-07	-1.2060072e-07	-8.3127785e-07	0.00031625374	-0.00044384821	8.0416276e-05	-0.00059191526	-0.00059160399	-0.00052614475
-0.288	1	-0.288	0	0	1	0	0	0	1	1	0.00052899073	-0.00059698648	-2.4376234e-09	-0.00045428747	0.0004950677	-9.3093511e-07	-1.3157841e-07	-8.2841106e-07	0.00031876178	-0.00044760674	8.1604546e-05	-0.00059698648	-0.00059667415	-0.00052345995
-0.29	1	-0.29	0	0	1	0	0	0	1	1	0.00053355299	-0.00060207422	-1.2735454e-08	-0.00045716037	0.00049928851	-9.2797759e-07	-1.4257885e-07	-8.2558474e-07	0.00032127182	-0.00045137111	8.2802973e-05	-0.00060207422	-0.00060176082	-0.00052080071
-0.292	1	-0.292	0	0	1	0	0	0	1	1	0.00053812401	-0.00060717849	-2.3049052e-08	-0.00046003098	0.00050351603	-9.2505928e-07	-1.5360097e-07	-8.2279864e-07	0.00032378384	-0.00045514129	8.4011589e-05	-0.00060717849	-0.00060686404	-0.00051816657
-0.294	1	-0.294	0	0	1	0	0	0	1	1	0.00054270375	-0.00061229932	-3.3377224e-08	-0.00046289927	0.00050775021	-9.2217984e-07	-1.6464373e-07	-8.2005253e-07	0.00032629783	-0.00045891726	8.5230429e-05	-0.00061229932	-0.00061198381	-0.00051555708
-0.296	1	-0.296	0	0	1	0	0	0	1	1	0.00054729219	-0.00061743673	-4.3718813e-08	-0.00046576526	0.00051199101	-9.1933889e-07	-1.7570613e-07	-8.1734607e-07	0.00032881378	-0.00046269899	8.6459524e-05	-0.00061743673	-0.00061712016	-0.00051297182
-0.298	1	-0.298	0	0	1	0	0	0	1	1	0.00055188932	-0.00062259073	-5.4072693e-08	-0.00046862892	0.00051623837	-9.1653602e-07	-1.8678715e-07	-8.1467893e-07	0.00033133167	-0.00046648646	8.7698909e-05	-0.00062259073	-0.00062227311	-0.00051041037
-0.3	1	-0.3	0	0	1	0	0	0	1	1	0.00055649511	-0.00062776134	-6.443777e-08	-0.00047149026	0.00052049225	-9.1377076e-07	-1.9788583e-07	-8.1205073e-07	0.0003338515	-0.00047027962	8.8948617e-05	inf	inf	inf
