lambda	F11	F12	F13	F21	F22	F23	F31	F32	F33	J	P11	P12	P13	P21	P22	P23	P31	P32	P33	p	StrEn	t(1)	t(2)	d
0	1	0	0	0	1	0	0	0	1	1	0	0	0	0	0	0	0	0	0	-0	0	inf	inf	inf
0.002	1.002	0	0	0	1	0	0	0	0.99850121	1.0004982	4.2794946e-06	3.0245374e-08	-1.7365961e-08	2.8494023e-08	1.8521069e-06	4.8328201e-08	-1.8447422e-08	4.9009985e-08	4.2445209e-10	-2.0440087e-06	4.2582906e-09	4.2791684e-06	4.260054e-06	-0.0044869032
0.004	1.004	0	0	0	1	0	0	0	0.99692588	1.0009136	8.4536063e-06	5.8426384e-08	-3.2112003e-08	5.5402233e-08	3.4728334e-06	1.0296814e-07	-3.3311856e-08	1.0421822e-07	1.434667e-09	-3.9759581e-06	1.7040216e-08	8.4524062e-06	8.3378321e-06	-0.013741479
0.006	1.006	0	0	0	1	0	0	0	0.99515545	1.0011264	1.2026239e-05	8.9375345e-08	-4.1360655e-08	8.53069e-08	4.4445057e-06	1.7812685e-07	-4.1091455e-08	1.8061217e-07	3.6957453e-09	-5.4914803e-06	3.7609619e-08	1.2022836e-05	1.1941408e-05	-0.0068189302
0.008	1.008	0	0	0	1	0	0	0	0.99324219	1.0011881	1.5159957e-05	1.236824e-07	-4.7228256e-08	1.1849424e-07	4.9568778e-06	2.68579e-07	-4.5036618e-08	2.7215021e-07	6.1867806e-09	-6.7076739e-06	6.4805849e-08	1.5153958e-05	1.5126882e-05	-0.0017899713
0.01	1.01	0	0	0	1	0	0	0	0.99127706	1.0011898	1.8169097e-05	1.5915268e-07	-5.2242867e-08	1.5272152e-07	5.3316895e-06	3.6363819e-07	-4.8267899e-08	3.6772575e-07	8.3704886e-09	-7.8363858e-06	9.8117146e-08	1.8160821e-05	1.8149408e-05	-0.000628848
0.012	1.012	0	0	0	1	0	0	0	0.98928711	1.0011586	2.1143134e-05	1.948631e-07	-5.7082733e-08	1.8706875e-07	5.6622427e-06	4.6016036e-07	-5.1455403e-08	4.642141e-07	1.0276368e-08	-8.9385511e-06	1.3740348e-07	2.1132867e-05	2.1126598e-05	-0.00029674332
0.014	1.014	0	0	0	1	0	0	0	0.9872806	1.0011025	2.4106366e-05	2.3039672e-07	-6.192558e-08	2.2112726e-07	5.9751941e-06	5.5724339e-07	-5.4735148e-08	5.607351e-07	1.1968657e-08	-1.0031176e-05	1.8262354e-07	2.4094319e-05	2.409042e-05	-0.00016185029
0.016	1.016	0	0	0	1	0	0	0	0.98526074	1.0010249	2.7066833e-05	2.6559401e-07	-6.6820263e-08	2.5474161e-07	6.2800574e-06	6.5456106e-07	-5.8133849e-08	6.5697196e-07	1.3494457e-08	-1.1120128e-05	2.3376516e-07	2.7053165e-05	2.705074e-05	-8.9639212e-05
0.018	1.018	0	0	0	1	0	0	0	0.98322903	1.0009272	3.0027643e-05	3.0042843e-07	-7.1775389e-08	2.878837e-07	6.5809053e-06	7.5196966e-07	-6.1650944e-08	7.5278891e-07	1.4886722e-08	-1.2207812e-05	2.908265e-07	3.0012479e-05	3.0011178e-05	-4.3353396e-05
0.02	1.02	0	0	0	1	0	0	0	0.98118626	1.00081	3.2990155e-05	3.3492711e-07	-7.6786904e-08	3.2057606e-07	6.8797513e-06	8.4939443e-07	-6.5278673e-08	8.4812001e-07	1.61691e-08	-1.3295358e-05	3.5380987e-07	3.2973597e-05	3.2973252e-05	-1.0456109e-05
0.022	1.022	0	0	0	1	0	0	0	0.97913285	1.0006738	3.5955023e-05	3.6913194e-07	-8.1848107e-08	3.5285547e-07	7.1777142e-06	9.4679063e-07	-6.9007847e-08	9.4292978e-07	1.7359133e-08	-1.4383366e-05	4.227195e-07	3.5937156e-05	3.5937669e-05	1.4295548e-05
0.024	1.024	0	0	0	1	0	0	0	0.97706906	1.0005187	3.8922595e-05	4.0308404e-07	-8.6953258e-08	3.847587e-07	7.4754764e-06	1.0441284e-06	-7.2829618e-08	1.0371972e-06	1.8470227e-08	-1.5472181e-05	4.9756055e-07	3.8903488e-05	3.8904793e-05	3.3534507e-05
0.026	1.026	0	0	0	1	0	0	0	0.97499503	1.0003449	4.1893067e-05	4.3681874e-07	-9.2098624e-08	4.1631806e-07	7.7734873e-06	1.1413861e-06	-7.6735975e-08	1.1309083e-06	1.9512897e-08	-1.6562022e-05	5.7833868e-07	4.1872782e-05	4.1874825e-05	4.87942e-05
0.028	1.028	0	0	0	1	0	0	0	0.97291085	1.0001524	4.4866561e-05	4.7036481e-07	-9.7282494e-08	4.4756059e-07	8.0720618e-06	1.2385466e-06	-8.0719827e-08	1.2240529e-06	2.0495561e-08	-1.765304e-05	6.6505985e-07	4.4845151e-05	4.484789e-05	6.1068554e-05
0.03	1.03	0	0	0	1	0	0	0	0.97081655	0.99994105	4.7843162e-05	5.0374504e-07	-1.0250483e-07	4.7850851e-07	8.3714322e-06	1.3355961e-06	-8.4774928e-08	1.3166227e-06	2.1425086e-08	-1.874534e-05	7.5773024e-07	4.7820673e-05	4.7824071e-05	7.1049397e-05
0.032	1.032	0	0	0	1	0	0	0	0.96871216	0.99971095	5.0822932e-05	5.369773e-07	-1.0776685e-07	5.0918007e-07	8.6717777e-06	1.4325226e-06	-8.889578e-08	1.4086103e-06	2.2307155e-08	-1.9839006e-05	8.5635613e-07	5.0799404e-05	5.080343e-05	7.9240876e-05
0.034	1.034	0	0	0	1	0	0	0	0.96659766	0.99946198	5.3805921e-05	5.7007545e-07	-1.1307063e-07	5.3959021e-07	8.9732415e-06	1.5293154e-06	-9.3077521e-08	1.5000087e-06	2.3146532e-08	-2.0934103e-05	9.6094395e-07	5.3781391e-05	5.3786017e-05	8.6021425e-05
0.036	1.036	0	0	0	1	0	0	0	0.96447303	0.99919406	5.6792173e-05	6.030502e-07	-1.184188e-07	5.6975121e-07	9.2759418e-06	1.6259648e-06	-9.731583e-08	1.5908109e-06	2.3947257e-08	-2.2030687e-05	1.0715002e-06	5.6766673e-05	5.6771878e-05	9.1680772e-05
0.038	1.038	0	0	0	1	0	0	0	0.96233824	0.99890709	5.978173e-05	6.3590978e-07	-1.2381427e-07	5.9967324e-07	9.579979e-06	1.7224618e-06	-1.0160684e-07	1.68101e-06	2.4712784e-08	-2.3128807e-05	1.1880315e-06	5.9755289e-05	5.9761052e-05	9.644381e-05
0.04	1.04	0	0	0	1	0	0	0	0.96019326	0.99860099	6.2774631e-05	6.6866041e-07	-1.292601e-07	6.2936469e-07	9.8854405e-06	1.8187976e-06	-1.0594706e-07	1.7705989e-06	2.5446093e-08	-2.4228506e-05	1.3105444e-06	6.2747275e-05	6.2753581e-05	0.00010048687
0.042	1.042	0	0	0	1	0	0	0	0.95803803	0.99827563	6.5770916e-05	7.0130673e-07	-1.3475931e-07	6.5883251e-07	1.0192404e-05	1.914964e-06	-1.1033334e-07	1.8595703e-06	2.6149773e-08	-2.5329823e-05	1.4390458e-06	6.5742669e-05	6.5749504e-05	0.00010394928
0.044	1.044	0	0	0	1	0	0	0	0.95587251	0.9979309	6.8770625e-05	7.3385213e-07	-1.4031482e-07	6.8808246e-07	1.0500939e-05	2.0109527e-06	-1.1476279e-07	1.9479167e-06	2.6826086e-08	-2.6432797e-05	1.5735424e-06	6.8741509e-05	6.8748862e-05	0.0001069418
0.046	1.046	0	0	0	1	0	0	0	0.95369664	0.99756668	7.1773799e-05	7.6629896e-07	-1.4592941e-07	7.171193e-07	1.0811111e-05	2.1067557e-06	-1.1923275e-07	2.0356306e-06	2.747702e-08	-2.7537462e-05	1.7140412e-06	7.1743834e-05	7.1751695e-05	0.00010955294
0.048	1.048	0	0	0	1	0	0	0	0.95151036	0.99718286	7.478048e-05	7.9864873e-07	-1.5160565e-07	7.4594693e-07	1.1122979e-05	2.202365e-06	-1.2374078e-07	2.122704e-06	2.8104331e-08	-2.8643854e-05	1.8605492e-06	7.4749684e-05	7.4758046e-05	0.00011185375
0.05	1.05	0	0	0	1	0	0	0	0.94931362	0.9967793	7.7790711e-05	8.3090226e-07	-1.5734588e-07	7.7456852e-07	1.14366e-05	2.2977727e-06	-1.2828457e-07	2.2091289e-06	2.8709573e-08	-2.9752007e-05	2.0130734e-06	7.7759102e-05	7.7767959e-05	0.00011390142
0.052	1.052	0	0	0	1	0	0	0	0.94710635	0.99635588	8.0804537e-05	8.6305979e-07	-1.6315225e-07	8.0298662e-07	1.175203e-05	2.3929709e-06	-1.32862e-07	2.2948971e-06	2.929413e-08	-3.0861953e-05	2.171621e-06	8.0772129e-05	8.0781479e-05	0.00011574218
0.054	1.054	0	0	0	1	0	0	0	0.94488849	0.99591247	8.3822003e-05	8.9512109e-07	-1.6902666e-07	8.3120323e-07	1.2069318e-05	2.4879515e-06	-1.3747103e-07	2.3800002e-06	2.9859236e-08	-3.1973727e-05	2.3361993e-06	8.3788812e-05	8.3798651e-05	0.00011741348
0.056	1.056	0	0	0	1	0	0	0	0.94265996	0.99544892	8.6843159e-05	9.2708549e-07	-1.7497079e-07	8.5921989e-07	1.2388518e-05	2.5827065e-06	-1.4210976e-07	2.4644298e-06	3.0405996e-08	-3.3087361e-05	2.5068157e-06	8.6809197e-05	8.6819523e-05	0.00011894571
0.058	1.058	0	0	0	1	0	0	0	0.9404207	0.99496511	8.9868051e-05	9.5895201e-07	-1.8098611e-07	8.8703772e-07	1.2709677e-05	2.6772278e-06	-1.4677637e-07	2.5481772e-06	3.0935397e-08	-3.4202888e-05	2.6834774e-06	8.9833331e-05	8.9844145e-05	0.00012036362
0.06	1.06	0	0	0	1	0	0	0	0.93817064	0.99446088	9.2896731e-05	9.9071932e-07	-1.8707391e-07	9.1465745e-07	1.3032844e-05	2.7715074e-06	-1.5146912e-07	2.6312337e-06	3.1448328e-08	-3.5320341e-05	2.8661922e-06	9.2861265e-05	9.2872567e-05	0.00012168734
0.062	1.062	0	0	0	1	0	0	0	0.93590971	0.99393611	9.5929251e-05	1.0223859e-06	-1.9323527e-07	9.4207952e-07	1.3358068e-05	2.865537e-06	-1.5618633e-07	2.7135904e-06	3.1945588e-08	-3.6439755e-05	3.0549677e-06	9.589305e-05	9.590484e-05	0.00012293331
0.064	1.064	0	0	0	1	0	0	0	0.93363782	0.99339064	9.8965665e-05	1.0539498e-06	-1.9947111e-07	9.6930406e-07	1.3685396e-05	2.9593082e-06	-1.6092642e-07	2.7952383e-06	3.2427894e-08	-3.7561163e-05	3.2498116e-06	9.8928739e-05	9.8941019e-05	0.00012411493
0.066	1.066	0	0	0	1	0	0	0	0.93135491	0.99282433	0.00010200603	1.0854092e-06	-2.0578217e-07	9.9633094e-07	1.4014875e-05	3.0528128e-06	-1.6568781e-07	2.8761685e-06	3.2895894e-08	-3.8684599e-05	3.4507318e-06	0.00010196839	0.00010198116	0.00012524315
0.068	1.068	0	0	0	1	0	0	0	0.92906089	0.99223703	0.00010505039	1.1167618e-06	-2.1216907e-07	1.0231598e-06	1.4346553e-05	3.1460423e-06	-1.7046901e-07	2.9563719e-06	3.3350169e-08	-3.9810099e-05	3.6577362e-06	0.00010501205	0.00010502531	0.00012632689
0.07	1.07	0	0	0	1	0	0	0	0.9267557	0.9916286	0.00010809882	1.1480052e-06	-2.1863229e-07	1.0497901e-06	1.4680478e-05	3.2389882e-06	-1.7526855e-07	3.0358393e-06	3.3791245e-08	-4.0937697e-05	3.870833e-06	0.00010805978	0.00010807355	0.00012737344
0.072	1.072	0	0	0	1	0	0	0	0.92443924	0.99099887	0.00011115137	1.179137e-06	-2.2517216e-07	1.076221e-06	1.5016697e-05	3.3316418e-06	-1.8008503e-07	3.1145616e-06	3.4219591e-08	-4.206743e-05	4.0900304e-06	0.00011111164	0.00011112591	0.00012838872
0.074	1.074	0	0	0	1	0	0	0	0.92211144	0.99034769	0.00011420811	1.2101544e-06	-2.3178894e-07	1.1024517e-06	1.5355259e-05	3.4239945e-06	-1.8491704e-07	3.1925293e-06	3.4635634e-08	-4.3199335e-05	4.3153367e-06	0.0001141677	0.00011418247	0.00012937754
0.076	1.076	0	0	0	1	0	0	0	0.91977222	0.98967491	0.00011726909	1.2410548e-06	-2.3848277e-07	1.128481e-06	1.5696212e-05	3.5160374e-06	-1.8976324e-07	3.2697334e-06	3.5039753e-08	-4.4333448e-05	4.5467603e-06	0.00011722801	0.00011724329	0.0001303438
0.078	1.078	0	0	0	1	0	0	0	0.91742149	0.98898037	0.00012033439	1.2718351e-06	-2.4525369e-07	1.1543077e-06	1.6039604e-05	3.6077619e-06	-1.9462232e-07	3.3461645e-06	3.5432289e-08	-4.5469808e-05	4.7843098e-06	0.00012029264	0.00012030843	0.00013129063
0.08	1.08	0	0	0	1	0	0	0	0.91505917	0.9882639	0.00012340406	1.3024925e-06	-2.5210169e-07	1.1799305e-06	1.6385486e-05	3.6991588e-06	-1.9949296e-07	3.4218132e-06	3.5813549e-08	-4.6608453e-05	5.027994e-06	0.00012336165	0.00012337797	0.00013222057
0.082	1.082	0	0	0	1	0	0	0	0.91268516	0.98752535	0.00012647818	1.3330237e-06	-2.5902666e-07	1.2053479e-06	1.6733908e-05	3.7902193e-06	-2.0437392e-07	3.4966702e-06	3.6183803e-08	-4.7749423e-05	5.2778217e-06	0.00012643512	0.00012645196	0.0001331356
0.084	1.084	0	0	0	1	0	0	0	0.91029939	0.98676454	0.00012955681	1.3634257e-06	-2.6602846e-07	1.2305583e-06	1.7084922e-05	3.8809342e-06	-2.0926395e-07	3.5707261e-06	3.6543292e-08	-4.8892758e-05	5.5338019e-06	0.00012951311	0.00012953047	0.00013403731
0.086	1.086	0	0	0	1	0	0	0	0.90790176	0.98598132	0.00013264003	1.3936951e-06	-2.7310687e-07	1.25556e-06	1.7438578e-05	3.9712945e-06	-2.1416184e-07	3.6439716e-06	3.6892231e-08	-5.00385e-05	5.7959436e-06	0.00013259569	0.00013261359	0.00013492693
0.088	1.088	0	0	0	1	0	0	0	0.90549219	0.98517551	0.00013572791	1.4238286e-06	-2.8026165e-07	1.2803513e-06	1.779493e-05	4.0612909e-06	-2.1906641e-07	3.7163973e-06	3.7230806e-08	-5.118669e-05	6.0642562e-06	0.00013568294	0.00013570137	0.0001358054
0.09	1.09	0	0	0	1	0	0	0	0.90307058	0.98434694	0.00013882052	1.4538226e-06	-2.8749249e-07	1.3049303e-06	1.8154032e-05	4.1509142e-06	-2.2397648e-07	3.7879939e-06	3.7559181e-08	-5.2337371e-05	6.3387491e-06	0.00013877493	0.0001387939	0.00013667342
0.092	1.092	0	0	0	1	0	0	0	0.90063684	0.98349543	0.00014191795	1.4836737e-06	-2.9479908e-07	1.3292951e-06	1.8515937e-05	4.2401551e-06	-2.2889092e-07	3.8587521e-06	3.7877497e-08	-5.3490588e-05	6.6194318e-06	0.00014187174	0.00014189126	0.00013753149
0.094	1.094	0	0	0	1	0	0	0	0.89819088	0.98262082	0.00014502027	1.5133783e-06	-3.0218106e-07	1.3534437e-06	1.8880702e-05	4.3290041e-06	-2.3380863e-07	3.9286625e-06	3.8185874e-08	-5.4646385e-05	6.9063141e-06	0.00014497345	0.00014499351	0.00013837995
0.096	1.096	0	0	0	1	0	0	0	0.8957326	0.98172293	0.00014812756	1.5429328e-06	-3.0963807e-07	1.3773741e-06	1.9248384e-05	4.4174518e-06	-2.387285e-07	3.9977158e-06	3.8484416e-08	-5.5804808e-05	7.1994059e-06	0.00014808013	0.00014810075	0.00013921901
0.098	1.098	0	0	0	1	0	0	0	0.8932619	0.98080157	0.0001512399	1.5723333e-06	-3.1716973e-07	1.401084e-06	1.9619041e-05	4.5054887e-06	-2.4364948e-07	4.0659028e-06	3.8773205e-08	-5.6965905e-05	7.4987171e-06	0.00015119188	0.00015121306	0.00014004877
0.1	1.1	0	0	0	1	0	0	0	0.89077869	0.97985656	0.00015435738	1.6015762e-06	-3.2477565e-07	1.4245714e-06	1.9992731e-05	4.5931053e-06	-2.4857053e-07	4.1332143e-06	3.905231e-08	-5.8129722e-05	7.8042581e-06	0.00015430877	0.00015433051	0.00014086923
0.102	1.102	0	0	0	1	0	0	0	0.88828287	0.97888772	0.0001574801	1.6306575e-06	-3.3245543e-07	1.447834e-06	2.0369515e-05	4.6802919e-06	-2.5349063e-07	4.199641e-06	3.9321782e-08	-5.9296311e-05	8.1160392e-06	0.0001574309	0.00015745321	0.00014168033
0.104	1.104	0	0	0	1	0	0	0	0.88577433	0.97789486	0.00016060812	1.6595733e-06	-3.4020868e-07	1.4708696e-06	2.0749456e-05	4.767039e-06	-2.5840881e-07	4.2651739e-06	3.958166e-08	-6.0465721e-05	8.4340709e-06	0.00016055835	0.00016058123	0.00014248195
0.106	1.106	0	0	0	1	0	0	0	0.88325298	0.97687779	0.00016374156	1.6883197e-06	-3.4803501e-07	1.4936757e-06	2.1132615e-05	4.8533367e-06	-2.633241e-07	4.3298037e-06	3.9831968e-08	-6.1638003e-05	8.7583641e-06	0.00016369122	0.00016371467	0.00014327392
0.108	1.108	0	0	0	1	0	0	0	0.88071871	0.97583633	0.0001668805	1.7168927e-06	-3.5593405e-07	1.5162502e-06	2.1519058e-05	4.9391755e-06	-2.6823558e-07	4.3935216e-06	4.007272e-08	-6.2813211e-05	9.0889296e-06	0.00016682959	0.00016685363	0.00014405602
0.11	1.11	0	0	0	1	0	0	0	0.87817142	0.97477027	0.00017002504	1.7452883e-06	-3.6390544e-07	1.5385905e-06	2.1908851e-05	5.0245455e-06	-2.7314233e-07	4.4563183e-06	4.0303914e-08	-6.3991399e-05	9.4257786e-06	0.00016997358	0.0001699982	0.00014482801
0.112	1.112	0	0	0	1	0	0	0	0.87561099	0.97367942	0.00017317528	1.7735021e-06	-3.7194882e-07	1.5606942e-06	2.230206e-05	5.1094368e-06	-2.7804349e-07	4.5181851e-06	4.0525542e-08	-6.5172622e-05	9.7689224e-06	0.00017312326	0.00017314847	0.00014558963
0.114	1.114	0	0	0	1	0	0	0	0.87303733	0.97256359	0.00017633132	1.8015303e-06	-3.8006389e-07	1.582559e-06	2.2698756e-05	5.1938396e-06	-2.8293822e-07	4.579113e-06	4.0737582e-08	-6.6356937e-05	1.0118372e-05	0.00017627876	0.00017630456	0.0001463406
0.116	1.116	0	0	0	1	0	0	0	0.87045033	0.97142257	0.00017949326	1.8293684e-06	-3.8825034e-07	1.6041822e-06	2.3099009e-05	5.2777441e-06	-2.878257e-07	4.6390932e-06	4.0940006e-08	-6.7544403e-05	1.0474141e-05	0.00017944017	0.00017946656	0.00014708062
0.118	1.118	0	0	0	1	0	0	0	0.86784987	0.97025615	0.00018266121	1.8570122e-06	-3.9650791e-07	1.6255614e-06	2.3502892e-05	5.3611404e-06	-2.9270515e-07	4.698117e-06	4.1132773e-08	-6.8735079e-05	1.0836239e-05	0.00018260759	0.00018263459	0.00014780938
0.12	1.12	0	0	0	1	0	0	0	0.86523584	0.96906414	0.00018583529	1.8844575e-06	-4.0483637e-07	1.646694e-06	2.3910479e-05	5.4440183e-06	-2.9757583e-07	4.7561757e-06	4.1315838e-08	-6.9929028e-05	1.1204679e-05	0.00018578115	0.00018580874	0.00014852656
0.122	1.122	0	0	0	1	0	0	0	0.86260813	0.96784632	0.0001890156	1.9116998e-06	-4.1323551e-07	1.6675775e-06	2.4321845e-05	5.5263681e-06	-3.0243701e-07	4.8132606e-06	4.1489145e-08	-7.1126311e-05	1.1579474e-05	0.00018896094	0.00018898915	0.00014923186
0.124	1.124	0	0	0	1	0	0	0	0.85996662	0.96660249	0.00019220226	1.9387348e-06	-4.2170518e-07	1.6882092e-06	2.473707e-05	5.6081796e-06	-3.0728801e-07	4.8693634e-06	4.1652631e-08	-7.2326993e-05	1.1960636e-05	0.0001921471	0.00019217591	0.00014992494
0.126	1.126	0	0	0	1	0	0	0	0.85731121	0.96533242	0.00019539538	1.9655581e-06	-4.3024526e-07	1.7085866e-06	2.5156233e-05	5.6894429e-06	-3.1212818e-07	4.9244754e-06	4.1806228e-08	-7.353114e-05	1.2348177e-05	0.00019533973	0.00019536915	0.00015060547
0.128	1.128	0	0	0	1	0	0	0	0.85464176	0.9640359	0.0001985951	1.9921651e-06	-4.388557e-07	1.728707e-06	2.5579416e-05	5.7701479e-06	-3.1695692e-07	4.9785884e-06	4.194986e-08	-7.4738821e-05	1.2742112e-05	0.00019853896	0.000198569	0.00015127314
0.13	1.13	0	0	0	1	0	0	0	0.85195816	0.96271272	0.00020180153	2.0185514e-06	-4.4753645e-07	1.7485678e-06	2.6006703e-05	5.8502844e-06	-3.2177363e-07	5.0316941e-06	4.2083445e-08	-7.5950106e-05	1.3142453e-05	0.00020174491	0.00020177557	0.00015192761
0.132	1.132	0	0	0	1	0	0	0	0.84926029	0.96136265	0.00020501481	2.0447124e-06	-4.5628757e-07	1.7681663e-06	2.643818e-05	5.9298425e-06	-3.2657779e-07	5.0837842e-06	4.2206896e-08	-7.7165065e-05	1.3549214e-05	0.00020495772	0.000204989	0.00015256856
0.134	1.134	0	0	0	1	0	0	0	0.84654803	0.95998547	0.00020823506	2.0706434e-06	-4.6510914e-07	1.7874998e-06	2.6873937e-05	6.0088119e-06	-3.3136888e-07	5.1348509e-06	4.2320121e-08	-7.8383772e-05	1.3962409e-05	0.00020817751	0.00020820941	0.00015319566
0.136	1.136	0	0	0	1	0	0	0	0.84382126	0.95858095	0.00021146242	2.0963399e-06	-4.740013e-07	1.8065655e-06	2.7314065e-05	6.0871826e-06	-3.3614643e-07	5.184886e-06	4.2423021e-08	-7.9606303e-05	1.4382052e-05	0.00021140443	0.00021143695	0.0001538086
0.138	1.138	0	0	0	1	0	0	0	0.84107984	0.95714886	0.00021469704	2.1217972e-06	-4.8296426e-07	1.8253609e-06	2.7758655e-05	6.1649444e-06	-3.4091002e-07	5.2338816e-06	4.2515494e-08	-8.0832736e-05	1.4808157e-05	0.0002146386	0.00021467175	0.00015440706
0.14	1.14	0	0	0	1	0	0	0	0.83832365	0.95568896	0.00021793905	2.1470105e-06	-4.919983e-07	1.8438831e-06	2.8207805e-05	6.2420871e-06	-3.4565925e-07	5.28183e-06	4.2597434e-08	-8.2063149e-05	1.5240739e-05	0.00021788018	0.00021791396	0.00015499071
0.142	1.142	0	0	0	1	0	0	0	0.83555256	0.95420103	0.0002211886	2.171975e-06	-5.0110375e-07	1.8621294e-06	2.8661613e-05	6.3186006e-06	-3.5039378e-07	5.3287236e-06	4.2668731e-08	-8.3297626e-05	1.5679813e-05	0.00022112932	0.00022116372	0.00015555924
0.144	1.144	0	0	0	1	0	0	0	0.83276645	0.95268481	0.00022444584	2.1966861e-06	-5.1028102e-07	1.880097e-06	2.912018e-05	6.3944747e-06	-3.5511329e-07	5.3745546e-06	4.2729269e-08	-8.4536249e-05	1.6125394e-05	0.00022438615	0.00022442119	0.00015611233
0.146	1.146	0	0	0	1	0	0	0	0.82996517	0.95114008	0.00022771093	2.2211388e-06	-5.195306e-07	1.8977832e-06	2.958361e-05	6.4696992e-06	-3.598175e-07	5.4193158e-06	4.2778931e-08	-8.5779106e-05	1.6577498e-05	0.00022765085	0.00022768652	0.00015664968
0.148	1.148	0	0	0	1	0	0	0	0.8271486	0.94956659	0.00023098403	2.2453284e-06	-5.2885303e-07	1.9151851e-06	3.0052009e-05	6.5442638e-06	-3.6450619e-07	5.4629998e-06	4.2817595e-08	-8.7026286e-05	1.703614e-05	0.00023092357	0.00023095987	0.00015717096
0.15	1.15	0	0	0	1	0	0	0	0.82431659	0.94796408	0.0002342653	2.2692498e-06	-5.3824897e-07	1.9323e-06	3.0525488e-05	6.6181584e-06	-3.6917917e-07	5.5055992e-06	4.2845137e-08	-8.8277879e-05	1.7501337e-05	0.00023420447	0.0002342414	0.00015767588
0.152	1.152	0	0	0	1	0	0	0	0.82146902	0.94633232	0.00023755492	2.2928981e-06	-5.4771912e-07	1.949125e-06	3.1004159e-05	6.6913727e-06	-3.7383628e-07	5.5471071e-06	4.286143e-08	-8.9533979e-05	1.7973106e-05	0.00023749372	0.00023753129	0.00015816411
0.154	1.154	0	0	0	1	0	0	0	0.81860575	0.94467103	0.00024085305	2.3162684e-06	-5.5726429e-07	1.9656574e-06	3.1488139e-05	6.7638965e-06	-3.7847742e-07	5.5875165e-06	4.2866344e-08	-9.0794684e-05	1.8451462e-05	0.00024079151	0.00024082971	0.00015863536
0.156	1.156	0	0	0	1	0	0	0	0.81572663	0.94297998	0.00024415987	2.3393556e-06	-5.6688537e-07	1.9818942e-06	3.1977545e-05	6.8357196e-06	-3.8310251e-07	5.6268205e-06	4.2859747e-08	-9.2060092e-05	1.8936424e-05	0.000244098	0.00024413684	0.00015908931
0.158	1.158	0	0	0	1	0	0	0	0.81283152	0.9412589	0.00024747558	2.3621547e-06	-5.7658333e-07	1.9978326e-06	3.2472502e-05	6.9068317e-06	-3.8771155e-07	5.6650124e-06	4.2841504e-08	-9.3330307e-05	1.942801e-05	0.00024741339	0.00024745286	0.00015952565
0.16	1.16	0	0	0	1	0	0	0	0.80992027	0.93950752	0.00025080035	2.3846605e-06	-5.8635927e-07	2.0134698e-06	3.2973136e-05	6.9772227e-06	-3.9230454e-07	5.7020856e-06	4.2811479e-08	-9.4605432e-05	1.9926236e-05	0.00025073786	0.00025077797	0.00015994407
0.162	1.162	0	0	0	1	0	0	0	0.80699275	0.93772558	0.00025413439	2.4068679e-06	-5.9621434e-07	2.0288028e-06	3.3479576e-05	7.0468821e-06	-3.9688154e-07	5.7380337e-06	4.2769534e-08	-9.5885577e-05	2.0431122e-05	0.00025407161	0.00025411235	0.00016034427
0.164	1.164	0	0	0	1	0	0	0	0.80404881	0.93591281	0.00025747789	2.4287718e-06	-6.0614981e-07	2.0438288e-06	3.3991956e-05	7.1157999e-06	-4.0144267e-07	5.7728503e-06	4.2715528e-08	-9.7170853e-05	2.0942685e-05	0.00025741483	0.00025745621	0.00016072593
0.166	1.166	0	0	0	1	0	0	0	0.80108829	0.93406894	0.00026083106	2.4503669e-06	-6.1616707e-07	2.0585448e-06	3.4510413e-05	7.1839657e-06	-4.0598806e-07	5.8065293e-06	4.264932e-08	-9.8461375e-05	2.1460946e-05	0.00026076775	0.00026080976	0.00016108873
0.168	1.168	0	0	0	1	0	0	0	0.79811105	0.9321937	0.00026419412	2.471648e-06	-6.2626758e-07	2.0729479e-06	3.503509e-05	7.2513694e-06	-4.105179e-07	5.8390646e-06	4.2570769e-08	-9.975726e-05	2.1985924e-05	0.00026413057	0.00026417321	0.00016143237
0.17	1.17	0	0	0	1	0	0	0	0.79511693	0.9302868	0.00026756728	2.4926097e-06	-6.3645293e-07	2.0870352e-06	3.5566132e-05	7.3180005e-06	-4.1503243e-07	5.8704503e-06	4.2479729e-08	-0.00010105863	2.2517639e-05	0.00026750351	0.00026754678	0.00016175651
0.172	1.172	0	0	0	1	0	0	0	0.79210578	0.92834797	0.00027095077	2.5132467e-06	-6.4672482e-07	2.1008037e-06	3.6103689e-05	7.383849e-06	-4.1953191e-07	5.9006808e-06	4.2376057e-08	-0.00010236561	2.3056112e-05	0.00027088679	0.0002709307	0.00016206085
0.174	1.174	0	0	0	1	0	0	0	0.78907744	0.92637692	0.00027434483	2.5335536e-06	-6.5708507e-07	2.1142504e-06	3.6647917e-05	7.4489045e-06	-4.2401668e-07	5.9297504e-06	4.2259606e-08	-0.00010367834	2.3601362e-05	0.00027428066	0.00027432519	0.00016234506
0.176	1.176	0	0	0	1	0	0	0	0.78603177	0.92437336	0.00027774969	2.553525e-06	-6.6753561e-07	2.1273724e-06	3.7198974e-05	7.5131568e-06	-4.2848708e-07	5.9576536e-06	4.2130231e-08	-0.00010499693	2.4153412e-05	0.00027768535	0.00027773051	0.0001626088
0.178	1.178	0	0	0	1	0	0	0	0.78296859	0.922337	0.0002811656	2.5731554e-06	-6.7807849e-07	2.1401666e-06	3.7757025e-05	7.5765957e-06	-4.3294351e-07	5.9843852e-06	4.1987786e-08	-0.00010632154	2.4712284e-05	0.00028110111	0.00028114689	0.00016285175
0.18	1.18	0	0	0	1	0	0	0	0.77988775	0.92026755	0.00028459282	2.5924392e-06	-6.8871589e-07	2.1526299e-06	3.8322239e-05	7.6392108e-06	-4.3738643e-07	6.0099401e-06	4.1832123e-08	-0.0001076523	2.5278e-05	0.00028452819	0.0002845746	0.00016307357
0.182	1.182	0	0	0	1	0	0	0	0.77678909	0.9181647	0.0002880316	2.611371e-06	-6.9945011e-07	2.1647594e-06	3.889479e-05	7.7009919e-06	-4.4181631e-07	6.0343133e-06	4.1663097e-08	-0.00010898935	2.5850583e-05	0.00028796686	0.00028801389	0.00016327391
0.184	1.184	0	0	0	1	0	0	0	0.77367244	0.91602817	0.00029148223	2.629945e-06	-7.1028359e-07	2.176552e-06	3.947486e-05	7.7619287e-06	-4.4623369e-07	6.0575e-06	4.1480559e-08	-0.00011033286	2.6430055e-05	0.0002914174	0.00029146504	0.00016345244
0.186	1.186	0	0	0	1	0	0	0	0.77053764	0.91385764	0.00029494497	2.6481556e-06	-7.2121891e-07	2.1880045e-06	4.0062632e-05	7.8220111e-06	-4.5063913e-07	6.0794956e-06	4.1284364e-08	-0.00011168296	2.7016443e-05	0.00029488007	0.00029492832	0.0001636088
0.188	1.188	0	0	0	1	0	0	0	0.76738453	0.91165282	0.00029842012	2.665997e-06	-7.3225878e-07	2.1991138e-06	4.06583e-05	7.8812286e-06	-4.5503324e-07	6.1002956e-06	4.1074366e-08	-0.00011303983	2.7609769e-05	0.00029835518	0.00029840404	0.00016374262
0.19	1.19	0	0	0	1	0	0	0	0.76421292	0.90941338	0.00030190798	2.6834636e-06	-7.4340605e-07	2.2098769e-06	4.1262059e-05	7.939571e-06	-4.5941668e-07	6.1198957e-06	4.085042e-08	-0.00011440363	2.8210059e-05	0.00030184301	0.00030189248	0.00016385355
0.192	1.192	0	0	0	1	0	0	0	0.76102267	0.90713902	0.00030540886	2.7005495e-06	-7.5466373e-07	2.2202904e-06	4.1874114e-05	7.9970281e-06	-4.6379013e-07	6.1382918e-06	4.061238e-08	-0.00011577453	2.8817339e-05	0.00030534388	0.00030539395	0.00016394122
0.194	1.194	0	0	0	1	0	0	0	0.75781359	0.90482943	0.00030892306	2.7172487e-06	-7.6603495e-07	2.2303513e-06	4.2494674e-05	8.0535896e-06	-4.6815433e-07	6.1554799e-06	4.0360104e-08	-0.0001171527	2.9431635e-05	0.00030885811	0.00030890877	0.00016400524
0.196	1.196	0	0	0	1	0	0	0	0.75458551	0.90248428	0.00031245093	2.7335554e-06	-7.7752304e-07	2.2400562e-06	4.3123958e-05	8.1092451e-06	-4.7251003e-07	6.1714563e-06	4.0093449e-08	-0.00011853833	3.0052974e-05	0.00031238602	0.00031243728	0.00016404524
0.198	1.198	0	0	0	1	0	0	0	0.75133827	0.90010325	0.00031599279	2.7494635e-06	-7.8913144e-07	2.249402e-06	4.3762188e-05	8.1639844e-06	-4.7685806e-07	6.1862174e-06	3.9812274e-08	-0.0001199316	3.0681384e-05	0.00031592795	0.00031597979	0.00016406081
0.2	1.2	0	0	0	1	0	0	0	0.74807169	0.89768602	0.00031954899	2.764967e-06	-8.008638e-07	2.2583853e-06	4.4409596e-05	8.2177971e-06	-4.8119925e-07	6.1997598e-06	3.951644e-08	-0.0001213327	3.1316893e-05	0.00031948426	0.00031953668	0.00016405155
0.202	1.202	0	0	0	1	0	0	0	0.74478559	0.89523227	0.00032311991	2.7800597e-06	-8.1272388e-07	2.2670028e-06	4.5066421e-05	8.2706729e-06	-4.855345e-07	6.2120804e-06	3.9205809e-08	-0.00012274184	3.195953e-05	0.0003230553	0.00032310829	0.00016401707
0.204	1.204	0	0	0	1	0	0	0	0.74147979	0.89274167	0.0003267059	2.7947355e-06	-8.2471566e-07	2.2752512e-06	4.5732908e-05	8.3226015e-06	-4.8986471e-07	6.2231761e-06	3.8880246e-08	-0.00012415923	3.2609326e-05	0.00032664144	0.000326695	0.00016395693
0.206	1.206	0	0	0	1	0	0	0	0.73815413	0.89021388	0.00033030736	2.8089881e-06	-8.3684328e-07	2.283127e-06	4.6409314e-05	8.3735726e-06	-4.9419084e-07	6.233044e-06	3.8539618e-08	-0.00012558507	3.326631e-05	0.00033024308	0.0003302972	0.00016387071
0.208	1.208	0	0	0	1	0	0	0	0.73480842	0.88764858	0.00033392467	2.8228112e-06	-8.4911104e-07	2.2906269e-06	4.70959e-05	8.4235756e-06	-4.9851388e-07	6.2416817e-06	3.8183793e-08	-0.00012701959	3.3930515e-05	0.00033386061	0.00033391529	0.00016375798
0.21	1.21	0	0	0	1	0	0	0	0.73144249	0.88504542	0.00033755827	2.8361985e-06	-8.6152344e-07	2.2977473e-06	4.7792939e-05	8.4726003e-06	-5.0283486e-07	6.2490866e-06	3.7812645e-08	-0.00012846301	3.4601972e-05	0.00033749444	0.00033754967	0.00016361829
0.212	1.212	0	0	0	1	0	0	0	0.72805616	0.88240407	0.00034120856	2.8491433e-06	-8.7408518e-07	2.3044847e-06	4.8500712e-05	8.5206362e-06	-5.0715484e-07	6.2552566e-06	3.7426049e-08	-0.00012991557	3.5280714e-05	0.000341145	0.00034120077	0.00016345119
0.214	1.214	0	0	0	1	0	0	0	0.72464925	0.87972419	0.00034487599	2.8616393e-06	-8.8680113e-07	2.3108356e-06	4.921951e-05	8.5676729e-06	-5.1147489e-07	6.2601897e-06	3.7023882e-08	-0.00013137751	3.5966775e-05	0.00034481273	0.00034486903	0.0001632562
0.216	1.216	0	0	0	1	0	0	0	0.72122159	0.87700545	0.00034856102	2.8736798e-06	-8.9967638e-07	2.3167964e-06	4.9949631e-05	8.6136999e-06	-5.1579615e-07	6.263884e-06	3.6606028e-08	-0.00013284909	3.666019e-05	0.00034849809	0.00034855492	0.00016303286
0.218	1.218	0	0	0	1	0	0	0	0.71777299	0.8742475	0.00035226411	2.885258e-06	-9.127162e-07	2.3223634e-06	5.0691388e-05	8.6587068e-06	-5.2011976e-07	6.2663382e-06	3.6172372e-08	-0.00013433056	3.7360994e-05	0.00035220154	0.00035225889	0.00016278067
0.22	1.22	0	0	0	1	0	0	0	0.71430327	0.87144999	0.00035598575	2.8963674e-06	-9.2592609e-07	2.3275329e-06	5.1445101e-05	8.7026829e-06	-5.2444691e-07	6.2675507e-06	3.5722804e-08	-0.00013582219	3.8069225e-05	0.00035592358	0.00035598143	0.00016249915
0.222	1.222	0	0	0	1	0	0	0	0.71081226	0.86861259	0.00035972644	2.9070009e-06	-9.3931175e-07	2.3323011e-06	5.2211101e-05	8.7456177e-06	-5.2877879e-07	6.2675206e-06	3.525722e-08	-0.00013732427	3.878492e-05	0.00035966471	0.00035972305	0.00016218777
0.224	1.224	0	0	0	1	0	0	0	0.70729979	0.86573494	0.00036348671	2.9171516e-06	-9.5287912e-07	2.3366643e-06	5.2989734e-05	8.7875006e-06	-5.3311666e-07	6.2662469e-06	3.4775519e-08	-0.00013883707	3.9508117e-05	0.00036342545	0.00036348427	0.00016184603
0.226	1.226	0	0	0	1	0	0	0	0.70376567	0.86281672	0.00036726709	2.9268126e-06	-9.6663435e-07	2.3406186e-06	5.3781353e-05	8.828321e-06	-5.3746176e-07	6.2637291e-06	3.4277606e-08	-0.00014036091	4.0238857e-05	0.00036720633	0.00036726564	0.00016147338
0.228	1.228	0	0	0	1	0	0	0	0.70020974	0.85985756	0.00037106815	2.9359767e-06	-9.8058381e-07	2.34416e-06	5.4586327e-05	8.8680682e-06	-5.4181538e-07	6.2599666e-06	3.3763392e-08	-0.00014189608	4.097718e-05	0.00037100793	0.0003710677	0.0001610693
0.23	1.23	0	0	0	1	0	0	0	0.69663182	0.85685714	0.00037489045	2.9446367e-06	-9.9473413e-07	2.3472846e-06	5.5405035e-05	8.9067314e-06	-5.4617884e-07	6.2549595e-06	3.3232794e-08	-0.00014344291	4.1723128e-05	0.00037483081	0.00037489103	0.00016063322
0.232	1.232	0	0	0	1	0	0	0	0.69303174	0.8538151	0.0003787346	2.9527853e-06	-1.0090922e-06	2.3499884e-06	5.6237873e-05	8.9442998e-06	-5.5055345e-07	6.2487078e-06	3.2685735e-08	-0.00014500172	4.2476744e-05	0.00037867558	0.00037873624	0.00016016457
0.234	1.234	0	0	0	1	0	0	0	0.68940932	0.8507311	0.00038260122	2.9604152e-06	-1.0236651e-06	2.3522672e-06	5.7085247e-05	8.9807626e-06	-5.5494058e-07	6.2412119e-06	3.2122145e-08	-0.00014657286	4.3238073e-05	0.00038254286	0.00038260395	0.00015966278
0.236	1.236	0	0	0	1	0	0	0	0.68576441	0.84760482	0.00038649095	2.9675188e-06	-1.0384602e-06	2.3541168e-06	5.794758e-05	9.0161089e-06	-5.5934158e-07	6.2324724e-06	3.1541963e-08	-0.00014815669	4.400716e-05	0.00038643329	0.00038649479	0.00015912726
0.238	1.238	0	0	0	1	0	0	0	0.68209685	0.8444359	0.00039040445	2.9740885e-06	-1.0534852e-06	2.3555331e-06	5.8825308e-05	9.0503277e-06	-5.6375786e-07	6.2224903e-06	3.0945134e-08	-0.00014975357	4.4784052e-05	0.00039034753	0.00039040943	0.0001585574
0.24	1.24	0	0	0	1	0	0	0	0.67840646	0.84122401	0.00039434242	2.9801168e-06	-1.0687479e-06	2.3565118e-06	5.9718884e-05	9.083408e-06	-5.6819081e-07	6.2112669e-06	3.0331612e-08	-0.00015136388	4.5568798e-05	0.00039428628	0.00039434857	0.00015795259
0.242	1.242	0	0	0	1	0	0	0	0.6746931	0.83796883	0.00039830556	2.9855957e-06	-1.0842566e-06	2.3570484e-06	6.0628776e-05	9.1153386e-06	-5.7264185e-07	6.1988035e-06	2.970136e-08	-0.00015298801	4.6361446e-05	0.00039825024	0.0003983129	0.0001573122
0.244	1.244	0	0	0	1	0	0	0	0.67095662	0.83467003	0.00040229462	2.9905174e-06	-1.1000198e-06	2.3571385e-06	6.155547e-05	9.1461085e-06	-5.7711241e-07	6.1851021e-06	2.9054352e-08	-0.00015462638	4.7162049e-05	0.00040224017	0.00040230318	0.00015663558
0.246	1.246	0	0	0	1	0	0	0	0.66719686	0.83132729	0.00040631035	2.994874e-06	-1.1160461e-06	2.3567775e-06	6.2499467e-05	9.1757063e-06	-5.8160393e-07	6.1701647e-06	2.8390569e-08	-0.0001562794	4.7970659e-05	0.00040625682	0.00040632017	0.00015592209
0.248	1.248	0	0	0	1	0	0	0	0.66341369	0.82794029	0.00041035357	2.9986572e-06	-1.1323447e-06	2.355961e-06	6.3461289e-05	9.2041207e-06	-5.8611787e-07	6.1539938e-06	2.7710006e-08	-0.00015794752	4.878733e-05	0.00041030099	0.00041036466	0.00015517105
0.25	1.25	0	0	0	1	0	0	0	0.65960697	0.82450871	0.00041442507	3.001859e-06	-1.148925e-06	2.3546842e-06	6.4441473e-05	9.2313402e-06	-5.9065569e-07	6.1365922e-06	2.7012667e-08	-0.00015963119	4.9612118e-05	0.0004143735	0.00041443748	0.00015438178
0.252	1.252	0	0	0	1	0	0	0	0.65577657	0.82103227	0.00041852573	3.0044709e-06	-1.1657967e-06	2.3529424e-06	6.544058e-05	9.2573535e-06	-5.9521885e-07	6.117963e-06	2.6298571e-08	-0.00016133087	5.044508e-05	0.00041847521	0.00041853948	0.0001535536
0.254	1.254	0	0	0	1	0	0	0	0.65192238	0.81751067	0.00042265643	3.0064847e-06	-1.1829697e-06	2.3507307e-06	6.6459186e-05	9.2821489e-06	-5.9980884e-07	6.0981096e-06	2.5567747e-08	-0.00016304706	5.1286276e-05	0.000422607	0.00042267154	0.00015268579
0.256	1.256	0	0	0	1	0	0	0	0.64804428	0.81394361	0.00042681807	3.0078916e-06	-1.2004545e-06	2.3480443e-06	6.7497891e-05	9.3057147e-06	-6.0442712e-07	6.077036e-06	2.482024e-08	-0.00016478026	5.2135766e-05	0.00042676979	0.00042683458	0.00015177765
0.258	1.258	0	0	0	1	0	0	0	0.64414216	0.81033083	0.00043101161	3.0086832e-06	-1.2182618e-06	2.3448781e-06	6.8557315e-05	9.3280392e-06	-6.0907517e-07	6.0547464e-06	2.4056106e-08	-0.00016653099	5.2993614e-05	0.00043096453	0.00043102954	0.00015082843
0.26	1.26	0	0	0	1	0	0	0	0.64021593	0.80667207	0.00043523804	3.0088507e-06	-1.2364027e-06	2.3412272e-06	6.9638102e-05	9.3491105e-06	-6.1375448e-07	6.0312453e-06	2.3275421e-08	-0.00016829981	5.3859884e-05	0.00043519221	0.00043525742	0.0001498374
0.262	1.262	0	0	0	1	0	0	0	0.63626551	0.80296707	0.00043949837	3.0083853e-06	-1.2548887e-06	2.3370863e-06	7.0740917e-05	9.3689166e-06	-6.1846652e-07	6.0065379e-06	2.2478273e-08	-0.00017008726	5.4734644e-05	0.00043945384	0.00043951924	0.0001488038
0.264	1.264	0	0	0	1	0	0	0	0.63229083	0.7992156	0.00044379367	3.0072779e-06	-1.2737314e-06	2.3324503e-06	7.1866451e-05	9.3874456e-06	-6.2321278e-07	5.9806295e-06	2.1664769e-08	-0.00017189393	5.5617961e-05	0.00044375048	0.00044381604	0.00014772686
0.266	1.266	0	0	0	1	0	0	0	0.62829182	0.79541744	0.00044812502	3.0055197e-06	-1.2929433e-06	2.3273139e-06	7.3015416e-05	9.4046852e-06	-6.2799473e-07	5.9535263e-06	2.0835033e-08	-0.00017372042	5.6509908e-05	0.00044808324	0.00044814894	0.0001466058
0.268	1.268	0	0	0	1	0	0	0	0.62426844	0.79157239	0.00045249357	3.0031014e-06	-1.3125369e-06	2.3216718e-06	7.4188554e-05	9.4206233e-06	-6.3281384e-07	5.9252344e-06	1.9989207e-08	-0.00017556737	5.7410557e-05	0.00045245324	0.00045251905	0.00014543982
0.27	1.27	0	0	0	1	0	0	0	0.62022067	0.78768025	0.0004569005	3.0000139e-06	-1.3325253e-06	2.3155185e-06	7.5386629e-05	9.4352477e-06	-6.3767159e-07	5.8957609e-06	1.9127455e-08	-0.00017743542	5.8319984e-05	0.00045686167	0.00045692757	0.00014422813
0.272	1.272	0	0	0	1	0	0	0	0.61614848	0.78374087	0.00046134702	2.9962478e-06	-1.352922e-06	2.3088486e-06	7.6610435e-05	9.4485459e-06	-6.4256944e-07	5.8651131e-06	1.8249961e-08	-0.00017932524	5.9238267e-05	0.00046130975	0.00046137571	0.0001429699
0.274	1.274	0	0	0	1	0	0	0	0.61205189	0.77975411	0.0004658344	2.9917939e-06	-1.3737409e-06	2.3016564e-06	7.7860793e-05	9.4605055e-06	-6.4750886e-07	5.8332991e-06	1.7356927e-08	-0.00018123752	6.0165487e-05	0.00046579874	0.00046586474	0.0001416643
0.276	1.276	0	0	0	1	0	0	0	0.60793091	0.77571984	0.00047036396	2.9866426e-06	-1.3949965e-06	2.2939365e-06	7.9138552e-05	9.4711141e-06	-6.5249131e-07	5.8003272e-06	1.6448583e-08	-0.00018317299	6.1101726e-05	0.00047032996	0.00047039596	0.00014031048
0.278	1.278	0	0	0	1	0	0	0	0.60378558	0.77163797	0.00047493704	2.9807845e-06	-1.4167038e-06	2.2856831e-06	8.0444591e-05	9.4803592e-06	-6.5751826e-07	5.7662066e-06	1.5525179e-08	-0.00018513238	6.2047071e-05	0.00047490476	0.00047497074	0.00013890758
0.28	1.28	0	0	0	1	0	0	0	0.59961597	0.76750844	0.00047955505	2.97421e-06	-1.4388781e-06	2.2768907e-06	8.1779819e-05	9.4882284e-06	-6.6259117e-07	5.7309471e-06	1.4586991e-08	-0.00018711649	6.3001609e-05	0.00047952455	0.00047959047	0.00013745473
0.282	1.282	0	0	0	1	0	0	0	0.59542216	0.76333121	0.00048421945	2.9669095e-06	-1.4615355e-06	2.2675534e-06	8.3145176e-05	9.4947091e-06	-6.6771152e-07	5.6945591e-06	1.3634319e-08	-0.00018912609	6.3965433e-05	0.00048419078	0.00048425662	0.00013595103
0.284	1.284	0	0	0	1	0	0	0	0.59120428	0.75910629	0.00048893175	2.9588736e-06	-1.4846925e-06	2.2576657e-06	8.4541635e-05	9.499789e-06	-6.7288081e-07	5.6570536e-06	1.2667491e-08	-0.00019116202	6.4938636e-05	0.00048890496	0.00048897068	0.00013439557
0.286	1.286	0	0	0	1	0	0	0	0.58696245	0.75483371	0.00049369351	2.9500925e-06	-1.5083664e-06	2.2472216e-06	8.59702e-05	9.5034558e-06	-6.7810054e-07	5.6184425e-06	1.1686863e-08	-0.00019322513	6.5921315e-05	0.00049366865	0.00049373421	0.0001327874
0.288	1.288	0	0	0	1	0	0	0	0.58269684	0.75051353	0.00049850633	2.9405568e-06	-1.532575e-06	2.2362157e-06	8.7431907e-05	9.5056973e-06	-6.8337225e-07	5.5787386e-06	1.0692816e-08	-0.00019531631	6.6913572e-05	0.00049848346	0.00049854883	0.00013112556
0.29	1.29	0	0	0	1	0	0	0	0.57840766	0.74614588	0.00050337188	2.9302568e-06	-1.5573369e-06	2.2246421e-06	8.8927827e-05	9.5065016e-06	-6.8869755e-07	5.5379552e-06	9.6857623e-09	-0.00019743646	6.7915511e-05	0.00050335105	0.0005034162	0.00012940904
0.292	1.292	0	0	0	1	0	0	0	0.57409513	0.7417309	0.00050829189	2.9191832e-06	-1.5826713e-06	2.2124952e-06	9.0459066e-05	9.5058572e-06	-6.9407808e-07	5.4961069e-06	8.6661432e-09	-0.00019958654	6.8927237e-05	0.00050827315	0.00050833803	0.00012763679
0.294	1.294	0	0	0	1	0	0	0	0.56975951	0.73726881	0.00051326812	2.9073266e-06	-1.6085986e-06	2.1997695e-06	9.2026762e-05	9.5037529e-06	-6.9951558e-07	5.4532089e-06	7.6344294e-09	-0.00020176751	6.9948863e-05	0.00051325153	0.00051331611	0.0001258077
0.296	1.296	0	0	0	1	0	0	0	0.56540111	0.73275984	0.00051830243	2.8946776e-06	-1.6351399e-06	2.1864596e-06	9.363209e-05	9.500178e-06	-7.050119e-07	5.4092779e-06	6.5911213e-09	-0.00020398037	7.0980502e-05	0.00051828803	0.00051835227	0.00012392058
0.298	1.298	0	0	0	1	0	0	0	0.56102026	0.7282043	0.0005233967	2.8812274e-06	-1.6623173e-06	2.1725602e-06	9.5276258e-05	9.4951226e-06	-7.1056905e-07	5.3643313e-06	5.5367493e-09	-0.00020622616	7.2022272e-05	0.00052338454	0.00052344839	0.00012197413
0.3	1.3	0	0	0	1	0	0	0	0.55661734	0.72360255	0.00052855288	2.8669671e-06	-1.6901544e-06	2.1580661e-06	9.6960509e-05	9.4885777e-06	-7.1618924e-07	5.3183882e-06	4.471872e-09	-0.00020850595	7.3074295e-05	inf	inf	inf
