lambda	F11	F12	F13	F21	F22	F23	F31	F32	F33	J	P11	P12	P13	P21	P22	P23	P31	P32	P33	p	StrEn	t(1)	t(2)	d
0	1	0	0	0	1	0	0	0	1	1	0	0	0	0	0	0	0	0	0	-0	0	inf	inf	inf
0.002	1.002	0	0	0	1.002	0	0	0	1.002	1.006012	8.154523e-06	-3.3831347e-08	-2.4788626e-08	-3.9441983e-08	8.1091949e-06	-3.5365038e-07	-2.7440274e-08	-3.4904086e-07	8.1241169e-06	-8.1292783e-06	2.4080327e-08	2.4387835e-05	2.4581745e-05	0.0078883786
0.004	1.004	0	0	0	1.004	0	0	0	1.004	1.0120481	1.6758652e-05	-3.1803244e-08	-6.7791927e-08	-4.3028704e-08	1.6659928e-05	-6.194296e-07	-7.2494332e-08	-6.094647e-07	1.6693234e-05	-1.6703938e-05	9.832698e-08	5.0111814e-05	5.0195958e-05	0.0016763248
0.006	1.006	0	0	0	1.006	0	0	0	1.006	1.0181082	2.5621093e-05	-1.6893319e-08	-1.1348658e-07	-3.2476374e-08	2.5513839e-05	-8.2540053e-07	-1.2032036e-07	-8.1131379e-07	2.5534256e-05	-2.5556396e-05	2.2486416e-07	7.6669188e-05	7.668072e-05	0.00015038978
0.008	1.008	0	0	0	1.008	0	0	0	1.008	1.0241925	3.4650785e-05	3.7443891e-09	-1.5666649e-07	-1.4776821e-08	3.4565958e-05	-9.9002987e-07	-1.6568467e-07	-9.7321941e-07	3.4552705e-05	-3.4589816e-05	4.0504986e-07	0.00010376945	0.0001037317	-0.00036393786
0.01	1.01	0	0	0	1.01	0	0	0	1.01	1.030301	4.3796808e-05	2.7092403e-08	-1.9576712e-07	6.6777371e-09	4.3749813e-05	-1.1256224e-06	-2.0689937e-07	-1.1070087e-06	4.3694421e-05	-4.3747014e-05	6.3979095e-07	0.00013124104	0.0001311683	-0.0005546061
0.012	1.012	0	0	0	1.012	0	0	0	1.012	1.0364337	5.3027711e-05	5.1642895e-08	-2.3063391e-07	3.0035819e-08	5.3025468e-05	-1.2402628e-06	-2.437341e-07	-1.2203614e-06	5.2925906e-05	-5.2993029e-05	9.2972304e-07	0.00015897909	0.00015888013	-0.00062283127
0.014	1.014	0	0	0	1.014	0	0	0	1.014	1.0425907	6.2322794e-05	7.6552921e-08	-2.6162879e-07	5.4230594e-08	6.2368013e-05	-1.3393052e-06	-2.7651871e-07	-1.3183863e-06	6.222512e-05	-6.2305309e-05	1.2753115e-06	0.00018691593	0.00018679647	-0.00063953016
0.016	1.016	0	0	0	1.016	0	0	0	1.016	1.0487721	7.1667781e-05	1.0132406e-07	-2.8926023e-07	7.8624708e-08	7.1761067e-05	-1.4263851e-06	-3.0575571e-07	-1.4045818e-06	7.157686e-05	-7.1668569e-05	1.6769089e-06	0.00021500571	0.00021486966	-0.00063315232
0.018	1.018	0	0	0	1.018	0	0	0	1.018	1.0549778	8.1052461e-05	1.2565758e-07	-3.1403514e-07	1.0283076e-07	8.1193349e-05	-1.5040461e-06	-3.319602e-07	-1.4814168e-06	8.0970249e-05	-8.107202e-05	2.1347901e-06	0.00024321606	0.00024306626	-0.00061626751
0.02	1.02	0	0	0	1.02	0	0	0	1.02	1.061208	9.0469316e-05	1.4937809e-07	-3.3640595e-07	1.2661394e-07	9.0656787e-05	-1.5741219e-06	-3.5559964e-07	-1.5506853e-06	9.0397274e-05	-9.0507793e-05	2.649174e-06	0.00027152338	0.00027136197	-0.00059482487
0.022	1.022	0	0	0	1.022	0	0	0	1.022	1.0674626	9.9912671e-05	1.7238879e-07	-3.5675757e-07	1.498357e-07	0.00010014543	-1.6379709e-06	-3.7707684e-07	-1.6137249e-06	9.9851892e-05	-9.9969998e-05	3.220238e-06	0.00029991	0.00029973861	-0.00057176977
0.024	1.024	0	0	0	1.024	0	0	0	1.024	1.0737418	0.00010937816	1.9464375e-07	-3.7541023e-07	1.7241943e-07	0.00010965478	-1.6966242e-06	-3.9673041e-07	-1.6715574e-06	0.00010932945	-0.00010945413	3.8481284e-06	0.00032836239	0.00032818235	-0.00054859381
0.026	1.026	0	0	0	1.026	0	0	0	1.026	1.0800456	0.00011886234	2.1612988e-07	-3.9262768e-07	1.9432882e-07	0.00011918137	-1.7508818e-06	-4.1484172e-07	-1.7249792e-06	0.00011882629	-0.00011895667	4.5329674e-06	0.00035687001	0.00035668237	-0.00052605016
0.028	1.028	0	0	0	1.028	0	0	0	1.028	1.086374	0.0001283625	2.3685521e-07	-4.0862641e-07	2.1555378e-07	0.00012872247	-1.801376e-06	-4.3164357e-07	-1.7746223e-06	0.00012833952	-0.00012847483	5.2748579e-06	0.00038542449	0.00038523014	-0.00050450363
0.03	1.03	0	0	0	1.03	0	0	0	1.03	1.092727	0.00013787644	2.5684099e-07	-4.2358415e-07	2.3610117e-07	0.0001382759	-1.8486149e-06	-4.473284e-07	-1.8209967e-06	0.0001378668	-0.00013800638	6.0738879e-06	0.00041401914	0.0004138188	-0.00048411027
0.032	1.032	0	0	0	1.032	0	0	0	1.032	1.0991048	0.00014740234	2.7611646e-07	-4.3764728e-07	2.5598865e-07	0.0001478399	-1.8930132e-06	-4.6205553e-07	-1.8645192e-06	0.00014740623	-0.00014754949	6.9301331e-06	0.00044264847	0.00044244278	-0.00046491292
0.034	1.034	0	0	0	1.034	0	0	0	1.034	1.1055073	0.00015693873	2.9471529e-07	-4.5093678e-07	2.7524043e-07	0.00015741304	-1.9349131e-06	-4.7595733e-07	-1.905535e-06	0.00015695623	-0.00015710267	7.8436591e-06	0.000471308	0.00047109747	-0.00044689353
0.036	1.036	0	0	0	1.036	0	0	0	1.036	1.1119347	0.00016648438	3.1267325e-07	-4.6355313e-07	2.9388452e-07	0.00016699413	-1.9746006e-06	-4.8914411e-07	-1.9443328e-06	0.00016651549	-0.00016666467	8.814523e-06	0.000499994	0.00049977909	-0.00043000235
0.038	1.038	0	0	0	1.038	0	0	0	1.038	1.1183869	0.00017603822	3.3002667e-07	-4.7558026e-07	3.1195082e-07	0.00017658218	-2.0123171e-06	-5.0170825e-07	-1.9811565e-06	0.00017608293	-0.00017623444	9.8427754e-06	0.00052870333	0.00052848444	-0.00041417446
0.04	1.04	0	0	0	1.04	0	0	0	1.04	1.124864	0.00018559939	3.4681138e-07	-4.8708863e-07	3.2946982e-07	0.00018617636	-2.0482681e-06	-5.1372746e-07	-2.0162139e-06	0.0001856576	-0.00018581112	1.0928461e-05	0.00055743335	0.00055721083	-0.00039933914
0.042	1.042	0	0	0	1.042	0	0	0	1.042	1.1313661	0.00019516712	3.6306207e-07	-4.9813774e-07	3.4647177e-07	0.00019577596	-2.0826297e-06	-5.2526736e-07	-2.0496833e-06	0.00019523872	-0.00019539394	1.2071619e-05	0.00058618181	0.00058595596	-0.00038542511
0.044	1.044	0	0	0	1.044	0	0	0	1.044	1.1378932	0.00020474078	3.7881193e-07	-5.0877814e-07	3.6298614e-07	0.00020538038	-2.1155545e-06	-5.3638368e-07	-2.0817188e-06	0.00020482562	-0.00020498226	1.3272285e-05	0.00061494678	0.00061471788	-0.00037236341
0.046	1.046	0	0	0	1.046	0	0	0	1.046	1.1444453	0.00021431979	3.9409242e-07	-5.1905297e-07	3.7904128e-07	0.0002149891	-2.147175e-06	-5.4712393e-07	-2.1124545e-06	0.00021441771	-0.00021457553	1.453049e-05	0.0006437266	0.00064349488	-0.00036008891
0.048	1.048	0	0	0	1.048	0	0	0	1.048	1.1510226	0.00022390367	4.0893316e-07	-5.2899929e-07	3.9466418e-07	0.00022460168	-2.1776071e-06	-5.575288e-07	-2.1420075e-06	0.00022401448	-0.00022417328	1.5846264e-05	0.00067251983	0.00067228551	-0.00034854096
0.05	1.05	0	0	0	1.05	0	0	0	1.05	1.157625	0.00023349199	4.233619e-07	-5.3864911e-07	4.0988042e-07	0.00023421773	-2.2069529e-06	-5.6763332e-07	-2.1704808e-06	0.00023361549	-0.00023377507	1.7219632e-05	0.00070132521	0.00070108848	-0.00033766357
0.052	1.052	0	0	0	1.052	0	0	0	1.052	1.1642526	0.00024308437	4.3740457e-07	-5.4803016e-07	4.2471411e-07	0.00024383691	-2.2353026e-06	-5.7746774e-07	-2.1979653e-06	0.00024322036	-0.00024338055	1.8650618e-05	0.00073014164	0.00072990266	-0.00032740538
0.054	1.054	0	0	0	1.054	0	0	0	1.054	1.1709055	0.00025268049	4.5108535e-07	-5.5716667e-07	4.3918786e-07	0.00025345892	-2.2627363e-06	-5.8705831e-07	-2.2245419e-06	0.00025282874	-0.00025298938	2.0139243e-05	0.00075896815	0.00075872709	-0.00031771937
0.056	1.056	0	0	0	1.056	0	0	0	1.056	1.1775836	0.00026228004	4.6442673e-07	-5.6607984e-07	4.533229e-07	0.00026308351	-2.2893254e-06	-5.9642788e-07	-2.2502822e-06	0.00026244034	-0.0002626013	2.1685526e-05	0.00078780389	0.00078756087	-0.00030856264
0.058	1.058	0	0	0	1.058	0	0	0	1.058	1.1842871	0.00027188277	4.7744961e-07	-5.7478836e-07	4.6713906e-07	0.00027271044	-2.3151339e-06	-6.0559647e-07	-2.2752506e-06	0.00027205488	-0.00027221603	2.3289486e-05	0.00081664809	0.00081640325	-0.00029989604
0.06	1.06	0	0	0	1.06	0	0	0	1.06	1.191016	0.00028148844	4.901734e-07	-5.8330875e-07	4.8065485e-07	0.00028233951	-2.3402192e-06	-6.1458163e-07	-2.2995047e-06	0.00028167213	-0.00028183336	2.4951139e-05	0.00084550008	0.00084525353	-0.00029168386
0.062	1.062	0	0	0	1.062	0	0	0	1.062	1.1977703	0.00029109684	5.0261615e-07	-5.9165566e-07	4.9388758e-07	0.00029197053	-2.3646331e-06	-6.2339882e-07	-2.3230963e-06	0.00029129188	-0.00029145308	2.6670501e-05	0.00087435925	0.0008741111	-0.00028389352
0.064	1.064	0	0	0	1.064	0	0	0	1.064	1.2045501	0.00030070778	5.1479459e-07	-5.9984218e-07	5.0685338e-07	0.00030160334	-2.3884224e-06	-6.3206173e-07	-2.3460722e-06	0.00030091394	-0.00030107502	2.8447584e-05	0.00090322506	0.0009029754	-0.00027649525
0.066	1.066	0	0	0	1.066	0	0	0	1.066	1.2113555	0.00031032109	5.2672428e-07	-6.0788003e-07	5.195673e-07	0.0003112378	-2.4116296e-06	-6.4058249e-07	-2.3684748e-06	0.00031053813	-0.00031069901	3.0282402e-05	0.00093209703	0.00093184593	-0.00026946187
0.068	1.068	0	0	0	1.068	0	0	0	1.068	1.2181864	0.00031993662	5.3841965e-07	-6.1577973e-07	5.3204337e-07	0.00032087378	-2.4342933e-06	-6.4897192e-07	-2.3903426e-06	0.00032016431	-0.0003203249	3.2174968e-05	0.0009609747	0.00096072226	-0.00026276849
0.07	1.07	0	0	0	1.07	0	0	0	1.07	1.225043	0.00032955422	5.4989414e-07	-6.2355077e-07	5.442947e-07	0.00033051115	-2.4564487e-06	-6.5723966e-07	-2.4117106e-06	0.00032979232	-0.00032995256	3.4125291e-05	0.00098985769	0.00098960397	-0.00025639231
0.072	1.072	0	0	0	1.072	0	0	0	1.072	1.2319252	0.00033917377	5.6116023e-07	-6.3120175e-07	5.5633351e-07	0.00034014981	-2.478128e-06	-6.6539436e-07	-2.4326108e-06	0.00033942205	-0.00033958188	3.6133383e-05	0.0010187456	0.0010184907	-0.00025031242
0.074	1.074	0	0	0	1.074	0	0	0	1.074	1.2388332	0.00034879515	5.7222954e-07	-6.3874046e-07	5.6817122e-07	0.00034978966	-2.4993606e-06	-6.734438e-07	-2.4530724e-06	0.00034905338	-0.00034921273	3.8199254e-05	0.0010476382	0.0010473821	-0.00024450961
0.076	1.076	0	0	0	1.076	0	0	0	1.076	1.245767	0.00035841825	5.831129e-07	-6.46174e-07	5.7981848e-07	0.00035943061	-2.5201738e-06	-6.8139499e-07	-2.4731223e-06	0.0003586862	-0.00035884502	4.0322912e-05	0.0010765351	0.0010762779	-0.00023896622
0.078	1.078	0	0	0	1.078	0	0	0	1.078	1.2527266	0.00036804297	5.9382038e-07	-6.5350887e-07	5.9128527e-07	0.00036907259	-2.5405923e-06	-6.8925426e-07	-2.4927851e-06	0.00036832043	-0.00036847866	4.2504365e-05	0.001105436	0.0011051777	-0.00023366596
0.08	1.08	0	0	0	1.08	0	0	0	1.08	1.259712	0.00037766923	6.0436139e-07	-6.6075102e-07	6.025809e-07	0.00037871552	-2.5606391e-06	-6.9702736e-07	-2.5120834e-06	0.00037795596	-0.00037811357	4.4743623e-05	0.0011343407	0.0011340815	-0.00022859383
0.082	1.082	0	0	0	1.082	0	0	0	1.082	1.2667234	0.00038729693	6.1474471e-07	-6.679059e-07	6.1371411e-07	0.00038835933	-2.5803356e-06	-7.0471952e-07	-2.5310382e-06	0.00038759272	-0.00038774966	4.7040691e-05	0.001163249	0.0011629888	-0.00022373596
0.084	1.084	0	0	0	1.084	0	0	0	1.084	1.2737607	0.00039692601	6.2497855e-07	-6.7497855e-07	6.2469306e-07	0.00039800395	-2.5997013e-06	-7.1233549e-07	-2.5496688e-06	0.00039723064	-0.00039738687	4.9395578e-05	0.0011921606	0.0011918995	-0.00021907952
0.086	1.086	0	0	0	1.086	0	0	0	1.086	1.2808241	0.0004065564	6.3507057e-07	-6.8197362e-07	6.3552542e-07	0.00040764935	-2.6187545e-06	-7.1987963e-07	-2.5679931e-06	0.00040686965	-0.00040702513	5.1808289e-05	0.0012210754	0.0012208134	-0.00021461266
0.088	1.088	0	0	0	1.088	0	0	0	1.088	1.2879135	0.00041618801	6.4502797e-07	-6.888954e-07	6.4621836e-07	0.00041729545	-2.6375121e-06	-7.2735593e-07	-2.5860277e-06	0.00041650968	-0.00041666438	5.4278831e-05	0.0012499931	0.0012497303	-0.00021032434
0.09	1.09	0	0	0	1.09	0	0	0	1.09	1.295029	0.0004258208	6.5485746e-07	-6.9574789e-07	6.5677864e-07	0.00042694222	-2.6559899e-06	-7.3476806e-07	-2.6037881e-06	0.00042615068	-0.00042630457	5.680721e-05	0.0012789137	0.00127865	-0.00020620436
0.092	1.092	0	0	0	1.092	0	0	0	1.092	1.3021707	0.00043545471	6.6456536e-07	-7.025348e-07	6.672126e-07	0.0004365896	-2.6742025e-06	-7.4211938e-07	-2.6212885e-06	0.0004357926	-0.00043594564	5.9393432e-05	0.0013078369	0.0013075725	-0.00020224321
0.094	1.094	0	0	0	1.094	0	0	0	1.094	1.3093386	0.00044508969	6.7415759e-07	-7.0925957e-07	6.7752619e-07	0.00044623757	-2.6921637e-06	-7.4941302e-07	-2.6385424e-06	0.00044543537	-0.00044558754	6.20375e-05	0.0013367626	0.0013364974	-0.00019843205
0.096	1.096	0	0	0	1.096	0	0	0	1.096	1.3165327	0.00045472567	6.8363972e-07	-7.1592544e-07	6.8772502e-07	0.00045588607	-2.7098862e-06	-7.5665186e-07	-2.6555624e-06	0.00045507896	-0.00045523024	6.4739421e-05	0.0013656907	0.0013654248	-0.00019476264
0.098	1.098	0	0	0	1.098	0	0	0	1.098	1.3237532	0.00046436263	6.9301698e-07	-7.2253543e-07	6.9781438e-07	0.00046553508	-2.727382e-06	-7.6383857e-07	-2.67236e-06	0.00046472333	-0.00046487368	6.7499199e-05	0.001394621	0.0013943544	-0.0001912273
0.1	1.1	0	0	0	1.1	0	0	0	1.1	1.331	0.00047400051	7.022943e-07	-7.2909235e-07	7.0779925e-07	0.00047518456	-2.7446624e-06	-7.7097564e-07	-2.6889461e-06	0.00047436842	-0.00047451783	7.0316839e-05	0.0014235535	0.0014232862	-0.00018781884
0.102	1.102	0	0	0	1.102	0	0	0	1.102	1.3382732	0.00048363927	7.1147633e-07	-7.3559888e-07	7.1768432e-07	0.00048483448	-2.761738e-06	-7.7806539e-07	-2.7053312e-06	0.00048401422	-0.00048416266	7.3192344e-05	0.001452488	0.00145222	-0.00018453056
0.104	1.104	0	0	0	1.104	0	0	0	1.104	1.3455729	0.00049327888	7.2056745e-07	-7.420575e-07	7.2747403e-07	0.00049448482	-2.7786187e-06	-7.8510997e-07	-2.7215248e-06	0.00049366067	-0.00049380812	7.6125719e-05	0.0014814244	0.0014811558	-0.00018135619
0.106	1.106	0	0	0	1.106	0	0	0	1.106	1.352899	0.0005029193	7.2957179e-07	-7.4847056e-07	7.3717258e-07	0.00050413554	-2.7953137e-06	-7.9211141e-07	-2.7375359e-06	0.00050330774	-0.00050345419	7.9116967e-05	0.0015103626	0.0015100934	-0.00017828984
0.108	1.108	0	0	0	1.108	0	0	0	1.108	1.3602517	0.0005125605	7.3849327e-07	-7.5484028e-07	7.4678394e-07	0.00051378662	-2.811832e-06	-7.990716e-07	-2.7533731e-06	0.00051295542	-0.00051310084	8.2166092e-05	0.0015393025	0.0015390327	-0.00017532601
0.11	1.11	0	0	0	1.11	0	0	0	1.11	1.367631	0.00052220244	7.4733559e-07	-7.6116876e-07	7.5631186e-07	0.00052343804	-2.8281817e-06	-8.0599233e-07	-2.7690444e-06	0.00052260366	-0.00052274804	8.5273098e-05	0.0015682441	0.0015679737	-0.00017245951
0.112	1.112	0	0	0	1.112	0	0	0	1.112	1.3750369	0.00053184509	7.5610226e-07	-7.6745798e-07	7.657599e-07	0.00053308977	-2.8443709e-06	-8.1287527e-07	-2.7845574e-06	0.00053225243	-0.00053239576	8.8437987e-05	0.0015971873	0.0015969163	-0.00016968549
0.114	1.114	0	0	0	1.114	0	0	0	1.114	1.3824695	0.00054148843	7.6479659e-07	-7.7370981e-07	7.7513144e-07	0.0005427418	-2.8604068e-06	-8.19722e-07	-2.7999193e-06	0.00054190173	-0.00054204398	9.1660763e-05	0.001626132	0.0016258604	-0.00016699938
0.116	1.116	0	0	0	1.116	0	0	0	1.116	1.3899289	0.00055113243	7.7342175e-07	-7.7992605e-07	7.8442968e-07	0.0005523941	-2.8762964e-06	-8.2653403e-07	-2.8151369e-06	0.00055155151	-0.00055169268	9.4941429e-05	0.001655078	0.001654806	-0.00016439689
0.118	1.118	0	0	0	1.118	0	0	0	1.118	1.397415	0.00056077706	7.8198072e-07	-7.8610837e-07	7.9365768e-07	0.00056204666	-2.8920466e-06	-8.3331275e-07	-2.8302165e-06	0.00056120175	-0.00056134182	9.8279987e-05	0.0016840255	0.0016837529	-0.00016187395
0.12	1.12	0	0	0	1.12	0	0	0	1.12	1.404928	0.00057042229	7.9047637e-07	-7.922584e-07	8.0281833e-07	0.00057169946	-2.9076635e-06	-8.4005951e-07	-2.8451643e-06	0.00057085245	-0.0005709914	0.00010167644	0.0017129742	0.0017127011	-0.00015942676
0.122	1.122	0	0	0	1.122	0	0	0	1.122	1.4124678	0.00058006812	7.9891139e-07	-7.9837766e-07	8.1191438e-07	0.00058135248	-2.9231532e-06	-8.4677559e-07	-2.8599861e-06	0.00058050356	-0.00058064139	0.00010513079	0.0017419242	0.0017416506	-0.00015705171
0.124	1.124	0	0	0	1.124	0	0	0	1.124	1.4200346	0.00058971451	8.0728838e-07	-8.0446761e-07	8.2094846e-07	0.00059100571	-2.9385214e-06	-8.5346221e-07	-2.8746873e-06	0.00059015508	-0.00059029177	0.00010864304	0.0017708753	0.0017706013	-0.00015474541
0.126	1.126	0	0	0	1.126	0	0	0	1.126	1.4276284	0.00059936144	8.1560981e-07	-8.1052966e-07	8.2992309e-07	0.00060065914	-2.9537735e-06	-8.6012051e-07	-2.8892733e-06	0.00059980699	-0.00059994252	0.0001122132	0.0017998276	0.0017995531	-0.00015250463
0.128	1.128	0	0	0	1.128	0	0	0	1.128	1.4352492	0.00060900889	8.2387802e-07	-8.1656513e-07	8.3884065e-07	0.00061031274	-2.9689147e-06	-8.6675161e-07	-2.9037489e-06	0.00060945926	-0.00060959363	0.00011584126	0.0018287809	0.001828506	-0.00015032635
0.13	1.13	0	0	0	1.13	0	0	0	1.13	1.442897	0.00061865685	8.3209528e-07	-8.225753e-07	8.4770343e-07	0.00061996651	-2.98395e-06	-8.7335655e-07	-2.918119e-06	0.00061911189	-0.00061924508	0.00011952722	0.0018577353	0.00185746	-0.0001482077
0.132	1.132	0	0	0	1.132	0	0	0	1.132	1.450572	0.00062830529	8.4026374e-07	-8.285614e-07	8.5651362e-07	0.00062962044	-2.998884e-06	-8.7993637e-07	-2.932388e-06	0.00062876486	-0.00062889686	0.0001232711	0.0018866906	0.0018864149	-0.00014614594
0.134	1.134	0	0	0	1.134	0	0	0	1.134	1.4582741	0.0006379542	8.4838546e-07	-8.3452459e-07	8.6527331e-07	0.00063927451	-3.0137213e-06	-8.8649202e-07	-2.9465604e-06	0.00063841815	-0.00063854895	0.00012707288	0.0019156469	0.0019153708	-0.0001441385
0.136	1.136	0	0	0	1.136	0	0	0	1.136	1.4660035	0.00064760357	8.5646242e-07	-8.40466e-07	8.7398451e-07	0.0006489287	-3.0284662e-06	-8.9302444e-07	-2.9606402e-06	0.00064807174	-0.00064820134	0.00013093258	0.001944604	0.0019443276	-0.00014218293
0.138	1.138	0	0	0	1.138	0	0	0	1.138	1.4737601	0.00065725337	8.6449654e-07	-8.4638672e-07	8.8264914e-07	0.00065858302	-3.0431228e-06	-8.9953455e-07	-2.9746315e-06	0.00065772563	-0.00065785401	0.00013485019	0.001973562	0.0019732852	-0.00014027691
0.14	1.14	0	0	0	1.14	0	0	0	1.14	1.481544	0.00066690359	8.7248962e-07	-8.5228777e-07	8.9126906e-07	0.00066823745	-3.0576951e-06	-9.060232e-07	-2.988538e-06	0.0006673798	-0.00066750694	0.00013882572	0.0020025208	0.0020022437	-0.00013841825
0.142	1.142	0	0	0	1.142	0	0	0	1.142	1.4893553	0.00067655422	8.8044345e-07	-8.5817016e-07	8.9984603e-07	0.00067789198	-3.0721869e-06	-9.1249124e-07	-3.0023634e-06	0.00067703423	-0.00067716014	0.00014285917	0.0020314804	0.002031203	-0.00013660483
0.144	1.144	0	0	0	1.144	0	0	0	1.144	1.497194	0.00068620524	8.8835971e-07	-8.6403486e-07	9.0838178e-07	0.0006875466	-3.0866019e-06	-9.1893949e-07	-3.0161113e-06	0.00068668892	-0.00068681359	0.00014695053	0.0020604408	0.002060163	-0.00013483467
0.146	1.146	0	0	0	1.146	0	0	0	1.146	1.5050601	0.00069585664	8.9624004e-07	-8.6988279e-07	9.1687794e-07	0.0006972013	-3.1009435e-06	-9.2536872e-07	-3.0297849e-06	0.00069634386	-0.00069646727	0.00015109982	0.0020894018	0.0020891237	-0.00013310587
0.148	1.148	0	0	0	1.148	0	0	0	1.148	1.5129538	0.00070550841	9.0408601e-07	-8.7571486e-07	9.2533611e-07	0.00070685607	-3.1152151e-06	-9.3177971e-07	-3.0433877e-06	0.00070599903	-0.00070612117	0.00015530703	0.0021183635	0.0021180852	-0.00013141664
0.15	1.15	0	0	0	1.15	0	0	0	1.15	1.520875	0.00071516053	9.1189916e-07	-8.8153192e-07	9.3375782e-07	0.0007165109	-3.1294201e-06	-9.381732e-07	-3.0569226e-06	0.00071565443	-0.00071577529	0.00015957216	0.0021473259	0.0021470473	-0.00012976523
0.152	1.152	0	0	0	1.152	0	0	0	1.152	1.5288238	0.000724813	9.1968097e-07	-8.8733483e-07	9.4214456e-07	0.0007261658	-3.1435615e-06	-9.4454992e-07	-3.0703928e-06	0.00072531003	-0.00072542961	0.00016389522	0.0021762888	0.00217601	-0.00012815002
0.154	1.154	0	0	0	1.154	0	0	0	1.154	1.5368003	0.00073446579	9.2743287e-07	-8.9312438e-07	9.5049775e-07	0.00073582074	-3.1576424e-06	-9.5091057e-07	-3.0838011e-06	0.00073496584	-0.00073508412	0.0001682762	0.0022052524	0.0022049733	-0.00012656943
0.156	1.156	0	0	0	1.156	0	0	0	1.156	1.5448044	0.00074411891	9.3515624e-07	-8.9890138e-07	9.5881879e-07	0.00074547572	-3.1716657e-06	-9.5725585e-07	-3.0971504e-06	0.00074462185	-0.00074473882	0.00017271511	0.0022342165	0.0022339372	-0.00012502198
0.158	1.158	0	0	0	1.158	0	0	0	1.158	1.5528363	0.00075377233	9.4285245e-07	-9.0466658e-07	9.6710904e-07	0.00075513073	-3.1856342e-06	-9.6358642e-07	-3.1104434e-06	0.00075427803	-0.0007543937	0.00017721195	0.0022631811	0.0022629016	-0.00012350622
0.16	1.16	0	0	0	1.16	0	0	0	1.16	1.560896	0.00076342606	9.505228e-07	-9.1042072e-07	9.7536978e-07	0.00076478577	-3.1995507e-06	-9.6990294e-07	-3.1236828e-06	0.0007639344	-0.00076404874	0.00018176671	0.0022921462	0.0022918666	-0.0001220208
0.162	1.162	0	0	0	1.162	0	0	0	1.162	1.5689835	0.00077308007	9.5816858e-07	-9.1616454e-07	9.8360231e-07	0.00077444083	-3.2134179e-06	-9.7620607e-07	-3.1368712e-06	0.00077359093	-0.00077370394	0.00018637941	0.0023211118	0.002320832	-0.00012056441
0.164	1.164	0	0	0	1.164	0	0	0	1.164	1.5770989	0.00078273436	9.6579103e-07	-9.2189872e-07	9.9180785e-07	0.00078409591	-3.2272383e-06	-9.8249644e-07	-3.150011e-06	0.00078324762	-0.00078335929	0.00019105004	0.0023500779	0.0023497979	-0.00011913578
0.166	1.166	0	0	0	1.166	0	0	0	1.166	1.5852423	0.00079238892	9.7339137e-07	-9.2762395e-07	9.9998762e-07	0.00079375099	-3.2410144e-06	-9.8877468e-07	-3.1631046e-06	0.00079290445	-0.00079301479	0.0001957786	0.0023790444	0.0023787643	-0.00011773372
0.168	1.168	0	0	0	1.168	0	0	0	1.168	1.5934136	0.00080204373	9.809708e-07	-9.3334091e-07	1.0081428e-06	0.00080340607	-3.2547487e-06	-9.9504139e-07	-3.1761545e-06	0.00080256144	-0.00080267041	0.0002005651	0.0024080112	0.0024077311	-0.00011635707
0.17	1.17	0	0	0	1.17	0	0	0	1.17	1.601613	0.0008116988	9.8853048e-07	-9.3905023e-07	1.0162745e-06	0.00081306114	-3.2684436e-06	-1.0012972e-06	-3.1891629e-06	0.00081221856	-0.00081232617	0.00020540953	0.0024369785	0.0024366983	-0.00011500474
0.172	1.172	0	0	0	1.172	0	0	0	1.172	1.6098404	0.00082135411	9.9607156e-07	-9.4475255e-07	1.0243839e-06	0.00082271621	-3.2821012e-06	-1.0075427e-06	-3.2021321e-06	0.0008218758	-0.00082198204	0.00021031189	0.0024659461	0.0024656658	-0.00011367564
0.174	1.174	0	0	0	1.174	0	0	0	1.174	1.618096	0.00083100966	1.0035952e-06	-9.504485e-07	1.0324721e-06	0.00083237125	-3.295724e-06	-1.0137784e-06	-3.2150642e-06	0.00083153317	-0.00083163803	0.00021527219	0.0024949141	0.0024946338	-0.00011236877
0.176	1.176	0	0	0	1.176	0	0	0	1.176	1.6263798	0.00084066543	1.0111024e-06	-9.5613869e-07	1.0405401e-06	0.00084202627	-3.3093141e-06	-1.020005e-06	-3.2279615e-06	0.00084119065	-0.00084129412	0.00022029043	0.0025238823	0.002523602	-0.00011108313
0.178	1.178	0	0	0	1.178	0	0	0	1.178	1.6346918	0.00085032142	1.0185943e-06	-9.618237e-07	1.0485891e-06	0.00085168126	-3.3228737e-06	-1.026223e-06	-3.240826e-06	0.00085084823	-0.00085095031	0.0002253666	0.0025528509	0.0025525706	-0.00010981778
0.18	1.18	0	0	0	1.18	0	0	0	1.18	1.643032	0.00085997761	1.026072e-06	-9.6750412e-07	1.05662e-06	0.00086133622	-3.3364048e-06	-1.0324331e-06	-3.2536598e-06	0.00086050592	-0.00086060659	0.00023050071	0.0025818198	0.0025815395	-0.0001085718
0.182	1.182	0	0	0	1.182	0	0	0	1.182	1.6514006	0.00086963401	1.0335365e-06	-9.7318054e-07	1.0646339e-06	0.00087099114	-3.3499095e-06	-1.0386357e-06	-3.2664648e-06	0.0008701637	-0.00087026295	0.00023569276	0.0026107889	0.0026105086	-0.00010734431
0.184	1.184	0	0	0	1.184	0	0	0	1.184	1.6597975	0.00087929061	1.0409889e-06	-9.788535e-07	1.0726319e-06	0.00088064601	-3.3633899e-06	-1.0448314e-06	-3.2792431e-06	0.00087982157	-0.00087991939	0.00024094275	0.0026397582	0.002639478	-0.00010613445
0.186	1.186	0	0	0	1.186	0	0	0	1.186	1.6682229	0.00088894739	1.0484302e-06	-9.8452357e-07	1.0806148e-06	0.00089030083	-3.3768478e-06	-1.0510208e-06	-3.2919966e-06	0.00088947951	-0.00088957591	0.00024625067	0.0026687277	0.0026684477	-0.0001049414
0.188	1.188	0	0	0	1.188	0	0	0	1.188	1.6766767	0.00089860434	1.0558614e-06	-9.9019129e-07	1.0885837e-06	0.00089995559	-3.3902854e-06	-1.0572045e-06	-3.3047273e-06	0.00089913754	-0.00089923249	0.00025161654	0.0026976975	0.0026974176	-0.00010376436
0.19	1.19	0	0	0	1.19	0	0	0	1.19	1.685159	0.00090826148	1.0632836e-06	-9.9585721e-07	1.0965396e-06	0.00090961029	-3.4037044e-06	-1.063383e-06	-3.3174369e-06	0.00090879563	-0.00090888913	0.00025704034	0.0027266674	0.0027263877	-0.00010260255
0.192	1.192	0	0	0	1.192	0	0	0	1.192	1.6936699	0.00091791877	1.0706977e-06	-1.0015219e-06	1.1044834e-06	0.00091926493	-3.4171068e-06	-1.0695568e-06	-3.3301275e-06	0.00091845378	-0.00091854583	0.00026252209	0.0027556375	0.0027553579	-0.00010145522
0.194	1.194	0	0	0	1.194	0	0	0	1.194	1.7022094	0.00092757623	1.0781047e-06	-1.0071858e-06	1.1124161e-06	0.00092891949	-3.4304945e-06	-1.0757265e-06	-3.3428007e-06	0.00092811199	-0.00092820257	0.00026806177	0.0027846077	0.0027843284	-0.00010032164
0.196	1.196	0	0	0	1.196	0	0	0	1.196	1.7107775	0.00093723383	1.0855057e-06	-1.0128494e-06	1.1203387e-06	0.00093857397	-3.4438693e-06	-1.0818928e-06	-3.3554585e-06	0.00093777025	-0.00093785935	0.0002736594	0.002813578	0.002813299	-9.9201097e-05
0.198	1.198	0	0	0	1.198	0	0	0	1.198	1.7193744	0.00094689158	1.0929015e-06	-1.0185134e-06	1.1282521e-06	0.00094822837	-3.4572329e-06	-1.088056e-06	-3.3681027e-06	0.00094742855	-0.00094751617	0.00027931497	0.0028425485	0.0028422697	-9.8092897e-05
0.2	1.2	0	0	0	1.2	0	0	0	1.2	1.728	0.00095654947	1.1002933e-06	-1.0241782e-06	1.1361572e-06	0.00095788269	-3.4705873e-06	-1.0942167e-06	-3.3807349e-06	0.00095708689	-0.00095717302	0.00028502848	0.002871519	0.0028712405	-9.6996363e-05
0.202	1.202	0	0	0	1.202	0	0	0	1.202	1.7366544	0.00096620749	1.107682e-06	-1.0298443e-06	1.1440551e-06	0.00096753691	-3.4839342e-06	-1.1003756e-06	-3.3933571e-06	0.00096674526	-0.00096682989	0.00029079993	0.0029004897	0.0029002115	-9.5910833e-05
0.204	1.204	0	0	0	1.204	0	0	0	1.204	1.7453377	0.00097586563	1.1150686e-06	-1.0355122e-06	1.1519466e-06	0.00097719103	-3.4972754e-06	-1.1065332e-06	-3.4059709e-06	0.00097640366	-0.00097648678	0.00029662932	0.0029294603	0.0029291825	-9.4835662e-05
0.206	1.206	0	0	0	1.206	0	0	0	1.206	1.7540498	0.0009855239	1.122454e-06	-1.0411825e-06	1.1598326e-06	0.00098684506	-3.5106127e-06	-1.11269e-06	-3.4185782e-06	0.00098606208	-0.00098614368	0.00030251666	0.002958431	0.0029581536	-9.3770214e-05
0.208	1.208	0	0	0	1.208	0	0	0	1.208	1.7627909	0.00099518227	1.1298393e-06	-1.0468556e-06	1.1677142e-06	0.00099649897	-3.5239478e-06	-1.1188465e-06	-3.4311806e-06	0.00099572052	-0.00099580059	0.00030846194	0.0029874018	0.0029871248	-9.2713868e-05
0.21	1.21	0	0	0	1.21	0	0	0	1.21	1.771561	0.0010048407	1.1372254e-06	-1.0525321e-06	1.1755923e-06	0.0010061528	-3.5372824e-06	-1.1250034e-06	-3.44378e-06	0.001005379	-0.0010054575	0.00031446516	0.0030163725	0.003016096	-9.1666011e-05
0.212	1.212	0	0	0	1.212	0	0	0	1.212	1.7803601	0.0010144993	1.1446135e-06	-1.0582124e-06	1.1834678e-06	0.0010158064	-3.5506184e-06	-1.1311612e-06	-3.456378e-06	0.0010150374	-0.0010151144	0.00032052632	0.0030453432	0.0030450672	-9.0626039e-05
0.214	1.214	0	0	0	1.214	0	0	0	1.214	1.7891883	0.001024158	1.1520043e-06	-1.0638971e-06	1.1913416e-06	0.00102546	-3.5639575e-06	-1.1373204e-06	-3.4689764e-06	0.0010246959	-0.0010247713	0.00032664543	0.0030743139	0.0030740384	-8.9593359e-05
0.216	1.216	0	0	0	1.216	0	0	0	1.216	1.7980457	0.0010338168	1.1593991e-06	-1.0695867e-06	1.1992149e-06	0.0010351134	-3.5773013e-06	-1.1434817e-06	-3.481577e-06	0.0010343543	-0.0010344282	0.00033282248	0.0031032845	0.0031030097	-8.8567383e-05
0.218	1.218	0	0	0	1.218	0	0	0	1.218	1.8069322	0.0010434756	1.1667987e-06	-1.0752816e-06	1.2070884e-06	0.0010447667	-3.5906518e-06	-1.1496456e-06	-3.4941814e-06	0.0010440127	-0.001044085	0.00033905747	0.003132255	0.0031319808	-8.7547529e-05
0.22	1.22	0	0	0	1.22	0	0	0	1.22	1.815848	0.0010531345	1.1742043e-06	-1.0809825e-06	1.2149632e-06	0.0010544199	-3.6040106e-06	-1.1558127e-06	-3.5067915e-06	0.0010536711	-0.0010537418	0.0003453504	0.0031612255	0.003160952	-8.6533218e-05
0.222	1.222	0	0	0	1.222	0	0	0	1.222	1.824793	0.0010627935	1.1816168e-06	-1.0866897e-06	1.2228404e-06	0.0010640729	-3.6173795e-06	-1.1619836e-06	-3.519409e-06	0.0010633295	-0.0010633986	0.00035170128	0.0031901959	0.003189923	-8.5523878e-05
0.224	1.224	0	0	0	1.224	0	0	0	1.224	1.8337674	0.0010724525	1.1890374e-06	-1.0924039e-06	1.2307208e-06	0.0010737257	-3.6307603e-06	-1.1681588e-06	-3.5320357e-06	0.0010729879	-0.0010730554	0.00035811009	0.0032191661	0.003218894	-8.4518937e-05
0.226	1.226	0	0	0	1.226	0	0	0	1.226	1.8427712	0.0010821116	1.196467e-06	-1.0981256e-06	1.2386054e-06	0.0010833784	-3.6441548e-06	-1.1743389e-06	-3.5446733e-06	0.0010826462	-0.0010827121	0.00036457685	0.0032481362	0.0032478649	-8.3517824e-05
0.228	1.228	0	0	0	1.228	0	0	0	1.228	1.8518044	0.0010917707	1.2039068e-06	-1.1038553e-06	1.2464955e-06	0.0010930309	-3.6575648e-06	-1.1805246e-06	-3.5573238e-06	0.0010923044	-0.0010923687	0.00037110155	0.0032771061	0.0032768357	-8.251997e-05
0.23	1.23	0	0	0	1.23	0	0	0	1.23	1.860867	0.0011014299	1.2113579e-06	-1.1095936e-06	1.2543918e-06	0.0011026833	-3.6709921e-06	-1.1867165e-06	-3.5699888e-06	0.0011019627	-0.0011020253	0.00037768419	0.0033060759	0.0033058064	-8.1524804e-05
0.232	1.232	0	0	0	1.232	0	0	0	1.232	1.8699592	0.0011110891	1.2188214e-06	-1.1153409e-06	1.2622956e-06	0.0011123355	-3.6844385e-06	-1.1929151e-06	-3.5826702e-06	0.0011116208	-0.0011116818	0.00038432478	0.0033350454	0.0033347769	-8.0531751e-05
0.234	1.234	0	0	0	1.234	0	0	0	1.234	1.8790809	0.0011207484	1.2262984e-06	-1.1210979e-06	1.2702079e-06	0.0011219875	-3.6979061e-06	-1.1991212e-06	-3.5953699e-06	0.0011212789	-0.0011213382	0.0003910233	0.0033640147	0.0033637472	-7.9540236e-05
0.236	1.236	0	0	0	1.236	0	0	0	1.236	1.8882323	0.0011304076	1.2337901e-06	-1.1268651e-06	1.2781298e-06	0.0011316393	-3.7113965e-06	-1.2053352e-06	-3.6080898e-06	0.0011309369	-0.0011309946	0.00039777977	0.0033929838	0.0033927173	-7.8549677e-05
0.238	1.238	0	0	0	1.238	0	0	0	1.238	1.8974133	0.0011400669	1.2412976e-06	-1.1326431e-06	1.2860623e-06	0.0011412909	-3.7249119e-06	-1.2115579e-06	-3.6208318e-06	0.0011405949	-0.0011406509	0.00040459417	0.0034219527	0.0034216873	-7.7559486e-05
0.24	1.24	0	0	0	1.24	0	0	0	1.24	1.906624	0.0011497262	1.2488222e-06	-1.1384326e-06	1.2940067e-06	0.0011509423	-3.738454e-06	-1.2177899e-06	-3.6335977e-06	0.0011502528	-0.0011503071	0.00041146652	0.0034509212	0.003450657	-7.6569069e-05
0.242	1.242	0	0	0	1.242	0	0	0	1.242	1.9158645	0.0011593855	1.256365e-06	-1.144234e-06	1.3019641e-06	0.0011605935	-3.752025e-06	-1.2240319e-06	-3.6463897e-06	0.0011599106	-0.0011599632	0.0004183968	0.0034798895	0.0034796265	-7.5577823e-05
0.244	1.244	0	0	0	1.244	0	0	0	1.244	1.9251348	0.0011690447	1.2639274e-06	-1.150048e-06	1.3099357e-06	0.0011702445	-3.7656269e-06	-1.2302845e-06	-3.6592097e-06	0.0011695682	-0.0011696191	0.00042538502	0.0035088574	0.0035085957	-7.4585136e-05
0.246	1.246	0	0	0	1.246	0	0	0	1.246	1.9344349	0.001178704	1.2715105e-06	-1.1558753e-06	1.3179227e-06	0.0011798952	-3.7792617e-06	-1.2365484e-06	-3.6720597e-06	0.0011792258	-0.001179275	0.00043243118	0.003537825	0.0035375647	-7.3590382e-05
0.248	1.248	0	0	0	1.248	0	0	0	1.248	1.943765	0.0011883632	1.2791158e-06	-1.1617165e-06	1.3259264e-06	0.0011895457	-3.7929315e-06	-1.2428243e-06	-3.6849418e-06	0.0011888833	-0.0011889307	0.00043953528	0.0035667922	0.0035665333	-7.2592925e-05
0.25	1.25	0	0	0	1.25	0	0	0	1.25	1.953125	0.0011980224	1.2867445e-06	-1.1675723e-06	1.333948e-06	0.001199196	-3.8066386e-06	-1.249113e-06	-3.6978582e-06	0.0011985406	-0.0011985863	0.00044669732	0.003595759	0.0035955016	-7.1592113e-05
0.252	1.252	0	0	0	1.252	0	0	0	1.252	1.962515	0.0012076816	1.294398e-06	-1.1734432e-06	1.3419888e-06	0.001208846	-3.8203851e-06	-1.255415e-06	-3.710811e-06	0.0012081979	-0.0012082418	0.00045391729	0.0036247254	0.0036244696	-7.0587279e-05
0.254	1.254	0	0	0	1.254	0	0	0	1.254	1.9719351	0.0012173407	1.3020777e-06	-1.1793301e-06	1.3500502e-06	0.0012184958	-3.8341733e-06	-1.2617311e-06	-3.7238025e-06	0.0012178549	-0.0012178971	0.00046119519	0.0036536914	0.0036534372	-6.9577737e-05
0.256	1.256	0	0	0	1.256	0	0	0	1.256	1.9813852	0.0012269997	1.3097851e-06	-1.1852337e-06	1.3581336e-06	0.0012281453	-3.8480056e-06	-1.2680621e-06	-3.7368349e-06	0.0012275119	-0.0012275523	0.00046853104	0.0036826569	0.0036824044	-6.8562782e-05
0.258	1.258	0	0	0	1.258	0	0	0	1.258	1.9908655	0.0012366587	1.3175217e-06	-1.1911546e-06	1.3662404e-06	0.0012377945	-3.8618843e-06	-1.2744088e-06	-3.7499105e-06	0.0012371687	-0.0012372073	0.00047592481	0.0037116219	0.0037113712	-6.7541688e-05
0.26	1.26	0	0	0	1.26	0	0	0	1.26	2.000376	0.0012463176	1.325289e-06	-1.1970937e-06	1.374372e-06	0.0012474434	-3.8758119e-06	-1.2807718e-06	-3.7630318e-06	0.0012468253	-0.0012468621	0.00048337652	0.0037405863	0.0037403376	-6.6513704e-05
0.262	1.262	0	0	0	1.262	0	0	0	1.262	2.0099167	0.0012559764	1.3330885e-06	-1.2030518e-06	1.38253e-06	0.0012570921	-3.889791e-06	-1.287152e-06	-3.7762012e-06	0.0012564818	-0.0012565168	0.00049088616	0.0037695503	0.0037693034	-6.5478056e-05
0.264	1.264	0	0	0	1.264	0	0	0	1.264	2.0194877	0.0012656352	1.3409219e-06	-1.2090296e-06	1.390716e-06	0.0012667404	-3.9038242e-06	-1.2935501e-06	-3.7894212e-06	0.001266138	-0.0012661712	0.00049845373	0.0037985136	0.0037982689	-6.4433938e-05
0.266	1.266	0	0	0	1.266	0	0	0	1.266	2.0290891	0.0012752938	1.3487909e-06	-1.215028e-06	1.3989315e-06	0.0012763884	-3.9179141e-06	-1.2999671e-06	-3.8026945e-06	0.0012757941	-0.0012758254	0.00050607924	0.0038274763	0.0038272337	-6.3380516e-05
0.268	1.268	0	0	0	1.268	0	0	0	1.268	2.0387208	0.0012849523	1.3566972e-06	-1.2210479e-06	1.4071782e-06	0.0012860361	-3.9320636e-06	-1.3064036e-06	-3.8160237e-06	0.00128545	-0.0012854795	0.00051376267	0.0038564384	0.0038561981	-6.2316922e-05
0.27	1.27	0	0	0	1.27	0	0	0	1.27	2.048383	0.0012946107	1.3646425e-06	-1.2270901e-06	1.4154579e-06	0.0012956834	-3.9462755e-06	-1.3128606e-06	-3.8294116e-06	0.0012951057	-0.0012951333	0.00052150403	0.0038853998	0.0038851618	-6.1242253e-05
0.272	1.272	0	0	0	1.272	0	0	0	1.272	2.0580756	0.0013042689	1.3726288e-06	-1.2331557e-06	1.4237723e-06	0.0013053304	-3.9605529e-06	-1.319339e-06	-3.8428611e-06	0.0013047611	-0.0013047868	0.00052930332	0.0039143605	0.003914125	-6.0155566e-05
0.274	1.274	0	0	0	1.274	0	0	0	1.274	2.0677988	0.001313927	1.380658e-06	-1.2392455e-06	1.4321233e-06	0.001314977	-3.9748988e-06	-1.3258396e-06	-3.856375e-06	0.0013144163	-0.0013144401	0.00053716053	0.0039433204	0.0039430875	-5.9055876e-05
0.276	1.276	0	0	0	1.276	0	0	0	1.276	2.0775526	0.001323585	1.3887319e-06	-1.2453606e-06	1.4405127e-06	0.0013246233	-3.9893164e-06	-1.3323634e-06	-3.8699565e-06	0.0013240713	-0.0013240932	0.00054507567	0.0039722795	0.0039720494	-5.7942151e-05
0.278	1.278	0	0	0	1.278	0	0	0	1.278	2.087337	0.0013332427	1.3968527e-06	-1.251502e-06	1.4489427e-06	0.0013342691	-4.003809e-06	-1.3389112e-06	-3.8836087e-06	0.001333726	-0.0013337459	0.00055304873	0.0040012378	0.0040010105	-5.681331e-05
0.28	1.28	0	0	0	1.28	0	0	0	1.28	2.097152	0.0013429003	1.4050225e-06	-1.2576707e-06	1.4574152e-06	0.0013439145	-4.0183802e-06	-1.3454841e-06	-3.8973348e-06	0.0013433804	-0.0013433984	0.00056107971	0.0040301952	0.0040299709	-5.5668219e-05
0.282	1.282	0	0	0	1.282	0	0	0	1.282	2.1069978	0.0013525576	1.4132435e-06	-1.263868e-06	1.4659325e-06	0.0013535596	-4.0330334e-06	-1.352083e-06	-3.9111383e-06	0.0013530346	-0.0013530506	0.00056916861	0.0040591518	0.0040589305	-5.4505684e-05
0.284	1.284	0	0	0	1.284	0	0	0	1.284	2.1168743	0.0013622148	1.421518e-06	-1.270095e-06	1.4744966e-06	0.0013632041	-4.0477724e-06	-1.358709e-06	-3.9250227e-06	0.0013626884	-0.0013627024	0.00057731543	0.0040881073	0.0040878893	-5.332445e-05
0.286	1.286	0	0	0	1.286	0	0	0	1.286	2.1267817	0.0013718717	1.4298484e-06	-1.2763528e-06	1.4831101e-06	0.0013728482	-4.0626011e-06	-1.365363e-06	-3.9389916e-06	0.0013723419	-0.001372354	0.00058552017	0.0041170619	0.0041168473	-5.2123191e-05
0.288	1.288	0	0	0	1.288	0	0	0	1.288	2.1367199	0.0013815284	1.4382372e-06	-1.2826428e-06	1.4917753e-06	0.0013824918	-4.0775235e-06	-1.3720463e-06	-3.9530489e-06	0.0013819951	-0.0013820051	0.00059378282	0.0041460153	0.0041458043	-5.0900508e-05
0.29	1.29	0	0	0	1.29	0	0	0	1.29	2.146689	0.0013911848	1.4466869e-06	-1.2889663e-06	1.5004947e-06	0.001392135	-4.0925439e-06	-1.3787598e-06	-3.9671985e-06	0.0013916479	-0.0013916559	0.00060210339	0.0041749677	0.0041747604	-4.9654923e-05
0.292	1.292	0	0	0	1.292	0	0	0	1.292	2.1566891	0.0014008409	1.4552003e-06	-1.2953246e-06	1.509271e-06	0.0014017776	-4.1076667e-06	-1.3855047e-06	-3.9814445e-06	0.0014013004	-0.0014013063	0.00061048186	0.0042039189	0.0042037155	-4.8384867e-05
0.294	1.294	0	0	0	1.294	0	0	0	1.294	2.1667202	0.0014104967	1.4637801e-06	-1.3017192e-06	1.5181069e-06	0.0014114197	-4.1228964e-06	-1.3922822e-06	-3.9957912e-06	0.0014109525	-0.0014109563	0.00061891825	0.0042328688	0.0042326695	-4.708868e-05
0.296	1.296	0	0	0	1.296	0	0	0	1.296	2.1767823	0.0014201522	1.4724294e-06	-1.3081516e-06	1.5270053e-06	0.0014210612	-4.1382379e-06	-1.3990935e-06	-4.0102431e-06	0.0014206041	-0.0014206058	0.00062741254	0.0042618175	0.0042616225	-4.5764596e-05
0.298	1.298	0	0	0	1.298	0	0	0	1.298	2.1868756	0.0014298073	1.481151e-06	-1.3146233e-06	1.5359693e-06	0.0014307021	-4.1536963e-06	-1.4059399e-06	-4.024805e-06	0.0014302554	-0.0014302549	0.00063596474	0.0042907648	0.0042905743	-4.4410739e-05
0.3	1.3	0	0	0	1.3	0	0	0	1.3	2.197	0.0014394621	1.4899484e-06	-1.3211359e-06	1.545002e-06	0.0014403424	-4.1692767e-06	-1.4128226e-06	-4.0394817e-06	0.0014399062	-0.0014399036	0.00064457484	inf	inf	inf
