lambda	F11	F12	F13	F21	F22	F23	F31	F32	F33	J	P11	P12	P13	P21	P22	P23	P31	P32	P33	p	StrEn	t(1)	t(2)	d
0	1	0	0	0	1	0	0	0	1	1	0	0	0	0	0	0	0	0	0	-0	0	inf	inf	inf
-0.002	0.998	0	0	0	0.999	0	0	0	1.0021246	0.99912019	-7.6631547e-06	7.872123e-08	-2.6930312e-08	7.9046032e-08	-5.8268561e-06	5.3291982e-08	-4.78746e-08	-1.1909509e-08	-1.5002608e-09	4.4971704e-06	1.0906296e-08	-1.0575002e-05	-9.4205472e-06	-0.12254652
-0.004	0.996	0	0	0	0.998	0	0	0	1.0042134	0.99819615	-1.1548034e-05	1.9776492e-07	-1.0990661e-07	1.8703043e-07	-7.9479889e-06	2.7305763e-07	-1.1499215e-07	-5.6258637e-08	-5.2465859e-09	6.5004232e-06	3.7682189e-08	-1.5516571e-05	-1.5389119e-05	-0.0082819307
-0.006	0.994	0	0	0	0.997	0	0	0	1.0062859	0.99724744	-1.4612506e-05	1.7796179e-07	-1.6340851e-07	1.6049385e-07	-9.1960925e-06	3.966862e-07	-1.7038448e-07	-9.7683819e-08	-9.3606072e-09	7.9393197e-06	7.2462772e-08	-1.9200883e-05	-1.9200999e-05	6.015165e-06
-0.008	0.992	0	0	0	0.996	0	0	0	1.0083453	0.9962774	-1.760806e-05	1.6022928e-07	-2.0750431e-07	1.3759201e-07	-1.036868e-05	4.788915e-07	-2.1932456e-07	-1.4064859e-07	-1.35005e-08	9.3300803e-06	1.1448618e-07	-2.277854e-05	-2.2786434e-05	0.00034645725
-0.01	0.99	0	0	0	0.995	0	0	0	1.0103926	0.99528719	-2.0567644e-05	1.4320696e-07	-2.4716608e-07	1.1614928e-07	-1.1509833e-05	5.3798997e-07	-2.6469334e-07	-1.8596238e-07	-1.7644176e-08	1.0698374e-05	1.6360851e-07	-2.630455e-05	-2.6313164e-05	0.00032735959
-0.012	0.988	0	0	0	0.994	0	0	0	1.0124282	0.99427739	-2.3496615e-05	1.2781268e-07	-2.8407994e-07	9.6812794e-08	-1.2629478e-05	5.8150034e-07	-3.0775883e-07	-2.336485e-07	-2.1784316e-08	1.2049293e-05	2.1973884e-07	-2.9789244e-05	-2.979724e-05	0.00026832809
-0.014	0.986	0	0	0	0.993	0	0	0	1.0144524	0.9932483	-2.6395723e-05	1.151784e-07	-3.189416e-07	8.0599989e-08	-1.3730883e-05	6.1341222e-07	-3.4908356e-07	-2.8358841e-07	-2.5919317e-08	1.3384175e-05	2.8279747e-07	-3.3235005e-05	-3.324201e-05	0.00021072514
-0.016	0.984	0	0	0	0.992	0	0	0	1.0164651	0.99220007	-2.9264524e-05	1.0639843e-07	-3.5199645e-07	6.8555717e-08	-1.4815218e-05	6.3615261e-07	-3.8885605e-07	-3.3565131e-07	-3.0050239e-08	1.4703264e-05	3.5270688e-07	-3.6641979e-05	-3.6647863e-05	0.00016057932
-0.018	0.982	0	0	0	0.991	0	0	0	1.0184663	0.9911327	-3.2102178e-05	1.0252759e-07	-3.8321957e-07	6.1719637e-08	-1.5882769e-05	6.5132928e-07	-4.2701747e-07	-3.8972273e-07	-3.4179662e-08	1.6006376e-05	4.2938892e-07	-4.0009463e-05	-4.0014174e-05	0.00011772593
-0.02	0.98	0	0	0	0.99	0	0	0	1.0204557	0.99004613	-3.4907658e-05	1.0461063e-07	-4.123827e-07	6.1142951e-08	-1.6933338e-05	6.6007303e-07	-4.6330938e-07	-4.4570686e-07	-3.8311149e-08	1.7293103e-05	5.1276358e-07	-4.3336335e-05	-4.3339844e-05	8.0975836e-05
-0.022	0.978	0	0	0	0.989	0	0	0	1.022433	0.98894018	-3.7679814e-05	1.137093e-07	-4.390752e-07	6.7909671e-08	-1.7966401e-05	6.632173e-07	-4.9728519e-07	-5.0352143e-07	-4.244897e-08	1.8562888e-05	6.027483e-07	-4.6621179e-05	-4.6623471e-05	4.917026e-05
-0.024	0.976	0	0	0	0.988	0	0	0	1.0243979	0.98781459	-4.0417366e-05	1.3092218e-07	-4.6270149e-07	8.31538e-08	-1.8981162e-05	6.6140206e-07	-5.2830097e-07	-5.6309063e-07	-4.6597965e-08	1.9815042e-05	6.9925746e-07	-4.9862319e-05	-4.9863385e-05	2.1371445e-05
-0.026	0.974	0	0	0	0.987	0	0	0	1.0263498	0.98666902	-4.3118886e-05	1.5739705e-07	-4.8246398e-07	1.0807039e-07	-1.9976573e-05	6.5513837e-07	-5.5549258e-07	-6.2433804e-07	-5.076349e-08	2.1048741e-05	8.0220184e-07	-5.3057803e-05	-5.3057637e-05	-3.1383753e-06
-0.028	0.972	0	0	0	0.986	0	0	0	1.028288	0.985503	-4.5782765e-05	1.9433482e-07	-4.9733555e-07	1.4391905e-07	-2.0951316e-05	6.4485102e-07	-5.777418e-07	-6.8717989e-07	-5.4951406e-08	2.2263011e-05	9.1148801e-07	-5.6205366e-05	-5.6203967e-05	-2.4892132e-05
-0.03	0.97	0	0	0	0.985	0	0	0	1.0302119	0.98431593	-4.8407168e-05	2.4298322e-07	-5.0602401e-07	1.9201744e-07	-2.1903787e-05	6.3090778e-07	-5.9363387e-07	-7.5151912e-07	-5.9168102e-08	2.3456708e-05	1.0270177e-06	-5.9302372e-05	-5.9299747e-05	-4.4269147e-05
-0.032	0.968	0	0	0	0.984	0	0	0	1.0321204	0.98310709	-5.0989991e-05	3.0461677e-07	-5.0693138e-07	2.5372104e-07	-2.2832056e-05	6.1364025e-07	-6.0140848e-07	-8.1724029e-07	-6.3420518e-08	2.4628489e-05	1.148687e-06	-6.2345759e-05	-6.2341924e-05	-6.1514187e-05
-0.034	0.966	0	0	0	0.983	0	0	0	1.0340125	0.98187555	-5.3528813e-05	3.804977e-07	-4.9811197e-07	3.3038363e-07	-2.3733828e-05	5.9335871e-07	-5.9890887e-07	-8.8420557e-07	-6.7716144e-08	2.5776786e-05	1.2763854e-06	-6.5331965e-05	-6.5326952e-05	-7.6743444e-05
-0.036	0.964	0	0	0	0.982	0	0	0	1.0358869	0.98062023	-5.6020842e-05	4.7181112e-07	-4.772368e-07	4.2329107e-07	-2.4606406e-05	5.7036253e-07	-5.8353656e-07	-9.5225204e-07	-7.2062966e-08	2.689977e-05	1.4099948e-06	-6.8256859e-05	-6.825072e-05	-8.9938291e-05
-0.038	0.962	0	0	0	0.981	0	0	0	1.0377418	0.9793398	-5.8462875e-05	5.7956589e-07	-4.4157646e-07	5.3355981e-07	-2.544665e-05	5.4494709e-07	-5.5222521e-07	-1.0211906e-06	-7.6469312e-08	2.7995331e-05	1.5493883e-06	-7.1115681e-05	-7.1108504e-05	-0.00010092867
-0.04	0.96	0	0	0	0.98	0	0	0	1.0395756	0.97803273	-6.085127e-05	7.0445331e-07	-3.880215e-07	6.6199125e-07	-2.6250961e-05	5.1740812e-07	-5.014545e-07	-1.0908059e-06	-8.0943527e-08	2.9061058e-05	1.6944288e-06	-7.3903006e-05	-7.3894925e-05	-0.00010936998
-0.042	0.958	0	0	0	0.979	0	0	0	1.041386	0.97669723	-6.318194e-05	8.4665813e-07	-3.1316737e-07	8.0887594e-07	-2.701529e-05	4.8804463e-07	-4.2733462e-07	-1.1608572e-06	-8.5493391e-08	3.0094241e-05	1.844968e-06	-7.6612745e-05	-7.6603957e-05	-0.00011472143
-0.044	0.956	0	0	0	0.978	0	0	0	1.0431708	0.97533128	-6.5450403e-05	1.0056246e-06	-2.134976e-07	9.7375005e-07	-2.7735195e-05	4.5716253e-07	-3.257997e-07	-1.2310781e-06	-9.0125201e-08	3.1091908e-05	2.0008446e-06	-7.9238215e-05	-7.9229006e-05	-0.00011623944
-0.046	0.954	0	0	0	0.977	0	0	0	1.0449271	0.97393269	-6.7651879e-05	1.1797955e-06	-8.56996e-08	1.1551213e-06	-2.840596e-05	4.2508156e-07	-1.9295061e-07	-1.3011716e-06	-9.484241e-08	3.2050894e-05	2.161884e-06	-8.1772307e-05	-8.1763067e-05	-0.00011300542
-0.048	0.952	0	0	0	0.976	0	0	0	1.0466524	0.97249917	-6.9781472e-05	1.3663627e-06	7.2866224e-08	1.350205e-06	-2.9022795e-05	3.9214786e-07	-2.5573357e-08	-1.3708001e-06	-9.9643832e-08	3.296797e-05	2.3278969e-06	-8.4207758e-05	-8.4199001e-05	-0.00010400742
-0.05	0.95	0	0	0	0.975	0	0	0	1.0483438	0.97102841	-7.1834423e-05	1.5610959e-06	2.6355914e-07	1.554736e-06	-2.9581115e-05	3.5875213e-07	1.7817911e-07	-1.4395683e-06	-1.0452152e-07	3.384002e-05	2.49868e-06	-8.6537544e-05	-8.6529905e-05	-8.8283387e-05
-0.052	0.948	0	0	0	0.974	0	0	0	1.0499986	0.96951827	-7.3806424e-05	1.7583284e-06	4.8578741e-07	1.7629418e-06	-3.0076866e-05	3.2534698e-07	4.180211e-07	-1.5070074e-06	-1.0945862e-07	3.466425e-05	2.6740165e-06	-8.8755356e-05	-8.8749578e-05	-6.5106925e-05
-0.054	0.946	0	0	0	0.973	0	0	0	1.0516144	0.96796691	-7.569395e-05	1.951177e-06	7.3642082e-07	1.9677551e-06	-3.050688e-05	2.9244952e-07	6.90845e-07	-1.5725746e-06	-1.1442781e-07	3.5438419e-05	2.8536783e-06	-9.0856106e-05	-9.0853002e-05	-3.4164824e-05
-0.056	0.944	0	0	0	0.972	0	0	0	1.0531895	0.966373	-7.7494571e-05	2.1320312e-06	1.0094839e-06	2.1613067e-06	-3.0869176e-05	2.606106e-07	9.9033153e-07	-1.6356894e-06	-1.193909e-07	3.6161046e-05	3.0374285e-06	-9.2836387e-05	-9.2836789e-05	4.3362504e-06
-0.058	0.942	0	0	0	0.971	0	0	0	1.0547226	0.96473578	-7.9207186e-05	2.293279e-06	1.296319e-06	2.3356651e-06	-3.116319e-05	2.3033929e-07	1.307078e-06	-1.6958196e-06	-1.243003e-07	3.6831559e-05	3.2250255e-06	-9.469482e-05	-9.4699523e-05	4.9669143e-05
-0.06	0.94	0	0	0	0.97	0	0	0	1.0562132	0.9630552	-8.0832171e-05	2.4281555e-06	1.5863129e-06	2.483712e-06	-3.1389886e-05	2.0199294e-07	1.6293628e-06	-1.7526067e-06	-1.2910257e-07	3.7450387e-05	3.4162266e-06	-9.6432254e-05	-9.6441964e-05	0.00010067302
-0.062	0.938	0	0	0	0.969	0	0	0	1.0576617	0.96133195	-8.2371413e-05	2.5315434e-06	1.8681127e-06	2.599976e-06	-3.155175e-05	1.7567088e-07	1.944477e-06	-1.8059886e-06	-1.337437e-07	3.8018969e-05	3.6107933e-06	-9.8051798e-05	-9.8067084e-05	0.00015587494
-0.064	0.936	0	0	0	0.968	0	0	0	1.0590691	0.95956745	-8.3828225e-05	2.6005433e-06	2.1310729e-06	2.6812367e-06	-3.165267e-05	1.511625e-07	2.2403437e-06	-1.856262e-06	-1.3817503e-07	3.853969e-05	3.808495e-06	-9.9558674e-05	-9.9579946e-05	0.00021361224
-0.066	0.934	0	0	0	0.967	0	0	0	1.0604374	0.95776377	-8.520715e-05	2.6346727e-06	2.3665606e-06	2.7267536e-06	-3.1697706e-05	1.2798264e-07	2.5070096e-06	-1.9040469e-06	-1.4235857e-07	3.9015738e-05	4.0091131e-06	-0.00010095991	-0.0001009874	0.00027216676
-0.068	0.932	0	0	0	0.966	0	0	0	1.0617691	0.95592347	-8.6513629e-05	2.6356625e-06	2.5687826e-06	2.7380782e-06	-3.1692761e-05	1.054847e-07	2.7376203e-06	-1.9501606e-06	-1.462702e-07	3.9450887e-05	4.2124446e-06	-0.00010226386	-0.00010229761	0.0003299319
-0.07	0.93	0	0	0	0.965	0	0	0	1.0630669	0.95404943	-8.7753611e-05	2.6069306e-06	2.7349757e-06	2.7185318e-06	-3.1644187e-05	8.3005039e-08	2.9286883e-06	-1.9954526e-06	-1.4990031e-07	3.9849233e-05	4.4183035e-06	-0.00010347959	-0.0001035195	0.00038559074
-0.072	0.928	0	0	0	0.964	0	0	0	1.0643339	0.95214462	-8.8933136e-05	2.5529034e-06	2.8650371e-06	2.6725172e-06	-3.1558403e-05	5.9984103e-08	3.0797242e-06	-2.0406625e-06	-1.5325219e-07	4.0214931e-05	4.6265226e-06	-0.00010461632	-0.00010466219	0.0004382431
-0.074	0.926	0	0	0	0.963	0	0	0	1.065573	0.95021195	-9.005799e-05	2.4783628e-06	2.9608312e-06	2.604849e-06	-3.1441566e-05	3.6032592e-08	3.1924893e-06	-2.0863374e-06	-1.5633898e-07	4.0551965e-05	4.8369523e-06	-0.0001056829	-0.00010573444	0.00048743299
-0.076	0.924	0	0	0	0.962	0	0	0	1.0667869	0.94825409	-9.1133459e-05	2.3879384e-06	3.0254287e-06	2.5202266e-06	-3.129935e-05	1.0941431e-08	3.270155e-06	-2.1328151e-06	-1.5918047e-07	4.0863996e-05	5.0494603e-06	-0.00010668742	-0.00010674433	0.00053308132
-0.078	0.922	0	0	0	0.961	0	0	0	1.0679781	0.94627342	-9.21642e-05	2.2857882e-06	3.0624578e-06	2.4228986e-06	-3.1136829e-05	-1.5345998e-08	3.3165759e-06	-2.1802507e-06	-1.6180018e-07	4.1154276e-05	5.2639296e-06	-0.00010763709	-0.00010769905	0.00057536899
-0.08	0.92	0	0	0	0.96	0	0	0	1.0691486	0.94427202	-9.3154208e-05	2.1754479e-06	3.0756395e-06	2.3164986e-06	-3.095845e-05	-4.2777331e-08	3.335762e-06	-2.2286637e-06	-1.6422323e-07	4.1425627e-05	5.4802565e-06	-0.0001085381	-0.00010860485	0.00061461906
-0.082	0.918	0	0	0	0.959	0	0	0	1.0703002	0.94225164	-9.4106841e-05	2.0598028e-06	3.068503e-06	2.204009e-06	-3.0768059e-05	-7.123435e-08	3.3315513e-06	-2.2779867e-06	-1.6647496e-07	4.1680458e-05	5.698349e-06	-0.00010939573	-0.00010946702	0.00065120596
-0.084	0.916	0	0	0	0.958	0	0	0	1.0714345	0.94021376	-9.5024883e-05	1.9411324e-06	3.0442432e-06	2.0878006e-06	-3.0568963e-05	-1.0056773e-07	3.30744e-06	-2.3281053e-06	-1.685801e-07	4.1920809e-05	5.9181246e-06	-0.00011021444	-0.00011029004	0.00068549863
-0.086	0.914	0	0	0	0.957	0	0	0	1.0725526	0.9381596	-9.5910619e-05	1.8211905e-06	3.0056701e-06	1.9697096e-06	-3.0364004e-05	-1.3062133e-07	3.2665192e-06	-2.3788876e-06	-1.7056241e-07	4.2148395e-05	6.1395092e-06	-0.00011099792	-0.00011107765	0.00071783171
-0.088	0.912	0	0	0	0.956	0	0	0	1.0736555	0.93609015	-9.6765911e-05	1.7012951e-06	2.9552158e-06	1.8511277e-06	-3.015563e-05	-1.6124724e-07	3.2114756e-06	-2.430203e-06	-1.724445e-07	4.2364662e-05	6.3624352e-06	-0.00011174925	-0.00011183296	0.00074849572
-0.09	0.91	0	0	0	0.955	0	0	0	1.074744	0.93400626	-9.7592271e-05	1.5824149e-06	2.8949672e-06	1.7330879e-06	-2.9945962e-05	-1.9231362e-07	3.1446246e-06	-2.4819322e-06	-1.7424784e-07	4.2570827e-05	6.586841e-06	-0.00011247102	-0.00011255856	0.00077773807
-0.092	0.908	0	0	0	0.954	0	0	0	1.0758187	0.93190858	-9.8390912e-05	1.4652449e-06	2.8267112e-06	1.6163419e-06	-2.9736856e-05	-2.237079e-07	3.0679574e-06	-2.5339729e-06	-1.7599284e-07	4.276792e-05	6.8126695e-06	-0.00011316535	-0.00011325661	0.00080576944
-0.094	0.906	0	0	0	0.953	0	0	0	1.0768801	0.92979767	-9.9162805e-05	1.3502704e-06	2.7519799e-06	1.5014243e-06	-2.9529953e-05	-2.5533675e-07	2.9831894e-06	-2.5862408e-06	-1.7769896e-07	4.2956819e-05	7.0398674e-06	-0.00011383405	-0.00011392893	0.00083277218
-0.096	0.904	0	0	0	0.952	0	0	0	1.0779286	0.92767398	-9.9908719e-05	1.2378188e-06	2.6720922e-06	1.3887058e-06	-2.9326719e-05	-2.8712444e-07	2.8918053e-06	-2.6386686e-06	-1.7938476e-07	4.3138275e-05	7.2683852e-06	-0.0001144786	-0.00011457702	0.00085890935
-0.098	0.902	0	0	0	0.951	0	0	0	1.0789644	0.92553786	-0.00010062925	1.1281013e-06	2.5881886e-06	1.2784361e-06	-2.9128485e-05	-3.1901016e-07	2.7950967e-06	-2.6912039e-06	-1.81068e-07	4.3312934e-05	7.4981755e-06	-0.00011510028	-0.00011520215	0.00088433363
-0.1	0.9	0	0	0	0.95	0	0	0	1.0799878	0.92338958	-0.00010132484	1.0212454e-06	2.5012588e-06	1.1707769e-06	-2.8936477e-05	-3.5094493e-07	2.6941925e-06	-2.7438063e-06	-1.8276567e-07	4.3481359e-05	7.7291938e-06	-0.00011570012	-0.00011580541	0.0009091964
-0.102	0.898	0	0	0	0.949	0	0	0	1.0809988	0.92122935	-0.00010199579	9.173213e-07	2.4121623e-06	1.0658296e-06	-2.8751851e-05	-3.8288819e-07	2.59008e-06	-2.796444e-06	-1.8449397e-07	4.3644046e-05	7.9613972e-06	-0.00011627903	-0.00011638769	0.00093365737
-0.104	0.896	0	0	0	0.948	0	0	0	1.0819975	0.91905732	-0.0001026423	8.1636263e-07	2.3216416e-06	9.6365658e-07	-2.8575721e-05	-4.1480414e-07	2.4836195e-06	-2.8490897e-06	-1.862683e-07	4.3801431e-05	8.1947445e-06	-0.00011683773	-0.00011694975	0.0009578955
-0.106	0.894	0	0	0	0.947	0	0	0	1.0829838	0.91687356	-0.00010326441	7.1838437e-07	2.2303296e-06	8.6430025e-07	-2.84092e-05	-4.4665755e-07	2.37555e-06	-2.9017165e-06	-1.8810316e-07	4.3953906e-05	8.4291962e-06	-0.00011737684	-0.00011749223	0.00098212226
-0.108	0.892	0	0	0	0.946	0	0	0	1.0839576	0.91467809	-0.00010386202	6.2339859e-07	2.1387494e-06	7.6779934e-07	-2.8253448e-05	-4.7840886e-07	2.2664879e-06	-2.9542924e-06	-1.9001199e-07	4.4101827e-05	8.6647135e-06	-0.00011789683	-0.00011801563	0.0010065984
-0.11	0.89	0	0	0	0.945	0	0	0	1.0849186	0.91247081	-0.00010443482	5.3143071e-07	2.0473099e-06	6.7420657e-07	-2.8109742e-05	-5.1000758e-07	2.1569189e-06	-3.0067725e-06	-1.9200695e-07	4.4245522e-05	8.9012587e-06	-0.00011839805	-0.00011852033	0.0010316551
-0.112	0.888	0	0	0	0.944	0	0	0	1.0858665	0.91025152	-0.00010498223	4.425387e-07	1.9562953e-06	5.836093e-07	-2.7979584e-05	-5.4138328e-07	2.0471837e-06	-3.059089e-06	-1.9409849e-07	4.4385303e-05	9.1387948e-06	-0.00011888069	-0.00011900657	0.0010577191
-0.114	0.886	0	0	0	0.943	0	0	0	1.0868007	0.90801982	-0.00010550325	3.5683865e-07	1.8658542e-06	4.9615745e-07	-2.7864869e-05	-5.7243256e-07	1.937462e-06	-3.1111362e-06	-1.9629477e-07	4.4521472e-05	9.3772849e-06	-0.00011934472	-0.00011947439	0.0010853365
-0.116	0.884	0	0	0	0.942	0	0	0	1.0877202	0.90577504	-0.00010599627	2.7454152e-07	1.7759951e-06	4.1210366e-07	-2.7768143e-05	-6.0300044e-07	1.8277657e-06	-3.1627478e-06	-1.9860049e-07	4.4654338e-05	9.6166923e-06	-0.00011978984	-0.00011992358	0.0011151786
-0.118	0.882	0	0	0	0.941	0	0	0	1.0886235	0.9035161	-0.00010645872	1.9600399e-07	1.6866115e-06	3.3185908e-07	-2.7692962e-05	-6.328562e-07	1.7179689e-06	-3.2136684e-06	-2.0101495e-07	4.4784231e-05	9.8569793e-06	-0.00012021533	-0.0001203535	0.0011479927
-0.12	0.88	0	0	0	0.94	0	0	0	1.0895084	0.90124136	-0.00010688678	1.2178576e-07	1.5975806e-06	2.5605611e-07	-2.7644274e-05	-6.6167105e-07	1.6079312e-06	-3.2635237e-06	-2.0352881e-07	4.4911529e-05	1.0098106e-05	-0.00012061994	-0.00012076298	0.0011844375
-0.122	0.878	0	0	0	0.939	0	0	0	1.0903722	0.89894863	-0.00010727541	5.2669662e-08	1.5089953e-06	1.8557019e-07	-2.7628455e-05	-6.8902433e-07	1.4977905e-06	-3.3118214e-06	-2.0611985e-07	4.5036662e-05	1.0340031e-05	-0.00012100186	-0.00012115024	0.0012247621
-0.124	0.876	0	0	0	0.938	0	0	0	1.0912118	0.89663565	-0.00010761934	-1.0457887e-08	1.4215103e-06	1.2138819e-07	-2.7652198e-05	-7.1448976e-07	1.3884031e-06	-3.3580434e-06	-2.0875028e-07	4.5160096e-05	1.0582707e-05	-0.00012135916	-0.00012151328	0.0012683215
-0.126	0.874	0	0	0	0.937	0	0	0	1.0920255	0.89430114	-0.00010791558	-6.6945421e-08	1.3365267e-06	6.4236684e-08	-2.7719761e-05	-7.3782215e-07	1.2815823e-06	-3.4018597e-06	-2.1137148e-07	4.5282238e-05	1.0826084e-05	-0.00012169081	-0.0001218508	0.0013130526
-0.128	0.872	0	0	0	0.936	0	0	0	1.0928138	0.89194589	-0.00010816585	-1.1675488e-07	1.2558163e-06	1.4167472e-08	-2.7830173e-05	-7.5912257e-07	1.1796252e-06	-3.4433319e-06	-2.1393809e-07	4.5403321e-05	1.1070111e-05	-0.00012199779	-0.00012216342	0.001355767
-0.13	0.87	0	0	0	0.935	0	0	0	1.09358	0.88957267	-0.00010837635	-1.6050175e-07	1.1807621e-06	-2.948508e-08	-2.7977381e-05	-7.7879955e-07	1.0843485e-06	-3.4828886e-06	-2.1642162e-07	4.5523383e-05	1.1314738e-05	-0.0001222831	-0.00012245379	0.0013939686
-0.132	0.868	0	0	0	0.934	0	0	0	1.0943283	0.88718505	-0.00010855505	-1.9913092e-07	1.1119334e-06	-6.7747366e-08	-2.8153155e-05	-7.9736719e-07	9.9654141e-07	-3.5211018e-06	-2.1881224e-07	4.5642339e-05	1.1559926e-05	-0.00012255054	-0.0001227257	0.0014272183
-0.134	0.866	0	0	0	0.933	0	0	0	1.0950623	0.88478628	-0.00010870931	-2.3357771e-07	1.0492116e-06	-1.0163461e-07	-2.8349832e-05	-8.1527811e-07	9.1611628e-07	-3.5584906e-06	-2.2111214e-07	4.5760085e-05	1.1805641e-05	-0.00012280368	-0.00012298281	0.0014565095
-0.136	0.864	0	0	0	0.932	0	0	0	1.0957854	0.88237897	-0.00010884488	-2.6461234e-07	9.9211497e-07	-1.3198069e-07	-2.8561424e-05	-8.328678e-07	8.4251649e-07	-3.5954487e-06	-2.2332846e-07	4.5876543e-05	1.2051857e-05	-0.00012304535	-0.00012322811	0.0014830878
-0.138	0.862	0	0	0	0.931	0	0	0	1.0964995	0.87996498	-0.00010896593	-2.9282314e-07	9.400455e-07	-1.594201e-07	-2.8783608e-05	-8.503658e-07	7.750292e-07	-3.6322511e-06	-2.254694e-07	4.5991671e-05	1.2298553e-05	-0.00012327764	-0.00012346381	0.0015078948
-0.14	0.86	0	0	0	0.93	0	0	0	1.0972064	0.87754568	-0.00010907547	-3.1865074e-07	8.9241617e-07	-1.8442578e-07	-2.901335e-05	-8.6792431e-07	7.1294767e-07	-3.6690843e-06	-2.2754252e-07	4.6105456e-05	1.2545712e-05	-0.00012350207	-0.00012369151	0.0015315168
-0.142	0.858	0	0	0	0.929	0	0	0	1.0979072	0.87512206	-0.00010917564	-3.4242781e-07	8.4869998e-07	-2.0735275e-07	-2.9248527e-05	-8.8564352e-07	6.5563488e-07	-3.7060745e-06	-2.2955437e-07	4.6217907e-05	1.2793319e-05	-0.00012371977	-0.00012391237	0.0015542874
-0.144	0.856	0	0	0	0.928	0	0	0	1.0986027	0.87269484	-0.000109268	-3.644106e-07	8.0844118e-07	-2.2847281e-07	-2.9487636e-05	-9.0358959e-07	6.0253913e-07	-3.7433073e-06	-2.3151049e-07	4.6329048e-05	1.3041362e-05	-0.00012393157	-0.00012412725	0.0015763879
-0.146	0.854	0	0	0	0.927	0	0	0	1.0992936	0.87026456	-0.00010935371	-3.8480135e-07	7.7125132e-07	-2.4799907e-07	-2.9729599e-05	-9.2180638e-07	5.5319005e-07	-3.7808419e-06	-2.3341553e-07	4.6438907e-05	1.3289828e-05	-0.00012413812	-0.0001243368	0.0015979144
-0.148	0.852	0	0	0	0.926	0	0	0	1.0999803	0.86783166	-0.00010943365	-4.0376354e-07	7.3680033e-07	-2.6610272e-07	-2.9973627e-05	-9.4032303e-07	5.071881e-07	-3.8187195e-06	-2.3527343e-07	4.6547518e-05	1.3538709e-05	-0.00012433991	-0.00012454153	0.0016189172
-0.15	0.85	0	0	0	0.925	0	0	0	1.1006632	0.86539648	-0.00010950853	-4.214323e-07	7.048071e-07	-2.8292437e-07	-3.0219133e-05	-9.5915878e-07	4.6419325e-07	-3.8569692e-06	-2.3708756e-07	4.6654918e-05	1.3787994e-05	-0.00012453735	-0.00012474185	0.0016394226
-0.152	0.848	0	0	0	0.924	0	0	0	1.1013427	0.86295928	-0.00010957889	-4.379215e-07	6.75031e-07	-2.9858179e-07	-3.0465676e-05	-9.7832606e-07	4.2391468e-07	-3.8956114e-06	-2.3886085e-07	4.6761143e-05	1.4037676e-05	-0.00012473077	-0.0001249381	0.0016594445
-0.154	0.846	0	0	0	0.923	0	0	0	1.1020189	0.86052028	-0.00010964517	-4.5332865e-07	6.4726477e-07	-3.1317528e-07	-3.0712915e-05	-9.9783255e-07	3.8610212e-07	-3.9346609e-06	-2.4059585e-07	4.6866227e-05	1.4287747e-05	-0.00012492046	-0.00012513056	0.0016789909
-0.156	0.844	0	0	0	0.922	0	0	0	1.1026921	0.8580797	-0.00010970774	-4.6773847e-07	6.2132867e-07	-3.2679151e-07	-3.0960586e-05	-1.0176825e-06	3.5053877e-07	-3.9741279e-06	-2.4229482e-07	4.6970207e-05	1.4538198e-05	-0.00012510665	-0.00012531945	0.0016980673
-0.158	0.842	0	0	0	0.921	0	0	0	1.1033624	0.85563768	-0.00010976691	-4.8122536e-07	5.9706581e-07	-3.3950629e-07	-3.1208481e-05	-1.0378778e-06	3.1703553e-07	-4.0140193e-06	-2.4395979e-07	4.7073115e-05	1.4789025e-05	-0.00012528955	-0.000125505	0.0017166782
-0.16	0.84	0	0	0	0.92	0	0	0	1.10403	0.85319437	-0.00010982292	-4.9385532e-07	5.7433836e-07	-3.5138652e-07	-3.1456433e-05	-1.0584184e-06	2.8542645e-07	-4.0543399e-06	-2.4559256e-07	4.7174983e-05	1.5040218e-05	-0.00012546932	-0.00012568737	0.0017348283
-0.162	0.838	0	0	0	0.919	0	0	0	1.104695	0.85074989	-0.00010987602	-5.0568738e-07	5.5302452e-07	-3.6249182e-07	-3.1704309e-05	-1.0793029e-06	2.5556495e-07	-4.0950924e-06	-2.4719477e-07	4.7275841e-05	1.5291774e-05	-0.00012564614	-0.00012586672	0.0017525225
-0.164	0.836	0	0	0	0.918	0	0	0	1.1053574	0.84830436	-0.00010992639	-5.1677464e-07	5.3301602e-07	-3.7287562e-07	-3.1952e-05	-1.1005287e-06	2.2732086e-07	-4.136278e-06	-2.4876794e-07	4.7375718e-05	1.5543685e-05	-0.00012582013	-0.0001260432	0.0017697663
-0.166	0.834	0	0	0	0.917	0	0	0	1.1060175	0.84585787	-0.00010997419	-5.2716518e-07	5.1421617e-07	-3.8258613e-07	-3.2199418e-05	-1.1220928e-06	2.0057796e-07	-4.1778971e-06	-2.5031342e-07	4.7474641e-05	1.5795947e-05	-0.00012599143	-0.00012621693	0.0017865656
-0.168	0.832	0	0	0	0.916	0	0	0	1.1066753	0.84341053	-0.00011001958	-5.3690274e-07	4.9653814e-07	-3.9166706e-07	-3.2446488e-05	-1.143991e-06	1.7523197e-07	-4.2199487e-06	-2.518325e-07	4.7572635e-05	1.6048553e-05	-0.00012616014	-0.00012638801	0.0018029269
-0.17	0.83	0	0	0	0.915	0	0	0	1.1073308	0.8409624	-0.0001100627	-5.4602723e-07	4.7990369e-07	-4.001582e-07	-3.269315e-05	-1.1662191e-06	1.5118892e-07	-4.2624315e-06	-2.5332633e-07	4.7669724e-05	1.6301499e-05	-0.00012632638	-0.00012655656	0.001818857
-0.172	0.828	0	0	0	0.914	0	0	0	1.1079842	0.83851357	-0.00011010365	-5.5457527e-07	4.6424197e-07	-4.080959e-07	-3.2939353e-05	-1.188772e-06	1.2836375e-07	-4.3053432e-06	-2.5479601e-07	4.7765931e-05	1.6554779e-05	-0.00012649022	-0.00012672268	0.0018343631
-0.174	0.826	0	0	0	0.913	0	0	0	1.1086354	0.83606411	-0.00011014254	-5.6258047e-07	4.4948861e-07	-4.155135e-07	-3.3185053e-05	-1.2116446e-06	1.0667921e-07	-4.3486812e-06	-2.5624255e-07	4.7861278e-05	1.680839e-05	-0.00012665176	-0.00012688643	0.0018494525
-0.176	0.824	0	0	0	0.912	0	0	0	1.1092846	0.83361408	-0.00011017947	-5.7007385e-07	4.3558495e-07	-4.2244163e-07	-3.3430214e-05	-1.2348315e-06	8.6064874e-08	-4.3924424e-06	-2.5766689e-07	4.7955785e-05	1.7062325e-05	-0.00012681107	-0.00012704791	0.0018641329
-0.178	0.822	0	0	0	0.911	0	0	0	1.1099318	0.83116354	-0.00011021454	-5.7708405e-07	4.2247732e-07	-4.2890854e-07	-3.3674805e-05	-1.2583269e-06	6.6456332e-08	-4.4366233e-06	-2.5906992e-07	4.804947e-05	1.7316581e-05	-0.00012696823	-0.00012720718	0.0018784119
-0.18	0.82	0	0	0	0.91	0	0	0	1.110577	0.82871256	-0.00011024781	-5.8363758e-07	4.1011652e-07	-4.3494029e-07	-3.3918801e-05	-1.282125e-06	4.7794502e-08	-4.4812202e-06	-2.6045248e-07	4.8142353e-05	1.7571154e-05	-0.00012712331	-0.00012736432	0.0018922973
-0.182	0.818	0	0	0	0.909	0	0	0	1.1112203	0.82626118	-0.00011027936	-5.8975905e-07	3.984573e-07	-4.4056103e-07	-3.4162179e-05	-1.3062196e-06	3.0025038e-08	-4.526229e-06	-2.6181535e-07	4.823445e-05	1.7826038e-05	-0.00012727636	-0.00012751938	0.0019057967
-0.184	0.816	0	0	0	0.908	0	0	0	1.1118617	0.82380946	-0.00011030925	-5.9547131e-07	3.8745793e-07	-4.4579312e-07	-3.4404919e-05	-1.3306048e-06	1.3097825e-08	-4.5716454e-06	-2.6315926e-07	4.8325778e-05	1.8081231e-05	-0.00012742744	-0.00012767243	0.0019189179
-0.186	0.814	0	0	0	0.907	0	0	0	1.1125013	0.82135745	-0.00011033756	-6.0079565e-07	3.7707987e-07	-4.5065735e-07	-3.4647006e-05	-1.3552742e-06	-3.033466e-09	-4.6174648e-06	-2.6448491e-07	4.8416351e-05	1.8336728e-05	-0.00012757661	-0.00012782352	0.0019316685
-0.188	0.812	0	0	0	0.906	0	0	0	1.113139	0.81890519	-0.00011036434	-6.0575189e-07	3.6728743e-07	-4.5517304e-07	-3.4888425e-05	-1.3802215e-06	-1.8411753e-08	-4.6636827e-06	-2.6579297e-07	4.8506185e-05	1.8592525e-05	-0.00012772391	-0.0001279727	0.0019440562
-0.19	0.81	0	0	0	0.905	0	0	0	1.113775	0.81645273	-0.00011038963	-6.1035855e-07	3.5804748e-07	-4.5935817e-07	-3.5129164e-05	-1.4054404e-06	-3.3076882e-08	-4.7102941e-06	-2.6708404e-07	4.8595293e-05	1.8848619e-05	-0.0001278694	-0.00012812002	0.0019560884
-0.192	0.808	0	0	0	0.904	0	0	0	1.1144092	0.81400011	-0.0001104135	-6.1463293e-07	3.4932926e-07	-4.6322954e-07	-3.5369213e-05	-1.4309243e-06	-4.7065916e-08	-4.7572941e-06	-2.6835873e-07	4.868369e-05	1.9105005e-05	-0.00012801312	-0.00012826552	0.0019677725
-0.194	0.806	0	0	0	0.903	0	0	0	1.1150416	0.81154736	-0.00011043598	-6.1859121e-07	3.4110408e-07	-4.6680279e-07	-3.5608562e-05	-1.4566669e-06	-6.0413392e-08	-4.8046777e-06	-2.6961759e-07	4.8771386e-05	1.9361681e-05	-0.00012815511	-0.00012840925	0.0019791157
-0.196	0.804	0	0	0	0.902	0	0	0	1.1156724	0.80909454	-0.00011045712	-6.2224856e-07	3.3334523e-07	-4.7009258e-07	-3.5847204e-05	-1.4826616e-06	-7.3151552e-08	-4.8524395e-06	-2.7086115e-07	4.8858394e-05	1.9618642e-05	-0.00012829541	-0.00012855124	0.0019901252
-0.198	0.802	0	0	0	0.901	0	0	0	1.1163015	0.80664168	-0.00011047696	-6.256192e-07	3.2602772e-07	-4.7311259e-07	-3.6085134e-05	-1.508902e-06	-8.531054e-08	-4.9005744e-06	-2.7208993e-07	4.8944726e-05	1.9875886e-05	-0.00012843405	-0.00012869154	0.002000808
-0.2	0.8	0	0	0	0.9	0	0	0	1.1169289	0.80418881	-0.00011049553	-6.2871647e-07	3.1912819e-07	-4.7587566e-07	-3.6322344e-05	-1.5353815e-06	-9.6918582e-08	-4.949077e-06	-2.733044e-07	4.9030393e-05	2.0133409e-05	-0.00012857108	-0.00012883018	0.0020111708
-0.202	0.798	0	0	0	0.899	0	0	0	1.1175547	0.80173597	-0.00011051288	-6.3155292e-07	3.1262475e-07	-4.783938e-07	-3.655883e-05	-1.5620937e-06	-1.0800215e-07	-4.9979418e-06	-2.7450502e-07	4.9115405e-05	2.0391207e-05	-0.00012870651	-0.00012896719	0.0020212203
-0.204	0.796	0	0	0	0.898	0	0	0	1.1181789	0.79928319	-0.00011052903	-6.3414034e-07	3.0649688e-07	-4.8067831e-07	-3.6794589e-05	-1.5890321e-06	-1.185861e-07	-5.0471635e-06	-2.7569223e-07	4.9199772e-05	2.0649277e-05	-0.0001288404	-0.0001291026	0.0020309632
-0.206	0.794	0	0	0	0.897	0	0	0	1.1188014	0.79683051	-0.00011054402	-6.3648984e-07	3.007253e-07	-4.8273978e-07	-3.7029617e-05	-1.6161903e-06	-1.2869381e-07	-5.0967365e-06	-2.7686644e-07	4.9283503e-05	2.0907617e-05	-0.00012897276	-0.00012923645	0.0020404058
-0.208	0.792	0	0	0	0.896	0	0	0	1.1194224	0.79437795	-0.00011055788	-6.3861186e-07	2.9529188e-07	-4.8458816e-07	-3.7263911e-05	-1.6435618e-06	-1.3834728e-07	-5.1466552e-06	-2.7802805e-07	4.9366608e-05	2.1166223e-05	-0.00012910362	-0.00012936877	0.0020495542
-0.21	0.79	0	0	0	0.895	0	0	0	1.1200418	0.79192556	-0.00011057064	-6.4051628e-07	2.9017955e-07	-4.8623282e-07	-3.749747e-05	-1.6711401e-06	-1.4756726e-07	-5.1969141e-06	-2.7917743e-07	4.9449095e-05	2.1425092e-05	-0.00012923302	-0.00012949958	0.0020584147
-0.212	0.788	0	0	0	0.894	0	0	0	1.1206597	0.78947336	-0.00011058231	-6.4221239e-07	2.8537223e-07	-4.8768257e-07	-3.7730291e-05	-1.6989191e-06	-1.5637331e-07	-5.2475076e-06	-2.8031496e-07	4.9530973e-05	2.1684221e-05	-0.00012936097	-0.00012962891	0.0020669931
-0.214	0.786	0	0	0	0.893	0	0	0	1.121276	0.78702137	-0.00011059294	-6.4370897e-07	2.8085476e-07	-4.8894571e-07	-3.7962372e-05	-1.7268922e-06	-1.6478394e-07	-5.29843e-06	-2.8144098e-07	4.9612251e-05	2.1943608e-05	-0.0001294875	-0.00012975679	0.0020752953
-0.216	0.784	0	0	0	0.892	0	0	0	1.1218908	0.78456964	-0.00011060254	-6.4501434e-07	2.7661281e-07	-4.9003008e-07	-3.8193714e-05	-1.7550532e-06	-1.7281663e-07	-5.3496756e-06	-2.8255581e-07	4.9692935e-05	2.2203249e-05	-0.00012961264	-0.00012988323	0.0020833268
-0.218	0.782	0	0	0	0.891	0	0	0	1.1225041	0.78211818	-0.00011061113	-6.4613634e-07	2.7263285e-07	-4.9094306e-07	-3.8424316e-05	-1.7833959e-06	-1.8048793e-07	-5.4012389e-06	-2.8365978e-07	4.9773034e-05	2.2463141e-05	-0.00012973641	-0.00013000827	0.0020910933
-0.22	0.78	0	0	0	0.89	0	0	0	1.1231158	0.77966702	-0.00011061873	-6.470824e-07	2.6890206e-07	-4.916916e-07	-3.8654176e-05	-1.811914e-06	-1.8781353e-07	-5.4531142e-06	-2.8475318e-07	4.9852554e-05	2.2723282e-05	-0.00012985882	-0.00013013192	0.0020986
-0.222	0.778	0	0	0	0.889	0	0	0	1.1237261	0.7772162	-0.00011062538	-6.4785956e-07	2.6540833e-07	-4.9228229e-07	-3.8883295e-05	-1.8406015e-06	-1.9480832e-07	-5.5052958e-06	-2.858363e-07	4.9931503e-05	2.2983668e-05	-0.00012997991	-0.0001302542	0.0021058522
-0.224	0.776	0	0	0	0.888	0	0	0	1.124335	0.77476573	-0.00011063108	-6.4847447e-07	2.6214016e-07	-4.9272136e-07	-3.9111674e-05	-1.8694521e-06	-2.0148643e-07	-5.5577782e-06	-2.8690943e-07	5.0009887e-05	2.3244299e-05	-0.00013009968	-0.00013037515	0.0021128551
-0.226	0.774	0	0	0	0.887	0	0	0	1.1249423	0.77231565	-0.00011063586	-6.4893346e-07	2.5908666e-07	-4.9301467e-07	-3.9339312e-05	-1.89846e-06	-2.0786128e-07	-5.6105555e-06	-2.8797282e-07	5.0087713e-05	2.3505169e-05	-0.00013021817	-0.00013049476	0.0021196135
-0.228	0.772	0	0	0	0.886	0	0	0	1.1255482	0.76986597	-0.00011063973	-6.4924253e-07	2.5623748e-07	-4.9316779e-07	-3.956621e-05	-1.927619e-06	-2.1394564e-07	-5.6636223e-06	-2.8902672e-07	5.0164988e-05	2.3766278e-05	-0.00013033538	-0.00013061308	0.0021261324
-0.23	0.77	0	0	0	0.885	0	0	0	1.1261527	0.76741674	-0.00011064271	-6.4940736e-07	2.535828e-07	-4.9318599e-07	-3.9792369e-05	-1.9569232e-06	-2.1975168e-07	-5.7169728e-06	-2.9007139e-07	5.0241717e-05	2.4027621e-05	-0.00013045133	-0.0001307301	0.0021324164
-0.232	0.768	0	0	0	0.884	0	0	0	1.1267557	0.76496796	-0.00011064482	-6.4943337e-07	2.5111327e-07	-4.9307425e-07	-4.0017789e-05	-1.9863668e-06	-2.2529098e-07	-5.7706015e-06	-2.9110705e-07	5.0317905e-05	2.4289198e-05	-0.00013056605	-0.00013084586	0.0021384703
-0.234	0.766	0	0	0	0.883	0	0	0	1.1273573	0.76251966	-0.00011064607	-6.4932568e-07	2.4882001e-07	-4.928373e-07	-4.0242472e-05	-2.0159439e-06	-2.3057459e-07	-5.8245028e-06	-2.9213393e-07	5.039356e-05	2.4551005e-05	-0.00013067954	-0.00013096036	0.0021442983
-0.236	0.764	0	0	0	0.882	0	0	0	1.1279574	0.76007187	-0.00011064649	-6.4908919e-07	2.4669455e-07	-4.9247962e-07	-4.0466419e-05	-2.0456488e-06	-2.3561306e-07	-5.8786712e-06	-2.9315223e-07	5.0468687e-05	2.4813039e-05	-0.00013079183	-0.00013107363	0.0021499051
-0.238	0.762	0	0	0	0.881	0	0	0	1.1285562	0.75762461	-0.00011064608	-6.4872854e-07	2.4472884e-07	-4.9200546e-07	-4.0689631e-05	-2.0754758e-06	-2.4041645e-07	-5.9331009e-06	-2.9416217e-07	5.054329e-05	2.5075299e-05	-0.00013090293	-0.00013118567	0.0021552947
-0.24	0.76	0	0	0	0.88	0	0	0	1.1291536	0.75517791	-0.00011064485	-6.4824815e-07	2.4291518e-07	-4.9141885e-07	-4.091211e-05	-2.1054192e-06	-2.4499441e-07	-5.9877866e-06	-2.9516393e-07	5.0617375e-05	2.5337782e-05	-0.00013101285	-0.00013129651	0.0021604715
-0.242	0.758	0	0	0	0.879	0	0	0	1.1297495	0.75273178	-0.00011064283	-6.4765225e-07	2.4124624e-07	-4.9072362e-07	-4.1133856e-05	-2.1354734e-06	-2.4935615e-07	-6.0427228e-06	-2.961577e-07	5.0690947e-05	2.5600485e-05	-0.00013112161	-0.00013140616	0.0021654393
-0.244	0.756	0	0	0	0.878	0	0	0	1.1303441	0.75028625	-0.00011064002	-6.4694485e-07	2.3971501e-07	-4.899234e-07	-4.1354873e-05	-2.165633e-06	-2.535105e-07	-6.0979038e-06	-2.9714367e-07	5.0764012e-05	2.5863407e-05	-0.00013122922	-0.00013151463	0.0021702023
-0.246	0.754	0	0	0	0.877	0	0	0	1.1309373	0.74784134	-0.00011063644	-6.4612977e-07	2.383148e-07	-4.8902166e-07	-4.157516e-05	-2.1958925e-06	-2.5746591e-07	-6.1533244e-06	-2.98122e-07	5.0836573e-05	2.6126544e-05	-0.0001313357	-0.00013162194	0.0021747643
-0.248	0.752	0	0	0	0.876	0	0	0	1.1315291	0.74539708	-0.00011063209	-6.4521067e-07	2.3703921e-07	-4.8802169e-07	-4.179472e-05	-2.2262465e-06	-2.6123051e-07	-6.208979e-06	-2.9909285e-07	5.0908636e-05	2.6389895e-05	-0.00013144105	-0.0001317281	0.002179129
-0.25	0.75	0	0	0	0.875	0	0	0	1.1321196	0.74295348	-0.000110627	-6.4419104e-07	2.3588212e-07	-4.869266e-07	-4.2013555e-05	-2.2566896e-06	-2.6481209e-07	-6.2648622e-06	-3.0005639e-07	5.0980205e-05	2.6653456e-05	-0.0001315453	-0.00013183313	0.0021833002
-0.252	0.748	0	0	0	0.874	0	0	0	1.1327087	0.74051057	-0.00011062117	-6.4307419e-07	2.3483767e-07	-4.8573937e-07	-4.2231667e-05	-2.2872167e-06	-2.6821813e-07	-6.3209687e-06	-3.0101275e-07	5.1051284e-05	2.6917227e-05	-0.00013164845	-0.00013193703	0.0021872813
-0.254	0.746	0	0	0	0.873	0	0	0	1.1332964	0.73806836	-0.00011061462	-6.4186332e-07	2.3390022e-07	-4.8446283e-07	-4.2449057e-05	-2.3178224e-06	-2.7145585e-07	-6.3772932e-06	-3.019621e-07	5.1121879e-05	2.7181204e-05	-0.00013175051	-0.00013203982	0.002191076
-0.256	0.744	0	0	0	0.872	0	0	0	1.1338828	0.73562688	-0.00011060734	-6.4056145e-07	2.330644e-07	-4.8309967e-07	-4.2665728e-05	-2.3485017e-06	-2.7453218e-07	-6.4338302e-06	-3.0290455e-07	5.1191992e-05	2.7445386e-05	-0.0001318515	-0.00013214151	0.0021946877
-0.258	0.742	0	0	0	0.871	0	0	0	1.1344679	0.73318615	-0.00011059936	-6.3917149e-07	2.3232503e-07	-4.8165248e-07	-4.2881682e-05	-2.3792494e-06	-2.774538e-07	-6.4905746e-06	-3.0384024e-07	5.1261628e-05	2.770977e-05	-0.00013195142	-0.00013224211	0.0021981197
-0.26	0.74	0	0	0	0.87	0	0	0	1.1350516	0.73074619	-0.00011059069	-6.3769622e-07	2.3167714e-07	-4.8012368e-07	-4.3096919e-05	-2.4100606e-06	-2.8022716e-07	-6.547521e-06	-3.047693e-07	5.1330791e-05	2.7974355e-05	-0.0001320503	-0.00013234163	0.0022013752
-0.262	0.738	0	0	0	0.869	0	0	0	1.1356339	0.72830702	-0.00011058132	-6.361383e-07	2.3111597e-07	-4.7851562e-07	-4.3311444e-05	-2.4409303e-06	-2.8285848e-07	-6.6046643e-06	-3.0569184e-07	5.1399486e-05	2.8239137e-05	-0.00013214813	-0.00013244009	0.0022044575
-0.264	0.736	0	0	0	0.868	0	0	0	1.136215	0.72586866	-0.00011057128	-6.3450027e-07	2.3063691e-07	-4.7683052e-07	-4.3525257e-05	-2.4718536e-06	-2.8535378e-07	-6.6619992e-06	-3.0660798e-07	5.1467715e-05	2.8504115e-05	-0.00013224493	-0.00013253749	0.0022073697
-0.266	0.734	0	0	0	0.867	0	0	0	1.1367947	0.72343113	-0.00011056057	-6.3278456e-07	2.3023554e-07	-4.750705e-07	-4.3738362e-05	-2.5028256e-06	-2.8771888e-07	-6.7195207e-06	-3.0751782e-07	5.1535482e-05	2.8769287e-05	-0.00013234071	-0.00013263385	0.0022101149
-0.268	0.732	0	0	0	0.866	0	0	0	1.1373731	0.72099445	-0.00011054919	-6.3099351e-07	2.2990761e-07	-4.7323759e-07	-4.3950759e-05	-2.5338417e-06	-2.8995941e-07	-6.7772234e-06	-3.0842146e-07	5.1602792e-05	2.9034651e-05	-0.00013243548	-0.00013272917	0.002212696
-0.27	0.73	0	0	0	0.865	0	0	0	1.1379502	0.71855864	-0.00011053717	-6.2912935e-07	2.2964901e-07	-4.7133372e-07	-4.4162452e-05	-2.564897e-06	-2.9208084e-07	-6.8351025e-06	-3.09319e-07	5.1669647e-05	2.9300204e-05	-0.00013252925	-0.00013282346	0.002215116
-0.272	0.728	0	0	0	0.864	0	0	0	1.138526	0.71612372	-0.0001105245	-6.2719423e-07	2.2945577e-07	-4.6936073e-07	-4.4373442e-05	-2.5959869e-06	-2.9408847e-07	-6.8931527e-06	-3.1021053e-07	5.1736051e-05	2.9565944e-05	-0.00013262202	-0.00013291674	0.0022173777
-0.274	0.726	0	0	0	0.863	0	0	0	1.1391004	0.7136897	-0.00011051119	-6.251902e-07	2.2932406e-07	-4.673204e-07	-4.4583732e-05	-2.6271069e-06	-2.9598746e-07	-6.9513691e-06	-3.1109614e-07	5.1802007e-05	2.9831871e-05	-0.0001327138	-0.00013300902	0.0022194839
-0.276	0.724	0	0	0	0.862	0	0	0	1.1396736	0.71125661	-0.00011049726	-6.2311924e-07	2.2925019e-07	-4.6521439e-07	-4.4793325e-05	-2.6582523e-06	-2.9778282e-07	-7.0097466e-06	-3.119759e-07	5.186752e-05	3.009798e-05	-0.00013280461	-0.00013310029	0.0022214374
-0.278	0.722	0	0	0	0.861	0	0	0	1.1402455	0.70882446	-0.0001104827	-6.2098323e-07	2.2923056e-07	-4.6304433e-07	-4.5002222e-05	-2.6894188e-06	-2.9947944e-07	-7.0682803e-06	-3.128499e-07	5.193259e-05	3.0364272e-05	-0.00013289446	-0.00013319057	0.0022232409
-0.28	0.72	0	0	0	0.86	0	0	0	1.140816	0.70639328	-0.00011046753	-6.18784e-07	2.2926169e-07	-4.6081175e-07	-4.5210425e-05	-2.7206019e-06	-3.0108208e-07	-7.1269652e-06	-3.137182e-07	5.1997223e-05	3.0630743e-05	-0.00013298334	-0.00013327988	0.002224897
-0.282	0.718	0	0	0	0.859	0	0	0	1.1413853	0.70396308	-0.00011045174	-6.1652327e-07	2.2934023e-07	-4.5851812e-07	-4.5417938e-05	-2.7517972e-06	-3.0259541e-07	-7.1857964e-06	-3.1458088e-07	5.2061421e-05	3.0897391e-05	-0.00013307127	-0.0001333682	0.0022264083
-0.284	0.716	0	0	0	0.858	0	0	0	1.1419533	0.70153389	-0.00011043536	-6.1420273e-07	2.294629e-07	-4.5616484e-07	-4.5624762e-05	-2.7830004e-06	-3.0402398e-07	-7.2447691e-06	-3.1543798e-07	5.2125187e-05	3.1164216e-05	-0.00013315826	-0.00013345557	0.0022277774
-0.286	0.714	0	0	0	0.857	0	0	0	1.14252	0.69910571	-0.00011041838	-6.1182399e-07	2.2962651e-07	-4.5375326e-07	-4.58309e-05	-2.8142073e-06	-3.0537224e-07	-7.3038783e-06	-3.1628958e-07	5.2188524e-05	3.1431214e-05	-0.00013324431	-0.00013354198	0.0022290067
-0.288	0.712	0	0	0	0.856	0	0	0	1.1430854	0.69667857	-0.00011040081	-6.0938858e-07	2.2982798e-07	-4.5128467e-07	-4.6036355e-05	-2.8454137e-06	-3.0664459e-07	-7.3631193e-06	-3.1713573e-07	5.2251434e-05	3.1698383e-05	-0.00013332943	-0.00013362743	0.0022300986
-0.29	0.71	0	0	0	0.855	0	0	0	1.1436496	0.69425248	-0.00011038266	-6.06898e-07	2.3006428e-07	-4.487603e-07	-4.6241127e-05	-2.8766154e-06	-3.0784532e-07	-7.4224872e-06	-3.1797646e-07	5.2313921e-05	3.1965723e-05	-0.00013341363	-0.00013371195	0.0022310557
-0.292	0.708	0	0	0	0.854	0	0	0	1.1442125	0.69182747	-0.00011036393	-6.0435366e-07	2.3033247e-07	-4.4618132e-07	-4.6445221e-05	-2.9078084e-06	-3.0897868e-07	-7.4819773e-06	-3.1881184e-07	5.2375987e-05	3.2233231e-05	-0.00013349691	-0.00013379553	0.0022318803
-0.294	0.706	0	0	0	0.853	0	0	0	1.1447741	0.68940355	-0.00011034462	-6.0175693e-07	2.3062966e-07	-4.4354886e-07	-4.6648637e-05	-2.9389885e-06	-3.1004884e-07	-7.5415849e-06	-3.1964189e-07	5.2437634e-05	3.2500905e-05	-0.00013357929	-0.00013387818	0.0022325746
-0.296	0.704	0	0	0	0.852	0	0	0	1.1453344	0.68698073	-0.00011032475	-5.9910913e-07	2.3095304e-07	-4.4086399e-07	-4.685138e-05	-2.9701519e-06	-3.1105993e-07	-7.6013052e-06	-3.2046665e-07	5.2498866e-05	3.2768744e-05	-0.00013366076	-0.00013395991	0.0022331411
-0.298	0.702	0	0	0	0.851	0	0	0	1.1458935	0.68455904	-0.00011030431	-5.9641152e-07	2.3129986e-07	-4.3812775e-07	-4.705345e-05	-3.0012945e-06	-3.1201603e-07	-7.6611335e-06	-3.2128615e-07	5.2559684e-05	3.3036745e-05	-0.00013374133	-0.00013404072	0.002233582
-0.3	0.7	0	0	0	0.85	0	0	0	1.1464513	0.6821385	-0.00011028332	-5.9366532e-07	2.3166738e-07	-4.3534112e-07	-4.7254851e-05	-3.0324126e-06	-3.129212e-07	-7.7210653e-06	-3.2210043e-07	5.2620091e-05	3.3304907e-05	inf	inf	inf
