lambda	F11	F12	F13	F21	F22	F23	F31	F32	F33	J	P11	P12	P13	P21	P22	P23	P31	P32	P33	p	StrEn	t(1)	t(2)	d
0	1	0	0	0	1	0	0	0	1	1	0	0	0	0	0	0	0	0	0	-0	0	inf	inf	inf
-0.002	0.998	0	0	0	0.999	0	-0	-0	1.0006179	0.99761802	-1.2332019e-05	-8.1291337e-08	4.1054462e-08	-9.4474572e-08	-6.8055837e-06	6.9529265e-08	4.8038149e-08	4.8079418e-08	-2.4459507e-09	6.3800163e-06	1.6218801e-08	-1.573408e-05	-1.5410746e-05	-0.020981106
-0.004	0.996	0	0	0	0.998	0	-0	-0	1.0011952	0.99519603	-2.3294204e-05	-1.2396079e-07	1.0980003e-07	-1.5207705e-07	-1.2536309e-05	1.6702457e-07	1.1826247e-07	1.15557e-07	-6.5009399e-09	1.1945671e-05	6.1642983e-08	-2.956057e-05	-2.9367451e-05	-0.0065759566
-0.006	0.994	0	0	0	0.997	0	-0	-0	1.0017178	0.9927204	-3.3448604e-05	-1.5571589e-07	2.3324073e-07	-1.9913899e-07	-1.7884081e-05	2.9571496e-07	2.4649619e-07	2.2622848e-07	-1.2253636e-08	1.711498e-05	1.3368861e-07	-4.2387719e-05	-4.2119817e-05	-0.0063604653
-0.008	0.992	0	0	0	0.996	0	-0	-0	1.0021504	0.99015662	-4.2521172e-05	-1.8744476e-07	4.5422231e-07	-2.4603976e-07	-2.2814715e-05	4.7319811e-07	4.7551892e-07	3.9201513e-07	-2.011567e-08	2.1785334e-05	2.3012225e-07	-5.3924897e-05	-5.3555094e-05	-0.0069050994
-0.01	0.99	0	0	0	0.995	0	-0	-0	1.0024402	0.98745371	-5.0097935e-05	-2.1742817e-07	7.4193099e-07	-2.8903924e-07	-2.7279893e-05	7.007198e-07	7.7629958e-07	6.1357713e-07	-2.8277388e-08	2.5802035e-05	3.4790898e-07	-6.3734603e-05	-6.3342292e-05	-0.0061935122
-0.012	0.988	0	0	0	0.994	0	-0	-0	1.0026141	0.98463921	-5.6179718e-05	-2.0945338e-07	9.6633147e-07	-2.923334e-07	-3.1278233e-05	9.5476029e-07	1.0174128e-06	8.6803211e-07	-3.4525432e-08	2.9164159e-05	4.8349142e-07	-7.1816373e-05	-7.144162e-05	-0.0052455808
-0.014	0.986	0	0	0	0.993	0	-0	-0	1.0027254	0.98176639	-6.0988616e-05	-1.4970207e-07	1.1197023e-06	-2.4330879e-07	-3.4876995e-05	1.210413e-06	1.1886026e-06	1.1287058e-06	-3.9408224e-08	3.196834e-05	6.3367546e-07	-7.8425237e-05	-7.8074475e-05	-0.0044926637
-0.016	0.984	0	0	0	0.992	0	-0	-0	1.0028046	0.97886561	-6.4738238e-05	-6.3433751e-08	1.2556709e-06	-1.6639807e-07	-3.8126465e-05	1.4655852e-06	1.3438353e-06	1.3921781e-06	-4.338005e-08	3.4302694e-05	7.9578932e-07	-8.3800042e-05	-8.3434576e-05	-0.004380262
-0.018	0.982	0	0	0	0.991	0	-0	-0	1.0028571	0.97594242	-6.7505382e-05	4.3457933e-08	1.4739839e-06	-5.7251486e-08	-4.0773102e-05	1.5220813e-06	1.5915029e-06	1.4566818e-06	-4.6775332e-08	3.610842e-05	9.6741377e-07	-8.7891014e-05	-8.7673858e-05	-0.002476859
-0.02	0.98	0	0	0	0.99	0	-0	-0	1.0028832	0.97299726	-6.9695553e-05	1.0787429e-07	1.5792044e-06	-2.7932224e-10	-4.3330071e-05	1.4495763e-06	1.7163912e-06	1.3918696e-06	-5.0203875e-08	3.7691942e-05	1.1464848e-06	-9.1360034e-05	-9.113495e-05	-0.0024697902
-0.022	0.978	0	0	0	0.989	0	-0	-0	1.0029012	0.97004819	-7.1449863e-05	1.5547402e-07	1.6529258e-06	3.7104926e-08	-4.5724309e-05	1.3944802e-06	1.8071809e-06	1.3458406e-06	-5.2950891e-08	3.9075708e-05	1.3319536e-06	-9.4311617e-05	-9.4100886e-05	-0.002239409
-0.024	0.976	0	0	0	0.988	0	-0	-0	1.0029135	0.96709743	-7.2872322e-05	1.9243208e-07	1.7103354e-06	6.2508084e-08	-4.7940607e-05	1.3471979e-06	1.8802535e-06	1.3085403e-06	-5.5107851e-08	4.0289346e-05	1.5228883e-06	-9.6842343e-05	-9.6645943e-05	-0.0020321623
-0.026	0.974	0	0	0	0.987	0	-0	-0	1.0029217	0.96414674	-7.4045548e-05	2.216659e-07	1.7563417e-06	7.9359345e-08	-4.998388e-05	1.304466e-06	1.9409122e-06	1.2764231e-06	-5.6759696e-08	4.1362062e-05	1.7185373e-06	-9.9037294e-05	-9.8852203e-05	-0.0018723982
-0.028	0.972	0	0	0	0.986	0	-0	-0	1.0029271	0.96119736	-7.5030156e-05	2.4509333e-07	1.7934641e-06	8.9873964e-08	-5.1863132e-05	1.2648229e-06	1.9918799e-06	1.2478122e-06	-5.7984523e-08	4.2317091e-05	1.9182971e-06	-0.00010096159	-0.00010078488	-0.0017533288
-0.03	0.97	0	0	0	0.985	0	-0	-0	1.0029307	0.95825017	-7.587008e-05	2.6410121e-07	1.8232984e-06	9.5644422e-08	-5.3588861e-05	1.2274814e-06	2.0348724e-06	1.2217425e-06	-5.8852466e-08	4.3172598e-05	2.1216769e-06	-0.00010266442	-0.00010249368	-0.0016659014
-0.032	0.968	0	0	0	0.984	0	-0	-0	1.002933	0.95530576	-7.6597316e-05	2.7972925e-07	1.8469874e-06	9.7862308e-08	-5.5172264e-05	1.1919569e-06	2.0711069e-06	1.1975804e-06	-5.942485e-08	4.3943002e-05	2.3282718e-06	-0.00010418339	-0.00010401669	-0.0016026119
-0.034	0.966	0	0	0	0.983	0	-0	-0	1.0029345	0.95236455	-7.723543e-05	2.9276982e-07	1.8654156e-06	9.7434635e-08	-5.6624785e-05	1.1579223e-06	2.1015163e-06	1.1748755e-06	-5.9754191e-08	4.463999e-05	2.5377436e-06	-0.00010554779	-0.00010538363	-0.0015577329
-0.036	0.964	0	0	0	0.982	0	-0	-0	1.0029354	0.94942682	-7.7802018e-05	3.0383214e-07	1.8793026e-06	9.5057194e-08	-5.7957759e-05	1.1251425e-06	2.1268539e-06	1.1532926e-06	-5.9884749e-08	4.5273221e-05	2.7498063e-06	-0.00010678088	-0.00010661808	-0.0015269417
-0.038	0.962	0	0	0	0.981	0	-0	-0	1.002936	0.94649275	-7.8310408e-05	3.133871e-07	1.8892519e-06	9.1265618e-08	-5.9182133e-05	1.0934403e-06	2.1477488e-06	1.1325762e-06	-5.9853348e-08	4.5850798e-05	2.9642159e-06	-0.00010790146	-0.0001077391	-0.0015069446
-0.04	0.96	0	0	0	0.98	0	-0	-0	1.0029363	0.94356249	-7.8770836e-05	3.218001e-07	1.8957783e-06	8.6472817e-08	-6.0308252e-05	1.0626777e-06	2.1647372e-06	1.1125286e-06	-5.9690281e-08	4.6379593e-05	3.1807628e-06	-0.00010892495	-0.00010876233	-0.001495197
-0.042	0.958	0	0	0	0.979	0	-0	-0	1.0029366	0.94063614	-7.9191268e-05	3.2935551e-07	1.899325e-06	8.0997193e-08	-6.1345731e-05	1.0327434e-06	2.1782811e-06	1.0929952e-06	-5.9420212e-08	4.6865473e-05	3.3992653e-06	-0.00010986413	-0.0001097007	-0.0014897089
-0.044	0.956	0	0	0	0.978	0	-0	-0	1.0029368	0.93771377	-7.9577985e-05	3.3627538e-07	1.9002743e-06	7.5084218e-08	-6.2303386e-05	1.0035454e-06	2.1887808e-06	1.0738541e-06	-5.9063014e-08	4.7313478e-05	3.6195656e-06	-0.00011072967	-0.00011056505	-0.00148891
-0.046	0.954	0	0	0	0.977	0	-0	-0	1.002937	0.93479543	-7.9935997e-05	3.4273364e-07	1.8989555e-06	6.8923044e-08	-6.3189217e-05	9.7500489e-07	2.1965832e-06	1.0550082e-06	-5.8634528e-08	4.7727949e-05	3.8415255e-06	-0.0001115306	-0.00011136449	-0.0014915545
-0.048	0.952	0	0	0	0.976	0	-0	-0	1.0029372	0.93188115	-8.0269339e-05	3.4886712e-07	1.8956518e-06	6.2659334e-08	-6.4010427e-05	9.4705319e-07	2.2019886e-06	1.036379e-06	-5.8147229e-08	4.8112638e-05	4.0650235e-06	-0.00011227454	-0.00011210676	-0.0014966509
-0.05	0.95	0	0	0	0.975	0	-0	-0	1.0029376	0.92897095	-8.05813e-05	3.5478393e-07	1.8906053e-06	5.6405188e-08	-6.4773466e-05	9.1962847e-07	2.205256e-06	1.0179023e-06	-5.7610795e-08	4.8470792e-05	4.2899525e-06	-0.00011296802	-0.00011279844	-0.0015034091
-0.052	0.948	0	0	0	0.974	0	-0	-0	1.0029381	0.92606487	-8.0874578e-05	3.6057005e-07	1.8840219e-06	5.0246832e-08	-6.5484085e-05	8.9267401e-07	2.2066073e-06	9.9952452e-07	-5.7032591e-08	4.8805232e-05	4.5162173e-06	-0.00011361661	-0.00011344517	-0.001511199
-0.054	0.946	0	0	0	0.973	0	-0	-0	1.0029387	0.9231629	-8.1151411e-05	3.6629439e-07	1.8760758e-06	4.425057e-08	-6.6147398e-05	8.6613666e-07	2.2062324e-06	9.8119997e-07	-5.6418078e-08	4.9118409e-05	4.7437332e-06	-0.00011422509	-0.00011405179	-0.0015195183
-0.056	0.944	0	0	0	0.972	0	-0	-0	1.0029394	0.92026507	-8.1413665e-05	3.7201268e-07	1.8669129e-06	3.8467416e-08	-6.6767947e-05	8.3996587e-07	2.2042921e-06	9.6288874e-07	-5.5771145e-08	4.9412461e-05	4.9724244e-06	-0.00011479762	-0.00011462248	-0.0015279668
-0.058	0.942	0	0	0	0.971	0	-0	-0	1.0029402	0.91737137	-8.1662906e-05	3.7777062e-07	1.8566545e-06	3.2936688e-08	-6.7349763e-05	8.1411278e-07	2.2009216e-06	9.4455508e-07	-5.5094383e-08	4.9689254e-05	5.2022231e-06	-0.00011533776	-0.00011516085	-0.0015362253
-0.06	0.94	0	0	0	0.97	0	-0	-0	1.0029412	0.91448181	-8.1900456e-05	3.8360623e-07	1.8454001e-06	2.7688824e-08	-6.7896419e-05	7.885297e-07	2.1962334e-06	9.2616623e-07	-5.4389307e-08	4.9950421e-05	5.4330678e-06	-0.00011584864	-0.00011567004	-0.001544039
-0.062	0.938	0	0	0	0.969	0	-0	-0	1.0029424	0.9115964	-8.2127439e-05	3.895518e-07	1.8332303e-06	2.2747583e-08	-6.8411089e-05	7.6316957e-07	2.19032e-06	9.0769142e-07	-5.3656537e-08	5.0197395e-05	5.6649032e-06	-0.00011633295	-0.00011615277	-0.0015512045
-0.064	0.936	0	0	0	0.968	0	-0	-0	1.0029437	0.90871512	-8.2344809e-05	3.9563538e-07	1.8202089e-06	1.8131786e-08	-6.8896592e-05	7.3798566e-07	2.1832563e-06	8.8910115e-07	-5.289594e-08	5.0431432e-05	5.8976789e-06	-0.00011679307	-0.00011661144	-0.0015575585
-0.066	0.934	0	0	0	0.967	0	-0	-0	1.0029452	0.905838	-8.2553382e-05	4.01882e-07	1.806385e-06	1.3856703e-08	-6.9355433e-05	7.1293127e-07	2.175101e-06	8.7036665e-07	-5.2106748e-08	5.065364e-05	6.131349e-06	-0.00011723106	-0.00011704812	-0.0015629698
-0.068	0.932	0	0	0	0.966	0	-0	-0	1.0029468	0.90296501	-8.2753854e-05	4.0831465e-07	1.7917946e-06	9.9351597e-09	-6.9789841e-05	6.8795951e-07	2.1658989e-06	8.5145951e-07	-5.1287649e-08	5.0864994e-05	6.3658714e-06	-0.00011764873	-0.00011746462	-0.0015673316
-0.07	0.93	0	0	0	0.965	0	-0	-0	1.0029485	0.90009617	-8.294682e-05	4.1495511e-07	1.7764623e-06	6.3784415e-09	-7.0201804e-05	6.6302315e-07	2.1556822e-06	8.3235137e-07	-5.043686e-08	5.1066354e-05	6.6012075e-06	-0.00011804767	-0.00011786257	-0.0015705569
-0.072	0.928	0	0	0	0.964	0	-0	-0	1.0029505	0.89723148	-8.3132787e-05	4.218246e-07	1.7604023e-06	3.197037e-09	-7.0593095e-05	6.3807449e-07	2.1444718e-06	8.1301371e-07	-4.9552187e-08	5.1258478e-05	6.8373217e-06	-0.00011842928	-0.00011824334	-0.0015725736
-0.074	0.926	0	0	0	0.963	0	-0	-0	1.0029526	0.89437092	-8.3312185e-05	4.2894436e-07	1.74362e-06	4.0125746e-10	-7.0965297e-05	6.1306537e-07	2.1322786e-06	7.9341783e-07	-4.8631078e-08	5.1442038e-05	7.0741809e-06	-0.00011879478	-0.00011860817	-0.0015733215
-0.076	0.924	0	0	0	0.962	0	-0	-0	1.0029548	0.89151451	-8.3485377e-05	4.3633612e-07	1.7261126e-06	-1.9982365e-09	-7.1319827e-05	5.8794713e-07	2.1191042e-06	7.7353477e-07	-4.767066e-08	5.1617625e-05	7.3117543e-06	-0.00011914523	-0.00011895814	-0.0015727497
-0.078	0.922	0	0	0	0.961	0	-0	-0	1.0029572	0.88866223	-8.3652663e-05	4.4402252e-07	1.7078701e-06	-3.9899821e-09	-7.1657953e-05	5.6267068e-07	2.1049423e-06	7.5333546e-07	-4.6667784e-08	5.1785761e-05	7.5500134e-06	-0.00011948158	-0.00011929419	-0.0015708151
-0.08	0.92	0	0	0	0.96	0	-0	-0	1.0029598	0.88581409	-8.381429e-05	4.5202746e-07	1.6888763e-06	-5.5613204e-09	-7.198081e-05	5.3718675e-07	2.0897796e-06	7.3279088e-07	-4.5619062e-08	5.1946906e-05	7.7889311e-06	-0.00011980463	-0.00011961714	-0.0015674816
-0.082	0.918	0	0	0	0.959	0	-0	-0	1.0029625	0.88297008	-8.3970453e-05	4.6037638e-07	1.6691096e-06	-6.698055e-09	-7.2289419e-05	5.1144606e-07	2.0735964e-06	7.1187231e-07	-4.4520908e-08	5.2101464e-05	8.028482e-06	-0.0001201151	-0.00011992769	-0.0015627196
-0.084	0.916	0	0	0	0.958	0	-0	-0	1.0029654	0.8801302	-8.4121303e-05	4.6909654e-07	1.6485441e-06	-7.3841582e-09	-7.2584693e-05	4.8539978e-07	2.056368e-06	6.9055183e-07	-4.3369586e-08	5.2249788e-05	8.2686419e-06	-0.00012041359	-0.00012022645	-0.0015565065
-0.086	0.914	0	0	0	0.957	0	-0	-0	1.0029684	0.87729445	-8.4266945e-05	4.7821711e-07	1.6271503e-06	-7.6015286e-09	-7.2867454e-05	4.5900005e-07	2.0380656e-06	6.6880277e-07	-4.216127e-08	5.2392187e-05	8.5093878e-06	-0.00012070061	-0.00012051395	-0.0015488283
-0.088	0.912	0	0	0	0.956	0	-0	-0	1.0029715	0.8744628	-8.4407447e-05	4.8776934e-07	1.6048962e-06	-7.3298088e-09	-7.313844e-05	4.3220067e-07	2.0186575e-06	6.4660047e-07	-4.089211e-08	5.2528926e-05	8.7506977e-06	-0.0001209766	-0.00012079062	-0.0015396815
-0.09	0.91	0	0	0	0.955	0	-0	-0	1.0029748	0.87163527	-8.4542836e-05	4.977865e-07	1.5817489e-06	-6.5462753e-09	-7.3398313e-05	4.0495805e-07	1.9981108e-06	6.2392311e-07	-3.9558322e-08	5.2660236e-05	8.9925503e-06	-0.00012124193	-0.00012105682	-0.0015290759
-0.092	0.908	0	0	0	0.954	0	-0	-0	1.0029782	0.86881184	-8.4673109e-05	5.0830375e-07	1.557676e-06	-5.2258217e-09	-7.3647674e-05	3.7723227e-07	1.9763928e-06	6.0075274e-07	-3.815629e-08	5.2786313e-05	9.234925e-06	-0.00012149688	-0.00012131284	-0.0015170384
-0.094	0.906	0	0	0	0.953	0	-0	-0	1.0029817	0.86599249	-8.4798227e-05	5.193579e-07	1.532647e-06	-3.3410585e-09	-7.388706e-05	3.4898846e-07	1.9534732e-06	5.7707649e-07	-3.6682691e-08	5.2907323e-05	9.4778016e-06	-0.00012174169	-0.00012155891	-0.0015036175
-0.096	0.904	0	0	0	0.952	0	-0	-0	1.0029854	0.86317722	-8.4918125e-05	5.3098689e-07	1.5066357e-06	-8.6255733e-10	-7.4116961e-05	3.201983e-07	1.9293259e-06	5.5288788e-07	-3.5134648e-08	5.3023407e-05	9.7211606e-06	-0.00012197654	-0.0001217952	-0.0014888883
-0.098	0.902	0	0	0	0.951	0	-0	-0	1.0029891	0.86036602	-8.5032715e-05	5.4322919e-07	1.4796219e-06	2.2407307e-09	-7.4337821e-05	2.9084177e-07	1.903932e-06	5.2818831e-07	-3.3509895e-08	5.3134682e-05	9.9649825e-06	-0.00012220156	-0.00012202183	-0.0014729583
-0.1	0.9	0	0	0	0.95	0	-0	-0	1.0029928	0.85755886	-8.5141887e-05	5.5612288e-07	1.4515944e-06	6.0008566e-09	-7.4550049e-05	2.6090899e-07	1.8772822e-06	5.0298852e-07	-3.1806965e-08	5.3241248e-05	1.0209248e-05	-0.00012241685	-0.00012223888	-0.0014559724
-0.102	0.898	0	0	0	0.949	0	-0	-0	1.0029966	0.85475572	-8.5245523e-05	5.6970455e-07	1.4225531e-06	1.0450038e-08	-7.4754022e-05	2.3040202e-07	1.8493796e-06	4.7731002e-07	-3.0025386e-08	5.334319e-05	1.0453938e-05	-0.00012262248	-0.00012244638	-0.0014381175
-0.104	0.896	0	0	0	0.948	0	-0	-0	1.0030004	0.8519566	-8.5343495e-05	5.8400797e-07	1.3925115e-06	1.5619606e-08	-7.4950094e-05	1.9933664e-07	1.8202426e-06	4.5118632e-07	-2.8165872e-08	5.3440585e-05	1.0699033e-05	-0.00012281849	-0.00012264438	-0.0014196254
-0.106	0.894	0	0	0	0.947	0	-0	-0	1.0030043	0.84916146	-8.5435683e-05	5.990626e-07	1.3614991e-06	2.1538752e-08	-7.5138602e-05	1.6774372e-07	1.7899071e-06	4.2466382e-07	-2.6230498e-08	5.3533505e-05	1.0944515e-05	-0.00012300493	-0.00012283287	-0.0014007737
-0.108	0.892	0	0	0	0.946	0	-0	-0	1.003008	0.84637028	-8.5521975e-05	6.1489199e-07	1.3295629e-06	2.8233132e-08	-7.5319873e-05	1.356701e-07	1.7584286e-06	3.978021e-07	-2.4222839e-08	5.3622024e-05	1.1190365e-05	-0.00012318187	-0.00012301188	-0.0013818819
-0.11	0.89	0	0	0	0.945	0	-0	-0	1.0030118	0.84358303	-8.5602283e-05	6.3151225e-07	1.2967687e-06	3.5723408e-08	-7.5494228e-05	1.0317884e-07	1.7258834e-06	3.7067367e-07	-2.2148047e-08	5.370622e-05	1.1436563e-05	-0.00012334936	-0.00012318142	-0.0013633053
-0.112	0.888	0	0	0	0.944	0	-0	-0	1.0030154	0.84079971	-8.5676549e-05	6.4893059e-07	1.2632012e-06	4.4023838e-08	-7.5661987e-05	7.0348488e-08	1.6923688e-06	3.4336283e-07	-2.0012856e-08	5.3786183e-05	1.1683091e-05	-0.00012350751	-0.00012334156	-0.0013454227
-0.114	0.886	0	0	0	0.943	0	-0	-0	1.0030189	0.83802027	-8.5744753e-05	6.671443e-07	1.228963e-06	5.3141052e-08	-7.5823474e-05	3.7271462e-08	1.6580014e-06	3.1596373e-07	-1.7825494e-08	5.3862018e-05	1.1929929e-05	-0.00012365646	-0.00012349239	-0.0013286216
-0.116	0.884	0	0	0	0.942	0	-0	-0	1.0030223	0.83524471	-8.580692e-05	6.8614002e-07	1.1941723e-06	6.3073136e-08	-7.5979018e-05	4.0515027e-09	1.6229156e-06	2.8857769e-07	-1.5595506e-08	5.3933845e-05	1.217706e-05	-0.0001237964	-0.00012363404	-0.0013132797
-0.118	0.882	0	0	0	0.941	0	-0	-0	1.0030254	0.83247301	-8.5863123e-05	7.0589369e-07	1.1589604e-06	7.3809141e-08	-7.6128953e-05	-2.9199708e-08	1.5872595e-06	2.6130994e-07	-1.3333485e-08	5.4001803e-05	1.2424465e-05	-0.00012392758	-0.00012376671	-0.0012997462
-0.12	0.88	0	0	0	0.94	0	-0	-0	1.0030285	0.82970514	-8.5913485e-05	7.26371e-07	1.1234669e-06	8.532908e-08	-7.6273618e-05	-6.2366448e-08	1.5511904e-06	2.3426599e-07	-1.1050739e-08	5.4066051e-05	1.2672127e-05	-0.00012405028	-0.00012389067	-0.0012883239
-0.122	0.878	0	0	0	0.939	0	-0	-0	1.0030313	0.82694111	-8.5958176e-05	7.4752843e-07	1.0878359e-06	9.7604432e-08	-7.6413353e-05	-9.5333087e-08	1.5148703e-06	2.0754801e-07	-8.7589189e-09	5.4126763e-05	1.2920028e-05	-0.00012416484	-0.00012400621	-0.0012792542
-0.124	0.876	0	0	0	0.938	0	-0	-0	1.0030339	0.8241809	-8.5997409e-05	7.693147e-07	1.052211e-06	1.1059908e-07	-7.65485e-05	-1.2798808e-07	1.4784603e-06	1.8125144e-07	-6.4696316e-09	5.4184126e-05	1.3168152e-05	-0.00012427165	-0.00012411369	-0.001272708
-0.126	0.874	0	0	0	0.937	0	-0	-0	1.0030363	0.82142451	-8.6031432e-05	7.9167266e-07	1.0167311e-06	1.2427064e-07	-7.6679393e-05	-1.602275e-07	1.4421163e-06	1.554622e-07	-4.194084e-09	5.423834e-05	1.3416483e-05	-0.00012437112	-0.00012421352	-0.0012687811
-0.128	0.872	0	0	0	0.936	0	-0	-0	1.0030384	0.81867195	-8.6060524e-05	8.1454114e-07	9.8152677e-07	1.3857193e-07	-7.6806359e-05	-1.919579e-07	1.4059844e-06	1.3025458e-07	-1.942772e-09	5.4289609e-05	1.3665006e-05	-0.0001244637	-0.00012430614	-0.0012674964
-0.13	0.87	0	0	0	0.935	0	-0	-0	1.0030404	0.81592321	-8.6084981e-05	8.3785702e-07	9.4671703e-07	1.5345264e-07	-7.6929713e-05	-2.230983e-07	1.370198e-06	1.0568995e-07	2.7476176e-10	5.433814e-05	1.3913707e-05	-0.00012454984	-0.00012439201	-0.0012688101
-0.132	0.868	0	0	0	0.934	0	-0	-0	1.0030422	0.81317831	-8.6105113e-05	8.6155693e-07	9.1240754e-07	1.6886085e-07	-7.7049752e-05	-2.5358136e-07	1.3348755e-06	8.1816245e-08	2.4500928e-09	5.4384138e-05	1.4162574e-05	-0.00012462999	-0.00012447159	-0.001272622
-0.134	0.866	0	0	0	0.933	0	-0	-0	1.0030437	0.81043725	-8.612123e-05	8.8557886e-07	8.7868938e-07	1.8474445e-07	-7.7166757e-05	-2.833537e-07	1.3001193e-06	5.866814e-08	4.5760066e-09	5.4427804e-05	1.4411594e-05	-0.00012470461	-0.00012454534	-0.0012787874
-0.136	0.864	0	0	0	0.932	0	-0	-0	1.0030451	0.80770005	-8.6133641e-05	9.098634e-07	8.4563869e-07	2.0105233e-07	-7.7280989e-05	-3.1237561e-07	1.2660151e-06	3.6267772e-08	6.6465222e-09	5.4469328e-05	1.4660755e-05	-0.00012477414	-0.00012461375	-0.0012871296
-0.138	0.862	0	0	0	0.931	0	-0	-0	1.0030463	0.80496672	-8.6142647e-05	9.3435466e-07	8.1331708e-07	2.1773539e-07	-7.7392686e-05	-3.4062019e-07	1.2326327e-06	1.4625849e-08	8.656861e-09	5.4508892e-05	1.4910049e-05	-0.000124839	-0.00012467723	-0.0012974519
-0.14	0.86	0	0	0	0.93	0	-0	-0	1.0030473	0.80223727	-8.6148535e-05	9.5900089e-07	7.8177237e-07	2.3474719e-07	-7.7502066e-05	-3.6807221e-07	1.2000266e-06	-6.2569928e-09	1.0603375e-08	5.4546666e-05	1.5159464e-05	-0.00012489957	-0.00012473623	-0.0013095476
-0.142	0.858	0	0	0	0.929	0	-0	-0	1.0030483	0.79951171	-8.6151575e-05	9.8375489e-07	7.5103986e-07	2.5204445e-07	-7.7609329e-05	-3.9472667e-07	1.1682375e-06	-2.6388743e-08	1.2483449e-08	5.4582807e-05	1.5408994e-05	-0.00012495624	-0.00012479112	-0.0013232094
-0.144	0.856	0	0	0	0.928	0	-0	-0	1.003049	0.79679007	-8.6152021e-05	1.0085741e-06	7.211436e-07	2.6958735e-07	-7.7714652e-05	-4.205874e-07	1.1372941e-06	-4.5784561e-08	1.4295383e-08	5.4617459e-05	1.5658629e-05	-0.00012500935	-0.00012484228	-0.001338235
-0.146	0.854	0	0	0	0.927	0	-0	-0	1.0030497	0.79407234	-8.6150108e-05	1.0334205e-06	6.920979e-07	2.873396e-07	-7.7818193e-05	-4.4566561e-07	1.1072139e-06	-6.4465405e-08	1.6038273e-08	5.4650754e-05	1.5908363e-05	-0.00012505921	-0.00012489005	-0.0013544329
-0.148	0.852	0	0	0	0.926	0	-0	-0	1.0030503	0.79135856	-8.6146053e-05	1.0582607e-06	6.6390872e-07	3.0526848e-07	-7.7920096e-05	-4.6997852e-07	1.0780059e-06	-8.2456775e-08	1.7711892e-08	5.4682812e-05	1.6158189e-05	-0.00012510611	-0.00012493474	-0.0013716248
-0.15	0.85	0	0	0	0.925	0	-0	-0	1.0030508	0.78864871	-8.6140053e-05	1.0830654e-06	6.3657505e-07	3.2334469e-07	-7.8020486e-05	-4.9354817e-07	1.0496709e-06	-9.9787612e-08	1.9316579e-08	5.4713741e-05	1.6408102e-05	-0.0001251503	-0.00012497663	-0.0013896477
-0.152	0.848	0	0	0	0.924	0	-0	-0	1.0030513	0.78594283	-8.6132287e-05	1.107809e-06	6.1009016e-07	3.4154217e-07	-7.8119475e-05	-5.164003e-07	1.0222038e-06	-1.1648935e-07	2.0853132e-08	5.4743636e-05	1.6658096e-05	-0.00012519203	-0.00012501596	-0.0014083548
-0.154	0.846	0	0	0	0.923	0	-0	-0	1.0030517	0.78324092	-8.612292e-05	1.1324699e-06	5.8444271e-07	3.5983793e-07	-7.8217161e-05	-5.3856346e-07	9.955944e-07	-1.3259514e-07	2.2322718e-08	5.4772586e-05	1.6908166e-05	-0.0001252315	-0.00012505298	-0.0014276156
-0.156	0.844	0	0	0	0.922	0	-0	-0	1.003052	0.78054298	-8.6112098e-05	1.1570292e-06	5.5961774e-07	3.7821173e-07	-7.8313631e-05	-5.6006823e-07	9.698285e-07	-1.4813918e-07	2.3726794e-08	5.4800667e-05	1.7158307e-05	-0.00012526892	-0.00012508788	-0.001447315
-0.158	0.842	0	0	0	0.921	0	-0	-0	1.0030523	0.77784903	-8.6099954e-05	1.1814713e-06	5.355975e-07	3.9664593e-07	-7.840896e-05	-5.8094654e-07	9.4488893e-07	-1.6315622e-07	2.5067035e-08	5.4827949e-05	1.7408517e-05	-0.00012530444	-0.00012512084	-0.0014673528
-0.16	0.84	0	0	0	0.92	0	-0	-0	1.0030526	0.77515908	-8.6086609e-05	1.2057829e-06	5.123622e-07	4.1512515e-07	-7.8503216e-05	-6.0123118e-07	9.2075625e-07	-1.7768117e-07	2.6345277e-08	5.4854493e-05	1.7658791e-05	-0.00012533822	-0.00012515204	-0.0014876427
-0.162	0.838	0	0	0	0.919	0	-0	-0	1.0030529	0.77247313	-8.6072169e-05	1.2299529e-06	4.8989061e-07	4.336361e-07	-7.8596456e-05	-6.2095537e-07	8.9740946e-07	-1.9174877e-07	2.7563469e-08	5.4880354e-05	1.7909125e-05	-0.0001253704	-0.00012518161	-0.0015081109
-0.164	0.836	0	0	0	0.918	0	-0	-0	1.0030532	0.76979119	-8.6056732e-05	1.2539725e-06	4.6816054e-07	4.5216729e-07	-7.8688731e-05	-6.4015246e-07	8.7482653e-07	-2.0539341e-07	2.8723629e-08	5.490558e-05	1.8159517e-05	-0.0001254011	-0.00012520969	-0.0015286952
-0.166	0.834	0	0	0	0.917	0	-0	-0	1.0030535	0.76711327	-8.6040383e-05	1.2778342e-06	4.4714929e-07	4.707089e-07	-7.8780085e-05	-6.5885568e-07	8.5298484e-07	-2.1864893e-07	2.9827817e-08	5.4930213e-05	1.8409964e-05	-0.00012543043	-0.0001252364	-0.0015493439
-0.168	0.832	0	0	0	0.916	0	-0	-0	1.0030538	0.76443937	-8.6023202e-05	1.3015322e-06	4.2683396e-07	4.892525e-07	-7.8870555e-05	-6.7709798e-07	8.3186156e-07	-2.315486e-07	3.0878101e-08	5.4954293e-05	1.8660463e-05	-0.00012545848	-0.00012526182	-0.0015700143
-0.17	0.83	0	0	0	0.915	0	-0	-0	1.0030542	0.76176949	-8.6005257e-05	1.3250619e-06	4.0719174e-07	5.0779094e-07	-7.8960173e-05	-6.9491187e-07	8.1143395e-07	-2.44125e-07	3.1876544e-08	5.4977851e-05	1.8911011e-05	-0.00012548535	-0.00012528606	-0.0015906725
-0.172	0.828	0	0	0	0.914	0	-0	-0	1.0030545	0.75910365	-8.5986613e-05	1.3484199e-06	3.8820009e-07	5.2631817e-07	-7.9048967e-05	-7.1232943e-07	7.916796e-07	-2.5641008e-07	3.2825182e-08	5.5000918e-05	1.9161607e-05	-0.0001255111	-0.00012530919	-0.001611292
-0.174	0.826	0	0	0	0.913	0	-0	-0	1.0030549	0.75644185	-8.5967324e-05	1.3716035e-06	3.6983698e-07	5.4482909e-07	-7.9136958e-05	-7.293822e-07	7.7257657e-07	-2.6843511e-07	3.3726011e-08	5.5023519e-05	1.9412248e-05	-0.00012553581	-0.00012533129	-0.0016318531
-0.176	0.824	0	0	0	0.912	0	-0	-0	1.0030554	0.75378408	-8.5947442e-05	1.3946112e-06	3.5208095e-07	5.6331942e-07	-7.9224165e-05	-7.4610121e-07	7.541036e-07	-2.8023081e-07	3.4580983e-08	5.5045675e-05	1.9662932e-05	-0.00012555953	-0.00012535241	-0.0016523424
-0.178	0.822	0	0	0	0.911	0	-0	-0	1.0030559	0.75113037	-8.5927013e-05	1.4174416e-06	3.3491124e-07	5.8178561e-07	-7.9310602e-05	-7.6251701e-07	7.362402e-07	-2.9182735e-07	3.5391993e-08	5.5067408e-05	1.9913658e-05	-0.00012558232	-0.00012537261	-0.001672752
-0.18	0.82	0	0	0	0.91	0	-0	-0	1.0030564	0.7484807	-8.5906077e-05	1.4400943e-06	3.1830787e-07	6.0022468e-07	-7.9396278e-05	-7.7865971e-07	7.1896672e-07	-3.0325446e-07	3.6160878e-08	5.5088731e-05	2.0164423e-05	-0.00012560423	-0.00012539193	-0.0016930793
-0.182	0.818	0	0	0	0.909	0	-0	-0	1.003057	0.74583508	-8.5884672e-05	1.4625693e-06	3.022517e-07	6.1863423e-07	-7.94812e-05	-7.9455903e-07	7.0226443e-07	-3.1454153e-07	3.688941e-08	5.5109661e-05	2.0415225e-05	-0.00012562528	-0.00012541041	-0.0017133268
-0.184	0.816	0	0	0	0.908	0	-0	-0	1.0030577	0.74319352	-8.5862831e-05	1.4848667e-06	2.8672445e-07	6.3701225e-07	-7.9565371e-05	-8.1024438e-07	6.8611555e-07	-3.257177e-07	3.7579299e-08	5.5130207e-05	2.0666064e-05	-0.00012564553	-0.0001254281	-0.0017335013
-0.186	0.814	0	0	0	0.907	0	-0	-0	1.0030584	0.74055602	-8.5840583e-05	1.5069872e-06	2.7170874e-07	6.553571e-07	-7.9648789e-05	-8.2574495e-07	6.7050333e-07	-3.3681199e-07	3.8232188e-08	5.515038e-05	2.0916938e-05	-0.00012566499	-0.00012544501	-0.0017536143
-0.188	0.812	0	0	0	0.906	0	-0	-0	1.0030592	0.73792259	-8.5817957e-05	1.5289315e-06	2.5718808e-07	6.7366748e-07	-7.9731449e-05	-8.4108979e-07	6.55412e-07	-3.4785342e-07	3.8849657e-08	5.5170185e-05	2.1167844e-05	-0.0001256837	-0.00012546117	-0.0017736818
-0.19	0.81	0	0	0	0.905	0	-0	-0	1.0030601	0.73529321	-8.5794977e-05	1.5507006e-06	2.4314691e-07	6.9194229e-07	-7.9813342e-05	-8.5630793e-07	6.4082687e-07	-3.588711e-07	3.943322e-08	5.5189629e-05	2.1418782e-05	-0.00012570167	-0.0001254766	-0.0017937239
-0.192	0.808	0	0	0	0.904	0	-0	-0	1.0030611	0.73266791	-8.5771666e-05	1.5722956e-06	2.2957056e-07	7.1018064e-07	-7.9894455e-05	-8.7142846e-07	6.2673424e-07	-3.698944e-07	3.9984328e-08	5.5208712e-05	2.1669751e-05	-0.00012571891	-0.0001254913	-0.0018137654
-0.194	0.806	0	0	0	0.903	0	-0	-0	1.0030621	0.73004668	-8.5748043e-05	1.5937177e-06	2.1644527e-07	7.2838179e-07	-7.997477e-05	-8.8648067e-07	6.131215e-07	-3.8095306e-07	4.0504374e-08	5.5227436e-05	2.1920748e-05	-0.00012573545	-0.00012550529	-0.0018338356
-0.196	0.804	0	0	0	0.902	0	-0	-0	1.0030633	0.72742953	-8.5724128e-05	1.614968e-06	2.0375817e-07	7.4654508e-07	-8.0054267e-05	-9.0149412e-07	5.9997705e-07	-3.9207732e-07	4.0994688e-08	5.52458e-05	2.2171772e-05	-0.00012575129	-0.00012551858	-0.0018539688
-0.198	0.802	0	0	0	0.901	0	-0	-0	1.0030646	0.72481646	-8.5699937e-05	1.6360478e-06	1.9149724e-07	7.6466995e-07	-8.0132916e-05	-9.1649878e-07	5.8729033e-07	-4.0329804e-07	4.1456547e-08	5.5263799e-05	2.2422822e-05	-0.00012576642	-0.00012553115	-0.0018742041
-0.2	0.8	0	0	0	0.9	0	-0	-0	1.0030659	0.72220747	-8.5675485e-05	1.6569581e-06	1.7965131e-07	7.8275586e-07	-8.0210687e-05	-9.3152511e-07	5.7505178e-07	-4.1464679e-07	4.1891173e-08	5.5281427e-05	2.2673897e-05	-0.00012578086	-0.00012554301	-0.0018945862
-0.202	0.798	0	0	0	0.899	0	-0	-0	1.0030674	0.71960256	-8.5650788e-05	1.6777002e-06	1.6821003e-07	8.0080225e-07	-8.028754e-05	-9.4660415e-07	5.6325286e-07	-4.2615602e-07	4.2299735e-08	5.5298676e-05	2.2924994e-05	-0.00012579459	-0.00012555413	-0.0019151653
-0.204	0.796	0	0	0	0.898	0	-0	-0	1.003069	0.71700175	-8.5625858e-05	1.6982751e-06	1.5716378e-07	8.1880858e-07	-8.0363431e-05	-9.6176761e-07	5.5188598e-07	-4.3785907e-07	4.2683357e-08	5.5315535e-05	2.3176113e-05	-0.00012580761	-0.00012556452	-0.0019359979
-0.206	0.794	0	0	0	0.897	0	-0	-0	1.0030707	0.71440503	-8.5600707e-05	1.7186835e-06	1.4650371e-07	8.3677424e-07	-8.0438307e-05	-9.770479e-07	5.4094449e-07	-4.4979028e-07	4.3043116e-08	5.5331991e-05	2.3427252e-05	-0.0001258199	-0.00012557413	-0.0019571467
-0.208	0.792	0	0	0	0.896	0	-0	-0	1.0030726	0.71181241	-8.5575347e-05	1.7389265e-06	1.3622159e-07	8.5469858e-07	-8.051211e-05	-9.9247819e-07	5.3042261e-07	-4.6198499e-07	4.3380049e-08	5.5348026e-05	2.367841e-05	-0.00012583144	-0.00012558296	-0.0019786812
-0.21	0.79	0	0	0	0.895	0	-0	-0	1.0030746	0.70922389	-8.5549788e-05	1.7590046e-06	1.263098e-07	8.7258088e-07	-8.0584771e-05	-1.0080923e-06	5.2031539e-07	-4.744795e-07	4.3695151e-08	5.5363621e-05	2.3929584e-05	-0.00012584222	-0.00012559095	-0.0020006774
-0.212	0.788	0	0	0	0.894	0	-0	-0	1.0030767	0.70663948	-8.552404e-05	1.7789184e-06	1.1676122e-07	8.9042036e-07	-8.0656212e-05	-1.0239249e-06	5.1061859e-07	-4.8731103e-07	4.3989383e-08	5.5378754e-05	2.4180773e-05	-0.00012585219	-0.00012559808	-0.0020232184
-0.214	0.786	0	0	0	0.893	0	-0	-0	1.003079	0.70405917	-8.5498112e-05	1.7986684e-06	1.0756911e-07	9.0821617e-07	-8.0726347e-05	-1.0400108e-06	5.013286e-07	-5.0051748e-07	4.4263674e-08	5.5393398e-05	2.4431976e-05	-0.00012586134	-0.0001256043	-0.0020463934
-0.216	0.784	0	0	0	0.892	0	-0	-0	1.0030815	0.70148298	-8.5472014e-05	1.818255e-06	9.8727002e-08	9.2596747e-07	-8.0795077e-05	-1.0563854e-06	4.9244226e-07	-5.1413721e-07	4.4518924e-08	5.5407524e-05	2.4683191e-05	-0.00012586961	-0.00012560956	-0.0020702974
-0.218	0.782	0	0	0	0.891	0	-0	-0	1.0030841	0.69891091	-8.5445755e-05	1.8376785e-06	9.0228511e-08	9.4367337e-07	-8.0862294e-05	-1.0730839e-06	4.8395674e-07	-5.2820861e-07	4.4756005e-08	5.5421098e-05	2.4934414e-05	-0.00012587696	-0.0001256138	-0.0020950296
-0.22	0.78	0	0	0	0.89	0	-0	-0	1.0030869	0.69634296	-8.5419343e-05	1.8569393e-06	8.2067163e-08	9.6133307e-07	-8.0927878e-05	-1.0901408e-06	4.7586924e-07	-5.4276953e-07	4.4975768e-08	5.5434082e-05	2.5185646e-05	-0.00012588335	-0.00012561695	-0.0021206914
-0.222	0.778	0	0	0	0.889	0	-0	-0	1.0030899	0.69377913	-8.5392787e-05	1.8760377e-06	7.423616e-08	9.7894592e-07	-8.0991698e-05	-1.1075898e-06	4.6817675e-07	-5.5785661e-07	4.5179041e-08	5.5446435e-05	2.5436882e-05	-0.00012588871	-0.00012561895	-0.0021473836
-0.224	0.776	0	0	0	0.888	0	-0	-0	1.0030931	0.69121942	-8.5366096e-05	1.8949744e-06	6.6728127e-08	9.9651147e-07	-8.105361e-05	-1.1254621e-06	4.6087576e-07	-5.7350429e-07	4.5366638e-08	5.5458113e-05	2.5688122e-05	-0.00012589298	-0.00012561973	-0.0021752024
-0.226	0.774	0	0	0	0.887	0	-0	-0	1.0030965	0.68866384	-8.5339279e-05	1.9137502e-06	5.9534829e-08	1.0140297e-06	-8.1113464e-05	-1.1437864e-06	4.5396181e-07	-5.8974377e-07	4.5539353e-08	5.5469068e-05	2.5939361e-05	-0.00012589609	-0.0001256192	-0.0022042341
-0.228	0.772	0	0	0	0.886	0	-0	-0	1.0031	0.68611239	-8.5312345e-05	1.9323663e-06	5.2646858e-08	1.031501e-06	-8.1171097e-05	-1.1625872e-06	4.4742915e-07	-6.0660164e-07	4.5697966e-08	5.5479248e-05	2.6190598e-05	-0.00012589798	-0.00012561728	-0.0022345495
-0.23	0.77	0	0	0	0.885	0	-0	-0	1.0031038	0.68356507	-8.5285304e-05	1.9508246e-06	4.605333e-08	1.0489265e-06	-8.1226345e-05	-1.1818836e-06	4.4127022e-07	-6.2409852e-07	4.5843242e-08	5.5488602e-05	2.644183e-05	-0.00012589857	-0.0001256139	-0.0022661966
-0.232	0.768	0	0	0	0.884	0	-0	-0	1.0031077	0.68102187	-8.5258167e-05	1.9691275e-06	3.9741587e-08	1.0663084e-06	-8.1279038e-05	-1.2016881e-06	4.3547526e-07	-6.4224745e-07	4.597593e-08	5.5497076e-05	2.6693054e-05	-0.00012589778	-0.00012560898	-0.0022991938
-0.234	0.766	0	0	0	0.883	0	-0	-0	1.0031119	0.67848279	-8.5230944e-05	1.9872787e-06	3.369695e-08	1.0836497e-06	-8.132901e-05	-1.2220055e-06	4.3003185e-07	-6.6105245e-07	4.609676e-08	5.5504619e-05	2.6944266e-05	-0.00012589555	-0.00012560245	-0.0023335225
-0.236	0.764	0	0	0	0.882	0	-0	-0	1.0031162	0.67594782	-8.5203646e-05	2.0052826e-06	2.7902544e-08	1.100955e-06	-8.1376102e-05	-1.2428311e-06	4.249246e-07	-6.8050712e-07	4.6206441e-08	5.551118e-05	2.7195464e-05	-0.0001258918	-0.00012559425	-0.0023691217
-0.238	0.762	0	0	0	0.881	0	-0	-0	1.0031206	0.67341696	-8.5176285e-05	2.0231451e-06	2.2339236e-08	1.1182303e-06	-8.1420168e-05	-1.2641503e-06	4.2013489e-07	-7.0059366e-07	4.6305654e-08	5.5516716e-05	2.7446643e-05	-0.00012588647	-0.00012558433	-0.0024058849
-0.24	0.76	0	0	0	0.88	0	-0	-0	1.0031253	0.67089019	-8.5148875e-05	2.0408733e-06	1.6985717e-08	1.1354833e-06	-8.146108e-05	-1.2859381e-06	4.1564083e-07	-7.2128221e-07	4.6395049e-08	5.5521187e-05	2.7697801e-05	-0.00012587952	-0.00012557267	-0.0024436594
-0.242	0.758	0	0	0	0.879	0	-0	-0	1.0031301	0.66836751	-8.5121426e-05	2.0584757e-06	1.181873e-08	1.1527231e-06	-8.1498737e-05	-1.3081587e-06	4.1141742e-07	-7.4253097e-07	4.6475238e-08	5.5524563e-05	2.7948934e-05	-0.00012587091	-0.00012555924	-0.0024822505
-0.244	0.756	0	0	0	0.878	0	-0	-0	1.003135	0.66584889	-8.5093953e-05	2.0759623e-06	6.8134676e-09	1.169961e-06	-8.1533066e-05	-1.3307666e-06	4.0743687e-07	-7.6428687e-07	4.6546788e-08	5.5526824e-05	2.8200038e-05	-0.0001258606	-0.00012554405	-0.0025214291
-0.246	0.754	0	0	0	0.877	0	-0	-0	1.00314	0.66333433	-8.5066468e-05	2.0933442e-06	1.9441021e-09	1.1872095e-06	-8.1564028e-05	-1.3537076e-06	4.036692e-07	-7.8648699e-07	4.6610219e-08	5.5527962e-05	2.845111e-05	-0.0001258486	-0.00012552713	-0.002560943
-0.248	0.752	0	0	0	0.876	0	-0	-0	1.0031451	0.66082381	-8.5038984e-05	2.1106335e-06	-2.8155865e-09	1.2044825e-06	-8.1591619e-05	-1.3769203e-06	4.0008296e-07	-8.0906058e-07	4.6665997e-08	5.5527979e-05	2.8702147e-05	-0.00012583491	-0.00012550852	-0.0026005301
-0.25	0.75	0	0	0	0.875	0	-0	-0	1.0031502	0.65831732	-8.5011512e-05	2.1278433e-06	-7.4915343e-09	1.2217951e-06	-8.1615871e-05	-1.4003388e-06	3.9664607e-07	-8.319315e-07	4.6714539e-08	5.552689e-05	2.8953144e-05	-0.00012581957	-0.00012548829	-0.0026399332
-0.252	0.748	0	0	0	0.874	0	-0	-0	1.0031554	0.65581484	-8.4984064e-05	2.1449871e-06	-1.2108735e-08	1.2391632e-06	-8.1636851e-05	-1.4238945e-06	3.9332667e-07	-8.5502095e-07	4.6756205e-08	5.552472e-05	2.92041e-05	-0.00012580261	-0.0001254665	-0.0026789123
-0.254	0.746	0	0	0	0.873	0	-0	-0	1.0031606	0.65331635	-8.495665e-05	2.1620786e-06	-1.6690652e-08	1.2566028e-06	-8.1654654e-05	-1.4475191e-06	3.9009396e-07	-8.7825004e-07	4.6791308e-08	5.5521504e-05	2.945501e-05	-0.0001257841	-0.00012544324	-0.002717256
-0.256	0.744	0	0	0	0.872	0	-0	-0	1.0031658	0.65082185	-8.4929279e-05	2.1791313e-06	-2.1258747e-08	1.2741301e-06	-8.1669402e-05	-1.4711457e-06	3.8691892e-07	-9.0154228e-07	4.6820117e-08	5.5517287e-05	2.9705873e-05	-0.0001257641	-0.0001254186	-0.0027547884
-0.258	0.742	0	0	0	0.871	0	-0	-0	1.0031709	0.64833131	-8.4901959e-05	2.1961585e-06	-2.5832143e-08	1.2917608e-06	-8.1681237e-05	-1.4947118e-06	3.8377484e-07	-9.2482559e-07	4.6842859e-08	5.5512117e-05	2.9956685e-05	-0.0001257427	-0.00012539268	-0.002791373
-0.26	0.74	0	0	0	0.87	0	-0	-0	1.003176	0.64584474	-8.4874696e-05	2.2131727e-06	-3.0427439e-08	1.3095102e-06	-8.1690314e-05	-1.5181597e-06	3.8063771e-07	-9.4803383e-07	4.6859731e-08	5.550605e-05	3.0207443e-05	-0.00012571997	-0.00012536557	-0.0028269129
-0.262	0.738	0	0	0	0.869	0	-0	-0	1.0031811	0.64336212	-8.4847495e-05	2.2301857e-06	-3.5058658e-08	1.3273925e-06	-8.1696802e-05	-1.5414378e-06	3.7748647e-07	-9.711078e-07	4.6870901e-08	5.5499142e-05	3.0458147e-05	-0.00012569601	-0.00012533738	-0.0028613479
-0.264	0.736	0	0	0	0.868	0	-0	-0	1.0031861	0.64088344	-8.4820361e-05	2.2472081e-06	-3.9737305e-08	1.3454208e-06	-8.1700868e-05	-1.5645014e-06	3.7430301e-07	-9.9399583e-07	4.6876518e-08	5.5491451e-05	3.0708793e-05	-0.00012567091	-0.00012530819	-0.0028946511
-0.266	0.734	0	0	0	0.867	0	-0	-0	1.003191	0.6384087	-8.4793296e-05	2.2642499e-06	-4.4472521e-08	1.3636074e-06	-8.1702684e-05	-1.5873121e-06	3.7107212e-07	-1.0166539e-06	4.6876716e-08	5.5483034e-05	3.095938e-05	-0.00012564475	-0.00012527809	-0.0029268226
-0.268	0.732	0	0	0	0.866	0	-0	-0	1.0031959	0.6359379	-8.4766302e-05	2.2813198e-06	-4.9271287e-08	1.3819631e-06	-8.1702418e-05	-1.6098384e-06	3.6778135e-07	-1.0390452e-06	4.6871618e-08	5.5473949e-05	3.1209905e-05	-0.00012561762	-0.00012524716	-0.0029578847
-0.27	0.73	0	0	0	0.865	0	-0	-0	1.0032006	0.63347103	-8.473938e-05	2.2984256e-06	-5.4138665e-08	1.4004977e-06	-8.170023e-05	-1.6320546e-06	3.6442072e-07	-1.0611403e-06	4.6861339e-08	5.5464249e-05	3.1460368e-05	-0.0001255896	-0.00012521548	-0.0029878756
-0.272	0.728	0	0	0	0.864	0	-0	-0	1.0032053	0.63100809	-8.4712529e-05	2.3155739e-06	-5.9078057e-08	1.4192197e-06	-8.1696275e-05	-1.653941e-06	3.6098253e-07	-1.0829157e-06	4.6845994e-08	5.5453986e-05	3.1710767e-05	-0.00012556077	-0.00012518312	-0.0030168454
-0.274	0.726	0	0	0	0.863	0	-0	-0	1.0032098	0.62854908	-8.4685749e-05	2.3327708e-06	-6.4091452e-08	1.4381367e-06	-8.1690698e-05	-1.6754826e-06	3.5746101e-07	-1.1043538e-06	4.6825694e-08	5.5443207e-05	3.1961101e-05	-0.0001255312	-0.00012515014	-0.0030448515
-0.276	0.724	0	0	0	0.862	0	-0	-0	1.0032143	0.626094	-8.4659038e-05	2.3500211e-06	-6.9179662e-08	1.4572552e-06	-8.1683635e-05	-1.6966692e-06	3.5385209e-07	-1.1254421e-06	4.6800549e-08	5.5431958e-05	3.2211368e-05	-0.00012550096	-0.00012511661	-0.0030719555
-0.278	0.722	0	0	0	0.861	0	-0	-0	1.0032187	0.62364286	-8.4632395e-05	2.367329e-06	-7.434254e-08	1.4765806e-06	-8.1675213e-05	-1.7174943e-06	3.5015315e-07	-1.1461722e-06	4.6770672e-08	5.5420279e-05	3.2461567e-05	-0.0001254701	-0.00012508257	-0.0030982205
-0.28	0.72	0	0	0	0.86	0	-0	-0	1.0032229	0.62119564	-8.4605816e-05	2.3846981e-06	-7.9579171e-08	1.4961179e-06	-8.1665547e-05	-1.7379545e-06	3.4636274e-07	-1.1665396e-06	4.6736176e-08	5.5408209e-05	3.2711698e-05	-0.00012543869	-0.00012504807	-0.0031237092
-0.282	0.718	0	0	0	0.859	0	-0	-0	1.0032271	0.61875236	-8.4579299e-05	2.4021313e-06	-8.4888039e-08	1.5158709e-06	-8.1654745e-05	-1.7580493e-06	3.4248039e-07	-1.1865425e-06	4.6697177e-08	5.5395782e-05	3.2961759e-05	-0.00012540677	-0.00012501317	-0.0031484824
-0.284	0.716	0	0	0	0.858	0	-0	-0	1.0032312	0.61631301	-8.455284e-05	2.4196308e-06	-9.0267168e-08	1.5358429e-06	-8.1642906e-05	-1.7777805e-06	3.3850642e-07	-1.2061821e-06	4.6653793e-08	5.5383031e-05	3.3211751e-05	-0.00012537439	-0.00012497788	-0.0031725986
-0.286	0.714	0	0	0	0.857	0	-0	-0	1.0032352	0.61387761	-8.4526436e-05	2.4371986e-06	-9.5714241e-08	1.5560368e-06	-8.1630119e-05	-1.7971516e-06	3.3444181e-07	-1.2254612e-06	4.660614e-08	5.5369983e-05	3.3461671e-05	-0.00012534159	-0.00012494226	-0.0031961129
-0.288	0.712	0	0	0	0.856	0	-0	-0	1.0032391	0.61144614	-8.4500084e-05	2.454836e-06	-1.012267e-07	1.5764547e-06	-8.1616466e-05	-1.8161677e-06	3.30288e-07	-1.2443845e-06	4.6554339e-08	5.5356665e-05	3.371152e-05	-0.00012530841	-0.00012490632	-0.0032190766
-0.29	0.71	0	0	0	0.855	0	-0	-0	1.0032429	0.60901861	-8.4473779e-05	2.4725441e-06	-1.0680183e-07	1.5970985e-06	-8.1602022e-05	-1.834835e-06	3.2604682e-07	-1.2629581e-06	4.6498511e-08	5.5343101e-05	3.3961296e-05	-0.00012527488	-0.00012487011	-0.0032415379
-0.292	0.708	0	0	0	0.854	0	-0	-0	1.0032467	0.60659503	-8.4447518e-05	2.4903236e-06	-1.1243681e-07	1.6179694e-06	-8.1586855e-05	-1.8531607e-06	3.217204e-07	-1.2811888e-06	4.6438776e-08	5.5329311e-05	3.4211e-05	-0.00012524103	-0.00012483363	-0.0032635409
-0.294	0.706	0	0	0	0.853	0	-0	-0	1.0032503	0.6041754	-8.4421297e-05	2.5081749e-06	-1.1812879e-07	1.6390686e-06	-8.1571027e-05	-1.8711527e-06	3.1731105e-07	-1.2990846e-06	4.6375256e-08	5.5315316e-05	3.4460631e-05	-0.00012520689	-0.00012479692	-0.0032851264
-0.296	0.704	0	0	0	0.852	0	-0	-0	1.0032539	0.60175971	-8.4395112e-05	2.5260982e-06	-1.2387491e-07	1.6603969e-06	-8.1554594e-05	-1.8888192e-06	3.1282124e-07	-1.3166535e-06	4.6308072e-08	5.5301133e-05	3.4710188e-05	-0.00012517249	-0.00012475999	-0.0033063319
-0.298	0.702	0	0	0	0.851	0	-0	-0	1.0032574	0.59934798	-8.4368958e-05	2.5440935e-06	-1.2967234e-07	1.6819548e-06	-8.1537607e-05	-1.906169e-06	3.0825349e-07	-1.3339045e-06	4.6237344e-08	5.5286776e-05	3.4959671e-05	-0.00012513784	-0.00012472287	-0.0033271917
-0.3	0.7	0	0	0	0.85	0	-0	-0	1.0032609	0.59694021	-8.4342833e-05	2.5621607e-06	-1.3551832e-07	1.7037426e-06	-8.1520114e-05	-1.923211e-06	3.036104e-07	-1.3508464e-06	4.6163193e-08	5.5272261e-05	3.5209079e-05	inf	inf	inf
