lambda	F11	F12	F13	F21	F22	F23	F31	F32	F33	J	P11	P12	P13	P21	P22	P23	P31	P32	P33	p	StrEn	t(1)	t(2)	d
0	1	0	0	0	1	0	0	0	1	1	0	0	0	0	0	0	0	0	0	-0	0	inf	inf	inf
0.002	1.002	0	0	0	1	0	0	0	0.99895919	1.0009571	1.3477095e-05	-6.0104184e-08	4.1538107e-08	-5.8277251e-08	4.0256277e-06	3.4996115e-08	2.5341032e-08	3.7344555e-08	-1.7518405e-09	-5.833657e-06	1.3417123e-08	1.3478011e-05	1.3498967e-05	0.0015524513
0.004	1.004	0	0	0	1	0	0	0	0.99790965	1.0019013	2.7153478e-05	-1.193601e-07	1.0380785e-07	-1.1508181e-07	8.1166276e-06	7.2224298e-08	5.5559843e-08	8.3253437e-08	-2.8627642e-09	-1.1755748e-05	5.3995868e-08	2.7154987e-05	2.7154442e-05	-2.0085781e-05
0.006	1.006	0	0	0	1	0	0	0	0.99685128	1.0028324	4.0950013e-05	-1.7264906e-07	1.7636045e-07	-1.654267e-07	1.2246491e-05	1.1288676e-07	9.0151671e-08	1.3715283e-07	-2.4487497e-09	-1.7731352e-05	1.2203489e-07	4.0951314e-05	4.0938827e-05	-0.00030501512
0.008	1.008	0	0	0	1	0	0	0	0.99578489	1.0037512	5.4847772e-05	-2.1928716e-07	2.5436981e-07	-2.0871641e-07	1.6406147e-05	1.5776604e-07	1.2850245e-07	1.9887408e-07	-2.0555021e-10	-2.3751238e-05	2.1775117e-07	5.4847882e-05	5.482716e-05	-0.00037794951
0.01	1.01	0	0	0	1	0	0	0	0.9947123	1.0046594	6.8843302e-05	-2.5971344e-07	3.354895e-07	-2.4552084e-07	2.0596216e-05	2.0719545e-07	1.6902834e-07	2.6714467e-07	2.8574351e-09	-2.9814125e-05	3.4134353e-07	6.8841766e-05	6.8813181e-05	-0.00041540066
0.012	1.012	0	0	0	1	0	0	0	0.99363427	1.0055579	8.2932337e-05	-2.945833e-07	4.184281e-07	-2.7658262e-07	2.4815212e-05	2.6166512e-07	2.1074026e-07	3.4154711e-07	6.1726102e-09	-3.5917907e-05	4.930039e-07	8.2929001e-05	8.2892751e-05	-0.00043731561
0.014	1.014	0	0	0	1	0	0	0	0.99255096	1.0064467	9.7109752e-05	-3.2451601e-07	5.0241305e-07	-3.0256935e-07	2.9060485e-05	3.2184346e-07	2.5313331e-07	4.223355e-07	9.5608415e-09	-4.2059933e-05	6.7291453e-07	9.710456e-05	9.7060936e-05	-0.00044945443
0.016	1.016	0	0	0	1	0	0	0	0.99146235	1.0073257	0.00011137066	-3.5004383e-07	5.8697914e-07	-3.2404518e-07	3.3329645e-05	3.8853178e-07	2.958975e-07	5.100755e-07	1.2962627e-08	-4.8237757e-05	8.8124764e-07	0.00011136359	0.00011131286	-0.00045577268
0.018	1.018	0	0	0	1	0	0	0	0.99036828	1.0081949	0.00012571051	-3.7161068e-07	6.7185383e-07	-3.4147827e-07	3.7620856e-05	4.6268775e-07	3.3882096e-07	6.0556464e-07	1.63593e-08	-5.4449242e-05	1.118166e-06	0.00012570154	0.00012564391	-0.00045869463
0.02	1.02	0	0	0	1	0	0	0	0.98926854	1.0090539	0.00014012493	-3.8958266e-07	7.5689021e-07	-3.5525485e-07	4.1932884e-05	5.4548342e-07	3.8175259e-07	7.0985212e-07	1.9750264e-08	-6.069252e-05	1.3838233e-06	0.00014011404	0.00014004964	-0.00045977053
0.022	1.022	0	0	0	1	0	0	0	0.9881628	1.0099024	0.00015460953	-4.0425907e-07	8.4202534e-07	-3.6569213e-07	4.6265151e-05	6.3839833e-07	4.2458343e-07	8.243137e-07	2.3146145e-08	-6.6965943e-05	1.6783645e-06	0.0001545967	0.00015452559	-0.00046013109
0.024	1.024	0	0	0	1	0	0	0	0.98705061	1.0107398	0.00016915969	-4.1588033e-07	9.2725229e-07	-3.7304766e-07	5.0617856e-05	7.4336936e-07	4.6723548e-07	9.5079013e-07	2.6568022e-08	-7.3268037e-05	2.0019256e-06	0.00016914486	0.00016906696	-0.00046080401
0.026	1.026	0	0	0	1	0	0	0	0.98593131	1.0115655	0.00018377005	-4.2463072e-07	1.0125979e-06	-3.7752337e-07	5.4992279e-05	8.6304591e-07	5.096542e-07	1.0918326e-06	3.0050692e-08	-7.9597459e-05	2.3546324e-06	0.00018375317	0.00018366812	-0.00046304411
0.028	1.028	0	0	0	1	0	0	0	0.98480386	1.0123784	0.00019843377	-4.3063237e-07	1.0980987e-06	-3.7926179e-07	5.9391435e-05	1.0012555e-06	5.518023e-07	1.2511559e-06	3.3651014e-08	-8.5952951e-05	2.7365981e-06	0.00019841471	0.00019832172	-0.00046890938
0.03	1.03	0	0	0	1	0	0	0	0.98366651	1.0131765	0.00021314067	-4.3392228e-07	1.1837622e-06	-3.7832761e-07	6.3821648e-05	1.1639193e-06	5.9365123e-07	1.4345338e-06	3.7465842e-08	-9.2333263e-05	3.1479192e-06	0.00021311924	0.00021301643	-0.00048267252
0.032	1.032	0	0	0	1	0	0	0	0.98251578	1.0139563	0.00022787271	-4.3439006e-07	1.2694779e-06	-3.7465632e-07	6.8296619e-05	1.3609978e-06	6.3515898e-07	1.6516999e-06	4.1671492e-08	-9.8737e-05	3.5886638e-06	0.00022784851	0.00022773123	-0.00051499507
0.034	1.034	0	0	0	1	0	0	0	0.98134375	1.0147094	0.0002425906	-4.3161132e-07	1.354765e-06	-3.6791846e-07	7.2849343e-05	1.6109017e-06	6.7618822e-07	1.9206505e-06	4.661552e-08	-0.00010516218	4.0588442e-06	0.00024256278	0.00024241821	-0.00059637727
0.036	1.036	0	0	0	1	0	0	0	0.98012883	1.0154135	0.00025719017	-4.2439733e-07	1.4379444e-06	-3.5716587e-07	7.7571159e-05	1.9501156e-06	7.1615615e-07	2.2769713e-06	5.3025786e-08	-0.00011160479	4.5583367e-06	0.00025715657	0.00025694881	-0.00080855517
0.038	1.038	0	0	0	1	0	0	0	0.97880856	1.0160033	0.0002713722	-4.0990841e-07	1.513638e-06	-3.4021281e-07	8.2727692e-05	2.4413032e-06	7.5263463e-07	2.7812907e-06	6.2243981e-08	-0.00011805405	5.0866394e-06	0.00027132768	0.00027100893	-0.0011761338
0.04	1.04	0	0	0	1	0	0	0	0.9772674	1.0163581	0.00028458488	-3.8501603e-07	1.5714233e-06	-3.1503847e-07	8.8807435e-05	3.0996337e-06	7.7943382e-07	3.4460574e-06	7.4887434e-08	-0.00012448907	5.6423724e-06	0.00028452272	0.00028419155	-0.001165291
0.042	1.042	0	0	0	1	0	0	0	0.97548827	1.0164588	0.00029674703	-3.5268374e-07	1.60918e-06	-2.8462427e-07	9.5874014e-05	3.7830797e-06	7.9339132e-07	4.1299024e-06	8.840014e-08	-0.00013090315	6.2234056e-06	0.00029666537	0.00029643945	-0.00076211135
0.044	1.044	0	0	0	1	0	0	0	0.97357245	1.0164096	0.00030834225	-3.1797468e-07	1.6354464e-06	-2.5297987e-07	0.00010348932	4.3885655e-06	7.9875634e-07	4.732476e-06	1.0065831e-07	-0.00013731074	6.8281302e-06	0.00030824412	0.00030809434	-0.00048615145
0.046	1.046	0	0	0	1	0	0	0	0.97158885	1.0162819	0.0003196992	-2.8281685e-07	1.6561838e-06	-2.2139145e-07	0.00011135748	4.9120877e-06	7.9952134e-07	5.2511341e-06	1.1145698e-07	-0.00014372271	7.455783e-06	0.00031958759	0.00031947812	-0.00034263806
0.048	1.048	0	0	0	1	0	0	0	0.96956694	1.0161062	0.00033095823	-2.4762515e-07	1.6739696e-06	-1.9002467e-07	0.00011935196	5.37088e-06	7.9772043e-07	5.703595e-06	1.2106985e-07	-0.00015014376	8.1060427e-06	0.00033083507	0.00033074897	-0.00026033279
0.05	1.05	0	0	0	1	0	0	0	0.96751965	1.0158956	0.00034218075	-2.12438e-07	1.68995e-06	-1.5882011e-07	0.00012741698	5.7798256e-06	7.9437107e-07	6.1049463e-06	1.2975796e-07	-0.00015657583	8.7787788e-06	0.00034204731	0.00034197653	-0.00020696849
0.052	1.052	0	0	0	1	0	0	0	0.96545332	1.0156569	0.00035339667	-1.772174e-07	1.7046979e-06	-1.2769803e-07	0.00013552494	6.1496052e-06	7.9002727e-07	6.4659815e-06	1.3771488e-07	-0.00016301978	9.4739488e-06	0.00035325385	0.00035319413	-0.00016909698
0.054	1.054	0	0	0	1	0	0	0	0.96337136	1.0153934	0.00036462206	-1.419192e-07	1.7185336e-06	-9.659545e-08	0.00014366066	6.4877986e-06	7.8501674e-07	6.7943569e-06	1.4508042e-07	-0.00016947594	1.0191555e-05	0.00036447054	0.00036441934	-0.00014049216
0.056	1.056	0	0	0	1	0	0	0	0.96127578	1.0151072	0.00037586623	-1.0650827e-07	1.7316528e-06	-6.5468671e-08	0.00015181505	6.7999028e-06	7.7954669e-07	7.0956292e-06	1.519572e-07	-0.00017594441	1.0931626e-05	0.00037570654	0.00037566224	-0.00011791984
0.058	1.058	0	0	0	1	0	0	0	0.95916781	1.0147995	0.0003871349	-7.0960008e-08	1.7441846e-06	-3.4289472e-08	0.00015998225	7.0900143e-06	7.7375504e-07	7.373945e-06	1.5842235e-07	-0.00018242519	1.1694204e-05	0.00038696747	0.00038692896	-9.952932e-05
0.06	1.06	0	0	0	1	0	0	0	0.95704828	1.0144712	0.00039843176	-3.5258799e-08	1.7562196e-06	-3.0411094e-09	0.00016815828	7.3612658e-06	7.6773733e-07	7.6324809e-06	1.6453531e-07	-0.00018891819	1.2479342e-05	0.00039825694	0.00039822341	-8.4177093e-05
0.062	1.062	0	0	0	1	0	0	0	0.95491771	1.0141226	0.00040975924	6.0397537e-10	1.7678242e-06	2.8284878e-08	0.0001763403	7.6161091e-06	7.6156186e-07	7.8737284e-06	1.7034284e-07	-0.00019542329	1.3287098e-05	0.00040957732	0.0004095482	-7.1112681e-05
0.064	1.064	0	0	0	1	0	0	0	0.95277648	1.0137542	0.00042111901	3.6631655e-08	1.7790496e-06	5.9691019e-08	0.00018452621	7.8565021e-06	7.5527863e-07	8.099681e-06	1.7588245e-07	-0.00020194036	1.4117535e-05	0.00042093025	0.00042090507	-5.981961e-05
0.066	1.066	0	0	0	1	0	0	0	0.95062485	1.0133661	0.00043251222	7.282366e-08	1.7899365e-06	9.1175609e-08	0.00019271438	8.0840356e-06	7.4892495e-07	8.311963e-06	1.8118478e-07	-0.00020846926	1.4970718e-05	0.00043231684	0.00043229526	-4.9928765e-05
0.068	1.068	0	0	0	1	0	0	0	0.94846301	1.0129585	0.0004439397	1.0917653e-07	1.8005179e-06	1.2273395e-07	0.00020090356	8.3000221e-06	7.425291e-07	8.5119176e-06	1.8627517e-07	-0.00021500984	1.5846716e-05	0.00044373788	0.00044371962	-4.1168198e-05
0.07	1.07	0	0	0	1	0	0	0	0.94629109	1.0125315	0.00045540203	1.456847e-07	1.8108217e-06	1.5435922e-07	0.0002090927	8.5055593e-06	7.3611275e-07	8.7006711e-06	1.9117488e-07	-0.00022156197	1.6745597e-05	0.00045519394	0.00045517877	-3.3332513e-05
0.072	1.072	0	0	0	1	0	0	0	0.94410918	1.012085	0.00046689961	1.8234111e-07	1.8208713e-06	1.8604315e-07	0.00021728096	8.7015753e-06	7.296926e-07	8.8791788e-06	1.9590193e-07	-0.00022812549	1.7667431e-05	0.0004666854	0.00046667314	-2.6263354e-05
0.074	1.074	0	0	0	1	0	0	0	0.94191734	1.0116192	0.00047843274	2.1913762e-07	1.8306873e-06	2.177765e-07	0.00022546763	8.8888637e-06	7.2328165e-07	9.0482595e-06	2.0047178e-07	-0.00023470028	1.8612289e-05	0.00047821254	0.00047820305	-1.9836508e-05
0.076	1.076	0	0	0	1	0	0	0	0.93971562	1.011134	0.00049000163	2.5606539e-07	1.8402875e-06	2.495494e-07	0.00023365209	9.068109e-06	7.1689e-07	9.2086219e-06	2.0489774e-07	-0.00024128621	1.9580243e-05	0.00048977556	0.00048976872	-1.3953106e-05
0.078	1.078	0	0	0	1	0	0	0	0.93750404	1.0106294	0.00050160642	2.9311508e-07	1.849688e-06	2.8135164e-07	0.00024183383	9.2399064e-06	7.105255e-07	9.3608839e-06	2.0919145e-07	-0.00024788315	2.0571364e-05	0.00050137459	0.00050137031	-8.5334531e-06
0.08	1.08	0	0	0	1	0	0	0	0.93528261	1.0101052	0.00051324723	3.302771e-07	1.8589028e-06	3.1317284e-07	0.00025001238	9.4047777e-06	7.0419425e-07	9.5055887e-06	2.1336309e-07	-0.00025449099	2.1585724e-05	0.00051300971	0.00051300791	-3.5125999e-06
0.082	1.082	0	0	0	1	0	0	0	0.93305133	1.0095615	0.0005249241	3.6754176e-07	1.8679449e-06	3.4500264e-07	0.00025818733	9.5631829e-06	6.9790091e-07	9.643217e-06	2.1742164e-07	-0.00026110962	2.2623396e-05	0.000524681	0.00052468161	1.1628966e-06
0.084	1.084	0	0	0	1	0	0	0	0.93081019	1.0089982	0.00053663709	4.0489932e-07	1.876826e-06	3.7683075e-07	0.00026635833	9.7155301e-06	6.9164904e-07	9.7741967e-06	2.2137508e-07	-0.00026773893	2.3684451e-05	0.00053638848	0.00053639145	5.5373905e-06
0.086	1.086	0	0	0	1	0	0	0	0.92855919	1.0084153	0.00054838622	4.4234016e-07	1.8855565e-06	4.086471e-07	0.00027452504	9.8621839e-06	6.8544126e-07	9.8989109e-06	2.2523053e-07	-0.00027437883	2.4768962e-05	0.00054813216	0.00054813745	9.647976e-06
0.088	1.088	0	0	0	1	0	0	0	0.92629829	1.0078125	0.00056017149	4.7985478e-07	1.8941464e-06	4.4044187e-07	0.00028268718	1.0003471e-05	6.7927947e-07	1.0017704e-05	2.2899436e-07	-0.00028102922	2.5877001e-05	0.00055991206	0.00055991963	1.3525891e-05
0.09	1.09	0	0	0	1	0	0	0	0.92402748	1.00719	0.00057199292	5.1743391e-07	1.9026046e-06	4.7220551e-07	0.00029084448	1.0139685e-05	6.7316494e-07	1.0130889e-05	2.3267232e-07	-0.00028769002	2.700864e-05	0.00057172817	0.000571738	1.7197609e-05
0.092	1.092	0	0	0	1	0	0	0	0.92174673	1.0065474	0.0005838505	5.5506848e-07	1.9109393e-06	5.0392882e-07	0.00029899669	1.0271093e-05	6.6709845e-07	1.0238746e-05	2.362696e-07	-0.00029436115	2.8163953e-05	0.00058358048	0.00058359255	2.0685695e-05
0.094	1.094	0	0	0	1	0	0	0	0.919456	1.0058849	0.00059574423	5.927497e-07	1.9191583e-06	5.3560292e-07	0.00030714359	1.0397937e-05	6.6108038e-07	1.0341536e-05	2.397909e-07	-0.00030104254	2.934301e-05	0.00059546898	0.00059548328	2.4009486e-05
0.096	1.096	0	0	0	1	0	0	0	0.91715527	1.0052022	0.00060767409	6.3046906e-07	1.9272688e-06	5.6721931e-07	0.00031528497	1.0520437e-05	6.5511076e-07	1.0439493e-05	2.4324052e-07	-0.0003077341	3.0545886e-05	0.00060739366	0.00060741018	2.7185635e-05
0.098	1.098	0	0	0	1	0	0	0	0.91484449	1.0044992	0.00061964009	6.6821834e-07	1.9352774e-06	5.9876986e-07	0.00032342065	1.0638795e-05	6.4918933e-07	1.0532835e-05	2.4662235e-07	-0.00031443579	3.1772651e-05	0.00061935452	0.00061937324	3.022855e-05
0.1	1.1	0	0	0	1	0	0	0	0.91252362	1.003776	0.00063164221	7.0598962e-07	1.9431903e-06	6.3024678e-07	0.00033155045	1.0753196e-05	6.4331564e-07	1.062176e-05	2.4993999e-07	-0.00032114753	3.3023379e-05	0.00063135153	0.00063137246	3.3150753e-05
0.102	1.102	0	0	0	1	0	0	0	0.91019263	1.0030323	0.00064368045	7.4377528e-07	1.9510134e-06	6.6164269e-07	0.00033967421	1.086381e-05	6.3748899e-07	1.0706453e-05	2.5319672e-07	-0.00032786928	3.4298141e-05	0.0006433847	0.00064340784	3.5963168e-05
0.104	1.104	0	0	0	1	0	0	0	0.90785147	1.002268	0.00065575481	7.8156801e-07	1.9587522e-06	6.9295053e-07	0.00034779176	1.0970795e-05	6.3170857e-07	1.0787084e-05	2.5639557e-07	-0.00033460099	3.559701e-05	0.00065545403	0.00065547938	3.8675365e-05
0.106	1.106	0	0	0	1	0	0	0	0.9055001	1.0014831	0.00066786531	8.193608e-07	1.9664117e-06	7.2416362e-07	0.00035590298	1.1074296e-05	6.2597341e-07	1.0863813e-05	2.5953933e-07	-0.00034134261	3.6920058e-05	0.0006675595	0.00066758707	4.129576e-05
0.108	1.108	0	0	0	1	0	0	0	0.90313847	1.0006774	0.00068001194	8.5714694e-07	1.9739969e-06	7.5527563e-07	0.00036400773	1.1174447e-05	6.2028246e-07	1.0936786e-05	2.6263059e-07	-0.0003480941	3.8267358e-05	0.00067970114	0.00067973093	4.3831777e-05
0.11	1.11	0	0	0	1	0	0	0	0.90076655	0.99985087	0.00069219471	8.9492e-07	1.9815123e-06	7.8628056e-07	0.00037210589	1.1271374e-05	6.1463456e-07	1.1006142e-05	2.6567172e-07	-0.00035485542	3.9638982e-05	0.00069187895	0.00069191098	4.6289989e-05
0.112	1.112	0	0	0	1	0	0	0	0.89838427	0.9990033	0.00070441365	9.3267387e-07	1.9889622e-06	8.1717276e-07	0.00038019733	1.1365194e-05	6.090285e-07	1.1072009e-05	2.6866497e-07	-0.00036162655	4.1035002e-05	0.00070409294	0.00070412721	4.8676235e-05
0.114	1.114	0	0	0	1	0	0	0	0.89599159	0.99813463	0.00071666878	9.7040267e-07	1.9963507e-06	8.4794688e-07	0.00038828195	1.1456016e-05	6.03463e-07	1.1134508e-05	2.7161237e-07	-0.00036840745	4.2455491e-05	0.00071634313	0.00071637966	5.0995719e-05
0.116	1.116	0	0	0	1	0	0	0	0.89358847	0.99724473	0.00072896013	1.0081008e-06	2.0036816e-06	8.7859788e-07	0.00039635965	1.1543941e-05	5.9793674e-07	1.1193753e-05	2.7451587e-07	-0.0003751981	4.3900521e-05	0.00072862956	0.00072866836	5.325309e-05
0.118	1.118	0	0	0	1	0	0	0	0.89117485	0.99633348	0.00074128772	1.0457631e-06	2.0109587e-06	9.0912102e-07	0.00040443034	1.1629065e-05	5.9244838e-07	1.1249849e-05	2.7737726e-07	-0.00038199848	4.5370164e-05	0.00074095225	0.00074099334	5.5452518e-05
0.12	1.12	0	0	0	1	0	0	0	0.88875069	0.99540077	0.00075365161	1.0833842e-06	2.0181852e-06	9.3951186e-07	0.00041249391	1.1711477e-05	5.8699654e-07	1.1302897e-05	2.8019821e-07	-0.00038880857	4.6864494e-05	0.00075331124	0.00075335463	5.7597749e-05
0.122	1.122	0	0	0	1	0	0	0	0.88631593	0.99444647	0.00076605183	1.1209596e-06	2.0253647e-06	9.6976622e-07	0.0004205503	1.1791261e-05	5.8157984e-07	1.1352992e-05	2.8298029e-07	-0.00039562837	4.8383583e-05	0.00076570658	0.00076575229	5.9692162e-05
0.124	1.124	0	0	0	1	0	0	0	0.88387052	0.99347046	0.00077848844	1.1584845e-06	2.0325002e-06	9.9988018e-07	0.00042859941	1.1868497e-05	5.7619688e-07	1.1400224e-05	2.8572496e-07	-0.00040245786	4.9927503e-05	0.00077813832	0.00077818636	6.1738811e-05
0.126	1.126	0	0	0	1	0	0	0	0.88141441	0.99247262	0.00079096149	1.1959547e-06	2.0395947e-06	1.0298501e-06	0.00043664118	1.1943259e-05	5.7084626e-07	1.1444678e-05	2.8843362e-07	-0.00040929704	5.1496328e-05	0.0007906065	0.0007906569	6.3740464e-05
0.128	1.128	0	0	0	1	0	0	0	0.87894755	0.99145283	0.00080347105	1.2333659e-06	2.0466511e-06	1.0596725e-06	0.00044467554	1.2015617e-05	5.6552659e-07	1.1486433e-05	2.9110755e-07	-0.0004161459	5.3090131e-05	0.0008031112	0.00080316397	6.5699633e-05
0.13	1.13	0	0	0	1	0	0	0	0.87646988	0.99041096	0.00081601719	1.2707143e-06	2.0536721e-06	1.0893443e-06	0.00045270241	1.2085638e-05	5.6023649e-07	1.1525567e-05	2.9374797e-07	-0.00042300445	5.4708984e-05	0.00081565249	0.00081570764	6.761861e-05
0.132	1.132	0	0	0	1	0	0	0	0.87398136	0.9893469	0.00082859998	1.3079962e-06	2.0606604e-06	1.1188624e-06	0.00046072174	1.2153384e-05	5.5497456e-07	1.1562152e-05	2.9635602e-07	-0.00042987269	5.6352962e-05	0.00082823043	0.000828288	6.9499484e-05
0.134	1.134	0	0	0	1	0	0	0	0.87148192	0.9882605	0.00084121952	1.3452079e-06	2.0676185e-06	1.1482241e-06	0.00046873346	1.2218916e-05	5.4973945e-07	1.1596256e-05	2.989328e-07	-0.00043675064	5.8022136e-05	0.00084084512	0.00084090511	7.1344169e-05
0.136	1.136	0	0	0	1	0	0	0	0.86897152	0.98715165	0.00085387588	1.3823462e-06	2.0745489e-06	1.1774268e-06	0.00047673753	1.2282289e-05	5.4452982e-07	1.1627947e-05	3.0147931e-07	-0.0004436383	5.9716582e-05	0.00085349663	0.00085355907	7.3154419e-05
0.138	1.138	0	0	0	1	0	0	0	0.8664501	0.98602021	0.00086656916	1.4194078e-06	2.0814538e-06	1.2064683e-06	0.0004847339	1.2343558e-05	5.3934433e-07	1.1657287e-05	3.0399652e-07	-0.00045053569	6.1436373e-05	0.00086618507	0.00086624998	7.4931847e-05
0.14	1.14	0	0	0	1	0	0	0	0.86391761	0.98486607	0.00087929948	1.4563899e-06	2.0883356e-06	1.2353462e-06	0.00049272251	1.2402772e-05	5.3418168e-07	1.1684335e-05	3.0648533e-07	-0.00045744283	6.3181582e-05	0.00087891054	0.00087897794	7.6677936e-05
0.142	1.142	0	0	0	1	0	0	0	0.86137399	0.98368909	0.00089206693	1.4932894e-06	2.0951963e-06	1.2640585e-06	0.00050070332	1.2459981e-05	5.2904058e-07	1.170915e-05	3.089466e-07	-0.00046435973	6.4952284e-05	0.00089167315	0.00089174305	7.8394058e-05
0.144	1.144	0	0	0	1	0	0	0	0.85881918	0.98248915	0.00090487164	1.5301038e-06	2.1020382e-06	1.2926035e-06	0.0005086763	1.2515231e-05	5.2391979e-07	1.1731786e-05	3.1138116e-07	-0.00047128644	6.6748554e-05	0.00090447301	0.00090454544	8.0081479e-05
0.146	1.146	0	0	0	1	0	0	0	0.85625315	0.9812661	0.00091771372	1.5668305e-06	2.1088634e-06	1.3209794e-06	0.00051664139	1.2568565e-05	5.1881808e-07	1.1752297e-05	3.1378976e-07	-0.00047822297	6.8570466e-05	0.00091731024	0.00091738523	8.1741373e-05
0.148	1.148	0	0	0	1	0	0	0	0.85367581	0.98001984	0.00093059332	1.603467e-06	2.1156737e-06	1.3491847e-06	0.00052459857	1.2620025e-05	5.1373424e-07	1.1770732e-05	3.1617313e-07	-0.00048516936	7.0418095e-05	0.00093018498	0.00093026254	8.3374827e-05
0.15	1.15	0	0	0	1	0	0	0	0.85108714	0.97875021	0.00094351056	1.6400111e-06	2.1224712e-06	1.3772179e-06	0.00053254781	1.2669651e-05	5.086671e-07	1.178714e-05	3.1853198e-07	-0.00049212563	7.2291516e-05	0.00094309737	0.00094317752	8.4982855e-05
0.152	1.152	0	0	0	1	0	0	0	0.84848706	0.97745709	0.0009564656	1.6764607e-06	2.1292577e-06	1.4050778e-06	0.00054048906	1.2717481e-05	5.0361554e-07	1.1801567e-05	3.2086694e-07	-0.00049909184	7.4190805e-05	0.00095604754	0.00095613031	8.6566397e-05
0.154	1.154	0	0	0	1	0	0	0	0.84587553	0.97614036	0.00096945858	1.7128137e-06	2.1360353e-06	1.4327633e-06	0.00054842231	1.2763552e-05	4.9857843e-07	1.181406e-05	3.2317865e-07	-0.00050606802	7.6116038e-05	0.00096903566	0.00096912106	8.8126332e-05
0.156	1.156	0	0	0	1	0	0	0	0.84325248	0.97479987	0.00098248967	1.7490682e-06	2.1428056e-06	1.4602733e-06	0.00055634753	1.2807898e-05	4.9355472e-07	1.182466e-05	3.254677e-07	-0.00051305422	7.8067289e-05	0.00098206187	0.00098214993	8.9663478e-05
0.158	1.158	0	0	0	1	0	0	0	0.84061787	0.97343549	0.00099555903	1.7852223e-06	2.1495705e-06	1.4876068e-06	0.00056426469	1.2850553e-05	4.8854335e-07	1.183341e-05	3.2773463e-07	-0.00052005048	8.0044637e-05	0.00099512635	0.0009952171	9.1178601e-05
0.16	1.16	0	0	0	1	0	0	0	0.83797164	0.9720471	0.0010086668	1.8212744e-06	2.1563318e-06	1.5147631e-06	0.00057217377	1.2891548e-05	4.8354333e-07	1.1840349e-05	3.2998e-07	-0.00052705686	8.2048158e-05	0.0010082293	0.0010083227	9.2672417e-05
0.162	1.162	0	0	0	1	0	0	0	0.83531373	0.97063456	0.0010218133	1.8572229e-06	2.1630913e-06	1.5417415e-06	0.00058007476	1.2930914e-05	4.7855369e-07	1.1845517e-05	3.3220431e-07	-0.00053407342	8.4077928e-05	0.0010213708	0.001021467	9.4145597e-05
0.164	1.164	0	0	0	1	0	0	0	0.8326441	0.96919773	0.0010349985	1.8930662e-06	2.1698507e-06	1.5685413e-06	0.00058796764	1.296868e-05	4.7357348e-07	1.1848951e-05	3.3440802e-07	-0.0005411002	8.6134026e-05	0.0010345512	0.0010346501	9.5598769e-05
0.166	1.166	0	0	0	1	0	0	0	0.82996269	0.96773649	0.0010482228	1.9288029e-06	2.1766117e-06	1.5951621e-06	0.00059585238	1.3004875e-05	4.6860182e-07	1.1850686e-05	3.3659162e-07	-0.00054813727	8.8216529e-05	0.0010477706	0.0010478722	9.7032523e-05
0.168	1.168	0	0	0	1	0	0	0	0.82726943	0.9662507	0.0010614863	1.9644316e-06	2.1833762e-06	1.6216033e-06	0.00060372899	1.3039524e-05	4.6363784e-07	1.1850759e-05	3.3875552e-07	-0.0005551847	9.0325515e-05	0.0010610292	0.0010611336	9.8447413e-05
0.17	1.17	0	0	0	1	0	0	0	0.82456429	0.96474022	0.0010747893	1.9999511e-06	2.1901458e-06	1.6478647e-06	0.00061159745	1.3072654e-05	4.5868072e-07	1.1849202e-05	3.4090014e-07	-0.00056224255	9.2461063e-05	0.0010743272	0.0010744345	9.9843956e-05
0.172	1.172	0	0	0	1	0	0	0	0.82184721	0.96320493	0.0010881319	2.0353601e-06	2.1969222e-06	1.6739459e-06	0.00061945775	1.310429e-05	4.5372968e-07	1.1846049e-05	3.4302588e-07	-0.0005693109	9.4623253e-05	0.0010876649	0.001087775	0.00010122264
0.174	1.174	0	0	0	1	0	0	0	0.81911813	0.96164468	0.0011015144	2.0706575e-06	2.2037072e-06	1.6998467e-06	0.00062730988	1.3134455e-05	4.4878396e-07	1.1841332e-05	3.4513311e-07	-0.00057638982	9.6812163e-05	0.0011010425	0.0011011554	0.00010258393
0.176	1.176	0	0	0	1	0	0	0	0.816377	0.96005935	0.0011149371	2.1058423e-06	2.2105027e-06	1.725567e-06	0.00063515383	1.3163172e-05	4.4384287e-07	1.183508e-05	3.4722218e-07	-0.00058347939	9.9027874e-05	0.0011144602	0.001114576	0.00010392825
0.178	1.178	0	0	0	1	0	0	0	0.81362377	0.95844881	0.0011284002	2.1409133e-06	2.2173102e-06	1.7511067e-06	0.00064298961	1.3190463e-05	4.3890572e-07	1.1827326e-05	3.4929343e-07	-0.00059057969	0.00010127047	0.0011279183	0.001128037	0.000105256
0.18	1.18	0	0	0	1	0	0	0	0.8108584	0.95681291	0.0011419039	2.1758698e-06	2.2241316e-06	1.7764658e-06	0.00065081722	1.3216349e-05	4.3397189e-07	1.1818096e-05	3.5134719e-07	-0.00059769081	0.00010354002	0.001141417	0.0011415386	0.00010656756
0.182	1.182	0	0	0	1	0	0	0	0.80808082	0.95515153	0.0011554485	2.2107107e-06	2.2309687e-06	1.8016443e-06	0.00065863664	1.324085e-05	4.2904079e-07	1.1807421e-05	3.5338376e-07	-0.00060481283	0.00010583662	0.0011549566	0.0011550812	0.0001078633
0.184	1.184	0	0	0	1	0	0	0	0.80529099	0.95346454	0.0011690343	2.2454351e-06	2.2378233e-06	1.8266422e-06	0.00066644789	1.3263987e-05	4.2411186e-07	1.1795327e-05	3.5540342e-07	-0.00061194586	0.00010816035	0.0011685374	0.001168665	0.00010914354
0.186	1.186	0	0	0	1	0	0	0	0.80248887	0.9517518	0.0011826616	2.2800424e-06	2.2446973e-06	1.8514597e-06	0.00067425097	1.3285777e-05	4.1918461e-07	1.1781841e-05	3.5740645e-07	-0.00061908998	0.00011051128	0.0011821597	0.0011822903	0.0001104086
0.188	1.188	0	0	0	1	0	0	0	0.79967439	0.95001318	0.0011963306	2.3145317e-06	2.2515926e-06	1.876097e-06	0.00068204588	1.3306239e-05	4.1425856e-07	1.1766989e-05	3.5939312e-07	-0.0006262453	0.00011288951	0.0011958238	0.0011959573	0.00011165876
0.19	1.19	0	0	0	1	0	0	0	0.79684752	0.94824855	0.0012100418	2.3489023e-06	2.258511e-06	1.9005543e-06	0.00068983263	1.3325391e-05	4.0933327e-07	1.1750798e-05	3.6136366e-07	-0.00063341192	0.00011529511	0.0012095299	0.0012096664	0.0001128943
0.192	1.192	0	0	0	1	0	0	0	0.79400821	0.94645779	0.0012237953	2.3831535e-06	2.2654545e-06	1.9248318e-06	0.00069761123	1.3343248e-05	4.0440838e-07	1.1733291e-05	3.6331831e-07	-0.00064058995	0.00011772817	0.0012232784	0.001223418	0.00011411547
0.194	1.194	0	0	0	1	0	0	0	0.79115641	0.94464076	0.0012375916	2.4172847e-06	2.2724251e-06	1.9489298e-06	0.00070538168	1.3359828e-05	3.9948352e-07	1.1714493e-05	3.6525729e-07	-0.0006477795	0.00012018878	0.0012370696	0.0012372123	0.00011532251
0.196	1.196	0	0	0	1	0	0	0	0.78829208	0.94279733	0.0012514309	2.4512951e-06	2.2794248e-06	1.9728487e-06	0.00071314401	1.3375145e-05	3.945584e-07	1.1694428e-05	3.671808e-07	-0.00065498069	0.00012267702	0.0012509039	0.0012510496	0.00011651564
0.198	1.198	0	0	0	1	0	0	0	0.78541518	0.94092738	0.0012653136	2.4851844e-06	2.2864558e-06	1.9965888e-06	0.00072089822	1.3389215e-05	3.8963276e-07	1.1673119e-05	3.6908905e-07	-0.00066219364	0.00012519298	0.0012647815	0.0012649304	0.00011769505
0.2	1.2	0	0	0	1	0	0	0	0.78252566	0.93903079	0.0012792401	2.5189518e-06	2.2935202e-06	2.0201504e-06	0.00072864432	1.3402052e-05	3.8470638e-07	1.1650589e-05	3.7098221e-07	-0.00066941847	0.00012773674	0.0012787029	0.0012788549	0.00011886094
0.202	1.202	0	0	0	1	0	0	0	0.77962348	0.93710742	0.0012932107	2.5525968e-06	2.3006201e-06	2.0435341e-06	0.00073638235	1.341367e-05	3.7977909e-07	1.1626859e-05	3.7286046e-07	-0.0006766553	0.0001303084	0.0012926685	0.0012928236	0.00012001345
0.204	1.204	0	0	0	1	0	0	0	0.7767086	0.93515716	0.0013072258	2.5861189e-06	2.3077578e-06	2.0667402e-06	0.0007441123	1.3424083e-05	3.7485076e-07	1.1601952e-05	3.7472396e-07	-0.00068390429	0.00013290804	0.0013066785	0.0013068368	0.00012115276
0.206	1.206	0	0	0	1	0	0	0	0.77378099	0.93317988	0.0013212859	2.6195177e-06	2.3149356e-06	2.0897691e-06	0.00075183421	1.3433303e-05	3.699213e-07	1.1575889e-05	3.7657285e-07	-0.00069116555	0.00013553575	0.0013207334	0.0013208949	0.000122279
0.208	1.208	0	0	0	1	0	0	0	0.77084061	0.93117546	0.0013353912	2.6527926e-06	2.3221559e-06	2.1126214e-06	0.0007595481	1.3441343e-05	3.6499068e-07	1.1548691e-05	3.7840728e-07	-0.00069843923	0.00013819162	0.0013348336	0.0013349984	0.00012339228
0.21	1.21	0	0	0	1	0	0	0	0.76788743	0.92914379	0.0013495422	2.6859431e-06	2.3294212e-06	2.1352976e-06	0.00076725398	1.3448215e-05	3.600589e-07	1.1520379e-05	3.8022738e-07	-0.00070572549	0.00014087574	0.0013489796	0.0013491475	0.00012449271
0.212	1.212	0	0	0	1	0	0	0	0.7649214	0.92708474	0.0013637394	2.7189689e-06	2.336734e-06	2.1577981e-06	0.00077495189	1.3453931e-05	3.55126e-07	1.1490972e-05	3.8203326e-07	-0.00071302446	0.00014358821	0.0013631717	0.0013633429	0.00012558039
0.214	1.214	0	0	0	1	0	0	0	0.76194251	0.9249982	0.0013779832	2.7518694e-06	2.3440969e-06	2.1801234e-06	0.00078264185	1.3458502e-05	3.5019209e-07	1.1460491e-05	3.8382504e-07	-0.0007203363	0.00014632911	0.0013774103	0.0013775848	0.0001266554
0.216	1.216	0	0	0	1	0	0	0	0.75895072	0.92288407	0.0013922741	2.7846442e-06	2.3515126e-06	2.2022742e-06	0.00079032388	1.3461939e-05	3.4525732e-07	1.1428954e-05	3.8560281e-07	-0.00072766118	0.00014909855	0.001391696	0.0013918737	0.00012771778
0.218	1.218	0	0	0	1	0	0	0	0.755946	0.92074223	0.0014066124	2.817293e-06	2.3589839e-06	2.224251e-06	0.00079799802	1.3464251e-05	3.4032186e-07	1.1396382e-05	3.8736667e-07	-0.00073499925	0.00015189661	0.0014060292	0.0014062102	0.0001287676
0.22	1.22	0	0	0	1	0	0	0	0.75292833	0.91857257	0.0014209987	2.8498153e-06	2.3665136e-06	2.2460542e-06	0.0008056643	1.346545e-05	3.3538597e-07	1.1362793e-05	3.8911668e-07	-0.0007423507	0.00015472339	0.0014204103	0.0014205947	0.00012980489
0.222	1.222	0	0	0	1	0	0	0	0.74989769	0.91637498	0.0014354335	2.8822107e-06	2.3741048e-06	2.2676846e-06	0.00081332275	1.3465546e-05	3.3044992e-07	1.1328206e-05	3.9085293e-07	-0.00074971568	0.00015757899	0.0014348399	0.0014350277	0.00013082967
0.224	1.224	0	0	0	1	0	0	0	0.74685406	0.91414938	0.0014499172	2.9144789e-06	2.3817604e-06	2.2891426e-06	0.0008209734	1.3464546e-05	3.2551406e-07	1.1292639e-05	3.9257548e-07	-0.00075709439	0.0001604635	0.0014493185	0.0014495096	0.00013184193
0.226	1.226	0	0	0	1	0	0	0	0.74379743	0.91189565	0.0014644504	2.9466193e-06	2.3894836e-06	2.3104289e-06	0.0008286163	1.3462461e-05	3.2057877e-07	1.1256111e-05	3.9428438e-07	-0.00076448701	0.00016337703	0.0014638466	0.0014640411	0.00013284168
0.228	1.228	0	0	0	1	0	0	0	0.74072777	0.9096137	0.0014790337	2.9786316e-06	2.3972778e-06	2.331544e-06	0.00083625148	1.34593e-05	3.1564449e-07	1.1218639e-05	3.9597966e-07	-0.00077189372	0.00016631966	0.0014784247	0.0014786225	0.00013382889
0.23	1.23	0	0	0	1	0	0	0	0.73764507	0.90730344	0.0014936676	3.0105155e-06	2.4051463e-06	2.3524886e-06	0.00084387898	1.345507e-05	3.1071171e-07	1.1180241e-05	3.9766137e-07	-0.00077931473	0.00016929152	0.0014930533	0.0014932546	0.00013480353
0.232	1.232	0	0	0	1	0	0	0	0.73454933	0.90496478	0.0015083525	3.0422704e-06	2.4130926e-06	2.3732632e-06	0.00085149884	1.3449781e-05	3.0578098e-07	1.1140935e-05	3.9932953e-07	-0.00078675023	0.00017229268	0.0015077331	0.0015079378	0.00013576554
0.234	1.234	0	0	0	1	0	0	0	0.73144055	0.90259764	0.0015230892	3.0738961e-06	2.4211204e-06	2.3938684e-06	0.00085911111	1.344344e-05	3.0085288e-07	1.1100737e-05	4.0098415e-07	-0.00079420044	0.00017532327	0.0015224646	0.0015226728	0.00013671487
0.236	1.236	0	0	0	1	0	0	0	0.72831872	0.90020193	0.0015378782	3.1053921e-06	2.4292335e-06	2.4143049e-06	0.00086671583	1.3436054e-05	2.9592806e-07	1.1059666e-05	4.0262525e-07	-0.00080166555	0.00017838337	0.0015372484	0.0015374601	0.00013765142
0.238	1.238	0	0	0	1	0	0	0	0.72518383	0.89777759	0.0015527201	3.136758e-06	2.4374358e-06	2.4345732e-06	0.00087431304	1.3427631e-05	2.9100724e-07	1.1017739e-05	4.0425282e-07	-0.0008091458	0.00018147311	0.0015520851	0.0015523003	0.00013857511
0.24	1.24	0	0	0	1	0	0	0	0.72203591	0.89532453	0.0015676155	3.1679935e-06	2.4457313e-06	2.4546739e-06	0.00088190281	1.3418179e-05	2.8609116e-07	1.0974971e-05	4.0586685e-07	-0.0008166414	0.00018459257	0.0015669754	0.001567194	0.00013948584
0.242	1.242	0	0	0	1	0	0	0	0.71887495	0.89284269	0.0015825651	3.199098e-06	2.4541241e-06	2.4746077e-06	0.00088948516	1.3407704e-05	2.8118065e-07	1.0931381e-05	4.0746732e-07	-0.00082415259	0.00018774188	0.0015819198	0.0015821419	0.00014038347
0.244	1.244	0	0	0	1	0	0	0	0.71570098	0.89033201	0.0015975696	3.2300712e-06	2.4626188e-06	2.4943751e-06	0.00089706017	1.3396213e-05	2.7627658e-07	1.0886985e-05	4.090542e-07	-0.0008316796	0.00019092114	0.0015969191	0.0015971447	0.00014126788
0.246	1.246	0	0	0	1	0	0	0	0.712514	0.88779244	0.0016126295	3.2609127e-06	2.4712197e-06	2.5139767e-06	0.00090462788	1.3383713e-05	2.7137988e-07	1.0841799e-05	4.1062746e-07	-0.00083922267	0.00019413046	0.0016119738	0.001612203	0.00014213891
0.248	1.248	0	0	0	1	0	0	0	0.70931404	0.88522392	0.0016277456	3.291622e-06	2.4799316e-06	2.5334132e-06	0.00091218835	1.337021e-05	2.6649155e-07	1.079584e-05	4.1218705e-07	-0.00084678205	0.00019736995	0.0016270848	0.0016273175	0.0001429964
0.25	1.25	0	0	0	1	0	0	0	0.70610113	0.88262641	0.0016429186	3.3221986e-06	2.4887594e-06	2.5526852e-06	0.00091974164	1.335571e-05	2.6161263e-07	1.0749124e-05	4.1373291e-07	-0.000854358	0.00020063973	0.0016422526	0.0016424889	0.00014384018
0.252	1.252	0	0	0	1	0	0	0	0.7028753	0.87999988	0.0016581492	3.3526422e-06	2.4977079e-06	2.5717931e-06	0.00092728781	1.3340219e-05	2.5674426e-07	1.0701669e-05	4.1526499e-07	-0.00086195077	0.00020393991	0.0016574781	0.0016577179	0.00014467004
0.254	1.254	0	0	0	1	0	0	0	0.69963659	0.87734428	0.0016734382	3.3829522e-06	2.5067826e-06	2.5907377e-06	0.00093482692	1.3323743e-05	2.518876e-07	1.0653489e-05	4.1678321e-07	-0.00086956063	0.0002072706	0.0016727619	0.0016730053	0.00014548578
0.256	1.256	0	0	0	1	0	0	0	0.69638503	0.8746596	0.0016887863	3.4131283e-06	2.5159887e-06	2.6095195e-06	0.00094235903	1.3306287e-05	2.4704391e-07	1.0604602e-05	4.1828748e-07	-0.00087718787	0.00021063193	0.0016881049	0.0016883519	0.00014628719
0.258	1.258	0	0	0	1	0	0	0	0.69312068	0.87194582	0.0017041943	3.4431699e-06	2.5253319e-06	2.6281391e-06	0.00094988421	1.3287858e-05	2.4221449e-07	1.0555024e-05	4.1977772e-07	-0.00088483275	0.00021402401	0.0017035078	0.0017037583	0.00014707401
0.26	1.26	0	0	0	1	0	0	0	0.68984359	0.86920293	0.0017196629	3.4730765e-06	2.5348181e-06	2.646597e-06	0.00095740253	1.326846e-05	2.3740073e-07	1.0504771e-05	4.2125383e-07	-0.00089249557	0.00021744696	0.0017189713	0.0017192255	0.00014784601
0.262	1.262	0	0	0	1	0	0	0	0.68655382	0.86643093	0.0017351931	3.5028477e-06	2.5444532e-06	2.6648939e-06	0.00096491406	1.3248099e-05	2.3260406e-07	1.0453859e-05	4.2271569e-07	-0.00090017661	0.00022090091	0.0017344964	0.0017347542	0.00014860292
0.264	1.264	0	0	0	1	0	0	0	0.68325144	0.86362982	0.0017507855	3.5324829e-06	2.5542436e-06	2.6830303e-06	0.00097241887	1.3226779e-05	2.2782602e-07	1.0402305e-05	4.241632e-07	-0.00090787619	0.00022438598	0.0017500838	0.0017503452	0.00014934445
0.266	1.266	0	0	0	1	0	0	0	0.67993652	0.86079963	0.0017664412	3.5619816e-06	2.5641958e-06	2.7010068e-06	0.00097991704	1.3204507e-05	2.2306819e-07	1.0350124e-05	4.2559622e-07	-0.00091559461	0.00022790229	0.0017657345	0.0017659995	0.00015007032
0.268	1.268	0	0	0	1	0	0	0	0.67660913	0.85794038	0.0017821609	3.5913433e-06	2.5743165e-06	2.7188239e-06	0.00098740864	1.3181286e-05	2.1833223e-07	1.0297334e-05	4.2701462e-07	-0.00092333218	0.00023144998	0.0017814492	0.0017817178	0.00015078021
0.27	1.27	0	0	0	1	0	0	0	0.67326937	0.8550521	0.0017979455	3.6205674e-06	2.5846127e-06	2.7364822e-06	0.00099489375	1.3157122e-05	2.1361988e-07	1.0243951e-05	4.2841825e-07	-0.00093108923	0.00023502917	0.0017972288	0.0017975011	0.00015147381
0.272	1.272	0	0	0	1	0	0	0	0.66991732	0.85213483	0.001813796	3.6496535e-06	2.5950918e-06	2.7539822e-06	0.0010023724	1.3132019e-05	2.0893296e-07	1.0189991e-05	4.2980697e-07	-0.00093886609	0.00023863998	0.0018130743	0.0018133502	0.00015215077
0.274	1.274	0	0	0	1	0	0	0	0.6665531	0.84918865	0.0018297133	3.6786008e-06	2.6057611e-06	2.7713246e-06	0.0010098448	1.3105982e-05	2.0427336e-07	1.013547e-05	4.311806e-07	-0.00094666309	0.00024228257	0.0018289867	0.0018292662	0.00015281076
0.276	1.276	0	0	0	1	0	0	0	0.6631768	0.8462136	0.0018456982	3.707409e-06	2.6166287e-06	2.7885097e-06	0.001017311	1.3079016e-05	1.9964304e-07	1.0080405e-05	4.3253897e-07	-0.00095448058	0.00024595705	0.0018449668	0.0018452499	0.00015345341
0.278	1.278	0	0	0	1	0	0	0	0.65978855	0.84320977	0.0018617519	3.7360773e-06	2.6277026e-06	2.8055383e-06	0.0010247709	1.3051125e-05	1.9504407e-07	1.0024812e-05	4.338819e-07	-0.00096231891	0.00024966357	0.0018610156	0.0018613024	0.00015407834
0.28	1.28	0	0	0	1	0	0	0	0.65638848	0.84017725	0.0018778752	3.7646053e-06	2.6389912e-06	2.8224107e-06	0.0010322249	1.3022313e-05	1.9047858e-07	9.9687088e-06	4.3520921e-07	-0.00097017843	0.00025340226	0.0018771341	0.0018774245	0.00015468517
0.282	1.282	0	0	0	1	0	0	0	0.65297671	0.83711614	0.0018940692	3.7929922e-06	2.6505032e-06	2.8391276e-06	0.0010396728	1.2992586e-05	1.8594878e-07	9.9121115e-06	4.3652069e-07	-0.00097805952	0.00025717326	0.0018933233	0.0018936173	0.0001552735
0.284	1.284	0	0	0	1	0	0	0	0.6495534	0.83402656	0.0019103349	3.8212376e-06	2.6622478e-06	2.8556895e-06	0.0010471149	1.2961948e-05	1.8145699e-07	9.8550371e-06	4.3781613e-07	-0.00098596255	0.00026097673	0.0019095843	0.0019098819	0.00015584291
0.286	1.286	0	0	0	1	0	0	0	0.64611869	0.83090863	0.0019266734	3.8493407e-06	2.6742343e-06	2.8720969e-06	0.0010545512	1.2930403e-05	1.770056e-07	9.7975025e-06	4.3909532e-07	-0.00099388789	0.00026481279	0.0019259181	0.0019262193	0.00015639299
0.288	1.288	0	0	0	1	0	0	0	0.64267275	0.8277625	0.0019430857	3.877301e-06	2.6864725e-06	2.8883503e-06	0.0010619818	1.2897955e-05	1.7259709e-07	9.7395248e-06	4.4035802e-07	-0.0010018359	0.0002686816	0.0019423257	0.0019426306	0.00015692331
0.29	1.29	0	0	0	1	0	0	0	0.63921575	0.82458832	0.0019595728	3.9051178e-06	2.6989724e-06	2.9044502e-06	0.0010694068	1.286461e-05	1.6823403e-07	9.6811211e-06	4.4160401e-07	-0.0010098071	0.00027258331	0.0019588083	0.0019591168	0.00015743341
0.292	1.292	0	0	0	1	0	0	0	0.63574789	0.82138627	0.001976136	3.9327906e-06	2.7117447e-06	2.9203973e-06	0.0010768264	1.2830371e-05	1.6391908e-07	9.6223088e-06	4.4283304e-07	-0.0010178017	0.00027651807	0.001975367	0.001975679	0.00015792286
0.294	1.294	0	0	0	1	0	0	0	0.63226934	0.81815652	0.0019927763	3.9603186e-06	2.7248e-06	2.9361919e-06	0.0010842406	1.2795243e-05	1.5965502e-07	9.5631054e-06	4.4404485e-07	-0.0010258203	0.00028048603	0.0019920029	0.0019923184	0.00015839118
0.296	1.296	0	0	0	1	0	0	0	0.62878032	0.81489929	0.0020094949	3.9877012e-06	2.7381497e-06	2.9518346e-06	0.0010916495	1.2759231e-05	1.5544468e-07	9.5035283e-06	4.4523918e-07	-0.0010338632	0.00028448735	0.0020087171	0.0020090362	0.00015883792
0.298	1.298	0	0	0	1	0	0	0	0.62528104	0.81161479	0.0020262929	4.0149378e-06	2.7518055e-06	2.9673259e-06	0.0010990533	1.272234e-05	1.5129103e-07	9.4435955e-06	4.4641577e-07	-0.0010419309	0.00028852218	0.0020255107	0.0020258334	0.00015926261
0.3	1.3	0	0	0	1	0	0	0	0.62177173	0.80830326	0.0020431716	4.0420277e-06	2.7657793e-06	2.9826663e-06	0.001106452	1.2684574e-05	1.4719711e-07	9.3833247e-06	4.4757434e-07	-0.0010500237	0.00029259068	inf	inf	inf
