lambda	F11	F12	F13	F21	F22	F23	F31	F32	F33	J	P11	P12	P13	P21	P22	P23	P31	P32	P33	p	StrEn	t(1)	t(2)	d
0	1	0	0	0	1	0	0	0	1	1	0	0	0	0	0	0	0	0	0	-0	0	inf	inf	inf
0.002	1.002	0	0	0	1.00066	0	0	0	0.99863036	1.001288	1.4819972e-05	-5.037965e-08	2.3610515e-08	-4.8895667e-08	8.3524856e-06	2.5377551e-08	-1.5196933e-10	2.8502146e-08	-3.4225457e-09	-7.7230115e-06	1.7492588e-08	1.7578647e-05	1.7604624e-05	0.0014755798
0.004	1.004	0	0	0	1.00132	0	0	0	0.99724722	1.0025578	2.9871406e-05	-9.6917206e-08	7.5117491e-08	-9.3516273e-08	1.683473e-05	5.2077742e-08	7.7368175e-09	6.6535144e-08	-5.3597498e-09	-1.5566926e-05	7.0418497e-08	3.5430591e-05	3.542296e-05	-0.00021543019
0.006	1.006	0	0	0	1.00198	0	0	0	0.99585132	1.00381	4.5059253e-05	-1.3495955e-07	1.3769456e-07	-1.2922001e-07	2.5395397e-05	8.148975e-08	2.2851032e-08	1.1329864e-07	-4.2099774e-09	-2.348348e-05	1.5918443e-07	5.3442682e-05	5.3418546e-05	-0.00045183089
0.008	1.008	0	0	0	1.00264	0	0	0	0.99444652	1.0050484	6.036998e-05	-1.6519063e-07	2.0502444e-07	-1.5683567e-07	3.4022584e-05	1.1367281e-07	4.2211747e-08	1.6582444e-07	-1.5743824e-09	-3.1463663e-05	2.8409268e-07	7.1598542e-05	7.155974e-05	-0.00054222394
0.01	1.01	0	0	0	1.0033	0	0	0	0.99303479	1.0062749	7.5795272e-05	-1.8890733e-07	2.7426997e-07	-1.7779066e-07	4.270679e-05	1.4865271e-07	6.3673427e-08	2.2228656e-07	1.324015e-09	-3.9501129e-05	4.4542339e-07	8.9887576e-05	8.9834633e-05	-0.00058933683
0.012	1.012	0	0	0	1.00396	0	0	0	0.9916167	1.00749	9.1325555e-05	-2.0720754e-07	3.4394277e-07	-1.9324266e-07	5.1437624e-05	1.866536e-07	8.6291819e-08	2.8224488e-07	4.2008713e-09	-4.7589127e-05	6.4343121e-07	0.00010829699	0.00010823087	-0.00061087498
0.014	1.014	0	0	0	1.00462	0	0	0	0.99019244	1.0086939	0.00010695271	-2.2093184e-07	4.1323649e-07	-2.0406841e-07	6.0206618e-05	2.2790829e-07	1.0953009e-07	3.4560261e-07	6.983564e-09	-5.5722105e-05	8.7834687e-07	0.00012681591	0.00012673753	-0.00061852007
0.016	1.016	0	0	0	1.00528	0	0	0	0.98876216	1.0098865	0.00012267003	-2.3071607e-07	4.8171904e-07	-2.1092917e-07	6.9007056e-05	2.7263868e-07	1.33045e-07	4.1237524e-07	9.6539982e-09	-6.3895581e-05	1.1503813e-06	0.00014543544	0.00014534557	-0.00061834661
0.018	1.018	0	0	0	1.00594	0	0	0	0.9873259	1.011068	0.00013847185	-2.3704677e-07	5.4917386e-07	-2.1433054e-07	7.7833556e-05	3.2106677e-07	1.5660864e-07	4.8263732e-07	1.2211991e-08	-7.2105874e-05	1.4597291e-06	0.00016414814	0.00016404748	-0.00061359313
0.02	1.02	0	0	0	1.0066	0	0	0	0.98588368	1.0122383	0.00015435334	-2.4030348e-07	6.1551248e-07	-2.1466698e-07	8.6681746e-05	3.7342852e-07	1.8006764e-07	5.565099e-07	1.4664057e-08	-8.0349916e-05	1.8065712e-06	0.00018294772	0.0001828369	-0.00060609327
0.022	1.022	0	0	0	1.00726	0	0	0	0.98443551	1.0133973	0.00017031024	-2.4078875e-07	6.8072378e-07	-2.1225313e-07	9.5548044e-05	4.2998656e-07	2.0331839e-07	6.3416013e-07	1.7019318e-08	-8.8625102e-05	2.1910767e-06	0.00020182875	0.00020170834	-0.00059694445
0.024	1.024	0	0	0	1.00792	0	0	0	0.98298133	1.0145449	0.00018633881	-2.3874883e-07	7.4484342e-07	-2.0734532e-07	0.0001044295	4.9104222e-07	2.2629087e-07	7.1580553e-07	1.9287883e-08	-9.6929198e-05	2.6134046e-06	0.00022078649	0.000220657	-0.00058683511
0.026	1.026	0	0	0	1.00858	0	0	0	0.9815211	1.0156811	0.00020243563	-2.3438793e-07	8.0793504e-07	-2.0015646e-07	0.00011332367	5.5694807e-07	2.4893791e-07	8.0172152e-07	2.1480245e-08	-0.00010526026	3.0737047e-06	0.00023981673	0.00023967862	-0.00057621528
0.028	1.028	0	0	0	1.00924	0	0	0	0.98005474	1.0168055	0.00021859757	-2.2787808e-07	8.7007844e-07	-1.9086623e-07	0.00012222859	6.281224e-07	2.712279e-07	8.9225204e-07	2.3607165e-08	-0.00011361659	3.5721191e-06	0.00025891566	0.00025876936	-0.00056539132
0.03	1.03	0	0	0	1.0099	0	0	0	0.97858211	1.0179182	0.00023482169	-2.1936576e-07	9.3136199e-07	-1.7962809e-07	0.00013114266	7.0506756e-07	2.9313981e-07	9.8782476e-07	2.5679837e-08	-0.00012199668	4.1087822e-06	0.00027807982	0.00027792569	-0.00055458193
0.032	1.032	0	0	0	1.01056	0	0	0	0.97710309	1.0190188	0.00025110515	-2.0897651e-07	9.9187761e-07	-1.6657405e-07	0.00014006468	7.8839488e-07	3.1465983e-07	1.0889728e-06	2.7710299e-08	-0.00013039918	4.6838218e-06	0.00029730596	0.00029714432	-0.00054395416
0.034	1.034	0	0	0	1.01122	0	0	0	0.97561747	1.0201071	0.00026744514	-1.9681772e-07	1.0517173e-06	-1.5181771e-07	0.00014899382	8.7886016e-07	3.3577906e-07	1.196367e-06	2.9712091e-08	-0.00013882289	5.2973595e-06	0.00031659098	0.00031642213	-0.00053364958
0.036	1.036	0	0	0	1.01188	0	0	0	0.97412501	1.0211827	0.00028383878	-1.8298003e-07	1.11097e-06	-1.3545588e-07	0.00015792967	9.7741644e-07	3.5649189e-07	1.3108642e-06	3.1701292e-08	-0.00014726672	5.9495103e-06	0.00033593186	0.00033575599	-0.00052380776
0.038	1.038	0	0	0	1.01254	0	0	0	0.97262537	1.0222453	0.00030028294	-1.6753729e-07	1.1697187e-06	-1.1756883e-07	0.00016687234	1.0852952e-06	3.7679498e-07	1.4335827e-06	3.3698138e-08	-0.00015572966	6.6403834e-06	0.00035532548	0.00035514272	-0.00051459384
0.04	1.04	0	0	0	1.0132	0	0	0	0.97111808	1.0232943	0.00031677398	-1.5054461e-07	1.2280355e-06	-9.8218825e-08	0.00017582265	1.2041361e-06	3.9668627e-07	1.5660241e-06	3.5729631e-08	-0.00016421079	7.3700812e-06	0.00037476845	0.00037457882	-0.0005062411
0.042	1.042	0	0	0	1.01386	0	0	0	0.96960243	1.0243288	0.00033330732	-1.3203355e-07	1.2859738e-06	-7.7446047e-08	0.00018478251	1.3362028e-06	4.1616387e-07	1.7102743e-06	3.783392e-08	-0.00017270922	8.1386987e-06	0.00039425678	0.00039406009	-0.00049912946
0.044	1.044	0	0	0	1.01452	0	0	0	0.96807731	1.0253477	0.00034987654	-1.1200208e-07	1.3435526e-06	-5.526018e-08	0.00019375569	1.484755e-06	4.3522358e-07	1.8693532e-06	4.0067943e-08	-0.0001812241	8.9463216e-06	0.00041378525	0.00041358096	-0.00049394915
0.046	1.046	0	0	0	1.01518	0	0	0	0.9665408	1.0263487	0.00036647156	-9.0394661e-08	1.400723e-06	-3.1623599e-08	0.00020274949	1.6547144e-06	4.5385243e-07	2.0478388e-06	4.2521335e-08	-0.00018975452	9.7930226e-06	0.00043334606	0.00043313293	-0.00049206712
0.048	1.048	0	0	0	1.01584	0	0	0	0.96498934	1.027328	0.00038307447	-6.7061848e-08	1.4572929e-06	-6.4181665e-09	0.00021177845	1.8538799e-06	4.7200959e-07	2.2530033e-06	4.5342439e-08	-0.00019829942	1.0678853e-05	0.00045292593	0.00045270123	-0.00049636214
0.05	1.05	0	0	0	1.0165	0	0	0	0.96341559	1.0282775	0.00039964973	-4.1679254e-08	1.512746e-06	2.0618918e-08	0.00022087327	2.0950499e-06	4.8956857e-07	2.4967886e-06	4.8785915e-08	-0.00020685726	1.1603827e-05	0.00047249905	0.00047225686	-0.0005128288
0.052	1.052	0	0	0	1.01716	0	0	0	0.96180356	1.0291801	0.00041612085	-1.3604857e-08	1.5658133e-06	4.9998298e-08	0.00023010183	2.3987075e-06	5.0614285e-07	2.7982611e-06	5.3282047e-08	-0.00021542532	1.2567881e-05	0.00049201056	0.00049173985	-0.00055050709
0.054	1.054	0	0	0	1.01782	0	0	0	0.96011991	1.0299996	0.00043232934	1.8209642e-08	1.6137079e-06	8.2499261e-08	0.00023960621	2.7901877e-06	5.2065937e-07	3.1807348e-06	5.9420159e-08	-0.00022399832	1.3570787e-05	0.00051134758	0.00051103988	-0.00060211123
0.056	1.056	0	0	0	1.01848	0	0	0	0.95831613	1.0306833	0.00044804561	5.4575056e-08	1.6522773e-06	1.1855336e-07	0.00024959208	3.2720875e-06	5.3104954e-07	3.6455317e-06	6.7439298e-08	-0.00023256837	1.461204e-05	0.00053034781	0.00053002566	-0.00060780448
0.058	1.058	0	0	0	1.01914	0	0	0	0.95637232	1.0312086	0.00046317622	9.4596274e-08	1.679719e-06	1.5713487e-07	0.00026014095	3.7921783e-06	5.3574613e-07	4.1422948e-06	7.6485211e-08	-0.00024113122	1.569089e-05	0.00054894633	0.0005486489	-0.00054211043
0.06	1.06	0	0	0	1.0198	0	0	0	0.95432017	1.0316087	0.00047787224	1.3629749e-07	1.6986119e-06	1.9655132e-07	0.00027111355	4.290029e-06	5.3542081e-07	4.6139514e-06	8.5376421e-08	-0.00024969039	1.6806636e-05	0.00056725065	0.00056698637	-0.00046611268
0.062	1.062	0	0	0	1.02046	0	0	0	0.95219978	1.0319261	0.00049232407	1.7840628e-07	1.7122954e-06	2.3586385e-07	0.00028233615	4.7431678e-06	5.3168125e-07	5.0398989e-06	9.3591729e-08	-0.00025825127	1.7958835e-05	0.00058539476	0.00058515481	-0.00041006228
0.064	1.064	0	0	0	1.02112	0	0	0	0.95003628	1.0321875	0.00050665091	2.2044174e-07	1.7228763e-06	2.74794e-07	0.00029370007	5.1522997e-06	5.2576539e-07	5.4214017e-06	1.0107739e-07	-0.00026681735	1.9147255e-05	0.00060346184	0.00060323814	-0.00037084231
0.066	1.066	0	0	0	1.02178	0	0	0	0.94784312	1.0324073	0.00052091641	2.6226944e-07	1.7314889e-06	3.1331242e-07	0.00030514708	5.5239204e-06	5.184347e-07	5.7650318e-06	1.0791928e-07	-0.00027539047	2.0371788e-05	0.000621496	0.00062128355	-0.00034195474
0.068	1.068	0	0	0	1.02244	0	0	0	0.94562754	1.032593	0.00053515487	3.038712e-07	1.7387528e-06	3.5145589e-07	0.00031664557	5.8644947e-06	5.1014912e-07	6.0772056e-06	1.1421964e-07	-0.00028397155	2.1632389e-05	0.00063952086	0.00063931668	-0.00031936933
0.07	1.07	0	0	0	1.0231	0	0	0	0.94339367	1.0327491	0.00054938577	3.4526287e-07	1.7450276e-06	3.8927044e-07	0.00032817735	6.1792988e-06	5.0119663e-07	6.3631337e-06	1.2006709e-07	-0.00029256106	2.2929054e-05	0.00065754971	0.00065735195	-0.00030085108
0.072	1.072	0	0	0	1.02376	0	0	0	0.94114398	1.032878	0.00056362079	3.8646721e-07	1.750536e-06	4.2679628e-07	0.00033973133	6.4724508e-06	4.9176584e-07	6.6268795e-06	1.25533e-07	-0.00030115922	2.4261797e-05	0.00067559047	0.0006753979	-0.00028512407
0.074	1.074	0	0	0	1.02442	0	0	0	0.93888003	1.0329812	0.0005778673	4.2750542e-07	1.7554244e-06	4.6406521e-07	0.00035130032	6.7471531e-06	4.8198558e-07	6.8716056e-06	1.3067402e-07	-0.0003097661	2.5630646e-05	0.00069364806	0.00069345984	-0.00027141696
0.076	1.076	0	0	0	1.02508	0	0	0	0.93660285	1.0330599	0.00059213018	4.6839496e-07	1.7597945e-06	5.0110138e-07	0.00036287947	7.0059195e-06	4.7194707e-07	7.0997991e-06	1.3553529e-07	-0.00031838173	2.7035637e-05	0.00071172566	0.0007115412	-0.0002592358
0.078	1.078	0	0	0	1.02574	0	0	0	0.93431312	1.0331146	0.0006064127	5.091494e-07	1.7637199e-06	5.3792273e-07	0.00037446535	7.2507502e-06	4.6171689e-07	7.3134437e-06	1.4015316e-07	-0.00032700607	2.8476811e-05	0.00072982539	0.00072964426	-0.0002482478
0.08	1.08	0	0	0	1.0264	0	0	0	0.93201133	1.0331457	0.0006207172	5.4977892e-07	1.7672564e-06	5.7454238e-07	0.00038605545	7.483259e-06	4.513449e-07	7.5141452e-06	1.4455722e-07	-0.00033563907	2.9954214e-05	0.00074794871	0.00074777057	-0.00023821889
0.082	1.082	0	0	0	1.02706	0	0	0	0.9296978	1.0331536	0.00063504534	5.9029094e-07	1.7704473e-06	6.1096978e-07	0.00039764788	7.7047663e-06	4.4086926e-07	7.7032213e-06	1.487719e-07	-0.00034428066	3.1467893e-05	0.00076609662	0.00076592124	-0.00022897846
0.084	1.084	0	0	0	1.02772	0	0	0	0.92737279	1.0331382	0.00064939833	6.3069064e-07	1.7733276e-06	6.472116e-07	0.00040924118	7.9163658e-06	4.3031968e-07	7.8817679e-06	1.5281757e-07	-0.00035293078	3.3017899e-05	0.00078426983	0.00078409702	-0.00022039833
0.086	1.086	0	0	0	1.02838	0	0	0	0.92503646	1.0330998	0.00066377709	6.7098152e-07	1.7759261e-06	6.832724e-07	0.0004208342	8.1189739e-06	4.197197e-07	8.0507066e-06	1.5671141e-07	-0.00036158933	3.4604281e-05	0.00080246887	0.00080229848	-0.00021237974
0.088	1.088	0	0	0	1.02904	0	0	0	0.92268893	1.0330384	0.0006781823	7.1116573e-07	1.778267e-06	7.1915516e-07	0.000432426	8.3133666e-06	4.0908818e-07	8.2108212e-06	1.6046806e-07	-0.00037025626	3.6227092e-05	0.00082069409	0.00082052601	-0.00020484501
0.09	1.09	0	0	0	1.0297	0	0	0	0.92033027	1.0329539	0.00069261452	7.5124441e-07	1.7803711e-06	7.5486168e-07	0.00044401582	8.5002069e-06	3.9844043e-07	8.3627845e-06	1.6410007e-07	-0.00037893148	3.7886385e-05	0.00083894576	0.0008387799	-0.00019773186
0.092	1.092	0	0	0	1.03036	0	0	0	0.91796056	1.0328462	0.00070707414	7.9121793e-07	1.7822565e-06	7.9039287e-07	0.00045560303	8.6800664e-06	3.8778899e-07	8.507179e-06	1.6761835e-07	-0.00038761493	3.9582212e-05	0.00085722407	0.00085706039	-0.00019098958
0.094	1.094	0	0	0	1.03102	0	0	0	0.91557981	1.0327153	0.00072156151	8.3108608e-07	1.783939e-06	8.25749e-07	0.00046718708	8.8534417e-06	3.7714425e-07	8.6445134e-06	1.7103238e-07	-0.00039630654	4.1314627e-05	0.00087552919	0.00087536761	-0.00018457635
0.096	1.096	0	0	0	1.03168	0	0	0	0.91318805	1.0325612	0.0007360769	8.7084825e-07	1.7854328e-06	8.6092987e-07	0.00047876751	9.0207671e-06	3.6651481e-07	8.7752345e-06	1.7435052e-07	-0.00040500625	4.3083682e-05	0.0008938612	0.00089370171	-0.0001784572
0.098	1.098	0	0	0	1.03234	0	0	0	0.91078528	1.0323836	0.00075062052	9.105035e-07	1.7867509e-06	8.9593495e-07	0.00049034394	9.1824247e-06	3.5590794e-07	8.8997381e-06	1.7758012e-07	-0.00041371401	4.4889433e-05	0.00091222019	0.00091206276	-0.00017260263
0.1	1.1	0	0	0	1.033	0	0	0	0.90837149	1.0321825	0.00076519256	9.5005071e-07	1.7879047e-06	9.3076348e-07	0.00050191602	9.3387531e-06	3.4532972e-07	9.0183762e-06	1.8072775e-07	-0.00042242977	4.6731934e-05	0.00093060623	0.00093045085	-0.00016698749
0.102	1.102	0	0	0	1.03366	0	0	0	0.90594666	1.0319578	0.00077979317	9.894886e-07	1.7889049e-06	9.6541456e-07	0.00051348345	9.4900535e-06	3.3478533e-07	9.1314641e-06	1.8379924e-07	-0.00043115347	4.8611237e-05	0.00094901936	0.00094886604	-0.00016159016
0.104	1.104	0	0	0	1.03432	0	0	0	0.90351078	1.0317093	0.00079442251	1.0288158e-06	1.7897613e-06	9.9988722e-07	0.00052504595	9.6365954e-06	3.2427916e-07	9.2392853e-06	1.8679984e-07	-0.00043988509	5.0527398e-05	0.00096745964	0.00096730836	-0.00015639191
0.106	1.106	0	0	0	1.03498	0	0	0	0.90106381	1.0314368	0.00080908068	1.068031e-06	1.7904829e-06	1.0341805e-06	0.00053660331	9.778621e-06	3.1381497e-07	9.3420962e-06	1.8973429e-07	-0.00044862457	5.248047e-05	0.0009859271	0.00098577788	-0.00015137639
0.108	1.108	0	0	0	1.03564	0	0	0	0.89860572	1.0311403	0.0008237678	1.1071329e-06	1.7910781e-06	1.0682933e-06	0.0005481553	9.9163487e-06	3.0339598e-07	9.4401295e-06	1.9260684e-07	-0.0004573719	5.4470509e-05	0.0010044218	0.0010042746	-0.00014652927
0.11	1.11	0	0	0	1.0363	0	0	0	0.89613647	1.0308195	0.00083848397	1.14612e-06	1.7915548e-06	1.1022247e-06	0.00055970174	1.0049976e-05	2.9302494e-07	9.5335974e-06	1.954214e-07	-0.00046612704	5.6497569e-05	0.0010229437	0.0010227987	-0.00014183786
0.112	1.112	0	0	0	1.03696	0	0	0	0.89365601	1.0304743	0.00085322931	1.184991e-06	1.7919204e-06	1.1359739e-06	0.00057124246	1.0179684e-05	2.8270424e-07	9.6226939e-06	1.9818148e-07	-0.00047488998	5.8561704e-05	0.001041493	0.00104135	-0.00013729091
0.114	1.114	0	0	0	1.03762	0	0	0	0.89116431	1.0301046	0.0008680039	1.2237449e-06	1.7921817e-06	1.1695401e-06	0.00058277731	1.0305636e-05	2.7243591e-07	9.7075974e-06	2.0089033e-07	-0.0004836607	6.0662969e-05	0.0010600696	0.0010599287	-0.00013287838
0.116	1.116	0	0	0	1.03828	0	0	0	0.88866132	1.0297101	0.00088280784	1.2623804e-06	1.7923453e-06	1.2029224e-06	0.00059430615	1.0427982e-05	2.6222173e-07	9.788472e-06	2.035509e-07	-0.00049243918	6.2801419e-05	0.0010786735	0.0010785349	-0.00012859126
0.118	1.118	0	0	0	1.03894	0	0	0	0.88614699	1.0292907	0.00089764123	1.3008965e-06	1.7924174e-06	1.2361203e-06	0.00060582886	1.054686e-05	2.5206321e-07	9.8654694e-06	2.0616591e-07	-0.00050122542	6.4977108e-05	0.001097305	0.0010971685	-0.00012442145
0.12	1.12	0	0	0	1.0396	0	0	0	0.88362126	1.0288462	0.00091250418	1.3392922e-06	1.7924037e-06	1.2691332e-06	0.00061734532	1.0662396e-05	2.4196167e-07	9.9387304e-06	2.0873788e-07	-0.00051001941	6.7190093e-05	0.0011159639	0.0011158296	-0.00012036161
0.122	1.122	0	0	0	1.04026	0	0	0	0.88108409	1.0283764	0.00092739678	1.3775667e-06	1.79231e-06	1.3019607e-06	0.00062885544	1.0774709e-05	2.3191824e-07	1.0008386e-05	2.1126911e-07	-0.00051882116	6.9440427e-05	0.0011346505	0.0011345184	-0.00011640508
0.124	1.124	0	0	0	1.04092	0	0	0	0.87853541	1.0278812	0.00094231914	1.4157192e-06	1.7921414e-06	1.3346026e-06	0.00064035912	1.0883905e-05	2.2193389e-07	1.0074557e-05	2.1376175e-07	-0.00052763067	7.1728166e-05	0.0011533646	0.0011532348	-0.00011254579
0.126	1.126	0	0	0	1.04158	0	0	0	0.87597518	1.0273604	0.00095727136	1.453749e-06	1.791903e-06	1.3670584e-06	0.00065185627	1.0990086e-05	2.1200946e-07	1.0137358e-05	2.162178e-07	-0.00053644795	7.4053366e-05	0.0011721065	0.001171979	-0.00010877822
0.128	1.128	0	0	0	1.04224	0	0	0	0.87340333	1.0268138	0.00097225358	1.4916557e-06	1.7915997e-06	1.3993283e-06	0.00066334683	1.1093343e-05	2.0214567e-07	1.0196895e-05	2.1863909e-07	-0.00054527302	7.6416082e-05	0.0011908762	0.0011907511	-0.00010509729
0.13	1.13	0	0	0	1.0429	0	0	0	0.87081981	1.0262411	0.00098726589	1.5294386e-06	1.7912361e-06	1.431412e-06	0.00067483073	1.1193765e-05	1.9234312e-07	1.0253269e-05	2.2102735e-07	-0.00055410588	7.881637e-05	0.0012096739	0.0012095511	-0.00010149831
0.132	1.132	0	0	0	1.04356	0	0	0	0.86822455	1.0256423	0.0010023084	1.5670974e-06	1.7908167e-06	1.4633098e-06	0.00068630789	1.1291432e-05	1.8260234e-07	1.0306573e-05	2.233842e-07	-0.00056294657	8.1254287e-05	0.0012284995	0.0012283792	-9.7976994e-05
0.134	1.134	0	0	0	1.04422	0	0	0	0.86561751	1.0250171	0.0010173813	1.6046318e-06	1.7903457e-06	1.4950218e-06	0.00069777827	1.1386419e-05	1.7292376e-07	1.0356896e-05	2.2571112e-07	-0.00057179511	8.3729887e-05	0.0012473533	0.0012472354	-9.4529357e-05
0.136	1.136	0	0	0	1.04488	0	0	0	0.86299861	1.0243653	0.0010324847	1.6420417e-06	1.7898272e-06	1.5265483e-06	0.00070924181	1.1478798e-05	1.6330775e-07	1.0404322e-05	2.2800953e-07	-0.00058065152	8.6243228e-05	0.0012662353	0.0012661199	-9.1151713e-05
0.138	1.138	0	0	0	1.04554	0	0	0	0.8603678	1.0236867	0.0010476188	1.6793268e-06	1.7892653e-06	1.5578896e-06	0.00072069847	1.1568634e-05	1.5375463e-07	1.044893e-05	2.3028075e-07	-0.00058951585	8.8794367e-05	0.0012851457	0.0012850328	-8.784064e-05
0.14	1.14	0	0	0	1.0462	0	0	0	0.85772501	1.0229812	0.0010627836	1.7164872e-06	1.7886637e-06	1.5890462e-06	0.00073214822	1.165599e-05	1.4426464e-07	1.0490795e-05	2.3252602e-07	-0.00059838812	9.1383359e-05	0.0013040846	0.0013039743	-8.459295e-05
0.142	1.142	0	0	0	1.04686	0	0	0	0.85507018	1.0222485	0.0010779794	1.7535229e-06	1.7880262e-06	1.6200186e-06	0.000743591	1.1740924e-05	1.3483798e-07	1.0529987e-05	2.347465e-07	-0.00060726838	9.4010264e-05	0.0013230521	0.0013229444	-8.1405672e-05
0.144	1.144	0	0	0	1.04752	0	0	0	0.85240325	1.0214884	0.0010932063	1.7904339e-06	1.7873564e-06	1.6508074e-06	0.0007550268	1.1823492e-05	1.2547483e-07	1.0566576e-05	2.3694328e-07	-0.00061615668	9.6675137e-05	0.0013420485	0.0013419434	-7.8276029e-05
0.146	1.146	0	0	0	1.04818	0	0	0	0.84972415	1.0207008	0.0011084645	1.8272205e-06	1.7866577e-06	1.6814132e-06	0.00076645559	1.1903745e-05	1.161753e-07	1.0600624e-05	2.3911741e-07	-0.00062505306	9.9378037e-05	0.0013610738	0.0013609714	-7.520142e-05
0.148	1.148	0	0	0	1.04884	0	0	0	0.84703283	1.0198854	0.0011237541	1.8638828e-06	1.7859336e-06	1.7118368e-06	0.00077787733	1.1981734e-05	1.0693949e-07	1.0632195e-05	2.4126986e-07	-0.00063395757	0.00010211902	0.0013801282	0.0013800286	-7.2179409e-05
0.15	1.15	0	0	0	1.0495	0	0	0	0.84432921	1.019042	0.0011390754	1.9004212e-06	1.7851873e-06	1.742079e-06	0.00078929202	1.2057504e-05	9.7767463e-08	1.0661346e-05	2.4340156e-07	-0.00064287027	0.00010489815	0.001399212	0.0013991151	-6.9207705e-05
0.152	1.152	0	0	0	1.05016	0	0	0	0.84161324	1.0181705	0.0011544285	1.936836e-06	1.7844222e-06	1.7721406e-06	0.00080069964	1.2131099e-05	8.8659272e-08	1.0688134e-05	2.4551337e-07	-0.00065179122	0.00010771548	0.0014183252	0.0014182312	-6.6284153e-05
0.154	1.154	0	0	0	1.05082	0	0	0	0.83888484	1.0172706	0.0011698137	1.9731276e-06	1.7836412e-06	1.8020226e-06	0.00081210017	1.2202562e-05	7.9614938e-08	1.0712612e-05	2.4760613e-07	-0.00066072049	0.00011057108	0.0014374682	0.0014373771	-6.3406722e-05
0.156	1.156	0	0	0	1.05148	0	0	0	0.83614396	1.0163421	0.0011852311	2.0092965e-06	1.7828475e-06	1.8317259e-06	0.0008234936	1.2271931e-05	7.0634468e-08	1.0734833e-05	2.4968062e-07	-0.00066965814	0.00011346499	0.0014566411	0.0014565528	-6.0573498e-05
0.158	1.158	0	0	0	1.05214	0	0	0	0.83339053	1.0153848	0.0012006811	2.0453432e-06	1.7820441e-06	1.8612515e-06	0.00083487993	1.2339245e-05	6.1717858e-08	1.0754845e-05	2.5173759e-07	-0.00067860424	0.00011639729	0.0014758441	0.0014757588	-5.778267e-05
0.16	1.16	0	0	0	1.0528	0	0	0	0.83062449	1.0143985	0.0012161637	2.0812682e-06	1.781234e-06	1.8906005e-06	0.00084625915	1.2404539e-05	5.286509e-08	1.0772697e-05	2.5377774e-07	-0.00068755887	0.00011936803	0.0014950774	0.0014949951	-5.5032527e-05
0.162	1.162	0	0	0	1.05346	0	0	0	0.82784576	1.013383	0.0012316792	2.1170721e-06	1.7804199e-06	1.9197739e-06	0.00085763126	1.2467848e-05	4.4076142e-08	1.0788435e-05	2.5580175e-07	-0.00069652211	0.00012237727	0.0015143414	0.0015142621	-5.2321448e-05
0.164	1.164	0	0	0	1.05412	0	0	0	0.8250543	1.0123381	0.001247228	2.1527554e-06	1.7796049e-06	1.9487729e-06	0.00086899627	1.2529204e-05	3.5350981e-08	1.0802102e-05	2.5781027e-07	-0.00070549403	0.00012542508	0.0015336361	0.00153356	-4.9647895e-05
0.166	1.166	0	0	0	1.05478	0	0	0	0.82225003	1.0112635	0.0012628102	2.1883189e-06	1.7787917e-06	1.9775987e-06	0.00088035417	1.2588638e-05	2.6689575e-08	1.0813742e-05	2.5980389e-07	-0.00071447473	0.00012851151	0.001552962	0.001552889	-4.701041e-05
0.168	1.168	0	0	0	1.05544	0	0	0	0.81943289	1.0101591	0.0012784261	2.2237632e-06	1.777983e-06	2.0062524e-06	0.00089170497	1.264618e-05	1.8091888e-08	1.0823395e-05	2.6178321e-07	-0.00072346429	0.00013163663	0.0015723192	0.0015722494	-4.4407608e-05
0.17	1.17	0	0	0	1.0561	0	0	0	0.81660282	1.0090247	0.001294076	2.2590891e-06	1.7771816e-06	2.0347352e-06	0.00090304869	1.2701858e-05	9.557885e-09	1.0831102e-05	2.6374878e-07	-0.00073246282	0.00013480051	0.001591708	0.0015916414	-4.183817e-05
0.172	1.172	0	0	0	1.05676	0	0	0	0.81375975	1.0078599	0.0013097602	2.2942972e-06	1.7763902e-06	2.0630485e-06	0.00091438533	1.2755699e-05	1.0875334e-09	1.0836902e-05	2.6570112e-07	-0.0007414704	0.0001380032	0.0016111288	0.0016110654	-3.9300844e-05
0.174	1.174	0	0	0	1.05742	0	0	0	0.81090362	1.0066647	0.0013254789	2.3293883e-06	1.7756115e-06	2.0911934e-06	0.0009257149	1.2807729e-05	-7.3191951e-09	1.0840831e-05	2.6764075e-07	-0.00075048715	0.00014124477	0.0016305817	0.0016305217	-3.6794435e-05
0.176	1.176	0	0	0	1.05808	0	0	0	0.80803437	1.0054389	0.0013412325	2.3643632e-06	1.7748481e-06	2.1191713e-06	0.00093703743	1.2857974e-05	-1.5662323e-08	1.0842927e-05	2.6956815e-07	-0.00075951316	0.00014452528	0.0016500672	0.0016500106	-3.4317806e-05
0.178	1.178	0	0	0	1.05874	0	0	0	0.80515194	1.0041821	0.0013570212	2.3992226e-06	1.7741027e-06	2.1469834e-06	0.00094835293	1.2906457e-05	-2.3941865e-08	1.0843224e-05	2.7148378e-07	-0.00076854855	0.00014784481	0.0016695855	0.0016695323	-3.1869871e-05
0.18	1.18	0	0	0	1.0594	0	0	0	0.80225627	1.0028942	0.0013728455	2.4339674e-06	1.773378e-06	2.1746312e-06	0.00095966142	1.2953201e-05	-3.2157827e-08	1.0841757e-05	2.7338808e-07	-0.00077759344	0.00015120341	0.001689137	0.0016890873	-2.9449596e-05
0.182	1.182	0	0	0	1.06006	0	0	0	0.7993473	1.0015749	0.0013887056	2.4685983e-06	1.7726766e-06	2.2021159e-06	0.00097096291	1.2998228e-05	-4.0310204e-08	1.0838559e-05	2.7528148e-07	-0.00078664794	0.00015460116	0.0017087221	0.0017086758	-2.7055992e-05
0.184	1.184	0	0	0	1.06072	0	0	0	0.79642497	1.0002241	0.0014046019	2.5031163e-06	1.7720011e-06	2.2294388e-06	0.00098225745	1.3041559e-05	-4.8398978e-08	1.0833663e-05	2.7716438e-07	-0.00079571217	0.00015803812	0.0017283409	0.0017282983	-2.4688115e-05
0.186	1.186	0	0	0	1.06138	0	0	0	0.79348922	0.99884159	0.0014205347	2.537522e-06	1.7713542e-06	2.2566014e-06	0.00099354505	1.3083215e-05	-5.6424117e-08	1.0827101e-05	2.7903716e-07	-0.00080478627	0.00016151435	0.0017479941	0.001747955	-2.2345063e-05
0.188	1.188	0	0	0	1.06204	0	0	0	0.79053999	0.99742709	0.0014365045	2.5718165e-06	1.7707384e-06	2.283605e-06	0.0010048257	1.3123216e-05	-6.4385574e-08	1.0818903e-05	2.8090021e-07	-0.00081387037	0.00016502994	0.0017676818	0.0017676464	-2.0025974e-05
0.19	1.19	0	0	0	1.0627	0	0	0	0.78757723	0.99598041	0.0014525115	2.6060004e-06	1.7701566e-06	2.310451e-06	0.0010160995	1.316158e-05	-7.2283285e-08	1.08091e-05	2.8275388e-07	-0.0008229646	0.00016858494	0.0017874045	0.0017873728	-1.7730023e-05
0.192	1.192	0	0	0	1.06336	0	0	0	0.78460089	0.99450133	0.0014685562	2.6400746e-06	1.7696113e-06	2.3371407e-06	0.0010273665	1.3198325e-05	-8.0117168e-08	1.0797721e-05	2.845985e-07	-0.00083206911	0.00017217943	0.0018071627	0.0018071347	-1.5456424e-05
0.194	1.194	0	0	0	1.06402	0	0	0	0.7816109	0.99298966	0.001484639	2.6740401e-06	1.7691053e-06	2.3636755e-06	0.0010386267	1.3233471e-05	-8.788712e-08	1.0784796e-05	2.864344e-07	-0.00084118404	0.00017581348	0.0018269566	0.0018269325	-1.3204421e-05
0.196	1.196	0	0	0	1.06468	0	0	0	0.77860722	0.99144517	0.0015007603	2.7078976e-06	1.7686413e-06	2.3900569e-06	0.00104988	1.3267033e-05	-9.5593015e-08	1.0770352e-05	2.8826189e-07	-0.00085030954	0.00017948716	0.0018467868	0.0018467665	-1.0973295e-05
0.198	1.198	0	0	0	1.06534	0	0	0	0.77558979	0.98986766	0.0015169206	2.741648e-06	1.768222e-06	2.4162861e-06	0.0010611267	1.3299028e-05	-1.0323471e-07	1.0754417e-05	2.9008128e-07	-0.00085944577	0.00018320054	0.0018666537	0.0018666374	-8.7623559e-06
0.2	1.2	0	0	0	1.066	0	0	0	0.77255858	0.98825693	0.0015331202	2.775292e-06	1.7678502e-06	2.4423646e-06	0.0010723666	1.3329472e-05	-1.1081203e-07	1.0737019e-05	2.9189284e-07	-0.00086859289	0.00018695371	0.0018865577	0.0018865454	-6.5709442e-06
0.202	1.202	0	0	0	1.06666	0	0	0	0.76951352	0.98661277	0.0015493596	2.8088306e-06	1.7675288e-06	2.4682938e-06	0.0010835999	1.335838e-05	-1.1832477e-07	1.0718184e-05	2.9369686e-07	-0.00087775107	0.00019074672	0.0019064994	0.001906491	-4.3984301e-06
0.204	1.204	0	0	0	1.06732	0	0	0	0.76645458	0.98493497	0.0015656394	2.8422646e-06	1.7672607e-06	2.4940749e-06	0.0010948266	1.3385769e-05	-1.2577272e-07	1.0697938e-05	2.9549359e-07	-0.00088692047	0.00019457967	0.0019264792	0.0019264748	-2.2442112e-06
0.206	1.206	0	0	0	1.06798	0	0	0	0.76338171	0.98322334	0.0015819599	2.8755948e-06	1.7670487e-06	2.5197095e-06	0.0011060467	1.3411651e-05	-1.3315561e-07	1.0676308e-05	2.9728327e-07	-0.00089610128	0.00019845262	0.0019464975	0.0019464973	-1.0771209e-07
0.208	1.208	0	0	0	1.06864	0	0	0	0.76029487	0.98147766	0.0015983217	2.908822e-06	1.7668959e-06	2.5451988e-06	0.0011172602	1.3436042e-05	-1.4047317e-07	1.0653318e-05	2.9906616e-07	-0.00090529368	0.00020236566	0.001966555	0.0019665589	2.0116166e-06
0.21	1.21	0	0	0	1.0693	0	0	0	0.75719401	0.97969775	0.0016147253	2.941947e-06	1.7668054e-06	2.5705442e-06	0.0011284674	1.3458955e-05	-1.4772506e-07	1.0628993e-05	3.0084247e-07	-0.00091449785	0.00020631886	0.0019866521	0.0019866602	4.114299e-06
0.212	1.212	0	0	0	1.06996	0	0	0	0.75407911	0.9778834	0.0016311713	2.9749706e-06	1.7667801e-06	2.5957471e-06	0.0011396681	1.3480403e-05	-1.5491095e-07	1.0603358e-05	3.0261242e-07	-0.00092371398	0.0002103123	0.0020067894	0.0020068018	6.2008351e-06
0.214	1.214	0	0	0	1.07062	0	0	0	0.75095013	0.97603443	0.0016476601	3.0078935e-06	1.7668234e-06	2.6208088e-06	0.0011508624	1.35004e-05	-1.6203044e-07	1.0576438e-05	3.0437622e-07	-0.00093294227	0.00021434607	0.0020269674	0.0020269841	8.2717011e-06
0.216	1.216	0	0	0	1.07128	0	0	0	0.74780704	0.97415064	0.0016641923	3.0407166e-06	1.7669384e-06	2.6457306e-06	0.0011620504	1.3518957e-05	-1.690831e-07	1.0548256e-05	3.0613406e-07	-0.00094218294	0.00021842024	0.0020471867	0.0020472079	1.032735e-05
0.218	1.218	0	0	0	1.07194	0	0	0	0.7446498	0.97223185	0.0016807685	3.0734405e-06	1.7671286e-06	2.6705138e-06	0.0011732322	1.3536089e-05	-1.7606847e-07	1.0518835e-05	3.0788611e-07	-0.00095143618	0.0002225349	0.002067448	0.0020674735	1.2368213e-05
0.22	1.22	0	0	0	1.0726	0	0	0	0.74147839	0.97027786	0.0016973892	3.1060661e-06	1.7673972e-06	2.6951598e-06	0.0011844078	1.3551805e-05	-1.8298605e-07	1.0488199e-05	3.0963257e-07	-0.00096070221	0.00022669013	0.0020877517	0.0020877818	1.4394697e-05
0.222	1.222	0	0	0	1.07326	0	0	0	0.7382928	0.96828851	0.0017140552	3.138594e-06	1.767748e-06	2.7196699e-06	0.0011955772	1.3566119e-05	-1.8983528e-07	1.0456372e-05	3.1137359e-07	-0.00096998126	0.00023088603	0.0021080986	0.0021081332	1.6407192e-05
0.224	1.224	0	0	0	1.07392	0	0	0	0.73509299	0.96626362	0.001730767	3.1710248e-06	1.7681845e-06	2.7440453e-06	0.0012067406	1.3579041e-05	-1.9661558e-07	1.0423375e-05	3.1310932e-07	-0.00097927356	0.00023512266	0.0021284893	0.0021285285	1.8406062e-05
0.226	1.226	0	0	0	1.07458	0	0	0	0.73187895	0.964203	0.0017475252	3.2033594e-06	1.7687104e-06	2.7682873e-06	0.001217898	1.3590583e-05	-2.0332629e-07	1.0389232e-05	3.1483991e-07	-0.00098857933	0.00023940014	0.0021489244	0.0021489683	2.0391653e-05
0.228	1.228	0	0	0	1.07524	0	0	0	0.72865068	0.96210651	0.0017643305	3.2355984e-06	1.7693297e-06	2.7923972e-06	0.0012290494	1.3600757e-05	-2.0996674e-07	1.0353964e-05	3.1656549e-07	-0.00099789882	0.00024371854	0.0021694047	0.0021694532	2.236429e-05
0.23	1.23	0	0	0	1.0759	0	0	0	0.72540815	0.95997396	0.0017811835	3.2677423e-06	1.7700462e-06	2.8163763e-06	0.001240195	1.3609571e-05	-2.1653618e-07	1.0317593e-05	3.1828618e-07	-0.0010072323	0.00024807795	0.0021899307	0.002189984	2.4324279e-05
0.232	1.232	0	0	0	1.07656	0	0	0	0.72215138	0.95780521	0.0017980851	3.2997918e-06	1.7708642e-06	2.8402256e-06	0.0012513348	1.3617038e-05	-2.2303382e-07	1.0280143e-05	3.200021e-07	-0.00101658	0.00025247847	0.0022105033	0.0022105614	2.6271904e-05
0.234	1.234	0	0	0	1.07722	0	0	0	0.71888036	0.9556001	0.0018150358	3.3317476e-06	1.7717877e-06	2.8639466e-06	0.0012624689	1.3623167e-05	-2.2945882e-07	1.0241634e-05	3.2171335e-07	-0.0010259421	0.0002569202	0.0022311232	0.0022311861	2.8207432e-05
0.236	1.236	0	0	0	1.07788	0	0	0	0.71559509	0.95335848	0.0018320363	3.3636101e-06	1.7728214e-06	2.8875403e-06	0.0012735973	1.3627969e-05	-2.3581026e-07	1.0202088e-05	3.2342003e-07	-0.001035319	0.00026140322	0.0022517911	0.0022518589	3.0131108e-05
0.238	1.238	0	0	0	1.07854	0	0	0	0.71229558	0.95108022	0.0018490876	3.39538e-06	1.7739696e-06	2.911008e-06	0.0012847202	1.3631453e-05	-2.420872e-07	1.0161526e-05	3.2512222e-07	-0.001044711	0.00026592763	0.0022725077	0.0022725805	3.204316e-05
0.24	1.24	0	0	0	1.0792	0	0	0	0.70898185	0.94876519	0.0018661902	3.4270577e-06	1.7752372e-06	2.9343508e-06	0.0012958376	1.3633629e-05	-2.482886e-07	1.011997e-05	3.2681999e-07	-0.0010541182	0.00027049354	0.002293274	0.0022933518	3.3943796e-05
0.242	1.242	0	0	0	1.07986	0	0	0	0.70565392	0.94641325	0.001883345	3.4586438e-06	1.7766289e-06	2.9575698e-06	0.0013069496	1.3634508e-05	-2.5441338e-07	1.0077441e-05	3.2851341e-07	-0.0010635411	0.00027510104	0.0023140906	0.0023141735	3.5833205e-05
0.244	1.244	0	0	0	1.08052	0	0	0	0.70231182	0.94402429	0.0019005529	3.4901388e-06	1.7781499e-06	2.9806663e-06	0.0013180563	1.3634098e-05	-2.604604e-07	1.0033959e-05	3.3020253e-07	-0.0010729798	0.00027975023	0.0023349585	0.0023350466	3.7711557e-05
0.246	1.246	0	0	0	1.08118	0	0	0	0.69895557	0.94159819	0.0019178145	3.521543e-06	1.7798054e-06	3.0036413e-06	0.0013291578	1.3632409e-05	-2.6642842e-07	9.989547e-06	3.318874e-07	-0.0010824347	0.00028444123	0.0023558785	0.0023559717	3.9579005e-05
0.248	1.248	0	0	0	1.08184	0	0	0	0.69558522	0.93913487	0.0019351308	3.5528569e-06	1.781601e-06	3.026496e-06	0.0013402542	1.362945e-05	-2.7231616e-07	9.9442244e-06	3.3356804e-07	-0.0010919062	0.00028917412	0.0023768514	0.0023769499	4.1435681e-05
0.25	1.25	0	0	0	1.0825	0	0	0	0.6922008	0.93663421	0.0019525027	3.584081e-06	1.7835421e-06	3.0492313e-06	0.0013513455	1.362523e-05	-2.7812226e-07	9.8980125e-06	3.3524447e-07	-0.0011013945	0.00029394903	0.0023978782	0.002397982	4.32817e-05
0.252	1.252	0	0	0	1.08316	0	0	0	0.68880237	0.93409614	0.0019699309	3.6152155e-06	1.7856348e-06	3.0718484e-06	0.0013624318	1.3619759e-05	-2.8384529e-07	9.8509318e-06	3.3691672e-07	-0.0011108999	0.00029876605	0.0024189598	0.0024190689	4.5117158e-05
0.254	1.254	0	0	0	1.08382	0	0	0	0.68539	0.93152059	0.0019874165	3.6462609e-06	1.7878852e-06	3.0943483e-06	0.0013735133	1.3613046e-05	-2.8948372e-07	9.8030031e-06	3.3858478e-07	-0.0011204228	0.0003036253	0.0024400971	0.0024402116	4.6942131e-05
0.256	1.256	0	0	0	1.08448	0	0	0	0.68196373	0.92890749	0.0020049604	3.6772174e-06	1.7902997e-06	3.116732e-06	0.0013845901	1.3605098e-05	-2.9503597e-07	9.7542471e-06	3.4024864e-07	-0.0011299636	0.0003085269	0.002461291	0.0024614111	4.8756679e-05
0.258	1.258	0	0	0	1.08514	0	0	0	0.67852365	0.92625679	0.0020225635	3.7080853e-06	1.7928848e-06	3.1390006e-06	0.0013956622	1.3595926e-05	-3.0050036e-07	9.7046843e-06	3.4190828e-07	-0.0011395225	0.00031347095	0.0024825427	0.0024826682	5.0560842e-05
0.26	1.26	0	0	0	1.0858	0	0	0	0.67506984	0.92356845	0.0020402267	3.738865e-06	1.7956474e-06	3.161155e-06	0.0014067298	1.3585537e-05	-3.0587512e-07	9.6543353e-06	3.4356367e-07	-0.0011491	0.00031845757	0.0025038531	0.0025039842	5.2354642e-05
0.262	1.262	0	0	0	1.08646	0	0	0	0.67160238	0.92084244	0.0020579512	3.7695565e-06	1.7985948e-06	3.1831962e-06	0.0014177929	1.3573942e-05	-3.1115842e-07	9.6032206e-06	3.4521476e-07	-0.0011586964	0.00032348688	0.0025252232	0.0025253599	5.4138084e-05
0.264	1.264	0	0	0	1.08712	0	0	0	0.66812138	0.91807874	0.0020757378	3.8001601e-06	1.8017344e-06	3.2051251e-06	0.0014288518	1.3561147e-05	-3.1634831e-07	9.5513608e-06	3.4686149e-07	-0.0011683121	0.00032855901	0.002546654	0.0025467964	5.5911151e-05
0.266	1.266	0	0	0	1.08778	0	0	0	0.66462695	0.91527736	0.0020935877	3.830676e-06	1.805074e-06	3.2269427e-06	0.0014399064	1.3547163e-05	-3.2144276e-07	9.4987763e-06	3.4850381e-07	-0.0011779475	0.00033367407	0.0025681468	0.0025682949	5.7673812e-05
0.268	1.268	0	0	0	1.08844	0	0	0	0.66111919	0.91243831	0.0021115019	3.8611043e-06	1.8086217e-06	3.2486499e-06	0.0014509569	1.3531997e-05	-3.2643965e-07	9.4454878e-06	3.5014162e-07	-0.001187603	0.00033883219	0.0025897025	0.0025898564	5.9426014e-05
0.27	1.27	0	0	0	1.0891	0	0	0	0.65759824	0.90956161	0.0021294816	3.8914451e-06	1.8123859e-06	3.2702475e-06	0.0014620035	1.3515659e-05	-3.3133674e-07	9.3915158e-06	3.5177485e-07	-0.0011972789	0.00034403349	0.0026113223	0.002611482	6.116769e-05
0.272	1.272	0	0	0	1.08976	0	0	0	0.65406423	0.9066473	0.0021475277	3.9216985e-06	1.8163754e-06	3.2917365e-06	0.0014730462	1.3498157e-05	-3.3613173e-07	9.3368807e-06	3.5340338e-07	-0.0012069757	0.00034927812	0.0026330073	0.0026331729	6.2898751e-05
0.274	1.274	0	0	0	1.09042	0	0	0	0.65051731	0.90369545	0.0021656415	3.9518645e-06	1.8205994e-06	3.3131176e-06	0.0014840851	1.3479499e-05	-3.4082218e-07	9.2816033e-06	3.550271e-07	-0.0012166939	0.00035456619	0.0026547588	0.0026549304	6.4619093e-05
0.276	1.276	0	0	0	1.09108	0	0	0	0.64695765	0.90070613	0.002183824	3.9819432e-06	1.8250674e-06	3.3343917e-06	0.0014951205	1.3459695e-05	-3.4540555e-07	9.2257042e-06	3.5664588e-07	-0.0012264337	0.00035989784	0.0026765779	0.0026767555	6.6328593e-05
0.278	1.278	0	0	0	1.09174	0	0	0	0.6433854	0.89767944	0.0022020766	4.0119344e-06	1.8297892e-06	3.3555596e-06	0.0015061524	1.3438753e-05	-3.4987921e-07	9.1692039e-06	3.5825957e-07	-0.0012361958	0.00036527321	0.0026984659	0.0026986495	6.8027111e-05
0.28	1.28	0	0	0	1.0924	0	0	0	0.63980075	0.89461547	0.0022204004	4.0418382e-06	1.8347753e-06	3.3766222e-06	0.0015171809	1.3416682e-05	-3.5424041e-07	9.1121231e-06	3.5986804e-07	-0.0012459804	0.00037069244	0.002720424	0.0027206136	6.971449e-05
0.282	1.282	0	0	0	1.09306	0	0	0	0.6362039	0.89151438	0.0022387965	4.0716545e-06	1.8400365e-06	3.3975801e-06	0.0015282063	1.3393491e-05	-3.5848628e-07	9.0544827e-06	3.614711e-07	-0.0012557881	0.00037615566	0.0027424534	0.0027426492	7.1390556e-05
0.284	1.284	0	0	0	1.09372	0	0	0	0.63259504	0.88837629	0.0022572664	4.1013831e-06	1.8455839e-06	3.4184341e-06	0.0015392286	1.3369188e-05	-3.6261383e-07	8.9963034e-06	3.6306858e-07	-0.0012656193	0.00038166303	0.0027645556	0.0027647576	7.3055118e-05
0.286	1.286	0	0	0	1.09438	0	0	0	0.62897441	0.8852014	0.0022758111	4.131024e-06	1.8514292e-06	3.4391849e-06	0.0015502479	1.3343782e-05	-3.6661998e-07	8.937606e-06	3.6466029e-07	-0.0012754746	0.00038721469	0.0027867317	0.00278694	7.4707969e-05
0.288	1.288	0	0	0	1.09504	0	0	0	0.62534223	0.88198988	0.0022944321	4.1605769e-06	1.8575846e-06	3.4598333e-06	0.0015612644	1.3317284e-05	-3.705015e-07	8.8784115e-06	3.6624602e-07	-0.0012853543	0.00039281079	0.0028089832	0.0028091977	7.6348888e-05
0.29	1.29	0	0	0	1.0957	0	0	0	0.62169875	0.87874196	0.0023131307	4.1900416e-06	1.8640628e-06	3.4803799e-06	0.0015722784	1.3289701e-05	-3.7425504e-07	8.8187408e-06	3.6782554e-07	-0.001295259	0.00039845148	0.0028313115	0.0028315323	7.7977637e-05
0.292	1.292	0	0	0	1.09636	0	0	0	0.61804422	0.87545786	0.0023319081	4.219418e-06	1.870877e-06	3.5008254e-06	0.0015832898	1.3261043e-05	-3.7787715e-07	8.758615e-06	3.6939863e-07	-0.0013051891	0.00040413692	0.0028537178	0.0028539449	7.9593964e-05
0.294	1.294	0	0	0	1.09702	0	0	0	0.61437893	0.87213786	0.0023507658	4.2487056e-06	1.8780408e-06	3.5211704e-06	0.0015942988	1.3231319e-05	-3.8136423e-07	8.6980551e-06	3.7096504e-07	-0.0013151452	0.00040986726	0.0028762036	0.0028764372	8.1197603e-05
0.296	1.296	0	0	0	1.09768	0	0	0	0.61070317	0.86878223	0.0023697051	4.2779043e-06	1.8855685e-06	3.5414157e-06	0.0016053057	1.320054e-05	-3.8471257e-07	8.6370824e-06	3.7252452e-07	-0.0013251278	0.00041564267	0.0028987704	0.0028990104	8.2788277e-05
0.298	1.298	0	0	0	1.09834	0	0	0	0.60701724	0.86539128	0.0023887274	4.3070138e-06	1.893475e-06	3.5615617e-06	0.0016163105	1.3168713e-05	-3.879183e-07	8.575718e-06	3.7407678e-07	-0.0013351373	0.0004214633	0.0029214196	0.002921666	8.4365694e-05
0.3	1.3	0	0	0	1.099	0	0	0	0.60332145	0.86196536	0.0024078342	4.3360336e-06	1.9017757e-06	3.5816092e-06	0.0016273135	1.313585e-05	-3.9097745e-07	8.5139833e-06	3.7562154e-07	-0.0013451744	0.00042732933	inf	inf	inf
