lambda	F11	F12	F13	F21	F22	F23	F31	F32	F33	J	P11	P12	P13	P21	P22	P23	P31	P32	P33	p	StrEn	t(1)	t(2)	d
0	1	0	0	0	1	0	0	0	1	1	0	0	0	0	0	0	0	0	0	-0	0	inf	inf	inf
0.002	1.002	0	0	0	1	0	0	0	0.9999989	1.0019989	1.5268597e-05	-8.7050522e-08	1.8045173e-08	-9.18833e-08	-1.1875218e-07	-4.0444992e-09	1.2254585e-08	-7.444961e-10	2.5210323e-10	-5.0500324e-06	1.525528e-08	1.5268597e-05	1.5272367e-05	0.00024686034
0.004	1.004	0	0	0	1	0	0	0	0.99999779	1.0039978	3.058604e-05	-1.6673762e-07	3.5718335e-08	-1.7558794e-07	-2.2481613e-07	-7.7543294e-09	2.4355224e-08	-1.4027164e-09	5.0914245e-10	-1.0120578e-05	6.108947e-08	3.058604e-05	3.0584008e-05	-6.6421248e-05
0.006	1.006	0	0	0	1	0	0	0	0.99999669	1.0059967	4.5943771e-05	-2.4003352e-07	5.2981267e-08	-2.5218282e-07	-3.2012047e-07	-1.1175321e-08	3.6238984e-08	-1.988013e-09	7.700801e-10	-1.520814e-05	1.3759131e-07	4.594377e-05	4.5936279e-05	-0.0001630797
0.008	1.008	0	0	0	1	0	0	0	0.99999558	1.0079955	6.1335171e-05	-3.077426e-07	6.9810738e-08	-3.2255411e-07	-4.0622524e-07	-1.4345154e-08	4.7861344e-08	-2.5109526e-09	1.0341438e-09	-2.0309993e-05	2.4483459e-07	6.133517e-05	6.1322518e-05	-0.00020631909
0.01	1.01	0	0	0	1	0	0	0	0.99999449	1.0099944	7.6755039e-05	-3.7053529e-07	8.6194317e-08	-3.8744183e-07	-4.8440379e-07	-1.7295049e-08	5.9191502e-08	-2.9799859e-09	1.3007592e-09	-2.5423979e-05	3.8288138e-07	7.6755038e-05	7.6737493e-05	-0.00022864521
0.012	1.012	0	0	0	1	0	0	0	0.9999934	1.0119933	9.219923e-05	-4.2897441e-07	1.0212736e-07	-4.474685e-07	-5.5570468e-07	-2.0051077e-08	7.0208926e-08	-3.40194e-09	1.5695007e-09	-3.0548365e-05	5.5178456e-07	9.2199229e-05	9.2177032e-05	-0.00024081282
0.014	1.014	0	0	0	1	0	0	0	0.99999233	1.0139922	0.0001076644	-4.8353585e-07	1.1761083e-07	-5.0316151e-07	-6.2099852e-07	-2.2635169e-08	8.0900785e-08	-3.7823851e-09	1.8400548e-09	-3.5681746e-05	7.5158951e-07	0.0001076644	0.00010763777	-0.0002473835
0.016	1.016	0	0	0	1	0	0	0	0.99999128	1.0159911	0.0001231478	-5.3462474e-07	1.3264969e-07	-5.5497071e-07	-6.8101391e-07	-2.506591e-08	9.1260039e-08	-4.1259086e-09	2.1121922e-09	-4.0822967e-05	9.8233563e-07	0.0001231478	0.00012311695	-0.00025060855
0.018	1.018	0	0	0	1	0	0	0	0.99999024	1.0179901	0.00013864719	-5.8258823e-07	1.4725175e-07	-6.0328232e-07	-7.3636515e-07	-2.7359153e-08	1.01284e-07	-4.4363226e-09	2.3857475e-09	-4.5971071e-05	1.2440573e-06	0.00013864719	0.0001386123	-0.00025171949
0.02	1.02	0	0	0	1	0	0	0	0.99998922	1.019989	0.00015416068	-6.277256e-07	1.614268e-07	-6.4842991e-07	-7.8757371e-07	-2.9528515e-08	1.1097324e-07	-4.7168226e-09	2.6606037e-09	-5.1125255e-05	1.5367848e-06	0.00015416068	0.00015412192	-0.00025144213
0.022	1.022	0	0	0	1	0	0	0	0.99998822	1.021988	0.00016968668	-6.7029637e-07	1.7518594e-07	-6.9070331e-07	-8.3508517e-07	-3.1585757e-08	1.2033075e-07	-4.9701088e-09	2.9366804e-09	-5.6284843e-05	1.860545e-06	0.00016968668	0.00016964423	-0.00025022898
0.024	1.024	0	0	0	1	0	0	0	0.99998724	1.0239869	0.00018522384	-7.1052685e-07	1.8854113e-07	-7.3035568e-07	-8.7928257e-07	-3.3541099e-08	1.2936135e-07	-5.1984812e-09	3.2139247e-09	-6.1449258e-05	2.2153617e-06	0.00018522384	0.00018517785	-0.0002483748
0.026	1.026	0	0	0	1	0	0	0	0.99998628	1.0259859	0.00020077102	-7.4861535e-07	2.0150483e-07	-7.6760927e-07	-9.2049703e-07	-3.540347e-08	1.3807115e-07	-5.4039133e-09	3.4923043e-09	-6.6618006e-05	2.6012564e-06	0.00020077102	0.00020072163	-0.00024607831
0.028	1.028	0	0	0	1	0	0	0	0.99998534	1.0279849	0.00021632723	-7.8473655e-07	2.1408972e-07	-8.0266019e-07	-9.5901635e-07	-3.7180707e-08	1.464672e-07	-5.5881106e-09	3.7718025e-09	-7.1790661e-05	3.0182482e-06	0.00021632723	0.00021627457	-0.00024347728
0.03	1.03	0	0	0	1	0	0	0	0.99998442	1.029984	0.0002318916	-8.1904494e-07	2.2630852e-07	-8.3568217e-07	-9.9509187e-07	-3.8879727e-08	1.5455721e-07	-5.7525568e-09	4.052414e-09	-7.6966853e-05	3.4663547e-06	0.0002318916	0.0002318358	-0.00024066934
0.032	1.032	0	0	0	1	0	0	0	0.99998352	1.031983	0.00024746339	-8.5167782e-07	2.3817387e-07	-8.6682985e-07	-1.0289441e-06	-4.0506657e-08	1.6234932e-07	-5.8985513e-09	4.3341415e-09	-8.2146259e-05	3.9455914e-06	0.00024746339	0.00024740457	-0.00023772493
0.034	1.034	0	0	0	1	0	0	0	0.99998264	1.033982	0.00026304194	-8.8275766e-07	2.4969816e-07	-8.9624138e-07	-1.0607675e-06	-4.2066948e-08	1.6985193e-07	-6.0272388e-09	4.616994e-09	-8.7328596e-05	4.4559729e-06	0.00026304194	0.00026298022	-0.00023469559
0.036	1.036	0	0	0	1	0	0	0	0.99998178	1.0359811	0.00027862667	-9.1239412e-07	2.6089351e-07	-9.2404066e-07	-1.0907339e-06	-4.3565472e-08	1.7707356e-07	-6.1396336e-09	4.9009843e-09	-9.2513613e-05	4.9975123e-06	0.00027862667	0.00027856215	-0.00023161943
0.038	1.038	0	0	0	1	0	0	0	0.99998094	1.0379802	0.00029421707	-9.4068573e-07	2.7177172e-07	-9.5033918e-07	-1.1189961e-06	-4.5006596e-08	1.8402277e-07	-6.2366396e-09	5.1861277e-09	-9.7701088e-05	5.5702215e-06	0.00029421707	0.00029414985	-0.00022852486
0.04	1.04	0	0	0	1	0	0	0	0.99998011	1.0399793	0.00030981269	-9.6772136e-07	2.8234419e-07	-9.7523761e-07	-1.1456902e-06	-4.6394247e-08	1.9070805e-07	-6.3190662e-09	5.4724413e-09	-0.00010289083	6.1741117e-06	0.00030981269	0.00030974286	-0.00022543315
0.042	1.042	0	0	0	1	0	0	0	0.99997931	1.0419784	0.00032541312	-9.9358137e-07	2.9262194e-07	-9.9882714e-07	-1.1709381e-06	-4.7731973e-08	1.9713779e-07	-6.3876421e-09	5.7599427e-09	-0.00010808265	6.809193e-06	0.00032541312	0.00032534078	-0.00022236026
0.044	1.044	0	0	0	1	0	0	0	0.99997853	1.0439776	0.00034101799	-1.0183387e-06	3.0261559e-07	-1.0211906e-06	-1.1948491e-06	-4.9022984e-08	2.0332024e-07	-6.4430264e-09	6.0486496e-09	-0.0001132764	7.4754748e-06	0.00034101799	0.00034094322	-0.00021931815
0.046	1.046	0	0	0	1	0	0	0	0.99997776	1.0459767	0.00035662698	-1.0420596e-06	3.1233533e-07	-1.0424034e-06	-1.2175215e-06	-5.0270197e-08	2.0926344e-07	-6.4858176e-09	6.3385793e-09	-0.00011847193	8.1729659e-06	0.00035662698	0.00035654986	-0.00021631573
0.048	1.048	0	0	0	1	0	0	0	0.99997701	1.0479759	0.0003722398	-1.0648047e-06	3.2179096e-07	-1.0625345e-06	-1.239044e-06	-5.1476266e-08	2.1497523e-07	-6.5165617e-09	6.6297485e-09	-0.00012366913	8.9016742e-06	0.00037223979	0.00037216039	-0.00021335959
0.05	1.05	0	0	0	1	0	0	0	0.99997628	1.0499751	0.00038785616	-1.0866292e-06	3.3099186e-07	-1.081647e-06	-1.2594971e-06	-5.2643615e-08	2.2046324e-07	-6.5357586e-09	6.9221727e-09	-0.00012886786	9.6616074e-06	0.00038785616	0.00038777455	-0.00021045451
0.052	1.052	0	0	0	1	0	0	0	0.99997557	1.0519743	0.00040347584	-1.107584e-06	3.3994702e-07	-1.0997987e-06	-1.2789535e-06	-5.3774461e-08	2.2573484e-07	-6.5438678e-09	7.2158662e-09	-0.00013406803	1.0452772e-05	0.00040347584	0.00040339209	-0.00020760386
0.054	1.054	0	0	0	1	0	0	0	0.99997487	1.0539735	0.00041909861	-1.1277155e-06	3.4866505e-07	-1.1170429e-06	-1.2974797e-06	-5.4870839e-08	2.3079718e-07	-6.5413132e-09	7.5108422e-09	-0.00013926955	1.1275176e-05	0.0004190986	0.00041901279	-0.00020480994
0.056	1.056	0	0	0	1	0	0	0	0.99997419	1.0559727	0.00043472426	-1.1470668e-06	3.5715417e-07	-1.1334288e-06	-1.3151359e-06	-5.5934619e-08	2.3565715e-07	-6.5284868e-09	7.8071124e-09	-0.00014447231	1.2128824e-05	0.00043472426	0.00043463643	-0.00020207416
0.058	1.058	0	0	0	1	0	0	0	0.99997353	1.057972	0.00045035262	-1.1656774e-06	3.6542226e-07	-1.1490015e-06	-1.3319775e-06	-5.6967522e-08	2.4032141e-07	-6.5057528e-09	8.1046871e-09	-0.00014967625	1.3013722e-05	0.00045035262	0.00045026284	-0.00019939731
0.06	1.06	0	0	0	1	0	0	0	0.99997288	1.0599713	0.00046598352	-1.1835839e-06	3.7347683e-07	-1.163803e-06	-1.3480549e-06	-5.7971138e-08	2.4479637e-07	-6.4734499e-09	8.4035751e-09	-0.00015488129	1.3929875e-05	0.00046598351	0.00046589184	-0.00019677961
0.062	1.062	0	0	0	1	0	0	0	0.99997225	1.0619705	0.00048161679	-1.2008203e-06	3.8132507e-07	-1.1778723e-06	-1.3634145e-06	-5.8946938e-08	2.490882e-07	-6.4318942e-09	8.7037841e-09	-0.00016008736	1.4877289e-05	0.00048161679	0.00048152326	-0.00019422091
0.064	1.064	0	0	0	1	0	0	0	0.99997163	1.0639698	0.0004972523	-1.2174178e-06	3.8897385e-07	-1.1912454e-06	-1.3780989e-06	-5.9896281e-08	2.5320285e-07	-6.3813818e-09	9.0053201e-09	-0.0001652944	1.5855968e-05	0.0004972523	0.00049715698	-0.00019172071
0.066	1.066	0	0	0	1	0	0	0	0.99997103	1.0659691	0.00051288991	-1.2334058e-06	3.9642972e-07	-1.2039558e-06	-1.3921473e-06	-6.0820431e-08	2.5714602e-07	-6.3221901e-09	9.3081878e-09	-0.00017050236	1.6865917e-05	0.00051288991	0.00051279285	-0.00018927827
0.068	1.068	0	0	0	1	0	0	0	0.99997044	1.0679684	0.00052852951	-1.2488115e-06	4.0369895e-07	-1.2160348e-06	-1.4055959e-06	-6.172056e-08	2.6092321e-07	-6.25458e-09	9.6123907e-09	-0.00017571117	1.7907139e-05	0.0005285295	0.00052843074	-0.00018689268
0.07	1.07	0	0	0	1	0	0	0	0.99996987	1.0699678	0.00054417097	-1.2636602e-06	4.1078752e-07	-1.2275117e-06	-1.418478e-06	-6.2597762e-08	2.645397e-07	-6.1787972e-09	9.9179311e-09	-0.0001809208	1.897964e-05	0.00054417097	0.00054407055	-0.00018456287
0.072	1.072	0	0	0	1	0	0	0	0.99996931	1.0719671	0.0005598142	-1.2779755e-06	4.1770117e-07	-1.2384135e-06	-1.4308245e-06	-6.3453054e-08	2.6800055e-07	-6.0950735e-09	1.022481e-08	-0.0001861312	2.0083422e-05	0.00055981419	0.00055971216	-0.00018228765
0.074	1.074	0	0	0	1	0	0	0	0.99996877	1.0739665	0.00057545909	-1.2917795e-06	4.2444534e-07	-1.2487659e-06	-1.442664e-06	-6.4287384e-08	2.7131064e-07	-6.0036282e-09	1.0533027e-08	-0.00019134232	2.1218488e-05	0.00057545909	0.00057535549	-0.00018006578
0.076	1.076	0	0	0	1	0	0	0	0.99996823	1.0759658	0.00059110556	-1.305093e-06	4.3102526e-07	-1.2585926e-06	-1.4540231e-06	-6.510164e-08	2.7447465e-07	-5.904669e-09	1.0842582e-08	-0.00019655413	2.2384844e-05	0.00059110556	0.00059100042	-0.00017789594
0.078	1.078	0	0	0	1	0	0	0	0.99996772	1.0779652	0.00060675352	-1.3179353e-06	4.3744592e-07	-1.267916e-06	-1.4649264e-06	-6.5896653e-08	2.7749706e-07	-5.7983927e-09	1.1153472e-08	-0.00020176658	2.358249e-05	0.00060675352	0.00060664688	-0.00017577679
0.08	1.08	0	0	0	1	0	0	0	0.99996721	1.0799646	0.0006224029	-1.3303246e-06	4.437121e-07	-1.2767572e-06	-1.4753968e-06	-6.6673199e-08	2.8038219e-07	-5.6849865e-09	1.1465693e-08	-0.00020697965	2.4811431e-05	0.00062240289	0.0006222948	-0.00017370697
0.082	1.082	0	0	0	1	0	0	0	0.99996672	1.081964	0.00063805361	-1.3422779e-06	4.4982835e-07	-1.2851358e-06	-1.4854558e-06	-6.7432007e-08	2.8313418e-07	-5.5646284e-09	1.1779243e-08	-0.00021219331	2.6071669e-05	0.00063805361	0.00063794408	-0.00017168511
0.084	1.084	0	0	0	1	0	0	0	0.99996624	1.0839634	0.00065370559	-1.3538114e-06	4.5579903e-07	-1.2930706e-06	-1.4951231e-06	-6.8173762e-08	2.85757e-07	-5.4374877e-09	1.2094116e-08	-0.00021740752	2.7363207e-05	0.00065370559	0.00065359467	-0.00016970983
0.086	1.086	0	0	0	1	0	0	0	0.99996577	1.0859628	0.00066935878	-1.3649401e-06	4.6162832e-07	-1.3005788e-06	-1.5044175e-06	-6.8899105e-08	2.8825448e-07	-5.3037262e-09	1.2410306e-08	-0.00022262226	2.8686048e-05	0.00066935878	0.00066924649	-0.00016777978
0.088	1.088	0	0	0	1	0	0	0	0.99996532	1.0879623	0.00068501312	-1.3756782e-06	4.673202e-07	-1.3076771e-06	-1.5133562e-06	-6.9608641e-08	2.9063028e-07	-5.1634982e-09	1.2727807e-08	-0.0002278375	3.0040193e-05	0.00068501312	0.0006848995	-0.00016589361
0.09	1.09	0	0	0	1	0	0	0	0.99996487	1.0899617	0.00070066854	-1.3860392e-06	4.728785e-07	-1.314381e-06	-1.5219554e-06	-7.0302939e-08	2.9288792e-07	-5.0169512e-09	1.3046613e-08	-0.00023305321	3.1425646e-05	0.00070066854	0.00070055361	-0.00016405001
0.092	1.092	0	0	0	1	0	0	0	0.99996444	1.0919612	0.000716325	-1.3960357e-06	4.7830685e-07	-1.3207051e-06	-1.5302304e-06	-7.0982534e-08	2.9503078e-07	-4.8642261e-09	1.3366715e-08	-0.00023826938	3.2842408e-05	0.000716325	0.0007162088	-0.00016224767
0.094	1.094	0	0	0	1	0	0	0	0.99996402	1.0939606	0.00073198245	-1.4056797e-06	4.8360876e-07	-1.3266634e-06	-1.5381955e-06	-7.1647931e-08	2.9706211e-07	-4.7054582e-09	1.3688105e-08	-0.00024348598	3.4290481e-05	0.00073198245	0.00073186499	-0.00016048532
0.096	1.096	0	0	0	1	0	0	0	0.99996361	1.0959601	0.00074764083	-1.4149823e-06	4.8878758e-07	-1.332269e-06	-1.5458639e-06	-7.2299607e-08	2.9898503e-07	-4.5407768e-09	1.4010774e-08	-0.00024870299	3.5769868e-05	0.00074764083	0.00074752215	-0.00015876173
0.098	1.098	0	0	0	1	0	0	0	0.99996321	1.0979596	0.00076330011	-1.4239544e-06	4.938465e-07	-1.3375344e-06	-1.5532482e-06	-7.2938011e-08	3.0080254e-07	-4.370306e-09	1.4334714e-08	-0.0002539204	3.728057e-05	0.0007633001	0.00076318023	-0.00015707568
0.1	1.1	0	0	0	1	0	0	0	0.99996282	1.0999591	0.00077896023	-1.432606e-06	4.9878859e-07	-1.3424712e-06	-1.5603601e-06	-7.3563568e-08	3.0251751e-07	-4.1941651e-09	1.4659914e-08	-0.00025913818	3.8822589e-05	0.00077896023	0.00077883918	-0.00015542599
0.102	1.102	0	0	0	1	0	0	0	0.99996244	1.1019586	0.00079462117	-1.4409467e-06	5.0361679e-07	-1.3470907e-06	-1.5672108e-06	-7.417668e-08	3.0413271e-07	-4.0124683e-09	1.4986365e-08	-0.00026435632	4.0395926e-05	0.00079462117	0.00079449897	-0.00015381151
0.104	1.104	0	0	0	1	0	0	0	0.99996207	1.1039581	0.00081028288	-1.4489855e-06	5.083339e-07	-1.3514034e-06	-1.5738107e-06	-7.4777726e-08	3.056508e-07	-3.8253257e-09	1.5314055e-08	-0.0002695748	4.2000585e-05	0.00081028288	0.00081015955	-0.00015223114
0.106	1.106	0	0	0	1	0	0	0	0.99996172	1.1059577	0.00082594533	-1.456731e-06	5.1294264e-07	-1.3554195e-06	-1.5801696e-06	-7.5367066e-08	3.0707432e-07	-3.632843e-09	1.5642974e-08	-0.0002747936	4.3636565e-05	0.00082594533	0.00082582089	-0.00015068379
0.108	1.108	0	0	0	1	0	0	0	0.99996137	1.1079572	0.00084160849	-1.4641914e-06	5.1744557e-07	-1.3591484e-06	-1.5862966e-06	-7.5945041e-08	3.0840575e-07	-3.4351219e-09	1.597311e-08	-0.00028001272	4.5303868e-05	0.00084160849	0.00084148296	-0.00014916842
0.11	1.11	0	0	0	1	0	0	0	0.99996103	1.1099567	0.00085727232	-1.4713744e-06	5.2184518e-07	-1.3625992e-06	-1.5922005e-06	-7.6511971e-08	3.0964743e-07	-3.2322603e-09	1.6304453e-08	-0.00028523214	4.7002497e-05	0.00085727231	0.00085714573	-0.000147684
0.112	1.112	0	0	0	1	0	0	0	0.9999607	1.1119563	0.00087293678	-1.4782873e-06	5.2614382e-07	-1.3657805e-06	-1.5978895e-06	-7.7068163e-08	3.1080163e-07	-3.0243524e-09	1.663699e-08	-0.00029045184	4.8732451e-05	0.00087293678	0.00087280915	-0.00014622955
0.114	1.114	0	0	0	1	0	0	0	0.99996038	1.1139559	0.00088860187	-1.4849371e-06	5.3034377e-07	-1.3687006e-06	-1.6033714e-06	-7.7613907e-08	3.1187054e-07	-2.8114891e-09	1.6970709e-08	-0.00029567182	5.0493733e-05	0.00088860186	0.00088847321	-0.00014480412
0.116	1.116	0	0	0	1	0	0	0	0.99996007	1.1159554	0.00090426753	-1.4913304e-06	5.3444722e-07	-1.3713672e-06	-1.6086534e-06	-7.8149475e-08	3.1285624e-07	-2.5937579e-09	1.7305598e-08	-0.00030089206	5.2286344e-05	0.00090426753	0.00090413787	-0.00014340678
0.118	1.118	0	0	0	1	0	0	0	0.99995977	1.117955	0.00091993376	-1.4974735e-06	5.3845624e-07	-1.3737878e-06	-1.6137425e-06	-7.867513e-08	3.1376075e-07	-2.3712432e-09	1.7641645e-08	-0.00030611255	5.4110285e-05	0.00091993376	0.00091980311	-0.00014203664
0.12	1.12	0	0	0	1	0	0	0	0.99995948	1.1199546	0.00093560052	-1.5033724e-06	5.4237283e-07	-1.3759694e-06	-1.6186451e-06	-7.9191117e-08	3.1458601e-07	-2.1440264e-09	1.7978837e-08	-0.00031133328	5.5965556e-05	0.00093560052	0.0009354689	-0.00014069284
0.122	1.122	0	0	0	1	0	0	0	0.9999592	1.1219542	0.00095126779	-1.5090327e-06	5.4619891e-07	-1.3779188e-06	-1.6233675e-06	-7.9697672e-08	3.1533388e-07	-1.9121859e-09	1.8317161e-08	-0.00031655425	5.785216e-05	0.00095126779	0.00095113522	-0.00013937453
0.124	1.124	0	0	0	1	0	0	0	0.99995892	1.1239538	0.00096693555	-1.5144599e-06	5.4993632e-07	-1.3796424e-06	-1.6279155e-06	-8.0195016e-08	3.1600615e-07	-1.6757976e-09	1.8656604e-08	-0.00032177543	5.9770097e-05	0.00096693554	0.00096680205	-0.0001380809
0.126	1.126	0	0	0	1	0	0	0	0.99995866	1.1259534	0.00098260377	-1.519659e-06	5.5358682e-07	-1.3811464e-06	-1.6322945e-06	-8.068336e-08	3.1660454e-07	-1.4349344e-09	1.8997154e-08	-0.00032699682	6.1719368e-05	0.00098260377	0.00098246935	-0.00013681117
0.128	1.128	0	0	0	1	0	0	0	0.9999584	1.1279531	0.00099827244	-1.524635e-06	5.5715209e-07	-1.3824365e-06	-1.6365098e-06	-8.1162905e-08	3.171307e-07	-1.189667e-09	1.9338797e-08	-0.00033221842	6.3699975e-05	0.00099827244	0.00099813712	-0.00013556459
0.13	1.13	0	0	0	1	0	0	0	0.99995815	1.1299527	0.0010139415	-1.5293925e-06	5.6063376e-07	-1.3835184e-06	-1.6405663e-06	-8.1633841e-08	3.1758623e-07	-9.4006352e-10	1.9681519e-08	-0.00033744022	6.5711917e-05	0.0010139415	0.0010138053	-0.0001343404
0.132	1.132	0	0	0	1	0	0	0	0.99995791	1.1319524	0.001029611	-1.5339359e-06	5.6403336e-07	-1.3843973e-06	-1.6444687e-06	-8.2096348e-08	3.1797265e-07	-6.8618966e-10	2.0025309e-08	-0.0003426622	6.7755196e-05	0.001029611	0.001029474	-0.00013313791
0.134	1.134	0	0	0	1	0	0	0	0.99995768	1.133952	0.0010452809	-1.5382694e-06	5.6735238e-07	-1.3850783e-06	-1.6482213e-06	-8.2550598e-08	3.1829143e-07	-4.2810895e-10	2.0370151e-08	-0.00034788436	6.9829813e-05	0.0010452809	0.001045143	-0.00013195643
0.136	1.136	0	0	0	1	0	0	0	0.99995745	1.1359517	0.0010609512	-1.542397e-06	5.7059225e-07	-1.3855663e-06	-1.6518284e-06	-8.2996753e-08	3.1854399e-07	-1.6588273e-10	2.0716034e-08	-0.00035310669	7.1935768e-05	0.0010609512	0.0010608124	-0.00013079528
0.138	1.138	0	0	0	1	0	0	0	0.99995723	1.1379513	0.0010766218	-1.5463225e-06	5.7375432e-07	-1.3858658e-06	-1.6552939e-06	-8.3434967e-08	3.1873168e-07	1.0042981e-10	2.1062943e-08	-0.00035832919	7.4073062e-05	0.0010766218	0.0010764822	-0.00012965382
0.14	1.14	0	0	0	1	0	0	0	0.99995703	1.139951	0.0010922927	-1.5500494e-06	5.7683989e-07	-1.3859813e-06	-1.6586215e-06	-8.3865386e-08	3.1885581e-07	3.7077146e-10	2.1410865e-08	-0.00036355184	7.6241697e-05	0.0010922927	0.0010921524	-0.00012853142
0.142	1.142	0	0	0	1	0	0	0	0.99995682	1.1419507	0.001107964	-1.5535813e-06	5.7985022e-07	-1.385917e-06	-1.6618148e-06	-8.4288149e-08	3.1891763e-07	6.4508701e-10	2.1759786e-08	-0.00036877465	7.8441672e-05	0.001107964	0.0011078228	-0.00012742748
0.144	1.144	0	0	0	1	0	0	0	0.99995663	1.1439504	0.0011236356	-1.5569213e-06	5.8278649e-07	-1.3856769e-06	-1.6648771e-06	-8.4703388e-08	3.1891834e-07	9.2332313e-10	2.2109693e-08	-0.00037399761	8.0672988e-05	0.0011236356	0.0011234936	-0.0001263414
0.146	1.146	0	0	0	1	0	0	0	0.99995645	1.1459501	0.0011393075	-1.5600726e-06	5.8564985e-07	-1.3852648e-06	-1.6678115e-06	-8.5111225e-08	3.188591e-07	1.2054283e-09	2.2460573e-08	-0.0003792207	8.2935647e-05	0.0011393075	0.0011391648	-0.00012527263
0.148	1.148	0	0	0	1	0	0	0	0.99995627	1.1479498	0.0011549796	-1.563038e-06	5.8844138e-07	-1.3846844e-06	-1.670621e-06	-8.551178e-08	3.1874103e-07	1.491353e-09	2.2812411e-08	-0.00038444394	8.5229647e-05	0.0011549796	0.0011548362	-0.0001242206
0.15	1.15	0	0	0	1	0	0	0	0.9999561	1.1499495	0.001170652	-1.5658204e-06	5.9116212e-07	-1.3839391e-06	-1.6733085e-06	-8.5905163e-08	3.1856517e-07	1.781049e-09	2.3165194e-08	-0.0003896673	8.7554991e-05	0.001170652	0.0011705078	-0.00012318478
0.152	1.152	0	0	0	1	0	0	0	0.99995593	1.1519492	0.0011863247	-1.5684222e-06	5.9381308e-07	-1.3830324e-06	-1.6758765e-06	-8.6291479e-08	3.1833256e-07	2.0744702e-09	2.351891e-08	-0.00039489078	8.9911679e-05	0.0011863247	0.0011861798	-0.00012216465
0.154	1.154	0	0	0	1	0	0	0	0.99995578	1.153949	0.0012019976	-1.5708462e-06	5.9639519e-07	-1.3819672e-06	-1.6783277e-06	-8.6670828e-08	3.1804418e-07	2.3715719e-09	2.3873543e-08	-0.00040011438	9.229971e-05	0.0012019976	0.001201852	-0.0001211597
0.156	1.156	0	0	0	1	0	0	0	0.99995563	1.1559487	0.0012176707	-1.5730944e-06	5.9890936e-07	-1.3807468e-06	-1.6806643e-06	-8.7043303e-08	3.1770097e-07	2.672311e-09	2.4229081e-08	-0.0004053381	9.4719087e-05	0.0012176707	0.0012175244	-0.00012016944
0.158	1.158	0	0	0	1	0	0	0	0.99995548	1.1579485	0.0012333441	-1.5751693e-06	6.0135646e-07	-1.3793739e-06	-1.6828885e-06	-8.7408993e-08	3.1730382e-07	2.976646e-09	2.458551e-08	-0.00041056193	9.7169808e-05	0.0012333441	0.0012331971	-0.0001191934
0.16	1.16	0	0	0	1	0	0	0	0.99995535	1.1599482	0.0012490176	-1.5770727e-06	6.0373729e-07	-1.3778512e-06	-1.6850025e-06	-8.7767979e-08	3.168536e-07	3.284537e-09	2.4942817e-08	-0.00041578586	9.9651875e-05	0.0012490176	0.00124887	-0.00011823111
0.162	1.162	0	0	0	1	0	0	0	0.99995522	1.161948	0.0012646914	-1.5788068e-06	6.0605266e-07	-1.3761815e-06	-1.6870082e-06	-8.8120339e-08	3.1635113e-07	3.5959452e-09	2.5300988e-08	-0.00042100989	0.00010216529	0.0012646914	0.0012645431	-0.00011728212
0.164	1.164	0	0	0	1	0	0	0	0.9999551	1.1639477	0.0012803653	-1.5803733e-06	6.0830328e-07	-1.3743671e-06	-1.6889074e-06	-8.8466147e-08	3.157972e-07	3.9108337e-09	2.5660009e-08	-0.00042623402	0.00010471005	0.0012803653	0.0012802164	-0.00011634599
0.166	1.166	0	0	0	1	0	0	0	0.99995499	1.1659475	0.0012960394	-1.581774e-06	6.1048987e-07	-1.3724104e-06	-1.6907019e-06	-8.8805471e-08	3.1519257e-07	4.2291666e-09	2.6019868e-08	-0.00043145824	0.00010728615	0.0012960394	0.0012958898	-0.0001154223
0.168	1.168	0	0	0	1	0	0	0	0.99995488	1.1679473	0.0013117137	-1.5830105e-06	6.1261309e-07	-1.3703138e-06	-1.6923931e-06	-8.9138373e-08	3.1453796e-07	4.5509097e-09	2.6380551e-08	-0.00043668255	0.00010989361	0.0013117137	0.0013115635	-0.00011451062
0.17	1.17	0	0	0	1	0	0	0	0.99995478	1.1699471	0.0013273881	-1.5840841e-06	6.1467358e-07	-1.3680791e-06	-1.6939827e-06	-8.9464912e-08	3.1383406e-07	4.8760299e-09	2.6742045e-08	-0.00044190695	0.00011253241	0.0013273881	0.0013272373	-0.00011361056
0.172	1.172	0	0	0	1	0	0	0	0.99995468	1.1719469	0.0013430626	-1.5849965e-06	6.1667191e-07	-1.3657086e-06	-1.695472e-06	-8.9785144e-08	3.1308151e-07	5.2044956e-09	2.7104336e-08	-0.00044713142	0.00011520256	0.0013430626	0.0013429113	-0.00011272172
0.174	1.174	0	0	0	1	0	0	0	0.9999546	1.1739467	0.0013587373	-1.5857487e-06	6.1860867e-07	-1.3632041e-06	-1.6968622e-06	-9.0099118e-08	3.1228095e-07	5.5362761e-09	2.746741e-08	-0.00045235597	0.00011790405	0.0013587373	0.0013585854	-0.00011184371
0.176	1.176	0	0	0	1	0	0	0	0.99995452	1.1759465	0.0013744121	-1.5863421e-06	6.2048436e-07	-1.3605674e-06	-1.6981546e-06	-9.040688e-08	3.1143297e-07	5.8713425e-09	2.7831256e-08	-0.0004575806	0.0001206369	0.0013744121	0.0013742596	-0.00011097616
0.178	1.178	0	0	0	1	0	0	0	0.99995444	1.1779463	0.001390087	-1.5867777e-06	6.2229948e-07	-1.3578001e-06	-1.6993501e-06	-9.0708473e-08	3.1053812e-07	6.2096667e-09	2.8195859e-08	-0.0004628053	0.00012340109	0.001390087	0.001389934	-0.0001101187
0.18	1.18	0	0	0	1	0	0	0	0.99995438	1.1799462	0.0014057621	-1.5870564e-06	6.240545e-07	-1.3549039e-06	-1.7004498e-06	-9.1003935e-08	3.0959696e-07	6.551222e-09	2.8561207e-08	-0.00046803006	0.00012619663	0.0014057621	0.0014056085	-0.00010927097
0.182	1.182	0	0	0	1	0	0	0	0.99995432	1.181946	0.0014214372	-1.5871792e-06	6.2574985e-07	-1.3518803e-06	-1.7014546e-06	-9.12933e-08	3.0860997e-07	6.8959829e-09	2.8927285e-08	-0.00047325488	0.00012902352	0.0014214372	0.0014212831	-0.00010843262
0.184	1.184	0	0	0	1	0	0	0	0.99995426	1.1839458	0.0014371124	-1.5871468e-06	6.2738592e-07	-1.3487307e-06	-1.7023652e-06	-9.1576599e-08	3.0757764e-07	7.243925e-09	2.9294082e-08	-0.00047847977	0.00013188177	0.0014371124	0.0014369578	-0.00010760331
0.186	1.186	0	0	0	1	0	0	0	0.99995421	1.1859457	0.0014527877	-1.5869599e-06	6.2896308e-07	-1.3454563e-06	-1.7031823e-06	-9.1853858e-08	3.0650042e-07	7.595025e-09	2.9661583e-08	-0.00048370471	0.00013477136	0.0014527877	0.0014526325	-0.0001067827
0.188	1.188	0	0	0	1	0	0	0	0.99995417	1.1879456	0.001468463	-1.5866192e-06	6.3048167e-07	-1.3420585e-06	-1.7039066e-06	-9.2125102e-08	3.0537874e-07	7.9492609e-09	3.0029777e-08	-0.00048892971	0.0001376923	0.001468463	0.0014683074	-0.00010597046
0.19	1.19	0	0	0	1	0	0	0	0.99995414	1.1899454	0.0014841384	-1.5861251e-06	6.3194201e-07	-1.3385383e-06	-1.7045385e-06	-9.2390348e-08	3.0421299e-07	8.3066117e-09	3.0398648e-08	-0.00049415476	0.00014064459	0.0014841384	0.0014839824	-0.00010516628
0.192	1.192	0	0	0	1	0	0	0	0.99995411	1.1919453	0.0014998139	-1.5854781e-06	6.3334436e-07	-1.3348968e-06	-1.7050786e-06	-9.2649615e-08	3.0300353e-07	8.6670576e-09	3.0768186e-08	-0.00049937986	0.00014362822	0.0014998139	0.0014996574	-0.00010436982
0.194	1.194	0	0	0	1	0	0	0	0.99995409	1.1939452	0.0015154894	-1.5846785e-06	6.3468899e-07	-1.331135e-06	-1.7055271e-06	-9.2902913e-08	3.0175073e-07	9.0305799e-09	3.1138376e-08	-0.000504605	0.00014664321	0.0015154894	0.0015153324	-0.00010358079
0.196	1.196	0	0	0	1	0	0	0	0.99995407	1.1959451	0.0015311649	-1.5837265e-06	6.3597612e-07	-1.3272536e-06	-1.7058843e-06	-9.3150253e-08	3.0045489e-07	9.3971608e-09	3.1509205e-08	-0.00050983018	0.00014968955	0.0015311649	0.0015310075	-0.00010279888
0.198	1.198	0	0	0	1	0	0	0	0.99995407	1.197945	0.0015468405	-1.5826224e-06	6.3720594e-07	-1.3232536e-06	-1.7061504e-06	-9.339164e-08	2.9911632e-07	9.7667837e-09	3.1880661e-08	-0.00051505541	0.00015276724	0.0015468405	0.0015466827	-0.00010202379
0.2	1.2	0	0	0	1	0	0	0	0.99995406	1.1999449	0.0015625161	-1.5813661e-06	6.3837863e-07	-1.3191357e-06	-1.7063256e-06	-9.3627077e-08	2.9773529e-07	1.0139433e-08	3.225273e-08	-0.00052028067	0.00015587629	0.0015625161	0.0015623579	-0.00010125521
0.202	1.202	0	0	0	1	0	0	0	0.99995407	1.2019448	0.0015781917	-1.5799576e-06	6.3949432e-07	-1.3149003e-06	-1.7064097e-06	-9.3856563e-08	2.9631204e-07	1.0515095e-08	3.26254e-08	-0.00052550596	0.00015901668	0.0015781917	0.0015780331	-0.00010049287
0.204	1.204	0	0	0	1	0	0	0	0.99995408	1.2039447	0.0015938673	-1.5783969e-06	6.4055314e-07	-1.3105483e-06	-1.7064029e-06	-9.4080092e-08	2.9484679e-07	1.0893755e-08	3.2998657e-08	-0.00053073129	0.00016218842	0.0015938673	0.0015937083	-9.9736479e-05
0.206	1.206	0	0	0	1	0	0	0	0.99995409	1.2059446	0.0016095429	-1.5766838e-06	6.4155516e-07	-1.3060799e-06	-1.7063048e-06	-9.4297659e-08	2.9333976e-07	1.1275402e-08	3.3372489e-08	-0.00053595665	0.00016539151	0.0016095429	0.0016093836	-9.8985746e-05
0.208	1.208	0	0	0	1	0	0	0	0.99995412	1.2079446	0.0016252185	-1.5748179e-06	6.4250046e-07	-1.3014955e-06	-1.7061154e-06	-9.4509252e-08	2.9179111e-07	1.1660023e-08	3.3746881e-08	-0.00054118203	0.00016862595	0.0016252185	0.0016250588	-9.8240396e-05
0.21	1.21	0	0	0	1	0	0	0	0.99995415	1.2099445	0.001640894	-1.5727989e-06	6.4338906e-07	-1.2967956e-06	-1.7058342e-06	-9.4714856e-08	2.9020101e-07	1.204761e-08	3.4121822e-08	-0.00054640743	0.00017189174	0.001640894	0.001640734	-9.7500154e-05
0.212	1.212	0	0	0	1	0	0	0	0.99995418	1.2119445	0.0016565695	-1.5706263e-06	6.4422098e-07	-1.2919804e-06	-1.7054609e-06	-9.4914454e-08	2.8856957e-07	1.2438152e-08	3.4497299e-08	-0.00055163286	0.00017518889	0.0016565695	0.0016564093	-9.6764746e-05
0.214	1.214	0	0	0	1	0	0	0	0.99995423	1.2139444	0.001672245	-1.5682996e-06	6.449962e-07	-1.2870499e-06	-1.7049951e-06	-9.5108025e-08	2.8689691e-07	1.2831641e-08	3.4873297e-08	-0.00055685831	0.00017851738	0.001672245	0.0016720845	-9.6033903e-05
0.216	1.216	0	0	0	1	0	0	0	0.99995428	1.2159444	0.0016879205	-1.5658181e-06	6.4571468e-07	-1.2820044e-06	-1.7044361e-06	-9.5295545e-08	2.8518312e-07	1.322807e-08	3.5249804e-08	-0.00056208377	0.00018187723	0.0016879205	0.0016877596	-9.5307357e-05
0.218	1.218	0	0	0	1	0	0	0	0.99995433	1.2179444	0.0017035959	-1.5631811e-06	6.4637634e-07	-1.2768437e-06	-1.7037832e-06	-9.5476986e-08	2.8342825e-07	1.3627434e-08	3.5626808e-08	-0.00056730924	0.00018526842	0.0017035959	0.0017034348	-9.4584843e-05
0.22	1.22	0	0	0	1	0	0	0	0.99995439	1.2199444	0.0017192712	-1.5603878e-06	6.469811e-07	-1.2715679e-06	-1.7030359e-06	-9.5652317e-08	2.8163235e-07	1.4029727e-08	3.6004294e-08	-0.00057253473	0.00018869097	0.0017192712	0.0017191098	-9.3866097e-05
0.222	1.222	0	0	0	1	0	0	0	0.99995446	1.2219444	0.0017349465	-1.5574373e-06	6.4752883e-07	-1.2661768e-06	-1.7021932e-06	-9.5821504e-08	2.7979544e-07	1.4434944e-08	3.6382249e-08	-0.00057776022	0.00019214486	0.0017349465	0.0017347849	-9.3150857e-05
0.224	1.224	0	0	0	1	0	0	0	0.99995454	1.2239444	0.0017506217	-1.5543286e-06	6.4801938e-07	-1.2606702e-06	-1.7012542e-06	-9.5984509e-08	2.7791751e-07	1.4843084e-08	3.6760661e-08	-0.00058298572	0.0001956301	0.0017506217	0.0017504598	-9.2438864e-05
0.226	1.226	0	0	0	1	0	0	0	0.99995462	1.2259444	0.0017662967	-1.5510605e-06	6.4845258e-07	-1.2550477e-06	-1.700218e-06	-9.614129e-08	2.7599852e-07	1.5254145e-08	3.7139516e-08	-0.00058821122	0.0001991467	0.0017662967	0.0017661347	-9.1729858e-05
0.228	1.228	0	0	0	1	0	0	0	0.99995471	1.2279444	0.0017819717	-1.5476318e-06	6.4882823e-07	-1.249309e-06	-1.6990834e-06	-9.6291803e-08	2.7403845e-07	1.5668124e-08	3.7518801e-08	-0.00059343673	0.00020269464	0.0017819717	0.0017818096	-9.1023581e-05
0.23	1.23	0	0	0	1	0	0	0	0.9999548	1.2299444	0.0017976466	-1.5440412e-06	6.4914611e-07	-1.2434536e-06	-1.6978492e-06	-9.6435999e-08	2.720372e-07	1.6085024e-08	3.7898503e-08	-0.00059866223	0.00020627394	0.0017976466	0.0017974843	-9.0319775e-05
0.232	1.232	0	0	0	1	0	0	0	0.9999549	1.2319444	0.0018133214	-1.5402874e-06	6.4940595e-07	-1.237481e-06	-1.6965142e-06	-9.6573826e-08	2.6999468e-07	1.6504845e-08	3.8278607e-08	-0.00060388772	0.00020988458	0.0018133214	0.0018131589	-8.9618182e-05
0.234	1.234	0	0	0	1	0	0	0	0.99995501	1.2339445	0.0018289961	-1.5363688e-06	6.4960748e-07	-1.2313905e-06	-1.6950769e-06	-9.6705228e-08	2.6791078e-07	1.6927591e-08	3.8659101e-08	-0.00060911321	0.00021352657	0.0018289961	0.0018288334	-8.8918546e-05
0.236	1.236	0	0	0	1	0	0	0	0.99995512	1.2359445	0.0018446706	-1.5322838e-06	6.4975039e-07	-1.2251815e-06	-1.6935358e-06	-9.6830146e-08	2.6578535e-07	1.7353263e-08	3.9039971e-08	-0.00061433869	0.00021719991	0.0018446706	0.0018445079	-8.822061e-05
0.238	1.238	0	0	0	1	0	0	0	0.99995525	1.2379446	0.001860345	-1.5280306e-06	6.4983435e-07	-1.2188531e-06	-1.6918894e-06	-9.6948516e-08	2.6361823e-07	1.7781869e-08	3.9421204e-08	-0.00061956416	0.0002209046	0.001860345	0.0018601821	-8.7524115e-05
0.24	1.24	0	0	0	1	0	0	0	0.99995537	1.2399447	0.0018760192	-1.5236075e-06	6.4985899e-07	-1.2124045e-06	-1.6901359e-06	-9.706027e-08	2.6140923e-07	1.8213412e-08	3.9802786e-08	-0.00062478961	0.00022464064	0.0018760192	0.0018758563	-8.6828803e-05
0.242	1.242	0	0	0	1	0	0	0	0.99995551	1.2419447	0.0018916932	-1.5190124e-06	6.4982393e-07	-1.2058346e-06	-1.6882734e-06	-9.7165337e-08	2.5915814e-07	1.8647902e-08	4.0184702e-08	-0.00063001505	0.00022840803	0.0018916932	0.0018915303	-8.6134414e-05
0.244	1.244	0	0	0	1	0	0	0	0.99995565	1.2439448	0.0019073671	-1.5142432e-06	6.4972873e-07	-1.1991425e-06	-1.6863002e-06	-9.7263642e-08	2.5686473e-07	1.9085346e-08	4.056694e-08	-0.00063524046	0.00023220676	0.0019073671	0.0019072042	-8.5440689e-05
0.246	1.246	0	0	0	1	0	0	0	0.9999558	1.2459449	0.0019230408	-1.5092979e-06	6.4957296e-07	-1.192327e-06	-1.6842139e-06	-9.7355104e-08	2.5452872e-07	1.9525754e-08	4.0949486e-08	-0.00064046585	0.00023603685	0.0019230408	0.0019228779	-8.4747365e-05
0.248	1.248	0	0	0	1	0	0	0	0.99995596	1.247945	0.0019387143	-1.5041739e-06	6.4935614e-07	-1.1853867e-06	-1.6820126e-06	-9.7439641e-08	2.5214984e-07	1.9969137e-08	4.1332326e-08	-0.00064569122	0.00023989828	0.0019387143	0.0019385514	-8.4054178e-05
0.25	1.25	0	0	0	1	0	0	0	0.99995612	1.2499451	0.0019543876	-1.498869e-06	6.4907777e-07	-1.1783205e-06	-1.6796937e-06	-9.7517162e-08	2.4972778e-07	2.0415507e-08	4.1715445e-08	-0.00065091655	0.00024379105	0.0019543876	0.0019542247	-8.3360863e-05
0.252	1.252	0	0	0	1	0	0	0	0.99995629	1.2519453	0.0019700607	-1.4933804e-06	6.4873729e-07	-1.1711268e-06	-1.6772549e-06	-9.7587575e-08	2.472622e-07	2.0864878e-08	4.2098829e-08	-0.00065614185	0.00024771517	0.0019700607	0.0019698979	-8.2667152e-05
0.254	1.254	0	0	0	1	0	0	0	0.99995646	1.2539454	0.0019857336	-1.4877055e-06	6.4833416e-07	-1.163804e-06	-1.6746936e-06	-9.7650783e-08	2.4475274e-07	2.1317266e-08	4.2482465e-08	-0.00066136712	0.00025167064	0.0019857336	0.0019855708	-8.1972773e-05
0.256	1.256	0	0	0	1	0	0	0	0.99995665	1.2559456	0.0020014062	-1.4818413e-06	6.4786777e-07	-1.1563506e-06	-1.6720069e-06	-9.7706682e-08	2.4219902e-07	2.1772686e-08	4.2866339e-08	-0.00066659235	0.00025565746	0.0020014062	0.0020012435	-8.1277454e-05
0.258	1.258	0	0	0	1	0	0	0	0.99995684	1.2579457	0.0020170785	-1.4757849e-06	6.4733749e-07	-1.1487648e-06	-1.669192e-06	-9.7755165e-08	2.3960063e-07	2.2231157e-08	4.3250435e-08	-0.00067181754	0.00025967562	0.0020170786	0.002016916	-8.0580918e-05
0.26	1.26	0	0	0	1	0	0	0	0.99995704	1.2599459	0.0020327506	-1.469533e-06	6.4674265e-07	-1.1410446e-06	-1.6662457e-06	-9.7796119e-08	2.3695711e-07	2.2692697e-08	4.363474e-08	-0.00067704268	0.00026372512	0.0020327506	0.0020325883	-7.9882885e-05
0.262	1.262	0	0	0	1	0	0	0	0.99995725	1.261946	0.0020484225	-1.4630823e-06	6.4608258e-07	-1.1331881e-06	-1.6631648e-06	-9.7829426e-08	2.3426801e-07	2.3157329e-08	4.4019239e-08	-0.00068226777	0.00026780597	0.0020484225	0.0020482603	-7.9183072e-05
0.264	1.264	0	0	0	1	0	0	0	0.99995746	1.2639462	0.002064094	-1.4564293e-06	6.4535653e-07	-1.1251932e-06	-1.6599459e-06	-9.7854962e-08	2.3153283e-07	2.3625075e-08	4.4403917e-08	-0.00068749281	0.00027191816	0.002064094	0.002063932	-7.8481191e-05
0.266	1.266	0	0	0	1	0	0	0	0.99995768	1.2659464	0.0020797652	-1.4495702e-06	6.4456376e-07	-1.1170576e-06	-1.6565854e-06	-9.7872597e-08	2.2875104e-07	2.409596e-08	4.478876e-08	-0.0006927178	0.0002760617	0.0020797652	0.0020796034	-7.7776951e-05
0.268	1.268	0	0	0	1	0	0	0	0.99995791	1.2679466	0.0020954361	-1.4425013e-06	6.4370345e-07	-1.1087789e-06	-1.6530794e-06	-9.7882197e-08	2.2592209e-07	2.4570008e-08	4.5173754e-08	-0.00069794272	0.00028023658	0.0020954361	0.0020952746	-7.7070054e-05
0.27	1.27	0	0	0	1	0	0	0	0.99995815	1.2699468	0.0021111066	-1.4352183e-06	6.4277479e-07	-1.1003547e-06	-1.6494238e-06	-9.7883619e-08	2.230454e-07	2.5047249e-08	4.5558884e-08	-0.00070316759	0.0002844428	0.0021111066	0.0021109454	-7.6360199e-05
0.272	1.272	0	0	0	1	0	0	0	0.99995839	1.2719471	0.0021267768	-1.427717e-06	6.417769e-07	-1.0917822e-06	-1.6456145e-06	-9.7876716e-08	2.2012036e-07	2.5527713e-08	4.5944134e-08	-0.00070839239	0.00028868036	0.0021267768	0.002126616	-7.5647081e-05
0.274	1.274	0	0	0	1	0	0	0	0.99995864	1.2739473	0.0021424467	-1.419993e-06	6.4070888e-07	-1.0830588e-06	-1.641647e-06	-9.7861333e-08	2.1714631e-07	2.601143e-08	4.632949e-08	-0.00071361711	0.00029294926	0.0021424467	0.0021422861	-7.4930387e-05
0.276	1.276	0	0	0	1	0	0	0	0.9999589	1.2759476	0.0021581161	-1.4120415e-06	6.3956979e-07	-1.0741814e-06	-1.6375165e-06	-9.7837309e-08	2.1412258e-07	2.6498436e-08	4.6714938e-08	-0.00071884176	0.0002972495	0.0021581161	0.002157956	-7.42098e-05
0.278	1.278	0	0	0	1	0	0	0	0.99995917	1.2779478	0.0021737851	-1.4038576e-06	6.3835866e-07	-1.0651469e-06	-1.6332181e-06	-9.7804474e-08	2.1104846e-07	2.6988766e-08	4.7100462e-08	-0.00072406633	0.00030158108	0.0021737851	0.0021736254	-7.3484995e-05
0.28	1.28	0	0	0	1	0	0	0	0.99995945	1.2799481	0.0021894537	-1.3954361e-06	6.3707446e-07	-1.0559521e-06	-1.6287464e-06	-9.7762653e-08	2.0792321e-07	2.7482458e-08	4.7486047e-08	-0.00072929082	0.000305944	0.0021894537	0.0021892944	-7.2755643e-05
0.282	1.282	0	0	0	1	0	0	0	0.99995973	1.2819484	0.0022051219	-1.3867716e-06	6.3571613e-07	-1.0465934e-06	-1.6240961e-06	-9.7711662e-08	2.0474605e-07	2.7979554e-08	4.7871679e-08	-0.00073451522	0.00031033826	0.0022051219	0.0022049631	-7.2021406e-05
0.284	1.284	0	0	0	1	0	0	0	0.99996003	1.2839487	0.0022207896	-1.3778584e-06	6.3428258e-07	-1.0370673e-06	-1.6192611e-06	-9.7651308e-08	2.0151617e-07	2.8480095e-08	4.8257342e-08	-0.00073973953	0.00031476386	0.0022207896	0.0022206313	-7.1281941e-05
0.286	1.286	0	0	0	1	0	0	0	0.99996033	1.285949	0.0022364568	-1.3686904e-06	6.3277268e-07	-1.0273698e-06	-1.6142354e-06	-9.758139e-08	1.9823271e-07	2.8984129e-08	4.8643023e-08	-0.00074496373	0.00031922079	0.0022364568	0.0022362991	-7.0536896e-05
0.288	1.288	0	0	0	1	0	0	0	0.99996064	1.2879493	0.0022521235	-1.3592615e-06	6.3118523e-07	-1.0174971e-06	-1.6090125e-06	-9.7501698e-08	1.9489479e-07	2.9491703e-08	4.9028705e-08	-0.00075018783	0.00032370905	0.0022521235	0.0022519663	-6.9785912e-05
0.29	1.29	0	0	0	1	0	0	0	0.99996096	1.2899496	0.0022677896	-1.349565e-06	6.2951901e-07	-1.0074447e-06	-1.6035855e-06	-9.7412014e-08	1.9150148e-07	3.000287e-08	4.9414375e-08	-0.00075541183	0.00032822865	0.0022677897	0.0022676331	-6.9028621e-05
0.292	1.292	0	0	0	1	0	0	0	0.99996129	1.29195	0.0022834553	-1.339594e-06	6.2777276e-07	-9.9720833e-07	-1.5979471e-06	-9.7312109e-08	1.8805183e-07	3.0517682e-08	4.9800018e-08	-0.0007606357	0.00033277959	0.0022834553	0.0022832994	-6.826465e-05
0.294	1.294	0	0	0	1	0	0	0	0.99996162	1.2939503	0.0022991203	-1.3293413e-06	6.2594516e-07	-9.8678315e-07	-1.5920898e-06	-9.7201742e-08	1.8454483e-07	3.1036199e-08	5.0185619e-08	-0.00076585946	0.00033736185	0.0022991203	0.0022989651	-6.7493614e-05
0.296	1.296	0	0	0	1	0	0	0	0.99996197	1.2959507	0.0023147847	-1.3187992e-06	6.2403486e-07	-9.7616422e-07	-1.5860053e-06	-9.7080664e-08	1.8097943e-07	3.1558481e-08	5.0571164e-08	-0.00077108308	0.00034197545	0.0023147847	0.0023146303	-6.671512e-05
0.298	1.298	0	0	0	1	0	0	0	0.99996233	1.2979511	0.0023304485	-1.3079597e-06	6.2204044e-07	-9.6534632e-07	-1.5796852e-06	-9.6948614e-08	1.7735455e-07	3.2084592e-08	5.0956639e-08	-0.00077630658	0.00034662037	0.0023304485	0.0023302948	-6.5928767e-05
0.3	1.3	0	0	0	1	0	0	0	0.99996269	1.2999515	0.0023461116	-1.2968144e-06	6.1996047e-07	-9.5432396e-07	-1.5731204e-06	-9.6805317e-08	1.7366906e-07	3.2614601e-08	5.134203e-08	-0.00078152993	0.00035129663	inf	inf	inf
