lambda	F11	F12	F13	F21	F22	F23	F31	F32	F33	J	P11	P12	P13	P21	P22	P23	P31	P32	P33	p	StrEn	t(1)	t(2)	d
0	1	0	0	0	1	0	0	0	1	1	0	0	0	0	0	0	0	0	0	-0	0	inf	inf	inf
-0.002	0.998	0	0	0	1.0004731	0	0	0	1.0004567	0.99892816	-2.8868068e-06	6.2475419e-08	-7.281239e-08	6.6117384e-08	-2.0309281e-09	3.7127558e-08	-6.9730958e-08	4.2802445e-08	-1.8686507e-09	9.6356878e-07	3.0061863e-09	-2.886052e-06	-2.69548e-06	-0.070700577
-0.004	0.996	0	0	0	1.000887	0	0	0	1.0006516	0.9975331	-4.7754552e-06	2.2545463e-07	-1.0434252e-07	2.3281154e-07	-5.2348887e-09	1.0112557e-07	-9.9696178e-08	1.171561e-07	-3.7237989e-09	1.5948046e-06	1.078192e-08	-4.7741869e-06	-4.6361906e-06	-0.029765004
-0.006	0.994	0	0	0	1.0011742	0	0	0	1.0008334	0.99599656	-5.9149286e-06	3.6371488e-07	-1.471389e-07	3.7362245e-07	-7.0531455e-09	1.7486299e-07	-1.4308862e-07	1.9504195e-07	-5.2129041e-09	1.9757315e-06	2.1550949e-08	-5.9136434e-06	-5.8143327e-06	-0.017080326
-0.008	0.992	0	0	0	1.0013559	0	0	0	1.0010034	0.99434174	-6.5604286e-06	4.3888054e-07	-1.8750987e-07	4.4994118e-07	-8.3081418e-09	2.4579927e-07	-1.8578397e-07	2.685138e-07	-6.377717e-09	2.1917048e-06	3.4039251e-08	-6.559316e-06	-6.4996876e-06	-0.009174042
-0.01	0.99	0	0	0	1.0014775	0	0	0	1.0011361	0.99258914	-6.965726e-06	4.8444321e-07	-2.2815874e-07	4.9540356e-07	-9.4662532e-09	3.0586108e-07	-2.3003729e-07	3.3037691e-07	-7.7835596e-09	2.3276586e-06	4.7549699e-08	-6.9648343e-06	-6.9192439e-06	-0.0065889318
-0.012	0.988	0	0	0	1.0015487	0	0	0	1.0012271	0.99074438	-7.2260117e-06	4.9544805e-07	-2.6400501e-07	5.0492193e-07	-1.0645439e-08	3.4256109e-07	-2.70605e-07	3.6824496e-07	-9.8442049e-09	2.4155004e-06	6.1716226e-08	-7.2253686e-06	-7.1888973e-06	-0.0050732914
-0.014	0.986	0	0	0	1.0015819	0	0	0	1.0012845	0.98882827	-7.3928183e-06	4.8010703e-07	-2.9157088e-07	4.8730966e-07	-1.1574838e-08	3.5198847e-07	-3.0342949e-07	3.7842653e-07	-1.2235355e-08	2.4722095e-06	7.6305288e-08	-7.3923982e-06	-7.3644394e-06	-0.0037964718
-0.016	0.984	0	0	0	1.0015934	0	0	0	1.0013221	0.98687097	-7.5069805e-06	4.5578097e-07	-3.1144039e-07	4.6081167e-07	-1.1982855e-08	3.4657926e-07	-3.2837646e-07	3.7364686e-07	-1.4362909e-08	2.5111087e-06	9.1173984e-08	-7.5067149e-06	-7.4842056e-06	-0.0030075674
-0.018	0.982	0	0	0	1.0015933	0	0	0	1.0013489	0.9848914	-7.5916396e-06	4.311211e-07	-3.2517586e-07	4.343548e-07	-1.191534e-08	3.3624286e-07	-3.4677834e-07	3.6393134e-07	-1.6070522e-08	2.5398751e-06	1.0624211e-07	-7.5914711e-06	-7.5721261e-06	-0.0025547649
-0.02	0.98	0	0	0	1.0015863	0	0	0	1.0013694	0.98289865	-7.6581072e-06	4.0859441e-07	-3.3420741e-07	4.1037705e-07	-1.151974e-08	3.2492182e-07	-3.6008364e-07	3.5324744e-07	-1.7419643e-08	2.5623489e-06	1.2146249e-07	-7.6580006e-06	-7.6406629e-06	-0.0022691398
-0.022	0.978	0	0	0	1.0015747	0	0	0	1.0013857	0.9808974	-7.7123969e-06	3.8859194e-07	-3.3975225e-07	3.8918656e-07	-1.0924975e-08	3.1393493e-07	-3.6957843e-07	3.4291587e-07	-1.850121e-08	2.5806077e-06	1.3680476e-07	-7.7123305e-06	-7.6963822e-06	-0.0020721759
-0.024	0.976	0	0	0	1.00156	0	0	0	1.0013993	0.97889034	-7.7580581e-06	3.7091052e-07	-3.4278637e-07	3.7050736e-07	-1.0221803e-08	3.0367984e-07	-3.7630405e-07	3.3333111e-07	-1.9389902e-08	2.5958899e-06	1.5224802e-07	-7.7580175e-06	-7.7430894e-06	-0.0019279224
-0.026	0.974	0	0	0	1.001543	0	0	0	1.0014108	0.97687912	-7.7973479e-06	3.5521258e-07	-3.4404778e-07	3.539482e-07	-9.4688377e-09	2.9423627e-07	-3.8105027e-07	3.2456893e-07	-2.0139831e-08	2.6089855e-06	1.6777712e-07	-7.7973237e-06	-7.7831754e-06	-0.0018178076
-0.028	0.972	0	0	0	1.0015244	0	0	0	1.0014208	0.97486483	-7.8317796e-06	3.4116814e-07	-3.4407253e-07	3.391416e-07	-8.7021709e-09	2.8557474e-07	-3.8439213e-07	3.1659618e-07	-2.0788739e-08	2.6204235e-06	1.8338072e-07	-7.8317653e-06	-7.8182306e-06	-0.0017311645
-0.03	0.97	0	0	0	1.0015045	0	0	0	1.0014297	0.9728482	-7.8624084e-06	3.2849367e-07	-3.4324145e-07	3.257781e-07	-7.9433054e-09	2.7763116e-07	-3.8673947e-07	3.0934573e-07	-2.136277e-08	2.6305715e-06	1.9905004e-07	-7.8623996e-06	-7.8493588e-06	-0.0016613959
-0.032	0.968	0	0	0	1.0014835	0	0	0	1.0014376	0.97082973	-7.8899949e-06	3.1695664e-07	-3.4182248e-07	3.1360711e-07	-7.204646e-09	2.7033423e-07	-3.8838209e-07	3.0274386e-07	-2.1880172e-08	2.6396932e-06	2.1477815e-07	-7.8899887e-06	-7.8773518e-06	-0.0016042035
-0.034	0.966	0	0	0	1.0014617	0	0	0	1.0014449	0.96880978	-7.9151021e-06	3.0636955e-07	-3.400039e-07	3.0242827e-07	-6.4930289e-09	2.6361559e-07	-3.8952497e-07	2.9672034e-07	-2.2353866e-08	2.647983e-06	2.3055945e-07	-7.9150963e-06	-7.9027942e-06	-0.0015566714
-0.036	0.964	0	0	0	1.0014391	0	0	0	1.0014515	0.96678864	-7.9381566e-06	2.9658168e-07	-3.3791835e-07	2.9208158e-07	-5.8119134e-09	2.5741317e-07	-3.9031377e-07	2.912117e-07	-2.279317e-08	2.6555872e-06	2.4638933e-07	-7.9381498e-06	-7.9261278e-06	-0.0015167535
-0.038	0.962	0	0	0	1.001416	0	0	0	1.0014577	0.96476649	-7.9594883e-06	2.8747161e-07	-3.3565975e-07	2.8243867e-07	-5.1627236e-09	2.5167202e-07	-3.9085279e-07	2.8616192e-07	-2.3204931e-08	2.6626187e-06	2.6226396e-07	-7.9594794e-06	-7.9476932e-06	-0.0014829707
-0.04	0.96	0	0	0	1.0013923	0	0	0	1.0014635	0.96274349	-7.9793568e-06	2.789409e-07	-3.3329492e-07	2.733958e-07	-4.5456674e-09	2.4634393e-07	-3.912173e-07	2.81522e-07	-2.3594278e-08	2.6691656e-06	2.781801e-07	-7.979345e-06	-7.9677581e-06	-0.0014542247
-0.042	0.958	0	0	0	1.001368	0	0	0	1.001469	0.96071977	-7.9979691e-06	2.7090916e-07	-3.3087167e-07	2.6486846e-07	-3.9602369e-09	2.4138687e-07	-3.9146209e-07	2.7724931e-07	-2.3965123e-08	2.6752982e-06	2.9413499e-07	-7.997954e-06	-7.9865358e-06	-0.0014296803
-0.044	0.956	0	0	0	1.0013434	0	0	0	1.0014741	0.95869542	-8.0154932e-06	2.6331023e-07	-3.2842428e-07	2.5678714e-07	-3.4055157e-09	2.3676416e-07	-3.9162732e-07	2.7330674e-07	-2.4320503e-08	2.6810731e-06	3.1012625e-07	-8.0154744e-06	-8.004199e-06	-0.0014086886
-0.046	0.954	0	0	0	1.0013183	0	0	0	1.001479	0.95667051	-8.0320665e-06	2.5608919e-07	-3.2597738e-07	2.490942e-07	-2.8803677e-09	2.3244379e-07	-3.9174266e-07	2.6966197e-07	-2.4662814e-08	2.6865366e-06	3.2615179e-07	-8.0320437e-06	-8.0208888e-06	-0.0013907351
-0.048	0.952	0	0	0	1.0012929	0	0	0	1.0014837	0.95464511	-8.0478028e-06	2.492001e-07	-3.2354865e-07	2.4174144e-07	-2.3835535e-09	2.2839776e-07	-3.9183013e-07	2.6628678e-07	-2.4993976e-08	2.6917268e-06	3.422098e-07	-8.047776e-06	-8.0367222e-06	-0.0013754051
-0.05	0.95	0	0	0	1.0012671	0	0	0	1.0014882	0.95261928	-8.0627974e-06	2.4260425e-07	-3.211507e-07	2.3468822e-07	-1.9138016e-09	2.246015e-07	-3.9190612e-07	2.6315644e-07	-2.5315547e-08	2.6966756e-06	3.5829868e-07	-8.0627664e-06	-8.0517969e-06	-0.001362359
-0.052	0.948	0	0	0	1.0012409	0	0	0	1.0014925	0.95059304	-8.0771304e-06	2.3626878e-07	-3.1879244e-07	2.279e-07	-1.469851e-09	2.2103341e-07	-3.9198293e-07	2.6024923e-07	-2.5628809e-08	2.7014097e-06	3.7441699e-07	-8.0770952e-06	-8.0661952e-06	-0.0013513146
-0.054	0.946	0	0	0	1.0012144	0	0	0	1.0014967	0.94856645	-8.0908701e-06	2.3016558e-07	-3.1648007e-07	2.2134725e-07	-1.0504773e-09	2.1767439e-07	-3.9206971e-07	2.57546e-07	-2.5934829e-08	2.7059518e-06	3.9056346e-07	-8.0908306e-06	-8.079987e-06	-0.0013420349
-0.056	0.944	0	0	0	1.0011876	0	0	0	1.0015008	0.94653952	-8.1040747e-06	2.242705e-07	-3.1421777e-07	2.150045e-07	-6.5450604e-10	2.1450755e-07	-3.9217334e-07	2.5502979e-07	-2.6234504e-08	2.7103212e-06	4.0673694e-07	-8.1040311e-06	-8.0932321e-06	-0.0013343182
-0.058	0.942	0	0	0	1.0011605	0	0	0	1.0015047	0.94451228	-8.1167946e-06	2.185626e-07	-3.1200822e-07	2.088497e-07	-2.8082075e-10	2.1151785e-07	-3.922989e-07	2.5268557e-07	-2.6528597e-08	2.7145347e-06	4.2293639e-07	-8.1167468e-06	-8.1059822e-06	-0.0013279915
-0.06	0.94	0	0	0	1.0011331	0	0	0	1.0015086	0.94248477	-8.1290733e-06	2.1302369e-07	-3.09853e-07	2.0286359e-07	7.1634798e-11	2.086919e-07	-3.9245016e-07	2.5049991e-07	-2.6817762e-08	2.7186065e-06	4.3916087e-07	-8.1290214e-06	-8.1182817e-06	-0.0013229053
-0.062	0.938	0	0	0	1.0011054	0	0	0	1.0015123	0.94045698	-8.1409487e-06	2.0763784e-07	-3.0775284e-07	1.9702932e-07	4.0385619e-10	2.0601769e-07	-3.9262985e-07	2.4846085e-07	-2.7102563e-08	2.7225491e-06	4.5540951e-07	-8.1408929e-06	-8.1301697e-06	-0.0013189287
-0.064	0.936	0	0	0	1.0010774	0	0	0	1.001516	0.93842895	-8.1524541e-06	2.0239102e-07	-3.0570789e-07	1.91332e-07	7.1677995e-10	2.0348446e-07	-3.9283994e-07	2.4655763e-07	-2.7383494e-08	2.7263736e-06	4.7168155e-07	-8.1523943e-06	-8.1416803e-06	-0.0013159472
-0.066	0.934	0	0	0	1.0010492	0	0	0	1.0015196	0.93640067	-8.1636186e-06	1.9727087e-07	-3.0371782e-07	1.8575846e-07	1.011286e-09	2.010825e-07	-3.9308178e-07	2.4478056e-07	-2.7660986e-08	2.7300894e-06	4.8797624e-07	-8.163555e-06	-8.1528433e-06	-0.0013138593
-0.068	0.932	0	0	0	1.0010206	0	0	0	1.0015231	0.93437218	-8.1744681e-06	1.9226638e-07	-3.0178197e-07	1.8029698e-07	1.2882008e-09	1.9880306e-07	-3.9335625e-07	2.4312093e-07	-2.793542e-08	2.7337051e-06	5.0429292e-07	-8.1744008e-06	-8.1636853e-06	-0.0013125752
-0.07	0.93	0	0	0	1.0009918	0	0	0	1.0015266	0.93234347	-8.1850254e-06	1.8736778e-07	-2.9989944e-07	1.7493709e-07	1.5483002e-09	1.966382e-07	-3.9366388e-07	2.4157082e-07	-2.8207134e-08	2.7372281e-06	5.2063098e-07	-8.1849545e-06	-8.1742298e-06	-0.0013120143
-0.072	0.928	0	0	0	1.0009627	0	0	0	1.00153	0.93031455	-8.1953111e-06	1.8256629e-07	-2.9806916e-07	1.6966938e-07	1.792313e-09	1.9458068e-07	-3.9400492e-07	2.4012304e-07	-2.847643e-08	2.7406651e-06	5.3698984e-07	-8.1952367e-06	-8.1844977e-06	-0.0013121049
-0.074	0.926	0	0	0	1.0009333	0	0	0	1.0015333	0.92828544	-8.2053432e-06	1.7785404e-07	-2.9628991e-07	1.6448539e-07	2.0209239e-09	1.9262394e-07	-3.9437941e-07	2.3877105e-07	-2.874358e-08	2.7440219e-06	5.5336897e-07	-8.2052654e-06	-8.1945078e-06	-0.0013127819
-0.076	0.924	0	0	0	1.0009037	0	0	0	1.0015366	0.92625613	-8.2151381e-06	1.7322394e-07	-2.9456044e-07	1.5937746e-07	2.2347769e-09	1.9076196e-07	-3.9478721e-07	2.3750888e-07	-2.9008828e-08	2.7473041e-06	5.6976787e-07	-8.215057e-06	-8.2042767e-06	-0.0013139871
-0.078	0.922	0	0	0	1.0008737	0	0	0	1.0015399	0.92422664	-8.2247105e-06	1.6866959e-07	-2.928794e-07	1.5433864e-07	2.4344778e-09	1.8898922e-07	-3.9522806e-07	2.3633105e-07	-2.9272395e-08	2.7505162e-06	5.8618607e-07	-8.2246263e-06	-8.2138196e-06	-0.0013156673
-0.08	0.92	0	0	0	1.0008436	0	0	0	1.0015432	0.92219698	-8.2340737e-06	1.6418516e-07	-2.9124544e-07	1.493626e-07	2.620597e-09	1.8730066e-07	-3.9570161e-07	2.3523253e-07	-2.9534482e-08	2.7536625e-06	6.0262315e-07	-8.2339864e-06	-8.2231501e-06	-0.0013177746
-0.082	0.918	0	0	0	1.0008131	0	0	0	1.0015464	0.92016714	-8.2432396e-06	1.5976535e-07	-2.8965719e-07	1.4444358e-07	2.7936724e-09	1.8569162e-07	-3.9620743e-07	2.3420869e-07	-2.9795272e-08	2.7567471e-06	6.1907868e-07	-8.2431493e-06	-8.2322805e-06	-0.001320265
-0.084	0.916	0	0	0	1.0007823	0	0	0	1.0015495	0.91813712	-8.2522191e-06	1.5540534e-07	-2.881133e-07	1.3957627e-07	2.9542112e-09	1.8415777e-07	-3.9674505e-07	2.3325526e-07	-3.0054932e-08	2.7597733e-06	6.3555227e-07	-8.252126e-06	-8.241222e-06	-0.0013230988
-0.086	0.914	0	0	0	1.0007513	0	0	0	1.0015527	0.91610695	-8.261022e-06	1.5110072e-07	-2.8661241e-07	1.3475583e-07	3.1026923e-09	1.8269514e-07	-3.9731394e-07	2.3236829e-07	-3.0313616e-08	2.7627443e-06	6.5204356e-07	-8.2609261e-06	-8.2499847e-06	-0.0013262392
-0.088	0.912	0	0	0	1.00072	0	0	0	1.0015558	0.9140766	-8.2696573e-06	1.4684743e-07	-2.851532e-07	1.2997778e-07	3.2395683e-09	1.813e-07	-3.9791356e-07	2.3154409e-07	-3.0571466e-08	2.7656631e-06	6.6855221e-07	-8.2695589e-06	-8.2585778e-06	-0.001329653
-0.09	0.91	0	0	0	1.0006885	0	0	0	1.0015589	0.9120461	-8.2781333e-06	1.4264174e-07	-2.8373436e-07	1.2523798e-07	3.3652673e-09	1.7996892e-07	-3.9854334e-07	2.3077926e-07	-3.0828613e-08	2.7685322e-06	6.8507787e-07	-8.2780323e-06	-8.2670099e-06	-0.0013333092
-0.092	0.908	0	0	0	1.0006566	0	0	0	1.001562	0.91001544	-8.2864575e-06	1.3848023e-07	-2.8235462e-07	1.2053261e-07	3.4801947e-09	1.7869868e-07	-3.9920271e-07	2.3007061e-07	-3.1085176e-08	2.7713541e-06	7.0162025e-07	-8.2863541e-06	-8.2752885e-06	-0.0013371799
-0.094	0.906	0	0	0	1.0006245	0	0	0	1.0015651	0.90798462	-8.2946366e-06	1.3435972e-07	-2.8101275e-07	1.1585812e-07	3.5847346e-09	1.7748627e-07	-3.9989108e-07	2.2941518e-07	-3.1341269e-08	2.774131e-06	7.1817903e-07	-8.2945309e-06	-8.2834209e-06	-0.001341239
-0.096	0.904	0	0	0	1.0005921	0	0	0	1.0015681	0.90595365	-8.3026771e-06	1.3027728e-07	-2.7970754e-07	1.1121121e-07	3.6792512e-09	1.7632887e-07	-4.0060788e-07	2.2881018e-07	-3.1596994e-08	2.7768649e-06	7.3475393e-07	-8.3025692e-06	-8.2914134e-06	-0.0013454625
-0.098	0.902	0	0	0	1.0005594	0	0	0	1.0015711	0.90392253	-8.3105847e-06	1.262302e-07	-2.7843783e-07	1.065888e-07	3.7640903e-09	1.7522386e-07	-4.0135253e-07	2.28253e-07	-3.185245e-08	2.7795577e-06	7.5134468e-07	-8.3104748e-06	-8.2992722e-06	-0.0013498285
-0.1	0.9	0	0	0	1.0005264	0	0	0	1.0015741	0.90189126	-8.3183648e-06	1.2221594e-07	-2.7720248e-07	1.0198802e-07	3.8395803e-09	1.7416873e-07	-4.0212445e-07	2.2774118e-07	-3.2107725e-08	2.782211e-06	7.6795102e-07	-8.3182529e-06	-8.3070026e-06	-0.0013543166
-0.102	0.898	0	0	0	1.0004932	0	0	0	1.0015772	0.89985983	-8.3260223e-06	1.1823216e-07	-2.7600039e-07	9.7406185e-08	3.9060336e-09	1.7316115e-07	-4.0292308e-07	2.272724e-07	-3.2362905e-08	2.7848264e-06	7.8457269e-07	-8.3259086e-06	-8.3146098e-06	-0.0013589078
-0.104	0.896	0	0	0	1.0004596	0	0	0	1.0015801	0.89782826	-8.3335618e-06	1.1427667e-07	-2.7483051e-07	9.2840767e-08	3.9637472e-09	1.721989e-07	-4.0374787e-07	2.2684449e-07	-3.2618067e-08	2.7874054e-06	8.0120946e-07	-8.3334463e-06	-8.3220984e-06	-0.0013635849
-0.106	0.894	0	0	0	1.0004258	0	0	0	1.0015831	0.89579655	-8.3409875e-06	1.1034742e-07	-2.736918e-07	8.8289401e-08	4.0130042e-09	1.7127988e-07	-4.0459827e-07	2.2645538e-07	-3.2873287e-08	2.7899493e-06	8.1786109e-07	-8.3408704e-06	-8.3294729e-06	-0.0013683317
-0.108	0.892	0	0	0	1.0003916	0	0	0	1.0015861	0.89376468	-8.3483034e-06	1.064425e-07	-2.7258328e-07	8.3749861e-08	4.0540742e-09	1.7040212e-07	-4.0547373e-07	2.2610311e-07	-3.3128633e-08	2.7924593e-06	8.3452735e-07	-8.3481846e-06	-8.3367372e-06	-0.0013731333
-0.11	0.89	0	0	0	1.0003572	0	0	0	1.0015891	0.89173267	-8.3555129e-06	1.0256013e-07	-2.7150398e-07	7.9220047e-08	4.0872142e-09	1.6956373e-07	-4.0637375e-07	2.257858e-07	-3.338417e-08	2.7949366e-06	8.5120804e-07	-8.3553927e-06	-8.3438951e-06	-0.0013779758
-0.112	0.888	0	0	0	1.0003224	0	0	0	1.001592	0.88970052	-8.3626196e-06	9.869862e-08	-2.7045299e-07	7.4697977e-08	4.1126699e-09	1.687629e-07	-4.072978e-07	2.2550171e-07	-3.363996e-08	2.7973823e-06	8.6790293e-07	-8.3624981e-06	-8.35095e-06	-0.0013828463
-0.114	0.886	0	0	0	1.0002874	0	0	0	1.001595	0.88766822	-8.3696264e-06	9.4856402e-08	-2.6942939e-07	7.0181778e-08	4.1306753e-09	1.6799792e-07	-4.0824539e-07	2.2524913e-07	-3.389606e-08	2.7997973e-06	8.8461183e-07	-8.3695037e-06	-8.3579052e-06	-0.001387733
-0.116	0.884	0	0	0	1.0002521	0	0	0	1.0015979	0.88563578	-8.3765365e-06	9.1031996e-08	-2.6843232e-07	6.5669677e-08	4.1414546e-09	1.6726717e-07	-4.0921603e-07	2.2502646e-07	-3.4152523e-08	2.8021825e-06	9.0133455e-07	-8.3764126e-06	-8.3647636e-06	-0.0013926248
-0.118	0.882	0	0	0	1.0002164	0	0	0	1.0016009	0.88360319	-8.3833524e-06	8.7224011e-08	-2.6746095e-07	6.1159994e-08	4.145222e-09	1.6656908e-07	-4.1020924e-07	2.2483215e-07	-3.4409403e-08	2.8045388e-06	9.1807089e-07	-8.3832275e-06	-8.3715282e-06	-0.0013975113
-0.12	0.88	0	0	0	1.0001805	0	0	0	1.0016038	0.88157046	-8.3900767e-06	8.3431138e-08	-2.6651446e-07	5.6651131e-08	4.1421822e-09	1.6590215e-07	-4.1122456e-07	2.2466473e-07	-3.4666745e-08	2.8068671e-06	9.3482066e-07	-8.3899509e-06	-8.3782014e-06	-0.0014023832
-0.122	0.878	0	0	0	1.0001442	0	0	0	1.0016068	0.87953759	-8.3967117e-06	7.9652142e-08	-2.6559206e-07	5.2141574e-08	4.1325316e-09	1.6526493e-07	-4.1226153e-07	2.2452279e-07	-3.4924597e-08	2.8091679e-06	9.515837e-07	-8.3965851e-06	-8.3847858e-06	-0.0014072313
-0.124	0.876	0	0	0	1.0001077	0	0	0	1.0016097	0.87750458	-8.4032597e-06	7.5885859e-08	-2.6469301e-07	4.7629879e-08	4.1164581e-09	1.6465606e-07	-4.1331972e-07	2.2440495e-07	-3.5183001e-08	2.8114421e-06	9.6835981e-07	-8.4031324e-06	-8.3912835e-06	-0.0014120476
-0.126	0.874	0	0	0	1.0000708	0	0	0	1.0016127	0.87547142	-8.4097228e-06	7.213119e-08	-2.6381656e-07	4.3114671e-08	4.094142e-09	1.640742e-07	-4.1439868e-07	2.2430992e-07	-3.5441997e-08	2.8136902e-06	9.8514883e-07	-8.4095949e-06	-8.3976968e-06	-0.0014168243
-0.128	0.872	0	0	0	1.0000336	0	0	0	1.0016156	0.87343813	-8.4161028e-06	6.8387097e-08	-2.6296201e-07	3.859464e-08	4.0657562e-09	1.6351806e-07	-4.1549801e-07	2.2423643e-07	-3.5701624e-08	2.8159129e-06	1.0019506e-06	-8.4159744e-06	-8.4040276e-06	-0.0014215542
-0.13	0.87	0	0	0	0.99999606	0	0	0	1.0016185	0.87140469	-8.4224016e-06	6.4652598e-08	-2.6212866e-07	3.4068535e-08	4.0314666e-09	1.6298641e-07	-4.1661729e-07	2.2418326e-07	-3.5961919e-08	2.8181107e-06	1.0187649e-06	-8.4222728e-06	-8.4102778e-06	-0.0014262308
-0.132	0.868	0	0	0	0.99995822	0	0	0	1.0016215	0.86937111	-8.4286209e-06	6.0926767e-08	-2.6131584e-07	2.9535159e-08	3.9914326e-09	1.6247806e-07	-4.1775611e-07	2.2414924e-07	-3.6222916e-08	2.8202841e-06	1.0355917e-06	-8.4284918e-06	-8.4164491e-06	-0.0014308477
-0.134	0.866	0	0	0	0.99992005	0	0	0	1.0016244	0.8673374	-8.4347622e-06	5.7208725e-08	-2.6052291e-07	2.4993371e-08	3.9458072e-09	1.6199185e-07	-4.189141e-07	2.2413322e-07	-3.6484647e-08	2.8224337e-06	1.0524307e-06	-8.4346329e-06	-8.4225432e-06	-0.0014353993
-0.136	0.864	0	0	0	0.99988156	0	0	0	1.0016274	0.86530354	-8.4408271e-06	5.3497642e-08	-2.5974925e-07	2.0442075e-08	3.8947378e-09	1.6152666e-07	-4.2009086e-07	2.2413411e-07	-3.6747143e-08	2.8245598e-06	1.0692819e-06	-8.4406977e-06	-8.4285616e-06	-0.0014398801
-0.138	0.862	0	0	0	0.99984274	0	0	0	1.0016303	0.86326954	-8.446817e-06	4.979273e-08	-2.5899423e-07	1.5880223e-08	3.838366e-09	1.6108139e-07	-4.2128604e-07	2.2415084e-07	-3.7010433e-08	2.826663e-06	1.086145e-06	-8.4466876e-06	-8.4345058e-06	-0.0014442852
-0.14	0.86	0	0	0	0.99980359	0	0	0	1.0016332	0.8612354	-8.4527331e-06	4.6093244e-08	-2.5825727e-07	1.1306812e-08	3.776828e-09	1.6065501e-07	-4.2249925e-07	2.2418237e-07	-3.7274545e-08	2.8287436e-06	1.1030199e-06	-8.4526039e-06	-8.4403771e-06	-0.0014486099
-0.142	0.858	0	0	0	0.99976411	0	0	0	1.0016362	0.85920113	-8.4585768e-06	4.2398478e-08	-2.5753781e-07	6.7208767e-09	3.7102553e-09	1.6024648e-07	-4.2373015e-07	2.2422769e-07	-3.7539505e-08	2.830802e-06	1.1199065e-06	-8.4584478e-06	-8.4461768e-06	-0.0014528498
-0.144	0.856	0	0	0	0.99972429	0	0	0	1.0016391	0.85716671	-8.4643491e-06	3.8707764e-08	-2.5683527e-07	2.1214925e-09	3.6387742e-09	1.5985481e-07	-4.249784e-07	2.2428582e-07	-3.7805337e-08	2.8328386e-06	1.1368046e-06	-8.4642206e-06	-8.4519061e-06	-0.001457001
-0.146	0.854	0	0	0	0.99968413	0	0	0	1.0016421	0.85513216	-8.4700513e-06	3.5020468e-08	-2.5614912e-07	-2.4922289e-09	3.5625068e-09	1.5947903e-07	-4.2624364e-07	2.2435581e-07	-3.8072065e-08	2.8348536e-06	1.1537141e-06	-8.4699232e-06	-8.4575661e-06	-0.0014610596
-0.148	0.852	0	0	0	0.99964364	0	0	0	1.0016451	0.85309747	-8.4756842e-06	3.133599e-08	-2.5547883e-07	-7.1211414e-09	3.4815707e-09	1.591182e-07	-4.2752556e-07	2.2443673e-07	-3.8339711e-08	2.8368475e-06	1.1706349e-06	-8.4755567e-06	-8.463158e-06	-0.0014650222
-0.15	0.85	0	0	0	0.9996028	0	0	0	1.001648	0.85106264	-8.481249e-06	2.7653761e-08	-2.5482389e-07	-1.1766066e-08	3.3960794e-09	1.5877139e-07	-4.2882381e-07	2.2452768e-07	-3.8608296e-08	2.8388204e-06	1.1875667e-06	-8.4811221e-06	-8.4686826e-06	-0.0014688855
-0.152	0.848	0	0	0	0.99956161	0	0	0	1.001651	0.84902768	-8.4867465e-06	2.3973241e-08	-2.541838e-07	-1.6427791e-08	3.3061426e-09	1.5843771e-07	-4.3013809e-07	2.2462777e-07	-3.8877838e-08	2.8407727e-06	1.2045096e-06	-8.4866204e-06	-8.474141e-06	-0.0014726464
-0.154	0.846	0	0	0	0.99952009	0	0	0	1.001654	0.84699257	-8.4921776e-06	2.0293922e-08	-2.5355808e-07	-2.1107078e-08	3.2118661e-09	1.5811627e-07	-4.3146809e-07	2.2473613e-07	-3.9148358e-08	2.8427047e-06	1.2214633e-06	-8.4920524e-06	-8.479534e-06	-0.0014763021
-0.156	0.844	0	0	0	0.99947821	0	0	0	1.0016569	0.84495734	-8.497543e-06	1.6615321e-08	-2.5294626e-07	-2.5804656e-08	3.1133524e-09	1.5780623e-07	-4.328135e-07	2.2485193e-07	-3.9419871e-08	2.8446165e-06	1.2384277e-06	-8.4974189e-06	-8.4848625e-06	-0.0014798501
-0.158	0.842	0	0	0	0.99943598	0	0	0	1.0016599	0.84292196	-8.5028437e-06	1.293698e-08	-2.5234787e-07	-3.0521231e-08	3.0107005e-09	1.5750675e-07	-4.3417401e-07	2.2497435e-07	-3.9692395e-08	2.8465085e-06	1.2554028e-06	-8.5027206e-06	-8.4901273e-06	-0.0014832877
-0.16	0.84	0	0	0	0.99939341	0	0	0	1.0016629	0.84088645	-8.5080802e-06	9.2584683e-09	-2.5176247e-07	-3.5257479e-08	2.9040061e-09	1.57217e-07	-4.3554934e-07	2.2510257e-07	-3.9965945e-08	2.8483807e-06	1.2723882e-06	-8.5079584e-06	-8.4953291e-06	-0.0014866129
-0.162	0.838	0	0	0	0.99935047	0	0	0	1.0016659	0.83885081	-8.5132534e-06	5.5793779e-09	-2.5118963e-07	-4.0014056e-08	2.7933621e-09	1.5693619e-07	-4.369392e-07	2.2523581e-07	-4.0240535e-08	2.8502335e-06	1.2893841e-06	-8.5131329e-06	-8.5004687e-06	-0.0014898233
-0.164	0.836	0	0	0	0.99930719	0	0	0	1.0016689	0.83681504	-8.5183638e-06	1.8993236e-09	-2.5062891e-07	-4.4791589e-08	2.6788582e-09	1.5666354e-07	-4.383433e-07	2.2537331e-07	-4.0516179e-08	2.852067e-06	1.3063901e-06	-8.5182448e-06	-8.5055467e-06	-0.0014929171
-0.166	0.834	0	0	0	0.99926354	0	0	0	1.0016719	0.83477913	-8.523412e-06	-1.7820579e-09	-2.5007991e-07	-4.9590686e-08	2.5605815e-09	1.5639827e-07	-4.3976137e-07	2.255143e-07	-4.0792889e-08	2.8538814e-06	1.3234063e-06	-8.5232946e-06	-8.5105637e-06	-0.0014958925
-0.168	0.832	0	0	0	0.99921954	0	0	0	1.0016749	0.83274309	-8.5283987e-06	-5.4651086e-09	-2.4954222e-07	-5.4411932e-08	2.4386166e-09	1.5613965e-07	-4.4119314e-07	2.2565804e-07	-4.1070677e-08	2.8556769e-06	1.3404324e-06	-8.528283e-06	-8.5155204e-06	-0.0014987477
-0.17	0.83	0	0	0	0.99917517	0	0	0	1.0016779	0.83070692	-8.5333245e-06	-9.1501507e-09	-2.4901544e-07	-5.9255889e-08	2.3130451e-09	1.5588692e-07	-4.4263833e-07	2.2580382e-07	-4.1349555e-08	2.8574537e-06	1.3574683e-06	-8.5332106e-06	-8.5204173e-06	-0.0015014812
-0.172	0.828	0	0	0	0.99913045	0	0	0	1.0016809	0.82867062	-8.5381897e-06	-1.2837487e-08	-2.484992e-07	-6.4123102e-08	2.1839468e-09	1.5563938e-07	-4.440967e-07	2.2595093e-07	-4.1629531e-08	2.8592118e-06	1.374514e-06	-8.5380778e-06	-8.525255e-06	-0.0015040914
-0.174	0.826	0	0	0	0.99908536	0	0	0	1.001684	0.82663419	-8.542995e-06	-1.6527401e-08	-2.4799311e-07	-6.9014093e-08	2.0513987e-09	1.5539631e-07	-4.4556797e-07	2.2609867e-07	-4.1910616e-08	2.8609514e-06	1.3915694e-06	-8.5428851e-06	-8.530034e-06	-0.0015065771
-0.176	0.824	0	0	0	0.9990399	0	0	0	1.001687	0.82459763	-8.5477408e-06	-2.0220158e-08	-2.474968e-07	-7.3929368e-08	1.915476e-09	1.5515702e-07	-4.470519e-07	2.2624635e-07	-4.2192818e-08	2.8626727e-06	1.4086342e-06	-8.5476331e-06	-8.5347547e-06	-0.001508937
-0.178	0.822	0	0	0	0.99899408	0	0	0	1.00169	0.82256095	-8.5524276e-06	-2.3916008e-08	-2.4700993e-07	-7.8869413e-08	1.7762515e-09	1.5492084e-07	-4.4854823e-07	2.2639332e-07	-4.2476146e-08	2.8643758e-06	1.4257084e-06	-8.5523221e-06	-8.5394176e-06	-0.00151117
-0.18	0.82	0	0	0	0.99894789	0	0	0	1.0016931	0.82052414	-8.5570558e-06	-2.7615181e-08	-2.4653214e-07	-8.3834697e-08	1.6337961e-09	1.5468711e-07	-4.5005672e-07	2.2653892e-07	-4.2760605e-08	2.8660609e-06	1.4427919e-06	-8.5569527e-06	-8.5440233e-06	-0.0015132748
-0.182	0.818	0	0	0	0.99890134	0	0	0	1.0016961	0.81848721	-8.5616257e-06	-3.1317895e-08	-2.4606309e-07	-8.882567e-08	1.488179e-09	1.5445516e-07	-4.5157713e-07	2.266825e-07	-4.3046203e-08	2.8677279e-06	1.4598845e-06	-8.5615252e-06	-8.548572e-06	-0.0015152507
-0.184	0.816	0	0	0	0.99885441	0	0	0	1.0016992	0.81645015	-8.5661379e-06	-3.5024347e-08	-2.4560244e-07	-9.384277e-08	1.3394673e-09	1.5422436e-07	-4.5310922e-07	2.2682345e-07	-4.3332945e-08	2.8693771e-06	1.4769861e-06	-8.56604e-06	-8.5530642e-06	-0.0015170966
-0.186	0.814	0	0	0	0.99880711	0	0	0	1.0017023	0.81441298	-8.5705926e-06	-3.8734723e-08	-2.4514987e-07	-9.8886413e-08	1.1877266e-09	1.539941e-07	-4.5465276e-07	2.2696115e-07	-4.3620837e-08	2.8710086e-06	1.4940967e-06	-8.5704975e-06	-8.5575002e-06	-0.0015188117
-0.188	0.812	0	0	0	0.99875944	0	0	0	1.0017053	0.81237568	-8.5749902e-06	-4.2449194e-08	-2.4470506e-07	-1.03957e-07	1.0330207e-09	1.5376374e-07	-4.5620752e-07	2.2709498e-07	-4.3909884e-08	2.8726224e-06	1.5112161e-06	-8.574898e-06	-8.5618805e-06	-0.0015203953
-0.19	0.81	0	0	0	0.9987114	0	0	0	1.0017084	0.81033826	-8.5793311e-06	-4.6167915e-08	-2.4426769e-07	-1.0905493e-07	8.754118e-10	1.535327e-07	-4.5777328e-07	2.2722437e-07	-4.4200088e-08	2.8742186e-06	1.5283443e-06	-8.5792419e-06	-8.5662054e-06	-0.0015218467
-0.192	0.808	0	0	0	0.99866298	0	0	0	1.0017115	0.80830073	-8.5836155e-06	-4.9891028e-08	-2.4383747e-07	-1.1418057e-07	7.1496071e-10	1.5330039e-07	-4.593498e-07	2.2734873e-07	-4.4491454e-08	2.8757973e-06	1.545481e-06	-8.5835294e-06	-8.5704752e-06	-0.0015231652
-0.194	0.806	0	0	0	0.99861419	0	0	0	1.0017146	0.80626308	-8.5878438e-06	-5.3618663e-08	-2.4341409e-07	-1.1933428e-07	5.5172672e-10	1.5306622e-07	-4.6093687e-07	2.274675e-07	-4.4783984e-08	2.8773587e-06	1.5626262e-06	-8.587761e-06	-8.5746902e-06	-0.0015243502
-0.196	0.804	0	0	0	0.99856502	0	0	0	1.0017177	0.80422532	-8.5920163e-06	-5.7350935e-08	-2.4299726e-07	-1.245164e-07	3.8576778e-10	1.5282964e-07	-4.6253428e-07	2.2758013e-07	-4.5077681e-08	2.8789027e-06	1.5797797e-06	-8.5919369e-06	-8.5788507e-06	-0.0015254013
-0.198	0.802	0	0	0	0.99851548	0	0	0	1.0017208	0.80218744	-8.5961333e-06	-6.1087948e-08	-2.4258669e-07	-1.2972727e-07	2.1714048e-10	1.5259009e-07	-4.6414181e-07	2.2768606e-07	-4.5372546e-08	2.8804296e-06	1.5969416e-06	-8.5960573e-06	-8.582957e-06	-0.001526318
-0.2	0.8	0	0	0	0.99846556	0	0	0	1.0017239	0.80014945	-8.6001949e-06	-6.4829793e-08	-2.4218212e-07	-1.349672e-07	4.5900186e-11	1.5234704e-07	-4.6575926e-07	2.2778478e-07	-4.5668581e-08	2.8819392e-06	1.6141116e-06	-8.6001227e-06	-8.5870094e-06	-0.0015270998
-0.202	0.798	0	0	0	0.99841526	0	0	0	1.001727	0.79811136	-8.6042016e-06	-6.857655e-08	-2.4178325e-07	-1.4023651e-07	-1.2789895e-10	1.5209996e-07	-4.6738641e-07	2.2787575e-07	-4.5965785e-08	2.8834318e-06	1.6312896e-06	-8.6041331e-06	-8.5910082e-06	-0.0015277464
-0.204	0.796	0	0	0	0.99836459	0	0	0	1.0017301	0.79607316	-8.6081535e-06	-7.2328288e-08	-2.4138984e-07	-1.4553548e-07	-3.0420392e-10	1.5184832e-07	-4.6902306e-07	2.2795848e-07	-4.626416e-08	2.8849073e-06	1.6484756e-06	-8.6080889e-06	-8.5949536e-06	-0.0015282575
-0.206	0.794	0	0	0	0.99831355	0	0	0	1.0017333	0.79403486	-8.6120509e-06	-7.6085063e-08	-2.4100161e-07	-1.508644e-07	-4.8296283e-10	1.5159163e-07	-4.7066903e-07	2.2803246e-07	-4.6563705e-08	2.8863659e-06	1.6656694e-06	-8.6119903e-06	-8.5988458e-06	-0.0015286328
-0.208	0.792	0	0	0	0.99826212	0	0	0	1.0017364	0.79199645	-8.615894e-06	-7.9846923e-08	-2.406183e-07	-1.5622354e-07	-6.6412483e-10	1.5132939e-07	-4.723241e-07	2.2809722e-07	-4.6864418e-08	2.8878075e-06	1.682871e-06	-8.6158376e-06	-8.6026852e-06	-0.0015288721
-0.21	0.79	0	0	0	0.99821032	0	0	0	1.0017396	0.78995794	-8.6196831e-06	-8.3613903e-08	-2.4023968e-07	-1.6161315e-07	-8.4764006e-10	1.5106112e-07	-4.7398808e-07	2.2815228e-07	-4.71663e-08	2.8892323e-06	1.7000802e-06	-8.6196309e-06	-8.6064718e-06	-0.0015289752
-0.212	0.788	0	0	0	0.99815814	0	0	0	1.0017427	0.78791934	-8.6234183e-06	-8.7386029e-08	-2.3986549e-07	-1.6703348e-07	-1.0334597e-09	1.5078636e-07	-4.7566079e-07	2.2819718e-07	-4.7469347e-08	2.8906404e-06	1.7172969e-06	-8.6233706e-06	-8.6102061e-06	-0.0015289419
-0.214	0.786	0	0	0	0.99810558	0	0	0	1.0017459	0.78588064	-8.6271e-06	-9.1163318e-08	-2.3949549e-07	-1.7248478e-07	-1.2215357e-09	1.5050463e-07	-4.7734203e-07	2.2823146e-07	-4.7773559e-08	2.8920317e-06	1.734521e-06	-8.6270567e-06	-8.613888e-06	-0.0015287721
-0.216	0.784	0	0	0	0.99805265	0	0	0	1.001749	0.78384184	-8.6307282e-06	-9.4945776e-08	-2.3912946e-07	-1.7796726e-07	-1.411821e-09	1.502155e-07	-4.7903163e-07	2.282547e-07	-4.8078932e-08	2.8934063e-06	1.7517524e-06	-8.6306896e-06	-8.617518e-06	-0.0015284658
-0.218	0.782	0	0	0	0.99799934	0	0	0	1.0017522	0.78180296	-8.6343032e-06	-9.8733401e-08	-2.3876715e-07	-1.8348114e-07	-1.6042694e-09	1.4991854e-07	-4.807294e-07	2.2826646e-07	-4.8385464e-08	2.8947643e-06	1.768991e-06	-8.6342694e-06	-8.6210961e-06	-0.0015280229
-0.22	0.78	0	0	0	0.99794566	0	0	0	1.0017554	0.77976399	-8.6378251e-06	-1.0252618e-07	-2.3840835e-07	-1.8902662e-07	-1.7988356e-09	1.4961331e-07	-4.8243515e-07	2.2826634e-07	-4.869315e-08	2.8961057e-06	1.7862368e-06	-8.6377963e-06	-8.6246226e-06	-0.0015274434
-0.222	0.778	0	0	0	0.9978916	0	0	0	1.0017585	0.77772493	-8.6412943e-06	-1.063241e-07	-2.3805284e-07	-1.9460391e-07	-1.9954747e-09	1.492994e-07	-4.8414873e-07	2.2825391e-07	-4.9001989e-08	2.8974306e-06	1.8034895e-06	-8.6412704e-06	-8.6280977e-06	-0.0015267274
-0.224	0.776	0	0	0	0.99783716	0	0	0	1.0017617	0.77568579	-8.6447108e-06	-1.1012712e-07	-2.3770041e-07	-2.0021318e-07	-2.194143e-09	1.4897643e-07	-4.8586994e-07	2.282288e-07	-4.9311974e-08	2.898739e-06	1.8207492e-06	-8.6446921e-06	-8.6315215e-06	-0.0015258749
-0.226	0.774	0	0	0	0.99778236	0	0	0	1.0017649	0.77364657	-8.6480749e-06	-1.1393522e-07	-2.3735083e-07	-2.0585462e-07	-2.3947973e-09	1.4864398e-07	-4.8759863e-07	2.2819062e-07	-4.9623103e-08	2.9000309e-06	1.8380156e-06	-8.6480615e-06	-8.6348943e-06	-0.001524886
-0.228	0.772	0	0	0	0.99772718	0	0	0	1.0017681	0.77160727	-8.6513867e-06	-1.1774834e-07	-2.3700391e-07	-2.1152839e-07	-2.5973951e-09	1.483017e-07	-4.8933462e-07	2.2813901e-07	-4.9935369e-08	2.9013065e-06	1.8552888e-06	-8.6513787e-06	-8.6382161e-06	-0.001523761
-0.23	0.77	0	0	0	0.99767162	0	0	0	1.0017713	0.76956789	-8.6546464e-06	-1.2156643e-07	-2.3665945e-07	-2.1723465e-07	-2.8018946e-09	1.4794921e-07	-4.9107775e-07	2.2807359e-07	-5.0248769e-08	2.9025657e-06	1.8725685e-06	-8.6546439e-06	-8.6414873e-06	-0.0015224998
-0.232	0.768	0	0	0	0.9976157	0	0	0	1.0017745	0.76752845	-8.6578541e-06	-1.2538944e-07	-2.3631725e-07	-2.2297356e-07	-3.0082546e-09	1.4758615e-07	-4.9282786e-07	2.2799404e-07	-5.0563296e-08	2.9038085e-06	1.8898547e-06	-8.6578573e-06	-8.6447079e-06	-0.0015211029
-0.234	0.766	0	0	0	0.99755941	0	0	0	1.0017777	0.76548893	-8.6610101e-06	-1.292173e-07	-2.3597711e-07	-2.2874525e-07	-3.2164344e-09	1.4721219e-07	-4.9458478e-07	2.2790001e-07	-5.0878945e-08	2.9050352e-06	1.9071473e-06	-8.6610191e-06	-8.6478781e-06	-0.0015195703
-0.236	0.764	0	0	0	0.99750274	0	0	0	1.001781	0.76344935	-8.6641145e-06	-1.3304993e-07	-2.3563886e-07	-2.3454986e-07	-3.4263942e-09	1.4682698e-07	-4.9634837e-07	2.2779117e-07	-5.119571e-08	2.9062455e-06	1.9244462e-06	-8.6641294e-06	-8.6509981e-06	-0.0015179023
-0.238	0.762	0	0	0	0.99744571	0	0	0	1.0017842	0.76140971	-8.6671674e-06	-1.3688726e-07	-2.353023e-07	-2.4038751e-07	-3.6380945e-09	1.4643022e-07	-4.9811847e-07	2.2766722e-07	-5.1513585e-08	2.9074397e-06	1.9417513e-06	-8.6671884e-06	-8.654068e-06	-0.0015160993
-0.24	0.76	0	0	0	0.99738832	0	0	0	1.0017874	0.75937001	-8.6701691e-06	-1.407292e-07	-2.3496727e-07	-2.4625833e-07	-3.8514964e-09	1.4602159e-07	-4.9989493e-07	2.2752785e-07	-5.1832562e-08	2.9086177e-06	1.9590625e-06	-8.6701963e-06	-8.657088e-06	-0.0015141616
-0.242	0.758	0	0	0	0.99733056	0	0	0	1.0017906	0.75733025	-8.6731196e-06	-1.4457566e-07	-2.3463357e-07	-2.5216242e-07	-4.0665617e-09	1.4560078e-07	-5.016776e-07	2.2737277e-07	-5.2152635e-08	2.9097796e-06	1.9763797e-06	-8.6731531e-06	-8.6600583e-06	-0.0015120896
-0.244	0.756	0	0	0	0.99727244	0	0	0	1.0017939	0.75529043	-8.6760192e-06	-1.4842653e-07	-2.3430105e-07	-2.580999e-07	-4.2832525e-09	1.4516752e-07	-5.0346633e-07	2.2720171e-07	-5.2473797e-08	2.9109254e-06	1.9937027e-06	-8.6760591e-06	-8.662979e-06	-0.0015098836
-0.246	0.754	0	0	0	0.99721395	0	0	0	1.0017971	0.75325057	-8.6788679e-06	-1.5228172e-07	-2.3396953e-07	-2.6407086e-07	-4.5015314e-09	1.4472152e-07	-5.0526099e-07	2.2701439e-07	-5.2796041e-08	2.9120552e-06	2.0110316e-06	-8.6789144e-06	-8.6658503e-06	-0.001507544
-0.248	0.752	0	0	0	0.99715511	0	0	0	1.0018004	0.75121066	-8.6816661e-06	-1.5614111e-07	-2.3363886e-07	-2.7007539e-07	-4.7213618e-09	1.4426252e-07	-5.0706143e-07	2.2681056e-07	-5.3119358e-08	2.9131689e-06	2.0283661e-06	-8.6817192e-06	-8.6686722e-06	-0.0015050714
-0.25	0.75	0	0	0	0.99709591	0	0	0	1.0018036	0.74917071	-8.6844137e-06	-1.600046e-07	-2.3330886e-07	-2.7611358e-07	-4.9427071e-09	1.4379026e-07	-5.0886753e-07	2.2658997e-07	-5.3443742e-08	2.9142667e-06	2.0457063e-06	-8.6844736e-06	-8.671445e-06	-0.0015024662
-0.252	0.748	0	0	0	0.99703636	0	0	0	1.0018069	0.74713072	-8.6871109e-06	-1.6387205e-07	-2.3297939e-07	-2.821855e-07	-5.1655315e-09	1.433045e-07	-5.1067913e-07	2.2635238e-07	-5.3769183e-08	2.9153485e-06	2.0630519e-06	-8.6871778e-06	-8.6741689e-06	-0.0014997289
-0.254	0.746	0	0	0	0.99697645	0	0	0	1.0018101	0.74509069	-8.6897579e-06	-1.6774335e-07	-2.326503e-07	-2.8829124e-07	-5.3897996e-09	1.4280501e-07	-5.1249612e-07	2.2609757e-07	-5.4095674e-08	2.9164145e-06	2.0804029e-06	-8.6898318e-06	-8.6768438e-06	-0.00149686
-0.256	0.744	0	0	0	0.99691619	0	0	0	1.0018134	0.74305063	-8.6923549e-06	-1.7161837e-07	-2.3232143e-07	-2.9443085e-07	-5.6154763e-09	1.4229156e-07	-5.1431836e-07	2.2582533e-07	-5.4423206e-08	2.9174645e-06	2.0977593e-06	-8.6924359e-06	-8.67947e-06	-0.0014938603
-0.258	0.742	0	0	0	0.99685558	0	0	0	1.0018166	0.74101054	-8.694902e-06	-1.7549696e-07	-2.3199264e-07	-3.0060441e-07	-5.8425271e-09	1.4176393e-07	-5.1614573e-07	2.2553545e-07	-5.4751771e-08	2.9184988e-06	2.1151208e-06	-8.6949903e-06	-8.6820477e-06	-0.0014907302
-0.26	0.74	0	0	0	0.99679462	0	0	0	1.0018199	0.73897042	-8.6973992e-06	-1.7937901e-07	-2.3166379e-07	-3.0681196e-07	-6.0709178e-09	1.4122192e-07	-5.1797811e-07	2.2522774e-07	-5.508136e-08	2.9195172e-06	2.1324875e-06	-8.6974949e-06	-8.6845769e-06	-0.0014874704
-0.262	0.738	0	0	0	0.99673332	0	0	0	1.0018232	0.73693028	-8.6998469e-06	-1.8326435e-07	-2.3133475e-07	-3.1305356e-07	-6.3006146e-09	1.4066535e-07	-5.1981538e-07	2.2490201e-07	-5.5411963e-08	2.9205198e-06	2.1498591e-06	-8.69995e-06	-8.6870577e-06	-0.0014840815
-0.264	0.736	0	0	0	0.99667168	0	0	0	1.0018264	0.73489013	-8.702245e-06	-1.8715285e-07	-2.3100537e-07	-3.1932927e-07	-6.5315842e-09	1.4009402e-07	-5.2165741e-07	2.2455809e-07	-5.5743572e-08	2.9215067e-06	2.1672357e-06	-8.7023558e-06	-8.6894904e-06	-0.0014805644
-0.266	0.734	0	0	0	0.9966097	0	0	0	1.0018297	0.73284996	-8.7045938e-06	-1.9104436e-07	-2.3067552e-07	-3.2563911e-07	-6.7637937e-09	1.3950777e-07	-5.235041e-07	2.2419583e-07	-5.6076177e-08	2.9224779e-06	2.1846171e-06	-8.7047123e-06	-8.6918751e-06	-0.0014769197
-0.268	0.732	0	0	0	0.99654738	0	0	0	1.001833	0.73080978	-8.7068934e-06	-1.9493872e-07	-2.3034508e-07	-3.3198314e-07	-6.9972104e-09	1.3890643e-07	-5.2535533e-07	2.2381506e-07	-5.640977e-08	2.9234335e-06	2.2020032e-06	-8.7070197e-06	-8.6942118e-06	-0.0014731481
-0.27	0.73	0	0	0	0.99648473	0	0	0	1.0018362	0.72876959	-8.7091439e-06	-1.9883578e-07	-2.3001393e-07	-3.3836138e-07	-7.2318022e-09	1.3828985e-07	-5.27211e-07	2.2341564e-07	-5.6744339e-08	2.9243733e-06	2.2193939e-06	-8.7092781e-06	-8.6965008e-06	-0.0014692505
-0.272	0.728	0	0	0	0.99642174	0	0	0	1.0018395	0.7267294	-8.7113454e-06	-2.0273538e-07	-2.2968194e-07	-3.4477387e-07	-7.4675373e-09	1.3765787e-07	-5.2907099e-07	2.2299744e-07	-5.7079876e-08	2.9252976e-06	2.2367892e-06	-8.7114877e-06	-8.6987421e-06	-0.0014652277
-0.274	0.726	0	0	0	0.99635843	0	0	0	1.0018428	0.72468921	-8.7134981e-06	-2.0663736e-07	-2.2934899e-07	-3.5122063e-07	-7.7043844e-09	1.3701038e-07	-5.3093521e-07	2.2256033e-07	-5.7416371e-08	2.9262063e-06	2.2541889e-06	-8.7136486e-06	-8.7009358e-06	-0.0014610805
-0.276	0.724	0	0	0	0.9962948	0	0	0	1.0018461	0.72264903	-8.7156021e-06	-2.1054154e-07	-2.2901496e-07	-3.577017e-07	-7.9423125e-09	1.3634723e-07	-5.3280355e-07	2.2210421e-07	-5.7753814e-08	2.9270994e-06	2.271593e-06	-8.7157608e-06	-8.7030821e-06	-0.0014568098
-0.278	0.722	0	0	0	0.99623084	0	0	0	1.0018493	0.72060886	-8.7176576e-06	-2.1444777e-07	-2.2867975e-07	-3.6421708e-07	-8.1812908e-09	1.3566831e-07	-5.3467591e-07	2.2162896e-07	-5.8092194e-08	2.927977e-06	2.2890012e-06	-8.7178247e-06	-8.7051811e-06	-0.0014524165
-0.28	0.72	0	0	0	0.99616656	0	0	0	1.0018526	0.7185687	-8.7196647e-06	-2.1835587e-07	-2.2834324e-07	-3.7076681e-07	-8.4212892e-09	1.3497352e-07	-5.365522e-07	2.2113448e-07	-5.8431502e-08	2.9288392e-06	2.3064137e-06	-8.7198402e-06	-8.707233e-06	-0.0014479016
-0.282	0.718	0	0	0	0.99610197	0	0	0	1.0018559	0.71652855	-8.7216234e-06	-2.2226568e-07	-2.2800533e-07	-3.7735089e-07	-8.6622777e-09	1.3426274e-07	-5.3843233e-07	2.206207e-07	-5.8771728e-08	2.9296858e-06	2.3238302e-06	-8.7218075e-06	-8.7092377e-06	-0.001443266
-0.284	0.716	0	0	0	0.99603706	0	0	0	1.0018592	0.71448843	-8.723534e-06	-2.2617701e-07	-2.2766591e-07	-3.8396934e-07	-8.904227e-09	1.335359e-07	-5.403162e-07	2.2008752e-07	-5.9112861e-08	2.930517e-06	2.3412506e-06	-8.7237267e-06	-8.7111956e-06	-0.0014385106
-0.286	0.714	0	0	0	0.99597184	0	0	0	1.0018625	0.71244834	-8.7253965e-06	-2.3008969e-07	-2.2732488e-07	-3.9062217e-07	-9.1471078e-09	1.327929e-07	-5.4220373e-07	2.1953488e-07	-5.945489e-08	2.9313328e-06	2.358675e-06	-8.725598e-06	-8.7131066e-06	-0.0014336366
-0.288	0.712	0	0	0	0.99590632	0	0	0	1.0018657	0.71040827	-8.7272111e-06	-2.3400355e-07	-2.2698214e-07	-3.9730939e-07	-9.3908915e-09	1.3203367e-07	-5.4409483e-07	2.1896271e-07	-5.9797806e-08	2.9321333e-06	2.3761031e-06	-8.7274214e-06	-8.7149708e-06	-0.001428645
-0.29	0.71	0	0	0	0.9958405	0	0	0	1.001869	0.70836824	-8.7289778e-06	-2.379184e-07	-2.266376e-07	-4.04031e-07	-9.6355497e-09	1.3125814e-07	-5.4598942e-07	2.1837097e-07	-6.0141597e-08	2.9329183e-06	2.3935348e-06	-8.7291971e-06	-8.7167884e-06	-0.0014235367
-0.292	0.708	0	0	0	0.99577438	0	0	0	1.0018723	0.70632824	-8.7306969e-06	-2.4183406e-07	-2.2629116e-07	-4.1078702e-07	-9.8810544e-09	1.3046624e-07	-5.4788742e-07	2.177596e-07	-6.0486254e-08	2.9336881e-06	2.4109702e-06	-8.7309252e-06	-8.7185595e-06	-0.0014183129
-0.294	0.706	0	0	0	0.99570796	0	0	0	1.0018756	0.70428829	-8.7323683e-06	-2.4575036e-07	-2.2594272e-07	-4.1757743e-07	-1.0127378e-08	1.2965793e-07	-5.4978875e-07	2.1712856e-07	-6.0831765e-08	2.9344425e-06	2.4284091e-06	-8.7326058e-06	-8.7202842e-06	-0.0014129748
-0.296	0.704	0	0	0	0.99564125	0	0	0	1.0018788	0.70224838	-8.7339923e-06	-2.496671e-07	-2.2559221e-07	-4.2440225e-07	-1.0374494e-08	1.2883315e-07	-5.5169334e-07	2.1647782e-07	-6.1178121e-08	2.9351816e-06	2.4458513e-06	-8.7342389e-06	-8.7219626e-06	-0.0014075234
-0.298	0.702	0	0	0	0.99557425	0	0	0	1.0018821	0.70020853	-8.7355689e-06	-2.535841e-07	-2.2523952e-07	-4.3126149e-07	-1.0622375e-08	1.2799187e-07	-5.5360111e-07	2.1580736e-07	-6.1525309e-08	2.9359055e-06	2.4632969e-06	-8.7358248e-06	-8.7235947e-06	-0.0014019598
-0.3	0.7	0	0	0	0.99550697	0	0	0	1.0018854	0.69816872	-8.7370983e-06	-2.5750118e-07	-2.2488459e-07	-4.3815512e-07	-1.0870994e-08	1.2713406e-07	-5.5551199e-07	2.1511715e-07	-6.187332e-08	2.9366142e-06	2.4807457e-06	inf	inf	inf
