lambda	F11	F12	F13	F21	F22	F23	F31	F32	F33	J	P11	P12	P13	P21	P22	P23	P31	P32	P33	p	StrEn	t(1)	t(2)	d
0	1	0	0	0	1	0	0	0	1	1	0	0	0	0	0	0	0	0	0	-0	0	inf	inf	inf
-0.002	0.998	0	0	0	0.998	0	0	0	1.0019627	0.9979589	-2.0804679e-05	-7.0978521e-07	1.5881374e-08	-7.0498059e-07	-2.0692976e-05	1.2422078e-07	1.3832786e-07	1.7648709e-08	2.2067741e-09	1.3831816e-05	4.1894329e-08	-4.1499804e-05	-4.0267602e-05	-0.03060033
-0.004	0.996	0	0	0	0.996	0	0	0	1.003894	0.99587887	-3.7612179e-05	-5.1452219e-06	-5.9850601e-07	-5.1203968e-06	-3.7592182e-05	8.5987334e-07	6.2503693e-08	-2.9430938e-08	-5.0034519e-09	2.5069788e-05	1.6107041e-07	-7.5199585e-05	-7.3784243e-05	-0.019182173
-0.006	0.994	0	0	0	0.994	0	0	0	1.0057807	0.99374758	-4.9946138e-05	-1.4057653e-05	-1.6177529e-06	-1.401503e-05	-5.0043006e-05	1.4318785e-06	-1.3127729e-07	-1.3987802e-07	-7.0853526e-09	3.3332076e-05	3.370313e-07	-9.9982461e-05	-9.9713806e-05	-0.0026942589
-0.008	0.992	0	0	0	0.992	0	0	0	1.007667	0.99160886	-6.1299954e-05	-2.3764681e-05	-2.2845899e-06	-2.3708489e-05	-6.1420859e-05	1.9302076e-06	-2.1720804e-07	-2.311636e-07	-9.9312213e-09	4.0910248e-05	5.5992563e-07	-0.00012271146	-0.00012259899	-0.00091739706
-0.01	0.99	0	0	0	0.99	0	0	0	1.0095473	0.98945732	-7.2307486e-05	-3.3582766e-05	-2.7982908e-06	-3.3515874e-05	-7.2402378e-05	2.3346458e-06	-2.5459774e-07	-3.1925907e-07	-1.2044771e-08	4.8240636e-05	8.2742726e-07	-0.00014469856	-0.00014447046	-0.0015788503
-0.012	0.988	0	0	0	0.988	0	0	0	1.0114212	0.9872927	-8.2491468e-05	-4.2795581e-05	-3.207931e-06	-4.2719304e-05	-8.2525359e-05	2.6859231e-06	-2.6036631e-07	-4.0758699e-07	-1.4154834e-08	5.5010327e-05	1.1378075e-06	-0.00016500358	-0.00016280403	-0.013510441
-0.014	0.986	0	0	0	0.986	0	0	0	1.0132905	0.98511701	-8.6660214e-05	-4.620928e-05	-3.5047662e-06	-4.612206e-05	-8.6634441e-05	3.0398451e-06	-2.2797609e-07	-4.799833e-07	-1.7120893e-08	5.7770592e-05	1.4786434e-06	-0.00017327868	-0.00017259973	-0.0039337015
-0.016	0.984	0	0	0	0.984	0	0	0	1.0151526	0.98292755	-8.7946608e-05	-4.6770017e-05	-3.7541098e-06	-4.6672042e-05	-8.7877701e-05	3.3563921e-06	-1.7450656e-07	-5.4398417e-07	-1.9227867e-08	5.8614512e-05	1.8282064e-06	-0.00017580645	-0.00017582077	8.1457009e-05
-0.018	0.982	0	0	0	0.982	0	0	0	1.0170066	0.98072392	-8.8891913e-05	-4.6997927e-05	-3.9710857e-06	-4.6890031e-05	-8.8776061e-05	3.6386856e-06	-1.0774023e-07	-6.0712342e-07	-2.0825547e-08	5.92296e-05	2.1819264e-06	-0.00017764871	-0.00017771273	0.00036023496
-0.02	0.98	0	0	0	0.98	0	0	0	1.0188529	0.97850631	-8.9735589e-05	-4.7134789e-05	-4.1598865e-06	-4.7017663e-05	-8.9566565e-05	3.8951155e-06	-2.9780509e-08	-6.7028803e-07	-2.2153837e-08	5.9774769e-05	2.5390573e-06	-0.00017928175	-0.00017934771	0.00036780971
-0.022	0.978	0	0	0	0.978	0	0	0	1.0206913	0.97627486	-9.0532215e-05	-4.7234484e-05	-4.324446e-06	-4.7108701e-05	-9.0304044e-05	4.1307124e-06	5.7825844e-08	-7.3383065e-07	-2.331844e-08	6.0286526e-05	2.8993173e-06	-0.00018081487	-0.00018087486	0.00033163909
-0.024	0.976	0	0	0	0.976	0	0	0	1.0225218	0.97402972	-9.1301722e-05	-4.7315764e-05	-4.4680465e-06	-4.718181e-05	-9.1009075e-05	4.3488758e-06	1.538749e-07	-7.9796472e-07	-2.4377484e-08	6.0778391e-05	3.2625567e-06	-0.00018228853	-0.00018234084	0.000286849
-0.026	0.974	0	0	0	0.974	0	0	0	1.0243445	0.97177104	-9.2053364e-05	-4.7386805e-05	-4.5933622e-06	-4.72451e-05	-9.1691566e-05	4.5520819e-06	2.5741193e-07	-8.6283601e-07	-2.536724e-08	6.1256766e-05	3.6286806e-06	-0.00018372186	-0.00018376627	0.00024168436
-0.028	0.972	0	0	0	0.972	0	0	0	1.0261594	0.96949896	-9.2792116e-05	-4.7451698e-05	-4.702579e-06	-4.730261e-05	-9.2357072e-05	4.7422224e-06	3.6766603e-07	-9.2854885e-07	-2.6312148e-08	6.1725167e-05	3.9976218e-06	-0.00018512536	-0.00018516211	0.00019843932
-0.03	0.97	0	0	0	0.97	0	0	0	1.0279664	0.96721363	-9.3520932e-05	-4.7512692e-05	-4.7975013e-06	-4.7356546e-05	-9.3009041e-05	4.9207916e-06	4.8400399e-07	-9.9517963e-07	-2.7229534e-08	6.2185734e-05	4.3693291e-06	-0.00018650542	-0.00018653484	0.0001577278
-0.032	0.968	0	0	0	0.968	0	0	0	1.0297657	0.9649152	-9.4241694e-05	-4.7571107e-05	-4.8796361e-06	-4.7408197e-05	-9.3649776e-05	5.0890003e-06	6.0589747e-07	-1.0627849e-06	-2.8132128e-08	6.2639868e-05	4.7437612e-06	-0.00018786622	-0.00018788869	0.00011962241
-0.034	0.966	0	0	0	0.966	0	0	0	1.0315572	0.96260383	-9.4955671e-05	-4.7627765e-05	-4.9502564e-06	-4.7458355e-05	-9.4280905e-05	5.2478487e-06	7.328994e-07	-1.1314065e-06	-2.9029529e-08	6.3088535e-05	5.1208838e-06	-0.00018921063	-0.00018922653	8.4013725e-05
-0.036	0.964	0	0	0	0.964	0	0	0	1.033341	0.96027967	-9.5663754e-05	-4.7683194e-05	-5.010449e-06	-4.7507525e-05	-9.4903624e-05	5.3981771e-06	8.6462661e-07	-1.2010756e-06	-2.9929118e-08	6.3532436e-05	5.5006673e-06	-0.00019054074	-0.00019055041	5.0736207e-05
-0.038	0.962	0	0	0	0.962	0	0	0	1.0351171	0.95794288	-9.6366594e-05	-4.7737745e-05	-5.0611511e-06	-4.7556041e-05	-9.5518845e-05	5.5407009e-06	1.000747e-06	-1.2718149e-06	-3.0836658e-08	6.3972092e-05	5.8830855e-06	-0.00019185811	-0.00019186188	1.9614863e-05
-0.04	0.96	0	0	0	0.96	0	0	0	1.0368854	0.95559362	-9.7064677e-05	-4.7791663e-05	-5.1031781e-06	-4.7604126e-05	-9.6127283e-05	5.6760364e-06	1.1409697e-06	-1.3436406e-06	-3.1756698e-08	6.4407906e-05	6.2681148e-06	-0.00019316394	-0.0001931621	-9.5174683e-06
-0.042	0.958	0	0	0	0.958	0	0	0	1.0386462	0.95323205	-9.7758381e-05	-4.7845115e-05	-5.1372448e-06	-4.7651936e-05	-9.6729509e-05	5.8047199e-06	1.2850376e-06	-1.4165638e-06	-3.2692863e-08	6.4840194e-05	6.6557339e-06	-0.00019445917	-0.00019445201	-3.6814343e-05
-0.044	0.956	0	0	0	0.956	0	0	0	1.0403992	0.95085832	-9.8448002e-05	-4.7898224e-05	-5.1639829e-06	-4.769958e-05	-9.7325993e-05	5.9272222e-06	1.4327215e-06	-1.4905915e-06	-3.3648055e-08	6.5269214e-05	7.0459229e-06	-0.00019574456	-0.00019573235	-6.2414563e-05
-0.046	0.954	0	0	0	0.954	0	0	0	1.0421447	0.94847259	-9.9133779e-05	-4.7951078e-05	-5.1839542e-06	-4.7747135e-05	-9.7917124e-05	6.0439601e-06	1.5838156e-06	-1.5657277e-06	-3.4624614e-08	6.5695176e-05	7.4386633e-06	-0.00019702075	-0.00019700372	-8.6442833e-05
-0.048	0.952	0	0	0	0.952	0	0	0	1.0438827	0.94607502	-9.9815908e-05	-4.8003741e-05	-5.1976611e-06	-4.7794654e-05	-9.850323e-05	6.1553048e-06	1.7381335e-06	-1.6419734e-06	-3.5624424e-08	6.6118254e-05	7.8339377e-06	-0.00019828825	-0.00019826664	-0.00010901106
-0.05	0.95	0	0	0	0.95	0	0	0	1.0456131	0.94366578	-0.00010049455	-4.8056263e-05	-5.2055561e-06	-4.7842179e-05	-9.9084594e-05	6.2615892e-06	1.8955057e-06	-1.7193279e-06	-3.6649008e-08	6.6538599e-05	8.2317298e-06	-0.00019954751	-0.00019952153	-0.0001302198
-0.052	0.948	0	0	0	0.948	0	0	0	1.0473359	0.94124501	-0.00010116985	-4.810868e-05	-5.2080479e-06	-4.7889737e-05	-9.9661458e-05	6.3631139e-06	2.0557767e-06	-1.7977885e-06	-3.769959e-08	6.6956337e-05	8.6320238e-06	-0.00020079891	-0.00020076876	-0.00015015961
-0.054	0.946	0	0	0	0.946	0	0	0	1.0490514	0.93881287	-0.00010184193	-4.816102e-05	-5.2055083e-06	-4.793735e-05	-0.00010023403	6.460151e-06	2.2188035e-06	-1.877351e-06	-3.8777153e-08	6.7371581e-05	9.0348049e-06	-0.00020204278	-0.00020200866	-0.00016891231
-0.056	0.944	0	0	0	0.944	0	0	0	1.0507594	0.93636952	-0.00010251089	-4.8213305e-05	-5.1982763e-06	-4.7985032e-05	-0.00010080251	6.5529486e-06	2.3844535e-06	-1.9580102e-06	-3.9882481e-08	6.7784427e-05	9.4400585e-06	-0.00020327941	-0.0002032415	-0.00018655205
-0.058	0.942	0	0	0	0.942	0	0	0	1.05246	0.93391511	-0.00010317682	-4.8265552e-05	-5.1866625e-06	-4.8032795e-05	-0.00010136706	6.6417337e-06	2.5526034e-06	-2.0397598e-06	-4.1016191e-08	6.8194964e-05	9.8477708e-06	-0.00020450907	-0.00020446754	-0.00020314624
-0.06	0.94	0	0	0	0.94	0	0	0	1.0541532	0.93144979	-0.00010383981	-4.8317772e-05	-5.1709527e-06	-4.8080644e-05	-0.00010192782	6.7267149e-06	2.723138e-06	-2.1225929e-06	-4.2178761e-08	6.8603267e-05	1.0257929e-05	-0.00020573199	-0.000205687	-0.00021875637
-0.062	0.938	0	0	0	0.938	0	0	0	1.0558391	0.92897373	-0.00010449993	-4.8369978e-05	-5.1514103e-06	-4.8128587e-05	-0.00010248493	6.8080843e-06	2.8959492e-06	-2.2065016e-06	-4.3370557e-08	6.9009409e-05	1.0670519e-05	-0.00020694838	-0.00020690008	-0.00023343869
-0.064	0.936	0	0	0	0.936	0	0	0	1.0575177	0.92648707	-0.00010515725	-4.8422176e-05	-5.1282794e-06	-4.8176626e-05	-0.00010303852	6.8860199e-06	3.0709352e-06	-2.2914777e-06	-4.4591844e-08	6.9413452e-05	1.1085529e-05	-0.00020815842	-0.00020810696	-0.00024724482
-0.066	0.934	0	0	0	0.934	0	0	0	1.0591891	0.92398996	-0.00010581183	-4.8474373e-05	-5.1017865e-06	-4.8224764e-05	-0.00010358869	6.9606868e-06	3.2479998e-06	-2.3775124e-06	-4.5842808e-08	6.9815455e-05	1.1502947e-05	-0.00020936229	-0.00020930783	-0.00026022221
-0.068	0.932	0	0	0	0.932	0	0	0	1.0608532	0.92148255	-0.00010646374	-4.8526575e-05	-5.0721422e-06	-4.8273002e-05	-0.00010413555	7.0322386e-06	3.4270518e-06	-2.4645967e-06	-4.7123564e-08	7.0215472e-05	1.192276e-05	-0.00021056017	-0.00021050282	-0.00027241462
-0.07	0.93	0	0	0	0.93	0	0	0	1.0625101	0.918965	-0.00010711304	-4.8578785e-05	-5.0395435e-06	-4.8321339e-05	-0.00010467919	7.1008189e-06	3.6080044e-06	-2.5527211e-06	-4.8434171e-08	7.0613553e-05	1.2344958e-05	-0.00021175219	-0.00021169209	-0.0002838625
-0.072	0.928	0	0	0	0.928	0	0	0	1.0641599	0.91643745	-0.00010775976	-4.8631008e-05	-5.0041743e-06	-4.8369778e-05	-0.0001052197	7.1665619e-06	3.7907747e-06	-2.641876e-06	-4.9774638e-08	7.1009745e-05	1.2769529e-05	-0.00021293849	-0.00021287578	-0.0002946033
-0.074	0.926	0	0	0	0.926	0	0	0	1.0658025	0.91390005	-0.00010840397	-4.8683245e-05	-4.9662073e-06	-4.8418316e-05	-0.00010575716	7.2295937e-06	3.9752836e-06	-2.7320514e-06	-5.1144932e-08	7.1404091e-05	1.3196461e-05	-0.00021411921	-0.000214054	-0.00030467175
-0.076	0.924	0	0	0	0.924	0	0	0	1.067438	0.91135295	-0.00010904572	-4.8735499e-05	-4.9258045e-06	-4.8466953e-05	-0.00010629164	7.2900328e-06	4.1614552e-06	-2.8232374e-06	-5.2544985e-08	7.1796634e-05	1.3625745e-05	-0.00021529448	-0.00021522688	-0.00031410014
-0.078	0.922	0	0	0	0.922	0	0	0	1.0690665	0.90879629	-0.00010968504	-4.8787771e-05	-4.8831185e-06	-4.8515688e-05	-0.00010682322	7.3479908e-06	4.3492163e-06	-2.9154238e-06	-5.3974701e-08	7.218741e-05	1.4057369e-05	-0.0002164644	-0.00021639453	-0.00032291853
-0.08	0.92	0	0	0	0.92	0	0	0	1.0706879	0.90623021	-0.00011032198	-4.8840065e-05	-4.8382933e-06	-4.8564521e-05	-0.00010735196	7.4035731e-06	4.5384968e-06	-3.0086005e-06	-5.5433958e-08	7.2576459e-05	1.4491323e-05	-0.0002176291	-0.00021755705	-0.00033115493
-0.082	0.918	0	0	0	0.918	0	0	0	1.0723023	0.90365487	-0.0001109566	-4.889238e-05	-4.7914648e-06	-4.861345e-05	-0.00010787792	7.4568796e-06	4.7292287e-06	-3.1027571e-06	-5.6922613e-08	7.2963814e-05	1.4927597e-05	-0.00021878867	-0.00021871456	-0.00033883547
-0.084	0.916	0	0	0	0.916	0	0	0	1.0739097	0.90107039	-0.00011158892	-4.8944718e-05	-4.7427616e-06	-4.8662474e-05	-0.00010840117	7.5080047e-06	4.9213464e-06	-3.1978834e-06	-5.8440507e-08	7.3349509e-05	1.5366181e-05	-0.00021994322	-0.00021986715	-0.00034598458
-0.086	0.914	0	0	0	0.914	0	0	0	1.0755102	0.89847693	-0.00011221899	-4.8997081e-05	-4.6923055e-06	-4.8711591e-05	-0.00010892175	7.5570383e-06	5.1147864e-06	-3.2939692e-06	-5.9987467e-08	7.3733577e-05	1.5807065e-05	-0.00022109284	-0.00022101491	-0.00035262511
-0.088	0.912	0	0	0	0.912	0	0	0	1.0771038	0.89587463	-0.00011284686	-4.9049468e-05	-4.6402122e-06	-4.8760802e-05	-0.00010943972	7.6040656e-06	5.3094868e-06	-3.3910041e-06	-6.1563307e-08	7.4116047e-05	1.6250241e-05	-0.00022223763	-0.00022215793	-0.00035877844
-0.09	0.91	0	0	0	0.91	0	0	0	1.0786905	0.89326362	-0.00011347256	-4.9101882e-05	-4.5865915e-06	-4.8810104e-05	-0.00010995513	7.6491679e-06	5.5053877e-06	-3.488978e-06	-6.3167834e-08	7.4496951e-05	1.6695697e-05	-0.00022337768	-0.00022329629	-0.0003644646
-0.092	0.908	0	0	0	0.908	0	0	0	1.0802704	0.89064405	-0.00011409613	-4.9154322e-05	-4.5315479e-06	-4.8859496e-05	-0.00011046802	7.6924229e-06	5.7024307e-06	-3.5878808e-06	-6.4800846e-08	7.4876315e-05	1.7143426e-05	-0.00022451307	-0.00022443009	-0.00036970236
-0.094	0.906	0	0	0	0.906	0	0	0	1.0818434	0.88801604	-0.00011471761	-4.920679e-05	-4.4751809e-06	-4.8908978e-05	-0.00011097844	7.7339044e-06	5.900559e-06	-3.6877023e-06	-6.6462137e-08	7.5254169e-05	1.7593417e-05	-0.00022564388	-0.00022555941	-0.00037450933
-0.096	0.904	0	0	0	0.904	0	0	0	1.0834097	0.88537975	-0.00011533704	-4.9259286e-05	-4.4175852e-06	-4.8958548e-05	-0.00011148642	7.7736834e-06	6.0997168e-06	-3.7884326e-06	-6.8151497e-08	7.5630538e-05	1.8045663e-05	-0.00022677021	-0.00022668432	-0.00037890203
-0.098	0.902	0	0	0	0.902	0	0	0	1.0849692	0.8827353	-0.00011595446	-4.931181e-05	-4.3588515e-06	-4.9008206e-05	-0.00011199202	7.8118275e-06	6.2998499e-06	-3.8900618e-06	-6.9868713e-08	7.6005449e-05	1.8500155e-05	-0.00022789212	-0.00022780489	-0.00038289593
-0.1	0.9	0	0	0	0.9	0	0	0	1.086522	0.88008283	-0.0001165699	-4.9364365e-05	-4.299066e-06	-4.905795e-05	-0.00011249526	7.8484018e-06	6.5009052e-06	-3.9925803e-06	-7.161357e-08	7.6378927e-05	1.8956883e-05	-0.00022900969	-0.00022892121	-0.00038650558
-0.102	0.898	0	0	0	0.898	0	0	0	1.0880681	0.87742247	-0.00011718341	-4.941695e-05	-4.2383114e-06	-4.910778e-05	-0.00011299619	7.8834687e-06	6.7028307e-06	-4.0959783e-06	-7.3385856e-08	7.6750996e-05	1.941584e-05	-0.00023012299	-0.00023003334	-0.00038974461
-0.104	0.896	0	0	0	0.896	0	0	0	1.0896075	0.87475436	-0.00011779502	-4.9469566e-05	-4.1766666e-06	-4.9157695e-05	-0.00011349484	7.917088e-06	6.9055752e-06	-4.2002466e-06	-7.5185357e-08	7.712168e-05	1.9877016e-05	-0.00023123211	-0.00023114136	-0.00039262581
-0.106	0.894	0	0	0	0.894	0	0	0	1.0911403	0.87207863	-0.00011840477	-4.9522214e-05	-4.1142073e-06	-4.9207695e-05	-0.00011399123	7.9493174e-06	7.1090887e-06	-4.3053757e-06	-7.701186e-08	7.7491004e-05	2.0340405e-05	-0.0002323371	-0.00023224533	-0.00039516116
-0.108	0.892	0	0	0	0.892	0	0	0	1.0926665	0.8693954	-0.0001190127	-4.9574894e-05	-4.051006e-06	-4.9257778e-05	-0.0001144854	7.9802123e-06	7.313322e-06	-4.4113567e-06	-7.8865157e-08	7.7858988e-05	2.0805998e-05	-0.00023343805	-0.00023334533	-0.00039736188
-0.11	0.89	0	0	0	0.89	0	0	0	1.0941861	0.86670482	-0.00011961884	-4.9627608e-05	-3.9871319e-06	-4.9307944e-05	-0.00011497738	8.0098262e-06	7.5182266e-06	-4.5181806e-06	-8.0745042e-08	7.8225657e-05	2.1273786e-05	-0.00023453501	-0.00023444141	-0.00039923849
-0.112	0.888	0	0	0	0.888	0	0	0	1.0956992	0.864007	-0.00012022324	-4.9680356e-05	-3.9226518e-06	-4.9358192e-05	-0.0001154672	8.0382106e-06	7.7237549e-06	-4.6258386e-06	-8.2651313e-08	7.8591031e-05	2.1743763e-05	-0.00023562805	-0.00023553365	-0.00040080079
-0.114	0.886	0	0	0	0.886	0	0	0	1.0972057	0.86130209	-0.00012082593	-4.9733139e-05	-3.8576293e-06	-4.9408523e-05	-0.00011595488	8.0654153e-06	7.92986e-06	-4.7343224e-06	-8.458377e-08	7.8955133e-05	2.2215921e-05	-0.00023671724	-0.0002366221	-0.00040205796
-0.116	0.884	0	0	0	0.884	0	0	0	1.0987057	0.8585902	-0.00012142695	-4.9785957e-05	-3.7921259e-06	-4.9458935e-05	-0.00011644045	8.0914884e-06	8.1364955e-06	-4.8436237e-06	-8.6542221e-08	7.9317982e-05	2.2690252e-05	-0.00023780264	-0.00023770684	-0.00040301853
-0.118	0.882	0	0	0	0.882	0	0	0	1.1001993	0.85587146	-0.00012202634	-4.9838812e-05	-3.7262003e-06	-4.9509429e-05	-0.00011692394	8.1164764e-06	8.3436157e-06	-4.9537344e-06	-8.8526478e-08	7.9679601e-05	2.3166748e-05	-0.00023888431	-0.00023878791	-0.00040369043
-0.12	0.88	0	0	0	0.88	0	0	0	1.1016865	0.853146	-0.00012262414	-4.9891705e-05	-3.6599091e-06	-4.9560004e-05	-0.00011740535	8.1404242e-06	8.5511756e-06	-5.0646468e-06	-9.0536357e-08	8.0040009e-05	2.3645403e-05	-0.00023996232	-0.00023986539	-0.00040408103
-0.122	0.878	0	0	0	0.878	0	0	0	1.1031672	0.85041394	-0.00012322039	-4.9944637e-05	-3.5933066e-06	-4.961066e-05	-0.00011788472	8.1633755e-06	8.7591304e-06	-5.1763534e-06	-9.2571683e-08	8.0399227e-05	2.412621e-05	-0.00024103672	-0.00024093933	-0.00040419712
-0.124	0.876	0	0	0	0.876	0	0	0	1.1046415	0.84767541	-0.00012381513	-4.9997607e-05	-3.5264449e-06	-4.9661397e-05	-0.00011836206	8.1853724e-06	8.9674362e-06	-5.2888469e-06	-9.4632285e-08	8.0757274e-05	2.4609161e-05	-0.00024210758	-0.0002420098	-0.00040404496
-0.126	0.874	0	0	0	0.874	0	0	0	1.1061095	0.84493053	-0.00012440839	-5.0050618e-05	-3.4593742e-06	-4.9712215e-05	-0.0001188374	8.206456e-06	9.1760491e-06	-5.4021206e-06	-9.6717999e-08	8.1114169e-05	2.5094249e-05	-0.00024317495	-0.00024307684	-0.00040363029
-0.128	0.872	0	0	0	0.872	0	0	0	1.1075712	0.84217942	-0.00012500023	-5.0103671e-05	-3.3921427e-06	-4.9763113e-05	-0.00011931074	8.226666e-06	9.384926e-06	-5.5161677e-06	-9.8828669e-08	8.1469933e-05	2.5581468e-05	-0.0002442389	-0.00024414052	-0.00040295833
-0.13	0.87	0	0	0	0.87	0	0	0	1.1090266	0.8394222	-0.00012559068	-5.0156767e-05	-3.3247967e-06	-4.9814093e-05	-0.00011978211	8.2460411e-06	9.5940239e-06	-5.6309819e-06	-1.0096415e-07	8.1824584e-05	2.6070811e-05	-0.00024529948	-0.0002452009	-0.0004020338
-0.132	0.868	0	0	0	0.868	0	0	0	1.1104756	0.836659	-0.00012617978	-5.0209906e-05	-3.2573808e-06	-4.9865153e-05	-0.00012025152	8.2646188e-06	9.8033001e-06	-5.7465575e-06	-1.0312429e-07	8.2178141e-05	2.6562272e-05	-0.00024635674	-0.00024625803	-0.00040086094
-0.134	0.866	0	0	0	0.866	0	0	0	1.1119185	0.83388994	-0.00012676758	-5.026309e-05	-3.1899379e-06	-4.9916294e-05	-0.00012071898	8.2824356e-06	1.0012712e-05	-5.8628887e-06	-1.0530896e-07	8.2530623e-05	2.7055843e-05	-0.00024741075	-0.00024731196	-0.00039944351
-0.136	0.864	0	0	0	0.864	0	0	0	1.1133551	0.83111513	-0.00012735412	-5.0316321e-05	-3.1225091e-06	-4.9967517e-05	-0.00012118451	8.2995271e-06	1.0222219e-05	-5.9799704e-06	-1.0751804e-07	8.2882048e-05	2.7551519e-05	-0.00024846156	-0.00024836277	-0.00039778478
-0.138	0.862	0	0	0	0.862	0	0	0	1.1147855	0.82833469	-0.00012793945	-5.0369599e-05	-3.055134e-06	-5.0018821e-05	-0.00012164811	8.3159279e-06	1.0431777e-05	-6.0977977e-06	-1.0975141e-07	8.3232435e-05	2.8049294e-05	-0.00024950923	-0.00024941049	-0.00039588757
-0.14	0.86	0	0	0	0.86	0	0	0	1.1162098	0.82554874	-0.00012852361	-5.0422925e-05	-2.9878507e-06	-5.0070207e-05	-0.00012210979	8.3316719e-06	1.0641346e-05	-6.2163663e-06	-1.1200896e-07	8.3581803e-05	2.8549161e-05	-0.00025055381	-0.00025045519	-0.00039375422
-0.142	0.858	0	0	0	0.858	0	0	0	1.1176279	0.82275739	-0.00012910664	-5.0476303e-05	-2.9206956e-06	-5.0121675e-05	-0.00012256957	8.3467919e-06	1.0850885e-05	-6.3356722e-06	-1.1429058e-07	8.3930169e-05	2.9051115e-05	-0.00025159535	-0.00025149692	-0.00039138661
-0.144	0.856	0	0	0	0.856	0	0	0	1.1190398	0.81996077	-0.0001296886	-5.0529732e-05	-2.853704e-06	-5.0173226e-05	-0.00012302746	8.3613201e-06	1.106035e-05	-6.4557118e-06	-1.165962e-07	8.4277552e-05	2.9555149e-05	-0.00025263392	-0.00025253574	-0.00038878615
-0.146	0.854	0	0	0	0.854	0	0	0	1.1204457	0.81715898	-0.00013026954	-5.0583214e-05	-2.7869095e-06	-5.022486e-05	-0.00012348344	8.3752879e-06	1.1269702e-05	-6.5764822e-06	-1.1892572e-07	8.462397e-05	3.0061258e-05	-0.00025366957	-0.0002535717	-0.0003859538
-0.148	0.852	0	0	0	0.852	0	0	0	1.1218455	0.81435215	-0.0001308495	-5.0636751e-05	-2.7203445e-06	-5.0276579e-05	-0.00012393754	8.3887261e-06	1.1478899e-05	-6.6979808e-06	-1.2127908e-07	8.4969441e-05	3.0569436e-05	-0.00025470234	-0.00025460486	-0.00038289004
-0.15	0.85	0	0	0	0.85	0	0	0	1.1232393	0.81154038	-0.00013142854	-5.0690345e-05	-2.6540402e-06	-5.0328381e-05	-0.00012438975	8.4016646e-06	1.16879e-05	-6.8202056e-06	-1.2365621e-07	8.5313984e-05	3.1079677e-05	-0.00025573231	-0.00025563527	-0.00037959487
-0.152	0.848	0	0	0	0.848	0	0	0	1.124627	0.80872379	-0.00013200671	-5.0743997e-05	-2.5880262e-06	-5.038027e-05	-0.00012484008	8.4141328e-06	1.1896662e-05	-6.943155e-06	-1.2605705e-07	8.5657616e-05	3.1591977e-05	-0.00025675951	-0.00025666299	-0.00037606782
-0.154	0.846	0	0	0	0.846	0	0	0	1.1260088	0.80590249	-0.00013258406	-5.0797709e-05	-2.5223311e-06	-5.0432244e-05	-0.00012528852	8.4261597e-06	1.2105146e-05	-7.0668283e-06	-1.2848158e-07	8.6000356e-05	3.2106329e-05	-0.00025778401	-0.00025768807	-0.00037230793
-0.156	0.844	0	0	0	0.844	0	0	0	1.1273845	0.80307659	-0.00013316065	-5.0851484e-05	-2.4569823e-06	-5.0484305e-05	-0.00012573508	8.4377733e-06	1.2313308e-05	-7.1912251e-06	-1.3092975e-07	8.6342222e-05	3.2622729e-05	-0.00025880587	-0.00025871058	-0.00036831376
-0.158	0.842	0	0	0	0.842	0	0	0	1.1287544	0.8002462	-0.00013373654	-5.0905323e-05	-2.392006e-06	-5.0536455e-05	-0.00012617975	8.4490014e-06	1.2521108e-05	-7.3163457e-06	-1.3340154e-07	8.6683232e-05	3.3141172e-05	-0.00025982512	-0.00025973056	-0.00036408334
-0.16	0.84	0	0	0	0.84	0	0	0	1.1301182	0.79741144	-0.00013431179	-5.0959228e-05	-2.3274272e-06	-5.0588693e-05	-0.00012662253	8.4598713e-06	1.2728502e-05	-7.4421912e-06	-1.3589694e-07	8.7023406e-05	3.3661652e-05	-0.00026084185	-0.00026074808	-0.0003596142
-0.162	0.838	0	0	0	0.838	0	0	0	1.1314762	0.7945724	-0.00013488646	-5.1013202e-05	-2.2632697e-06	-5.0641022e-05	-0.00012706341	8.4704096e-06	1.293545e-05	-7.5687632e-06	-1.3841594e-07	8.7362761e-05	3.4184164e-05	-0.00026185609	-0.00026176319	-0.00035490333
-0.164	0.836	0	0	0	0.836	0	0	0	1.1328284	0.7917292	-0.00013546061	-5.1067246e-05	-2.1995565e-06	-5.0693442e-05	-0.00012750239	8.4806426e-06	1.3141907e-05	-7.6960642e-06	-1.4095857e-07	8.7701317e-05	3.4708704e-05	-0.0002628679	-0.00026277595	-0.00034994719
-0.166	0.834	0	0	0	0.834	0	0	0	1.1341746	0.78888195	-0.0001360343	-5.1121365e-05	-2.1363093e-06	-5.0745955e-05	-0.00012793945	8.4905961e-06	1.3347831e-05	-7.8240974e-06	-1.4352483e-07	8.8039093e-05	3.5235268e-05	-0.00026387735	-0.00026378642	-0.00034474167
-0.168	0.832	0	0	0	0.832	0	0	0	1.135515	0.78603076	-0.00013660762	-5.1175559e-05	-2.0735489e-06	-5.0798563e-05	-0.00012837459	8.5002958e-06	1.3553178e-05	-7.9528668e-06	-1.4611476e-07	8.8376109e-05	3.576385e-05	-0.0002648845	-0.00026479466	-0.00033928209
-0.17	0.83	0	0	0	0.83	0	0	0	1.1368496	0.78317572	-0.00013718063	-5.1229832e-05	-2.0112948e-06	-5.0851267e-05	-0.00012880779	8.5097666e-06	1.3757903e-05	-8.0823773e-06	-1.4872841e-07	8.8712383e-05	3.6294446e-05	-0.00026588939	-0.00026580073	-0.00033356316
-0.172	0.828	0	0	0	0.828	0	0	0	1.1381785	0.78031695	-0.0001377534	-5.1284187e-05	-1.9495659e-06	-5.0904068e-05	-0.00012923905	8.5190334e-06	1.3961963e-05	-8.2126346e-06	-1.5136582e-07	8.9047937e-05	3.6827053e-05	-0.00026689209	-0.00026680469	-0.00032757899
-0.174	0.826	0	0	0	0.826	0	0	0	1.1395015	0.77745456	-0.00013832601	-5.1338628e-05	-1.8883798e-06	-5.0956969e-05	-0.00012966834	8.5281206e-06	1.416531e-05	-8.3436456e-06	-1.5402706e-07	8.938279e-05	3.7361665e-05	-0.00026789267	-0.00026780662	-0.00032132305
-0.176	0.824	0	0	0	0.824	0	0	0	1.1408189	0.77458864	-0.00013889854	-5.1393156e-05	-1.8277534e-06	-5.1009972e-05	-0.00013009564	8.5370525e-06	1.43679e-05	-8.4754179e-06	-1.5671221e-07	8.9716963e-05	3.7898279e-05	-0.00026889118	-0.00026880656	-0.00031478816
-0.178	0.822	0	0	0	0.822	0	0	0	1.1421305	0.77171929	-0.00013947107	-5.1447777e-05	-1.7677024e-06	-5.1063079e-05	-0.00013052094	8.5458528e-06	1.4569685e-05	-8.6079604e-06	-1.5942135e-07	9.0050478e-05	3.8436891e-05	-0.00026988769	-0.0002698046	-0.00030796647
-0.18	0.82	0	0	0	0.82	0	0	0	1.1434364	0.76884663	-0.0001400437	-5.1502493e-05	-1.7082418e-06	-5.1116292e-05	-0.00013094422	8.5545454e-06	1.4770616e-05	-8.7412828e-06	-1.6215457e-07	9.0383357e-05	3.8977498e-05	-0.00027088227	-0.0002708008	-0.00030084942
-0.182	0.818	0	0	0	0.818	0	0	0	1.1447366	0.76597076	-0.00014061651	-5.1557309e-05	-1.6493857e-06	-5.1169615e-05	-0.00013136545	8.5631537e-06	1.4970645e-05	-8.8753963e-06	-1.6491199e-07	9.0715623e-05	3.9520095e-05	-0.00027187498	-0.00027179522	-0.00029342773
-0.184	0.816	0	0	0	0.816	0	0	0	1.1460312	0.76309177	-0.00014118959	-5.1612228e-05	-1.5911471e-06	-5.1223048e-05	-0.00013178461	8.5717008e-06	1.516972e-05	-9.0103131e-06	-1.6769371e-07	9.1047297e-05	4.0064679e-05	-0.00027286589	-0.00027278795	-0.00028569141
-0.186	0.814	0	0	0	0.814	0	0	0	1.1473202	0.76020977	-0.00014176306	-5.1667256e-05	-1.5335384e-06	-5.1276597e-05	-0.00013220166	8.58021e-06	1.5367791e-05	-9.1460468e-06	-1.7049987e-07	9.1378405e-05	4.0611246e-05	-0.00027385507	-0.00027377906	-0.00027762968
-0.188	0.812	0	0	0	0.812	0	0	0	1.1486035	0.75732485	-0.000142337	-5.1722398e-05	-1.4765711e-06	-5.1330264e-05	-0.00013261658	8.5887041e-06	1.5564804e-05	-9.2826124e-06	-1.733306e-07	9.1708971e-05	4.1159795e-05	-0.0002748426	-0.00027476863	-0.00026923101
-0.19	0.81	0	0	0	0.81	0	0	0	1.1498813	0.75443713	-0.00014291154	-5.1777658e-05	-1.4202558e-06	-5.1384053e-05	-0.00013302934	8.5972059e-06	1.5760705e-05	-9.4200262e-06	-1.7618603e-07	9.2039021e-05	4.1710321e-05	-0.00027582856	-0.00027575673	-0.00026048308
-0.192	0.808	0	0	0	0.808	0	0	0	1.1511535	0.75154669	-0.00014348678	-5.1833042e-05	-1.3646023e-06	-5.1437967e-05	-0.00013343989	8.605738e-06	1.5955438e-05	-9.5583061e-06	-1.7906632e-07	9.236858e-05	4.2262822e-05	-0.00027681302	-0.00027674345	-0.00025137277
-0.194	0.806	0	0	0	0.806	0	0	0	1.1524202	0.74865364	-0.00014406285	-5.1888556e-05	-1.3096199e-06	-5.1492011e-05	-0.00013384821	8.6143229e-06	1.6148944e-05	-9.6974715e-06	-1.8197161e-07	9.2697677e-05	4.2817295e-05	-0.00027779606	-0.00027772888	-0.00024188618
-0.196	0.804	0	0	0	0.804	0	0	0	1.1536813	0.74575808	-0.00014463986	-5.1944207e-05	-1.2553169e-06	-5.1546189e-05	-0.00013425426	8.6229831e-06	1.6341164e-05	-9.8375436e-06	-1.8490206e-07	9.3026341e-05	4.3373737e-05	-0.00027877778	-0.00027871312	-0.00023200859
-0.198	0.802	0	0	0	0.802	0	0	0	1.154937	0.74286009	-0.00014521797	-5.2e-05	-1.201701e-06	-5.1600507e-05	-0.00013465798	8.6317407e-06	1.6532036e-05	-9.9785451e-06	-1.8785783e-07	9.33546e-05	4.3932147e-05	-0.00027975826	-0.00027969624	-0.00022172453
-0.2	0.8	0	0	0	0.8	0	0	0	1.1561872	0.73995979	-0.00014579729	-5.2055945e-05	-1.1487793e-06	-5.1654969e-05	-0.00013505934	8.6406181e-06	1.6721495e-05	-1.0120501e-05	-1.9083906e-07	9.3682488e-05	4.4492522e-05	-0.00028073759	-0.00028067836	-0.00021101776
-0.202	0.798	0	0	0	0.798	0	0	0	1.1574319	0.73705726	-0.00014637797	-5.2112048e-05	-1.0965583e-06	-5.1709581e-05	-0.00013545829	8.6496371e-06	1.6909476e-05	-1.0263437e-05	-1.9384592e-07	9.4010035e-05	4.5054861e-05	-0.00028171588	-0.00028165959	-0.00019987133
-0.204	0.796	0	0	0	0.796	0	0	0	1.1586712	0.7341526	-0.00014696018	-5.2168318e-05	-1.0450439e-06	-5.1764351e-05	-0.00013585477	8.6588198e-06	1.7095908e-05	-1.0407383e-05	-1.9687853e-07	9.4337278e-05	4.5619161e-05	-0.00028269323	-0.00028264001	-0.00018826765
-0.206	0.794	0	0	0	0.794	0	0	0	1.1599051	0.73124591	-0.00014754407	-5.2224764e-05	-9.9424153e-07	-5.1819284e-05	-0.00013624875	8.668188e-06	1.728072e-05	-1.0552368e-05	-1.9993704e-07	9.4664251e-05	4.6185421e-05	-0.00028366974	-0.00028361976	-0.00017618854
-0.208	0.792	0	0	0	0.792	0	0	0	1.1611336	0.72833728	-0.0001481298	-5.2281396e-05	-9.4415623e-07	-5.1874388e-05	-0.00013664016	8.6777632e-06	1.7463837e-05	-1.0698426e-05	-2.0302155e-07	9.4990992e-05	4.675364e-05	-0.00028464552	-0.00028459896	-0.00016361534
-0.21	0.79	0	0	0	0.79	0	0	0	1.1623567	0.72542681	-0.00014871755	-5.2338224e-05	-8.9479268e-07	-5.1929671e-05	-0.00013702894	8.6875669e-06	1.7645182e-05	-1.0845591e-05	-2.0613216e-07	9.5317543e-05	4.7323817e-05	-0.00028562071	-0.00028557772	-0.00015052908
-0.212	0.788	0	0	0	0.788	0	0	0	1.1635745	0.72251459	-0.00014930751	-5.2395261e-05	-8.4615533e-07	-5.1985142e-05	-0.00013741505	8.6976201e-06	1.7824672e-05	-1.09939e-05	-2.0926894e-07	9.5643943e-05	4.7895951e-05	-0.00028659542	-0.00028655618	-0.00013691059
-0.214	0.786	0	0	0	0.786	0	0	0	1.1647869	0.71960071	-0.00014989988	-5.2452517e-05	-7.982485e-07	-5.2040811e-05	-0.00013779841	8.7079438e-06	1.8002224e-05	-1.1143394e-05	-2.1243191e-07	9.5970239e-05	4.8470041e-05	-0.00028756978	-0.00028753449	-0.00012274077
-0.216	0.784	0	0	0	0.784	0	0	0	1.1659941	0.71668526	-0.00015049484	-5.2510006e-05	-7.5107649e-07	-5.2096687e-05	-0.00013817897	8.7185584e-06	1.8177748e-05	-1.1294113e-05	-2.1562107e-07	9.6296475e-05	4.9046089e-05	-0.00028854395	-0.00028851279	-0.00010800082
-0.218	0.782	0	0	0	0.782	0	0	0	1.167196	0.71376834	-0.00015109261	-5.2567742e-05	-7.0464375e-07	-5.2152782e-05	-0.00013855666	8.7294839e-06	1.8351153e-05	-1.1446102e-05	-2.1883634e-07	9.6622703e-05	4.9624092e-05	-0.00028951805	-0.00028949123	-9.267255e-05
-0.22	0.78	0	0	0	0.78	0	0	0	1.1683926	0.71085004	-0.00015169342	-5.262574e-05	-6.5895505e-07	-5.2209107e-05	-0.00013893142	8.7407396e-06	1.8522342e-05	-1.1599407e-05	-2.220776e-07	9.6948973e-05	5.0204053e-05	-0.00029049226	-0.00029046997	-7.6738766e-05
-0.222	0.778	0	0	0	0.778	0	0	0	1.1695839	0.70793045	-0.00015229749	-5.2684017e-05	-6.1401562e-07	-5.2265676e-05	-0.00013930319	8.7523442e-06	1.8691215e-05	-1.1754077e-05	-2.2534465e-07	9.727534e-05	5.0785972e-05	-0.00029146674	-0.00029144919	-6.0183706e-05
-0.224	0.776	0	0	0	0.776	0	0	0	1.1707701	0.70500966	-0.00015290505	-5.2742588e-05	-5.6983145e-07	-5.2322502e-05	-0.0001396719	8.7643155e-06	1.8857667e-05	-1.1910163e-05	-2.286372e-07	9.7601863e-05	5.136985e-05	-0.00029244165	-0.00029242907	-4.299356e-05
-0.226	0.774	0	0	0	0.774	0	0	0	1.1719511	0.70208776	-0.00015351636	-5.2801473e-05	-5.2640945e-07	-5.2379601e-05	-0.00014003749	8.7766703e-06	1.9021589e-05	-1.2067718e-05	-2.3195483e-07	9.7928601e-05	5.1955689e-05	-0.00029341718	-0.0002934098	-2.5157054e-05
-0.228	0.772	0	0	0	0.772	0	0	0	1.1731269	0.69916484	-0.00015413165	-5.2860691e-05	-4.8375779e-07	-5.2436989e-05	-0.0001403999	8.789424e-06	1.9182869e-05	-1.2226797e-05	-2.3529705e-07	9.8255618e-05	5.2543489e-05	-0.00029439353	-0.00029439157	-6.6661238e-06
-0.23	0.77	0	0	0	0.77	0	0	0	1.1742975	0.69624099	-0.0001547512	-5.2920262e-05	-4.4188616e-07	-5.2494681e-05	-0.00014075908	8.8025906e-06	1.9341388e-05	-1.2387457e-05	-2.3866319e-07	9.8582981e-05	5.3133255e-05	-0.00029537089	-0.00029537458	1.2483334e-05
-0.232	0.768	0	0	0	0.768	0	0	0	1.175463	0.69331629	-0.00015537526	-5.2980208e-05	-4.0080617e-07	-5.2552697e-05	-0.00014111497	8.8161823e-06	1.9497026e-05	-1.2549756e-05	-2.4205245e-07	9.8910761e-05	5.3724988e-05	-0.00029634948	-0.00029635905	3.2290643e-05
-0.234	0.766	0	0	0	0.766	0	0	0	1.1766234	0.69039083	-0.00015600411	-5.3040552e-05	-3.6053166e-07	-5.2611056e-05	-0.00014146752	8.8302093e-06	1.9649655e-05	-1.2713753e-05	-2.4546382e-07	9.923903e-05	5.4318691e-05	-0.00029732952	-0.00029734521	5.2749462e-05
-0.236	0.764	0	0	0	0.764	0	0	0	1.1777787	0.68746471	-0.00015663801	-5.3101318e-05	-3.2107917e-07	-5.2669778e-05	-0.00014181669	8.8446794e-06	1.9799148e-05	-1.287951e-05	-2.4889611e-07	9.9567864e-05	5.4914369e-05	-0.00029831124	-0.00029833327	7.3846856e-05
-0.238	0.762	0	0	0	0.762	0	0	0	1.1789289	0.68453801	-0.00015727722	-5.3162531e-05	-2.8246831e-07	-5.2728883e-05	-0.00014216245	8.8595976e-06	1.994537e-05	-1.3047085e-05	-2.523479e-07	9.9897342e-05	5.5512024e-05	-0.00029929487	-0.00029932347	9.5562353e-05
-0.24	0.76	0	0	0	0.76	0	0	0	1.1800741	0.6816108	-0.00015792203	-5.3224216e-05	-2.4472229e-07	-5.2788395e-05	-0.00014250479	8.8749657e-06	2.0088188e-05	-1.321654e-05	-2.5581752e-07	0.00010022754	5.6111662e-05	-0.00030028066	-0.00030031605	0.00011786701
-0.242	0.758	0	0	0	0.758	0	0	0	1.1812143	0.67868319	-0.00015857268	-5.3286399e-05	-2.0786832e-07	-5.2848334e-05	-0.00014284368	8.8907822e-06	2.0227462e-05	-1.3387933e-05	-2.5930303e-07	0.00010055855	5.6713288e-05	-0.00030126886	-0.00030131126	0.00014072257
-0.244	0.756	0	0	0	0.756	0	0	0	1.1823494	0.67575524	-0.00015922943	-5.3349108e-05	-1.7193816e-07	-5.2908726e-05	-0.00014317913	8.9070415e-06	2.0363054e-05	-1.3561322e-05	-2.6280221e-07	0.00010089045	5.7316907e-05	-0.00030225972	-0.00030230933	0.00016408067
-0.246	0.754	0	0	0	0.754	0	0	0	1.1834795	0.67282705	-0.00015989251	-5.3412368e-05	-1.3696854e-07	-5.2969592e-05	-0.00014351116	8.9237337e-06	2.0494824e-05	-1.3736761e-05	-2.6631249e-07	0.00010122333	5.7922526e-05	-0.00030325351	-0.0003033105	0.00018788234
-0.248	0.752	0	0	0	0.752	0	0	0	1.1846047	0.6698987	-0.00016056215	-5.3476206e-05	-1.0300162e-07	-5.3030957e-05	-0.0001438398	8.9408442e-06	2.0622633e-05	-1.3914304e-05	-2.6983101e-07	0.00010155726	5.8530149e-05	-0.00030425048	-0.00030431501	0.00021205767
-0.25	0.75	0	0	0	0.75	0	0	0	1.1857249	0.66697026	-0.00016123854	-5.3540649e-05	-7.0085402e-08	-5.3092842e-05	-0.00014416512	8.9583535e-06	2.0746342e-05	-1.4093995e-05	-2.7335455e-07	0.00010189234	5.9139786e-05	-0.00030525089	-0.00030532311	0.00023652582
-0.252	0.748	0	0	0	0.748	0	0	0	1.1868402	0.66404183	-0.00016192186	-5.360572e-05	-3.8274041e-08	-5.3155271e-05	-0.00014448717	8.9762364e-06	2.0865818e-05	-1.4275879e-05	-2.7687953e-07	0.00010222864	5.9751442e-05	-0.00030625498	-0.00030633499	0.00026119543
-0.254	0.746	0	0	0	0.746	0	0	0	1.1879505	0.66111347	-0.00016261225	-5.3671442e-05	-7.6281092e-09	-5.3218263e-05	-0.00014480607	8.9944626e-06	2.0980928e-05	-1.4459991e-05	-2.8040204e-07	0.00010256624	6.0365126e-05	-0.000307263	-0.00030735089	0.00028596552
-0.256	0.744	0	0	0	0.744	0	0	0	1.189056	0.65818528	-0.00016330982	-5.3737838e-05	2.1785286e-08	-5.3281838e-05	-0.00014512192	9.0129957e-06	2.1091549e-05	-1.464636e-05	-2.839178e-07	0.00010290522	6.0980845e-05	-0.00030827516	-0.00030837098	0.00031072682
-0.258	0.742	0	0	0	0.742	0	0	0	1.1901565	0.65525732	-0.00016401464	-5.3804923e-05	4.9892501e-08	-5.3346012e-05	-0.00014543486	9.0317939e-06	2.1197561e-05	-1.4835008e-05	-2.8742222e-07	0.00010324564	6.159861e-05	-0.00030929169	-0.00030939545	0.00033536356
-0.26	0.74	0	0	0	0.74	0	0	0	1.1912521	0.65232967	-0.00016472672	-5.3872714e-05	7.6613506e-08	-5.3410799e-05	-0.00014574505	9.0508094e-06	2.1298855e-05	-1.5025949e-05	-2.909104e-07	0.00010358756	6.2218427e-05	-0.00031031276	-0.00031042443	0.00035975582
-0.262	0.738	0	0	0	0.738	0	0	0	1.1923429	0.64940242	-0.00016544606	-5.3941221e-05	1.0186221e-07	-5.3476209e-05	-0.00014605267	9.0699896e-06	2.1395329e-05	-1.5219187e-05	-2.9437716e-07	0.00010393104	6.2840307e-05	-0.00031133854	-0.00031145807	0.0003837822
-0.264	0.736	0	0	0	0.736	0	0	0	1.1934288	0.64647563	-0.00016617258	-5.4010451e-05	1.2554694e-07	-5.3542249e-05	-0.00014635793	9.0892765e-06	2.1486892e-05	-1.5414718e-05	-2.9781709e-07	0.00010427611	6.3464259e-05	-0.00031236917	-0.00031249645	0.00040732274
-0.266	0.734	0	0	0	0.734	0	0	0	1.1945099	0.64354938	-0.00016690617	-5.4080404e-05	1.4757111e-07	-5.360892e-05	-0.00014666103	9.108608e-06	2.1573465e-05	-1.5612529e-05	-3.0122461e-07	0.00010462281	6.4090293e-05	-0.00031340474	-0.00031353965	0.00043026206
-0.268	0.732	0	0	0	0.732	0	0	0	1.1955861	0.64062374	-0.00016764667	-5.4151077e-05	1.6783398e-07	-5.367622e-05	-0.0001469622	9.1279182e-06	2.1654979e-05	-1.5812598e-05	-3.0459401e-07	0.00010497116	6.4718418e-05	-0.00031444533	-0.00031458768	0.0004524924
-0.27	0.73	0	0	0	0.73	0	0	0	1.1966575	0.63769879	-0.00016839386	-5.4222459e-05	1.8623163e-07	-5.374414e-05	-0.0001472617	9.1471381e-06	2.1731377e-05	-1.6014895e-05	-3.0791951e-07	0.00010532116	6.5348644e-05	-0.00031549098	-0.00031564056	0.00047391647
-0.272	0.728	0	0	0	0.728	0	0	0	1.1977241	0.6347746	-0.00016914749	-5.4294536e-05	2.0265798e-07	-5.3812666e-05	-0.00014755975	9.1661968e-06	2.1802615e-05	-1.6219382e-05	-3.1119533e-07	0.00010567281	6.598098e-05	-0.00031654166	-0.00031669825	0.00049444998
-0.274	0.726	0	0	0	0.726	0	0	0	1.1987858	0.63185123	-0.00016990727	-5.4367287e-05	2.1700585e-07	-5.388178e-05	-0.00014785662	9.1850223e-06	2.1868659e-05	-1.6426014e-05	-3.1441577e-07	0.0001060261	6.6615437e-05	-0.00031759735	-0.00031776069	0.00051402352
-0.276	0.724	0	0	0	0.724	0	0	0	1.1998427	0.62892877	-0.00017067286	-5.4440682e-05	2.2916811e-07	-5.3951457e-05	-0.00014815255	9.2035422e-06	2.1929485e-05	-1.6634741e-05	-3.1757521e-07	0.000106381	6.7252023e-05	-0.00031865797	-0.00031882777	0.000532584
-0.278	0.722	0	0	0	0.722	0	0	0	1.2008949	0.62600728	-0.00017144391	-5.451469e-05	2.3903873e-07	-5.4021667e-05	-0.0001484478	9.2216849e-06	2.1985081e-05	-1.6845509e-05	-3.2066825e-07	0.00010673746	6.7890748e-05	-0.0003197234	-0.00031989938	0.00055009526
-0.28	0.72	0	0	0	0.72	0	0	0	1.2019422	0.62308682	-0.00017222003	-5.4589272e-05	2.4651383e-07	-5.4092374e-05	-0.00014874258	9.2393805e-06	2.2035441e-05	-1.7058259e-05	-3.236897e-07	0.00010709543	6.8531621e-05	-0.00032079349	-0.00032097534	0.0005665381
-0.282	0.718	0	0	0	0.718	0	0	0	1.2029847	0.62016748	-0.0001730008	-5.4664384e-05	2.5149262e-07	-5.4163538e-05	-0.00014903714	9.2565614e-06	2.2080569e-05	-1.7272931e-05	-3.2663463e-07	0.00010745486	6.9174649e-05	-0.00032186807	-0.00032205548	0.00058190966
-0.284	0.716	0	0	0	0.716	0	0	0	1.2040224	0.61724931	-0.00017378582	-5.4739977e-05	2.5387822e-07	-5.4235115e-05	-0.00014933169	9.2731628e-06	2.2120472e-05	-1.7489463e-05	-3.2949842e-07	0.00010781567	6.9819843e-05	-0.00032294693	-0.0003231396	0.00059622224
-0.286	0.714	0	0	0	0.714	0	0	0	1.2050553	0.61433239	-0.00017457464	-5.4816e-05	2.5357833e-07	-5.4307054e-05	-0.00014962641	9.289124e-06	2.2155165e-05	-1.7707795e-05	-3.3227676e-07	0.00010817778	7.0467208e-05	-0.00032402984	-0.00032422746	0.00060950173
-0.288	0.712	0	0	0	0.712	0	0	0	1.2060835	0.61141678	-0.00017536686	-5.4892395e-05	2.505058e-07	-5.4379304e-05	-0.00014992149	9.304388e-06	2.2184664e-05	-1.7927866e-05	-3.3496569e-07	0.0001085411	7.1116752e-05	-0.00032511655	-0.00032531883	0.00062178576
-0.29	0.71	0	0	0	0.71	0	0	0	1.2071068	0.60850256	-0.00017616203	-5.4969105e-05	2.4457898e-07	-5.4451809e-05	-0.00015021709	9.3189025e-06	2.2208987e-05	-1.8149618e-05	-3.3756158e-07	0.00010890556	7.1768483e-05	-0.00032620679	-0.00032641345	0.00063312159
-0.292	0.708	0	0	0	0.708	0	0	0	1.2081254	0.60558978	-0.00017695973	-5.5046066e-05	2.3572202e-07	-5.4524509e-05	-0.00015051334	9.3326194e-06	2.2228156e-05	-1.8372998e-05	-3.4006115e-07	0.00010927104	7.2422406e-05	-0.00032730028	-0.00032751106	0.0006435641
-0.294	0.706	0	0	0	0.706	0	0	0	1.2091392	0.60267852	-0.00017775956	-5.5123215e-05	2.2386498e-07	-5.4597345e-05	-0.00015081036	9.3454957e-06	2.2242189e-05	-1.8597954e-05	-3.4246144e-07	0.00010963746	7.3078527e-05	-0.00032839673	-0.00032861137	0.00065317376
-0.296	0.704	0	0	0	0.704	0	0	0	1.2101483	0.59976885	-0.00017856113	-5.5200486e-05	2.0894383e-07	-5.4670253e-05	-0.00015110825	9.3574929e-06	2.2251107e-05	-1.8824437e-05	-3.4475979e-07	0.00011000471	7.3736852e-05	-0.00032949584	-0.00032971412	0.00066201468
-0.298	0.702	0	0	0	0.702	0	0	0	1.2111526	0.59686082	-0.00017936404	-5.5277814e-05	1.9090038e-07	-5.474317e-05	-0.00015140708	9.368577e-06	2.2254925e-05	-1.9052406e-05	-3.4695388e-07	0.00011037269	7.4397384e-05	-0.00033059732	-0.00033081902	0.00067015303
-0.3	0.7	0	0	0	0.7	0	0	0	1.2121521	0.59395452	-0.00018016794	-5.5355131e-05	1.6968211e-07	-5.481603e-05	-0.00015170693	9.3787187e-06	2.2253659e-05	-1.9281822e-05	-3.4904161e-07	0.0001107413	7.5060128e-05	inf	inf	inf
