lambda	F11	F12	F13	F21	F22	F23	F31	F32	F33	J	P11	P12	P13	P21	P22	P23	P31	P32	P33	p	StrEn	t(1)	t(2)	d
0	1	0	0	0	1	0	0	0	1	1	0	0	0	0	0	0	0	0	0	-0	0	inf	inf	inf
-0.002	1	-0.002	0	0	1	0	0	0	1	1	-5.646123e-08	-1.0394078e-05	-9.0862905e-08	-1.0394634e-05	-3.8412162e-08	7.7341249e-08	-9.486361e-08	7.3950025e-08	3.0253747e-08	2.1539881e-08	1.0396339e-08	-1.0394078e-05	-1.0396578e-05	0.00024043968
-0.004	1	-0.004	0	0	1	0	0	0	1	1	-5.0364799e-08	-2.0788559e-05	-1.8035617e-07	-2.0789684e-05	-3.7201391e-08	1.5377104e-07	-1.8808355e-07	1.4701614e-07	8.1299711e-08	2.0888261e-09	4.1586311e-08	-2.0788559e-05	-2.079299e-05	0.00021307599
-0.006	1	-0.006	0	0	1	0	0	0	1	1	1.823839e-08	-3.1181403e-05	-2.6865298e-07	-3.1182868e-05	3.5414288e-09	2.2927741e-07	-2.7984147e-07	2.1916916e-07	1.5318279e-07	-5.8320869e-08	9.3568298e-08	-3.1181403e-05	-3.1187571e-05	0.00019778072
-0.008	1	-0.008	0	0	1	0	0	0	1	1	1.4954203e-07	-4.1570553e-05	-3.5592535e-07	-4.157189e-05	8.3966957e-08	3.0382788e-07	-3.7031856e-07	2.9035904e-07	2.459629e-07	-1.5982396e-07	1.663366e-07	-4.1570553e-05	-4.1578264e-05	0.0001854568
-0.01	1	-0.01	0	0	1	0	0	0	1	1	3.4398886e-07	-5.1953909e-05	-4.4234782e-07	-5.1954405e-05	2.0447045e-07	3.7736801e-07	-4.5969948e-07	3.6051316e-07	3.5971677e-07	-3.0272536e-07	2.5988135e-07	-5.1953909e-05	-5.1962963e-05	0.00017423891
-0.012	1	-0.012	0	0	1	0	0	0	1	1	6.0228102e-07	-6.2329294e-05	-5.2810139e-07	-6.2327985e-05	3.6570085e-07	4.4981902e-07	-5.4817671e-07	4.2953383e-07	4.9454041e-07	-4.8750743e-07	3.7418845e-07	-6.2329294e-05	-6.2339484e-05	0.00016346742
-0.014	1	-0.014	0	0	1	0	0	0	1	1	9.25397e-07	-7.2694418e-05	-6.1337814e-07	-7.2690081e-05	5.6857649e-07	5.2107453e-07	-6.3595554e-07	4.9729474e-07	6.505524e-07	-7.1484197e-07	5.0923929e-07	-7.2694418e-05	-7.2705529e-05	0.00015282695
-0.016	1	-0.016	0	0	1	0	0	0	1	1	1.3146159e-06	-8.3046845e-05	-6.9838661e-07	-8.3037984e-05	8.1430814e-07	5.9099593e-07	-7.2325992e-07	5.6363612e-07	8.2789827e-07	-9.8560744e-07	6.6501056e-07	-8.3046845e-05	-8.305865e-05	0.00014213041
-0.018	1	-0.018	0	0	1	0	0	0	1	1	1.7715505e-06	-9.3383944e-05	-7.833584e-07	-9.3368778e-05	1.1044308e-06	6.5940615e-07	-8.1033959e-07	6.2835822e-07	1.0267562e-06	-1.3009125e-06	8.4147389e-07	-9.3383944e-05	-9.3396202e-05	0.00013124672
-0.02	1	-0.02	0	0	1	0	0	0	1	1	2.2981904e-06	-0.00010370284	-8.685565e-07	-0.00010367928	1.440846e-06	7.2608136e-07	-8.9747906e-07	6.9121274e-07	1.2473444e-06	-1.6621269e-06	1.0385954e-06	-0.00010370284	-0.0001037153	0.00012007168
-0.022	1	-0.022	0	0	1	0	0	0	1	1	2.8969591e-06	-0.00011400037	-9.5428598e-07	-0.000113966	1.8258778e-06	7.9073966e-07	-9.8500918e-07	7.5189126e-07	1.4899312e-06	-2.0709227e-06	1.2563351e-06	-0.00011400037	-0.00011401274	0.00010851454
-0.024	1	-0.024	0	0	1	0	0	0	1	1	3.570787e-06	-0.00012427297	-1.0409081e-06	-0.00012422501	2.2623453e-06	8.5302587e-07	-1.0733223e-06	8.1000967e-07	1.7548481e-06	-2.5293268e-06	1.4946463e-06	-0.00012427297	-0.00012428497	9.6491392e-05
-0.026	1	-0.026	0	0	1	0	0	0	1	1	4.3232075e-06	-0.00013451664	-1.1288595e-06	-0.0001344519	2.7536586e-06	9.1249061e-07	-1.1628925e-06	8.6508706e-07	2.0425075e-06	-3.0397912e-06	1.7534749e-06	-0.00013451664	-0.00013452793	8.392181e-05
-0.028	1	-0.028	0	0	1	0	0	0	1	1	5.1584816e-06	-0.00014472679	-1.2186781e-06	-0.00014464164	3.3039456e-06	9.6856135e-07	-1.2543039e-06	9.165165e-07	2.3534271e-06	-3.6052848e-06	2.0327581e-06	-0.00014472679	-0.00014473702	7.0727285e-05
-0.03	1	-0.03	0	0	1	0	0	0	1	1	6.0817658e-06	-0.00015489808	-1.3110399e-06	-0.00015478839	3.9182224e-06	1.0205015e-06	-1.3482892e-06	9.6352408e-07	2.6882638e-06	-4.2294173e-06	2.332423e-06	-0.00015489808	-0.00015490688	5.6830729e-05
-0.032	1	-0.032	0	0	1	0	0	0	1	1	7.099338e-06	-0.00016502427	-1.4068118e-06	-0.00016488533	4.6026277e-06	1.0673514e-06	-1.4457862e-06	1.0051103e-06	3.0478619e-06	-4.9166092e-06	2.6523856e-06	-0.00016502427	-0.00016503123	4.2156329e-05
-0.034	1	-0.034	0	0	1	0	0	0	1	1	8.218915e-06	-0.00017509791	-1.5071289e-06	-0.00017492432	5.3647542e-06	1.1078422e-06	-1.5480192e-06	1.0399645e-06	3.4333235e-06	-5.6723309e-06	2.992548e-06	-0.00017509791	-0.00017510258	2.6628417e-05
-0.036	1	-0.036	0	0	1	0	0	0	1	1	9.4501095e-06	-0.00018510993	-1.6135113e-06	-0.00018489547	6.2141328e-06	1.1402661e-06	-1.6566228e-06	1.0663366e-06	3.8461139e-06	-6.503452e-06	3.3527959e-06	-0.00018510993	-0.00018511181	1.0166123e-05
-0.038	1	-0.038	0	0	1	0	0	0	1	1	1.0805122e-05	-0.00019504905	-1.7280429e-06	-0.00019478652	7.1629738e-06	1.1622767e-06	-1.7738306e-06	1.0818416e-06	4.2882244e-06	-7.4187734e-06	3.7329952e-06	-0.00019504905	-0.00019504762	-7.3339136e-06
-0.04	1	-0.04	0	0	1	0	0	0	1	1	1.2299841e-05	-0.0002049008	-1.8536544e-06	-0.00020458174	8.2273598e-06	1.1705768e-06	-1.9027727e-06	1.0831528e-06	4.7624309e-06	-8.4298774e-06	4.1329864e-06	-0.0002049008	-0.00020489546	-2.6043907e-05
-0.042	1	-0.042	0	0	1	0	0	0	1	1	1.3955701e-05	-0.00021464581	-1.9945731e-06	-0.00021426016	9.4292724e-06	1.1604212e-06	-2.0479495e-06	1.0655181e-06	5.2727177e-06	-9.5525638e-06	4.5525771e-06	-0.00021464581	-0.00021463587	-4.6311769e-05
-0.044	1	-0.044	0	0	1	0	0	0	1	1	1.5802969e-05	-0.00022425682	-2.1570331e-06	-0.0002237923	1.0800213e-05	1.1248384e-06	-2.2159783e-06	1.0220034e-06	5.8249788e-06	-1.0809387e-05	4.9915299e-06	-0.00022425682	-0.00022424138	-6.884898e-05
-0.046	1	-0.046	0	0	1	0	0	0	1	1	1.7886735e-05	-0.00023369308	-2.3503128e-06	-0.00023313417	1.2387828e-05	1.0535031e-06	-2.4166841e-06	9.4240655e-07	6.4281483e-06	-1.2234237e-05	5.4495426e-06	-0.00023369308	-0.00023367094	-9.4764773e-05
-0.048	1	-0.048	0	0	1	0	0	0	1	1	2.0277251e-05	-0.00024289043	-2.5878251e-06	-0.00024221669	1.4267441e-05	9.3158501e-07	-2.6642483e-06	8.1217538e-07	7.0957434e-06	-1.3880145e-05	5.9262136e-06	-0.00024289043	-0.00024286039	-0.00012367982
-0.05	1	-0.05	0	0	1	0	0	0	1	1	2.3082976e-05	-0.00025174831	-2.8864755e-06	-0.00025093164	1.6556909e-05	7.4058341e-07	-2.976545e-06	6.1332562e-07	7.846646e-06	-1.5828844e-05	6.4209842e-06	-0.00025174831	-0.00025171219	-0.00014350718
-0.052	1	-0.052	0	0	1	0	0	0	1	1	2.6446094e-05	-0.00026013211	-3.2591615e-06	-0.00025913375	1.9413083e-05	4.6680617e-07	-3.3672849e-06	3.3290005e-07	8.700422e-06	-1.8186533e-05	6.9330624e-06	-0.00026013211	-0.00026010323	-0.00011100673
-0.054	1	-0.054	0	0	1	0	0	0	1	1	3.0473699e-05	-0.00026793584	-3.6981502e-06	-0.00026670705	2.2958363e-05	1.1971722e-07	-3.8285682e-06	-1.9046948e-08	9.6618878e-06	-2.1031317e-05	7.4613971e-06	-0.00026793584	-0.00026794087	1.8787746e-05
-0.056	1	-0.056	0	0	1	0	0	0	1	1	3.5134769e-05	-0.00027518099	-4.1701147e-06	-0.00027367032	2.7167669e-05	-2.6314535e-07	-4.3256019e-06	-4.0503454e-07	1.0709528e-05	-2.4337322e-05	8.0048259e-06	-0.00027518099	-0.00027523667	0.0002022782
-0.058	1	-0.058	0	0	1	0	0	0	1	1	4.0278521e-05	-0.00028200416	-4.6392082e-06	-0.00028016523	3.1884932e-05	-6.421426e-07	-4.8208229e-06	-7.8600207e-07	1.1810369e-05	-2.7991274e-05	8.5623438e-06	-0.00028200416	-0.00028210448	0.00035561969
-0.06	1	-0.06	0	0	1	0	0	0	1	1	4.5745835e-05	-0.00028855352	-5.0855488e-06	-0.00028634704	3.694233e-05	-9.9570689e-07	-5.2933026e-06	-1.1409588e-06	1.2939958e-05	-3.1876041e-05	9.1332438e-06	-0.00028855352	-0.00028868428	0.00045294458
-0.062	1	-0.062	0	0	1	0	0	0	1	1	5.1424083e-05	-0.00029493554	-5.5029933e-06	-0.00029232757	4.2220371e-05	-1.3174891e-06	-5.7364773e-06	-1.4639184e-06	1.4085614e-05	-3.5910023e-05	9.7170809e-06	-0.00029493554	-0.0002950854	0.00050786628
-0.064	1	-0.064	0	0	1	0	0	0	1	1	5.7243734e-05	-0.00030121659	-5.8918707e-06	-0.00029817662	4.7645154e-05	-1.6081846e-06	-6.1505687e-06	-1.755766e-06	1.524192e-05	-4.0043602e-05	1.0313585e-05	-0.00030121659	-0.00030137854	0.00053737286
-0.066	1	-0.066	0	0	1	0	0	0	1	1	6.3162853e-05	-0.00030743703	-6.2546894e-06	-0.00030393661	5.3172113e-05	-1.8707892e-06	-6.5380966e-06	-2.0195894e-06	1.6406957e-05	-4.4247308e-05	1.0922595e-05	-0.00030743703	-0.00030760701	0.00055257331
-0.068	1	-0.068	0	0	1	0	0	0	1	1	6.915562e-05	-0.00031362188	-6.5943713e-06	-0.00030963381	5.8773843e-05	-2.108678e-06	-6.9020295e-06	-2.2588055e-06	1.7580343e-05	-4.8503269e-05	1.1544013e-05	-0.00031362188	-0.00031379753	0.0005597575
-0.07	1	-0.07	0	0	1	0	0	0	1	1	7.5205576e-05	-0.00031978717	-6.9136457e-06	-0.00031528502	6.4432912e-05	-2.3249628e-06	-7.2451482e-06	-2.4765433e-06	1.8762333e-05	-5.2800274e-05	1.2177785e-05	-0.00031978717	-0.00031996712	0.00056239641
-0.072	1	-0.072	0	0	1	0	0	0	1	1	8.1301835e-05	-0.00032594353	-7.2148897e-06	-0.00032090135	7.0137827e-05	-2.5223337e-06	-7.5698754e-06	-2.675497e-06	1.9953422e-05	-5.7131028e-05	1.2823882e-05	-0.00032594353	-0.00032612695	0.00056242913
-0.074	1	-0.074	0	0	1	0	0	0	1	1	8.7436947e-05	-0.00033209826	-7.5001228e-06	-0.00032649041	7.5880748e-05	-2.7030649e-06	-7.8782687e-06	-2.8579393e-06	2.1154171e-05	-6.1490622e-05	1.3482293e-05	-0.00033209826	-0.00033228466	0.00056096453
-0.076	1	-0.076	0	0	1	0	0	0	1	1	9.3605648e-05	-0.00033825651	-7.7710498e-06	-0.00033205754	8.165616e-05	-2.8690696e-06	-8.1720639e-06	-3.0257789e-06	2.2365131e-05	-6.5875646e-05	1.4153021e-05	-0.00033825651	-0.00033844558	0.00055865219
-0.078	1	-0.078	0	0	1	0	0	0	1	1	9.9804115e-05	-0.00034442203	-8.0291118e-06	-0.00033760661	8.7460076e-05	-3.0219612e-06	-8.4527264e-06	-3.1806231e-06	2.3586815e-05	-7.0283668e-05	1.4836075e-05	-0.00034442203	-0.00034461359	0.00055588058
-0.08	1	-0.08	0	0	1	0	0	0	1	1	0.0001060295	-0.0003505976	-8.2755327e-06	-0.00034314045	9.3289547e-05	-3.1631074e-06	-8.7214999e-06	-3.3238334e-06	2.4819688e-05	-7.4712912e-05	1.5531475e-05	-0.0003505976	-0.00035079155	0.00055288559
-0.082	1	-0.082	0	0	1	0	0	0	1	1	0.00011227964	-0.00035678533	-8.511359e-06	-0.00034866122	9.914234e-05	-3.2936765e-06	-8.9794464e-06	-3.4565718e-06	2.6064168e-05	-7.9162049e-05	1.6239242e-05	-0.00035678533	-0.00035698161	0.00054981163
-0.084	1	-0.084	0	0	1	0	0	0	1	1	0.00011855284	-0.00036298685	-8.7374915e-06	-0.00035417054	0.00010501674	-3.4146736e-06	-9.2274793e-06	-3.5798376e-06	2.7320627e-05	-8.363007e-05	1.6959401e-05	-0.00036298685	-0.00036318542	0.00054674709
-0.086	1	-0.086	0	0	1	0	0	0	1	1	0.00012484779	-0.00036920344	-8.9547111e-06	-0.00035966968	0.00011091139	-3.5269704e-06	-9.4663897e-06	-3.6944966e-06	2.8589398e-05	-8.8116192e-05	1.7691983e-05	-0.00036920344	-0.0003694043	0.00054374536
-0.088	1	-0.088	0	0	1	0	0	0	1	1	0.00013116341	-0.00037543611	-9.1636993e-06	-0.00036515962	0.00011682522	-3.631328e-06	-9.6968674e-06	-3.8013047e-06	2.9870776e-05	-9.2619803e-05	1.8437019e-05	-0.00037543611	-0.00037563927	0.00054083775
-0.09	1	-0.09	0	0	1	0	0	0	1	1	0.00013749883	-0.00038168568	-9.3650549e-06	-0.00037064115	0.00012275737	-3.7284157e-06	-9.9195182e-06	-3.9009264e-06	3.1165029e-05	-9.7140411e-05	1.919454e-05	-0.00038168568	-0.00038189116	0.00053804138
-0.092	1	-0.092	0	0	1	0	0	0	1	1	0.00014385333	-0.00038795283	-9.5593067e-06	-0.0003761149	0.00012870714	-3.8188262e-06	-1.0134877e-05	-3.9939499e-06	3.2472394e-05	-0.00010167762	1.9964583e-05	-0.00038795283	-0.00038816064	0.00053536433
-0.094	1	-0.094	0	0	1	0	0	0	1	1	0.00015022631	-0.00039423812	-9.7469249e-06	-0.00038158136	0.00013467393	-3.903087e-06	-1.0343419e-05	-4.0808986e-06	3.3793089e-05	-0.00010623111	2.0747183e-05	-0.00039423812	-0.00039444828	0.00053280885
-0.096	1	-0.096	0	0	1	0	0	0	1	1	0.00015661727	-0.00040054199	-9.9283292e-06	-0.00038704096	0.00014065727	-3.9816709e-06	-1.0545568e-05	-4.1622414e-06	3.512731e-05	-0.00011080061	2.1542376e-05	-0.00040054199	-0.00040075454	0.00053037348
-0.098	1	-0.098	0	0	1	0	0	0	1	1	0.00016302576	-0.00040686484	-1.0103897e-05	-0.00039249401	0.00014665674	-4.0550034e-06	-1.0741707e-05	-4.2384004e-06	3.6475234e-05	-0.00011538591	2.2350201e-05	-0.00040686484	-0.0004070798	0.00052805446
-0.1	1	-0.1	0	0	1	0	0	0	1	1	0.00016945141	-0.00041320702	-1.0273967e-05	-0.00039794079	0.000152672	-4.1234696e-06	-1.0932177e-05	-4.3097574e-06	3.7837027e-05	-0.00011998681	2.3170696e-05	-0.00041320702	-0.00041342441	0.00052584668
-0.102	1	-0.102	0	0	1	0	0	0	1	1	0.0001758939	-0.00041956879	-1.0438847e-05	-0.00040338152	0.00015870275	-4.1874197e-06	-1.1117291e-05	-4.3766594e-06	3.9212837e-05	-0.00012460316	2.4003899e-05	-0.00041956879	-0.00041978865	0.00052374423
-0.104	1	-0.104	0	0	1	0	0	0	1	1	0.00018235293	-0.00042595041	-1.0598816e-05	-0.00040881639	0.00016474873	-4.2471731e-06	-1.1297331e-05	-4.4394233e-06	4.0602806e-05	-0.00012923482	2.484985e-05	-0.00042595041	-0.00042617276	0.00052174088
-0.106	1	-0.106	0	0	1	0	0	0	1	1	0.00018882825	-0.00043235209	-1.0754129e-05	-0.00041424553	0.00017080973	-4.3030228e-06	-1.1472555e-05	-4.4983393e-06	4.200706e-05	-0.00013388168	2.570859e-05	-0.00043235209	-0.00043257696	0.00051983029
-0.108	1	-0.108	0	0	1	0	0	0	1	1	0.00019531964	-0.00043877403	-1.090502e-05	-0.00041966907	0.00017688556	-4.3552381e-06	-1.1643201e-05	-4.5536745e-06	4.342572e-05	-0.00013854364	2.6580158e-05	-0.00043877403	-0.00043900143	0.00051800621
-0.11	1	-0.11	0	0	1	0	0	0	1	1	0.0002018269	-0.00044521639	-1.1051701e-05	-0.00042508711	0.00018297603	-4.4040678e-06	-1.1809486e-05	-4.6056753e-06	4.48589e-05	-0.00014322061	2.7464595e-05	-0.00044521639	-0.00044544636	0.00051626262
-0.112	1	-0.112	0	0	1	0	0	0	1	1	0.00020834982	-0.00045167933	-1.1194369e-05	-0.00043049973	0.00018908101	-4.4497421e-06	-1.197161e-05	-4.6545699e-06	4.6306703e-05	-0.00014791251	2.8361943e-05	-0.00045167933	-0.00045191188	0.00051459374
-0.114	1	-0.114	0	0	1	0	0	0	1	1	0.00021488826	-0.00045816298	-1.1333205e-05	-0.000435907	0.00019520037	-4.492475e-06	-1.2129758e-05	-4.7005702e-06	4.7769229e-05	-0.00015261928	2.9272243e-05	-0.00045816298	-0.00045839813	0.0005129941
-0.116	1	-0.116	0	0	1	0	0	0	1	1	0.00022144205	-0.00046466747	-1.1468377e-05	-0.00044130896	0.00020133398	-4.5324656e-06	-1.2284102e-05	-4.7438736e-06	4.9246573e-05	-0.00015734087	3.0195536e-05	-0.00046466747	-0.00046490525	0.00051145857
-0.118	1	-0.118	0	0	1	0	0	0	1	1	0.00022801105	-0.00047119291	-1.1600041e-05	-0.00044670567	0.00020748174	-4.5699e-06	-1.2434801e-05	-4.7846643e-06	5.0738823e-05	-0.00016207721	3.1131864e-05	-0.00047119291	-0.00047143333	0.00050998234
-0.12	1	-0.12	0	0	1	0	0	0	1	1	0.00023459514	-0.00047773941	-1.172834e-05	-0.00045209714	0.00021364356	-4.6049522e-06	-1.2582005e-05	-4.8231147e-06	5.2246064e-05	-0.00016682826	3.2081269e-05	-0.00047773941	-0.00047798249	0.00050856093
-0.122	1	-0.122	0	0	1	0	0	0	1	1	0.00024119418	-0.00048430706	-1.1853409e-05	-0.00045748342	0.00021981936	-4.6377856e-06	-1.2725851e-05	-4.8593868e-06	5.3768377e-05	-0.00017159398	3.3043794e-05	-0.00048430706	-0.00048455282	0.00050719018
-0.124	1	-0.124	0	0	1	0	0	0	1	1	0.00024780808	-0.00049089597	-1.1975372e-05	-0.0004628645	0.00022600907	-4.6685537e-06	-1.286647e-05	-4.8936326e-06	5.5305838e-05	-0.00017637433	3.4019481e-05	-0.00049089597	-0.00049114442	0.00050586621
-0.126	1	-0.126	0	0	1	0	0	0	1	1	0.00025443671	-0.00049750621	-1.2094345e-05	-0.00046824042	0.0002322126	-4.6974011e-06	-1.3003984e-05	-4.9259952e-06	5.6858523e-05	-0.00018116928	3.5008372e-05	-0.00049750621	-0.00049775737	0.00050458545
-0.128	1	-0.128	0	0	1	0	0	0	1	1	0.00026107999	-0.00050413787	-1.2210439e-05	-0.00047361117	0.00023842991	-4.7244643e-06	-1.3138505e-05	-4.9566099e-06	5.8426502e-05	-0.0001859788	3.601051e-05	-0.00050413787	-0.00050439175	0.00050334457
-0.13	1	-0.13	0	0	1	0	0	0	1	1	0.00026773781	-0.00051079102	-1.2323755e-05	-0.00047897675	0.00024466093	-4.7498723e-06	-1.3270143e-05	-4.9856045e-06	6.0009845e-05	-0.00019080286	3.7025939e-05	-0.00051079102	-0.00051104764	0.00050214053
-0.132	1	-0.132	0	0	1	0	0	0	1	1	0.00027441009	-0.00051746576	-1.2434388e-05	-0.00048433718	0.00025090562	-4.7737472e-06	-1.3398997e-05	-5.0130998e-06	6.1608616e-05	-0.00019564145	3.8054701e-05	-0.00051746576	-0.00051772512	0.00050097048
-0.134	1	-0.134	0	0	1	0	0	0	1	1	0.00028109675	-0.00052416213	-1.2542428e-05	-0.00048969244	0.00025716394	-4.7962048e-06	-1.3525163e-05	-5.0392105e-06	6.3222881e-05	-0.00020049452	3.9096839e-05	-0.00052416213	-0.00052442426	0.00049983182
-0.136	1	-0.136	0	0	1	0	0	0	1	1	0.0002877977	-0.00053088023	-1.264796e-05	-0.00049504253	0.00026343583	-4.817355e-06	-1.3648732e-05	-5.0640455e-06	6.4852701e-05	-0.00020536208	4.0152398e-05	-0.00053088023	-0.00053114512	0.00049872213
-0.138	1	-0.138	0	0	1	0	0	0	1	1	0.00029451286	-0.00053762011	-1.2751062e-05	-0.00050038745	0.00026972126	-4.8373024e-06	-1.3769789e-05	-5.0877082e-06	6.6498137e-05	-0.00021024409	4.122142e-05	-0.00053762011	-0.00053788778	0.00049763918
-0.14	1	-0.14	0	0	1	0	0	0	1	1	0.00030124217	-0.00054438184	-1.285181e-05	-0.00050572718	0.00027602019	-4.8561463e-06	-1.3888415e-05	-5.1102972e-06	6.8159246e-05	-0.00021514054	4.2303949e-05	-0.00054438184	-0.0005446523	0.00049658091
-0.142	1	-0.142	0	0	1	0	0	0	1	1	0.00030798555	-0.00055116549	-1.2950273e-05	-0.00051106172	0.0002823326	-4.8739816e-06	-1.4004686e-05	-5.1319061e-06	6.9836086e-05	-0.00022005141	4.3400029e-05	-0.00055116549	-0.00055143875	0.00049554543
-0.144	1	-0.144	0	0	1	0	0	0	1	1	0.00031474293	-0.00055797113	-1.3046518e-05	-0.00051639105	0.00028865846	-4.8908986e-06	-1.4118675e-05	-5.1526247e-06	7.1528711e-05	-0.0002249767	4.4509704e-05	-0.00055797113	-0.0005582472	0.00049453097
-0.146	1	-0.146	0	0	1	0	0	0	1	1	0.00032151426	-0.00056479881	-1.3140607e-05	-0.00052171517	0.00029499773	-4.9069835e-06	-1.4230452e-05	-5.1725381e-06	7.3237176e-05	-0.00022991639	4.5633018e-05	-0.00056479881	-0.0005650777	0.00049353592
-0.148	1	-0.148	0	0	1	0	0	0	1	1	0.00032829945	-0.00057164861	-1.32326e-05	-0.00052703405	0.00030135039	-4.9223189e-06	-1.4340082e-05	-5.191728e-06	7.4961533e-05	-0.00023487046	4.6770015e-05	-0.00057164861	-0.00057193032	0.00049255878
-0.15	1	-0.15	0	0	1	0	0	0	1	1	0.00033509847	-0.00057852058	-1.3322551e-05	-0.00053234768	0.00030771642	-4.9369835e-06	-1.4447629e-05	-5.2102725e-06	7.6701832e-05	-0.00023983891	4.7920739e-05	-0.00057852058	-0.00057880512	0.00049159817
-0.152	1	-0.152	0	0	1	0	0	0	1	1	0.00034191124	-0.00058541479	-1.3410515e-05	-0.00053765606	0.00031409579	-4.9510527e-06	-1.4553152e-05	-5.2282461e-06	7.8458124e-05	-0.00024482172	4.9085235e-05	-0.00058541479	-0.00058570217	0.0004906528
-0.154	1	-0.154	0	0	1	0	0	0	1	1	0.0003487377	-0.0005923313	-1.3496541e-05	-0.00054295916	0.0003204885	-4.9645987e-06	-1.4656709e-05	-5.2457203e-06	8.0230458e-05	-0.00024981889	5.0263548e-05	-0.0005923313	-0.00059262152	0.00048972148
-0.156	1	-0.156	0	0	1	0	0	0	1	1	0.00035557782	-0.00059927017	-1.3580675e-05	-0.00054825697	0.00032689451	-4.9776908e-06	-1.4758354e-05	-5.2627637e-06	8.201888e-05	-0.0002548304	5.1455721e-05	-0.00059927017	-0.00059956324	0.00048880312
-0.158	1	-0.158	0	0	1	0	0	0	1	1	0.00036243152	-0.00060623146	-1.3662963e-05	-0.00055354948	0.00033331381	-4.9903951e-06	-1.4858139e-05	-5.2794417e-06	8.3823437e-05	-0.00025985625	5.26618e-05	-0.00060623146	-0.00060652739	0.00048789671
-0.16	1	-0.16	0	0	1	0	0	0	1	1	0.00036929876	-0.00061321524	-1.3743448e-05	-0.00055883667	0.00033974638	-5.0027754e-06	-1.4956115e-05	-5.2958174e-06	8.5644175e-05	-0.00026489644	5.3881831e-05	-0.00061321524	-0.00061351402	0.0004870013
-0.162	1	-0.162	0	0	1	0	0	0	1	1	0.00037617948	-0.00062022156	-1.3822168e-05	-0.00056411852	0.00034619222	-5.0148927e-06	-1.505233e-05	-5.311951e-06	8.7481138e-05	-0.00026995095	5.5115857e-05	-0.00062022156	-0.00062052321	0.00048611602
-0.164	1	-0.164	0	0	1	0	0	0	1	1	0.00038307364	-0.00062725049	-1.3899163e-05	-0.00056939502	0.00035265129	-5.0268054e-06	-1.5146829e-05	-5.3279006e-06	8.9334368e-05	-0.00027501977	5.6363923e-05	-0.00062725049	-0.000627555	0.00048524005
-0.166	1	-0.166	0	0	1	0	0	0	1	1	0.00038998119	-0.00063430209	-1.3974469e-05	-0.00057466615	0.0003591236	-5.0385698e-06	-1.5239657e-05	-5.3437218e-06	9.1203909e-05	-0.0002801029	5.7626077e-05	-0.00063430209	-0.00063460947	0.00048437266
-0.168	1	-0.168	0	0	1	0	0	0	1	1	0.00039690208	-0.00064137641	-1.4048119e-05	-0.0005799319	0.00036560913	-5.05024e-06	-1.5330855e-05	-5.3594679e-06	9.3089801e-05	-0.00028520034	5.8902361e-05	-0.00064137641	-0.00064168668	0.00048351313
-0.17	1	-0.17	0	0	1	0	0	0	1	1	0.00040383626	-0.00064847353	-1.4120146e-05	-0.00058519225	0.00037210786	-5.0618677e-06	-1.5420465e-05	-5.3751902e-06	9.4992084e-05	-0.00029031207	6.0192823e-05	-0.00064847353	-0.00064878667	0.00048266083
-0.172	1	-0.172	0	0	1	0	0	0	1	1	0.00041078369	-0.0006555935	-1.4190581e-05	-0.00059044719	0.00037861978	-5.0735028e-06	-1.5508526e-05	-5.390938e-06	9.6910798e-05	-0.00029543809	6.1497508e-05	-0.0006555935	-0.00065590953	0.00048181515
-0.174	1	-0.174	0	0	1	0	0	0	1	1	0.00041774433	-0.00066273638	-1.4259453e-05	-0.0005956967	0.00038514489	-5.0851933e-06	-1.5595074e-05	-5.4067587e-06	9.884598e-05	-0.0003005784	6.2816461e-05	-0.00066273638	-0.0006630553	0.00048097552
-0.176	1	-0.176	0	0	1	0	0	0	1	1	0.00042471812	-0.00066990225	-1.432679e-05	-0.00060094077	0.00039168316	-5.096985e-06	-1.5680147e-05	-5.4226977e-06	0.00010079767	-0.00030573298	6.4149729e-05	-0.00066990225	-0.00067022405	0.00048014144
-0.178	1	-0.178	0	0	1	0	0	0	1	1	0.00043170503	-0.00067709115	-1.4392618e-05	-0.00060617938	0.0003982346	-5.1089222e-06	-1.5763779e-05	-5.4387987e-06	0.0001027659	-0.00031090184	6.5497358e-05	-0.00067709115	-0.00067741584	0.00047931241
-0.18	1	-0.18	0	0	1	0	0	0	1	1	0.00043870501	-0.00068430315	-1.4456963e-05	-0.00061141252	0.00040479918	-5.1210474e-06	-1.5846003e-05	-5.4551037e-06	0.00010475071	-0.00031608497	6.6859393e-05	-0.00068430315	-0.00068463074	0.00047848798
-0.182	1	-0.182	0	0	1	0	0	0	1	1	0.00044571803	-0.00069153832	-1.4519847e-05	-0.00061664017	0.0004113769	-5.1334015e-06	-1.5926852e-05	-5.4716532e-06	0.00010675213	-0.00032128235	6.8235881e-05	-0.00069153832	-0.0006918688	0.00047766773
-0.184	1	-0.184	0	0	1	0	0	0	1	1	0.00045274403	-0.00069879671	-1.4581294e-05	-0.00062186232	0.00041796775	-5.1460237e-06	-1.6006357e-05	-5.4884857e-06	0.0001087702	-0.000326494	6.9626868e-05	-0.00069879671	-0.00069913009	0.00047685127
-0.186	1	-0.186	0	0	1	0	0	0	1	1	0.00045978299	-0.0007060784	-1.4641325e-05	-0.00062707896	0.00042457172	-5.1589517e-06	-1.6084548e-05	-5.5056387e-06	0.00011080494	-0.00033171989	7.1032401e-05	-0.0007060784	-0.00070641468	0.00047603823
-0.188	1	-0.188	0	0	1	0	0	0	1	1	0.00046683486	-0.00071338343	-1.4699961e-05	-0.00063229007	0.00043118879	-5.1722216e-06	-1.6161453e-05	-5.5231477e-06	0.0001128564	-0.00033696002	7.2452527e-05	-0.00071338343	-0.00071372261	0.00047522827
-0.19	1	-0.19	0	0	1	0	0	0	1	1	0.00047389961	-0.00072071188	-1.475722e-05	-0.00063749564	0.00043781897	-5.1858684e-06	-1.6237102e-05	-5.5410473e-06	0.00011492459	-0.00034221439	7.3887291e-05	-0.00072071188	-0.00072105397	0.00047442107
-0.192	1	-0.192	0	0	1	0	0	0	1	1	0.00048097719	-0.00072806381	-1.4813121e-05	-0.00064269565	0.00044446222	-5.1999254e-06	-1.631152e-05	-5.5593703e-06	0.00011700956	-0.00034748299	7.5336742e-05	-0.00072806381	-0.0007284088	0.00047361634
-0.194	1	-0.194	0	0	1	0	0	0	1	1	0.00048806756	-0.00073543928	-1.4867681e-05	-0.0006478901	0.00045111856	-5.2144247e-06	-1.6384733e-05	-5.5781484e-06	0.00011911132	-0.00035276582	7.6800927e-05	-0.00073543928	-0.00073578718	0.0004728138
-0.196	1	-0.196	0	0	1	0	0	0	1	1	0.0004951707	-0.00074283836	-1.4920918e-05	-0.00065307897	0.00045778796	-5.229397e-06	-1.6456768e-05	-5.597412e-06	0.00012122991	-0.00035806286	7.8279891e-05	-0.00074283836	-0.00074318916	0.00047201319
-0.198	1	-0.198	0	0	1	0	0	0	1	1	0.00050228656	-0.00075026111	-1.4972845e-05	-0.00065826224	0.00046447041	-5.244872e-06	-1.6527648e-05	-5.6171901e-06	0.00012336536	-0.00036337411	7.9773683e-05	-0.00075026111	-0.00075061481	0.00047121426
-0.2	1	-0.2	0	0	1	0	0	0	1	1	0.0005094151	-0.00075770759	-1.5023479e-05	-0.00066343991	0.00047116591	-5.2608778e-06	-1.6597397e-05	-5.6375107e-06	0.00012551768	-0.00036869956	8.128235e-05	-0.00075770759	-0.0007580642	0.0004704168
-0.202	1	-0.202	0	0	1	0	0	0	1	1	0.00051655629	-0.00076517787	-1.5072834e-05	-0.00066861197	0.00047787444	-5.2774416e-06	-1.6666038e-05	-5.6584006e-06	0.00012768691	-0.00037403922	8.280594e-05	-0.00076517787	-0.00076553739	0.00046962059
-0.204	1	-0.204	0	0	1	0	0	0	1	1	0.0005237101	-0.00077267201	-1.5120923e-05	-0.0006737784	0.000484596	-5.2945895e-06	-1.6733592e-05	-5.6798853e-06	0.00012987306	-0.00037939305	8.43445e-05	-0.00077267201	-0.00077303443	0.00046882543
-0.206	1	-0.206	0	0	1	0	0	0	1	1	0.00053087649	-0.00078019008	-1.5167758e-05	-0.00067893919	0.00049133056	-5.3123463e-06	-1.6800082e-05	-5.7019893e-06	0.00013207617	-0.00038476107	8.5898078e-05	-0.00078019008	-0.00078055541	0.00046803114
-0.208	1	-0.208	0	0	1	0	0	0	1	1	0.00053805542	-0.00078773214	-1.5213352e-05	-0.00068409432	0.00049807812	-5.3307358e-06	-1.6865527e-05	-5.7247361e-06	0.00013429625	-0.00039014326	8.7466722e-05	-0.00078773214	-0.00078810037	0.00046723755
-0.21	1	-0.21	0	0	1	0	0	0	1	1	0.00054524686	-0.00079529825	-1.5257716e-05	-0.0006892438	0.00050483866	-5.3497809e-06	-1.6929948e-05	-5.7481481e-06	0.00013653332	-0.00039553961	8.9050479e-05	-0.00079529825	-0.00079566938	0.0004664445
-0.212	1	-0.212	0	0	1	0	0	0	1	1	0.00055245078	-0.00080288848	-1.5300862e-05	-0.00069438761	0.00051161218	-5.3695032e-06	-1.6993364e-05	-5.7722468e-06	0.0001387874	-0.00040095012	9.0649399e-05	-0.00080288848	-0.00080326252	0.00046565184
-0.214	1	-0.214	0	0	1	0	0	0	1	1	0.00055966714	-0.00081050289	-1.5342798e-05	-0.00069952573	0.00051839865	-5.3899236e-06	-1.7055795e-05	-5.7970524e-06	0.00014105852	-0.00040637477	9.2263529e-05	-0.00081050289	-0.00081087984	0.00046485943
-0.216	1	-0.216	0	0	1	0	0	0	1	1	0.0005668959	-0.00081814155	-1.5383536e-05	-0.00070465816	0.00052519807	-5.4110619e-06	-1.7117257e-05	-5.8225846e-06	0.00014334669	-0.00041181355	9.3892918e-05	-0.00081814155	-0.0008185214	0.00046406715
-0.218	1	-0.218	0	0	1	0	0	0	1	1	0.00057413705	-0.00082580452	-1.5423083e-05	-0.00070978489	0.00053201043	-5.432937e-06	-1.7177769e-05	-5.8488618e-06	0.00014565192	-0.00041726646	9.5537615e-05	-0.00082580452	-0.00082618728	0.00046327487
-0.22	1	-0.22	0	0	1	0	0	0	1	1	0.00058139053	-0.00083349187	-1.546145e-05	-0.00071490591	0.00053883569	-5.4555669e-06	-1.7237348e-05	-5.8759018e-06	0.00014797424	-0.00042273349	9.7197667e-05	-0.00083349187	-0.00083387753	0.00046248247
-0.222	1	-0.222	0	0	1	0	0	0	1	1	0.00058865632	-0.00084120366	-1.5498644e-05	-0.0007200212	0.00054567387	-5.4789687e-06	-1.7296011e-05	-5.9037213e-06	0.00015031366	-0.00042821462	9.8873125e-05	-0.00084120366	-0.00084159221	0.00046168987
-0.224	1	-0.224	0	0	1	0	0	0	1	1	0.00059593439	-0.00084893995	-1.5534673e-05	-0.00072513077	0.00055252492	-5.5031586e-06	-1.7353773e-05	-5.9323361e-06	0.00015267019	-0.00043370983	0.00010056404	-0.00084893995	-0.00084933141	0.00046089695
-0.226	1	-0.226	0	0	1	0	0	0	1	1	0.00060322471	-0.00085670082	-1.5569545e-05	-0.00073023459	0.00055938885	-5.5281521e-06	-1.7410651e-05	-5.9617615e-06	0.00015504384	-0.00043921913	0.00010227045	-0.00085670082	-0.00085709517	0.00046010364
-0.228	1	-0.228	0	0	1	0	0	0	1	1	0.00061052723	-0.00086448631	-1.5603266e-05	-0.00073533267	0.00056626564	-5.5539638e-06	-1.746666e-05	-5.9920118e-06	0.00015743463	-0.0004447425	0.00010399242	-0.00086448631	-0.00086488356	0.00045930985
-0.23	1	-0.23	0	0	1	0	0	0	1	1	0.00061784194	-0.00087229651	-1.5635843e-05	-0.00074042498	0.00057315526	-5.5806076e-06	-1.7521813e-05	-6.0231003e-06	0.00015984258	-0.00045027992	0.00010572998	-0.00087229651	-0.00087269666	0.00045851551
-0.232	1	-0.232	0	0	1	0	0	0	1	1	0.0006251688	-0.00088013147	-1.5667283e-05	-0.00074551153	0.0005800577	-5.6080964e-06	-1.7576127e-05	-6.05504e-06	0.00016226768	-0.00045583139	0.0001074832	-0.00088013147	-0.00088053451	0.00045772054
-0.234	1	-0.234	0	0	1	0	0	0	1	1	0.00063250777	-0.00088799125	-1.5697591e-05	-0.0007505923	0.00058697295	-5.6364426e-06	-1.7629613e-05	-6.0878427e-06	0.00016470994	-0.00046139689	0.00010925212	-0.00088799125	-0.00088839718	0.00045692489
-0.236	1	-0.236	0	0	1	0	0	0	1	1	0.00063985883	-0.00089587593	-1.5726773e-05	-0.00075566729	0.00059390098	-5.6656579e-06	-1.7682287e-05	-6.1215198e-06	0.00016716939	-0.0004669764	0.00011103679	-0.00089587593	-0.00089628475	0.00045612849
-0.238	1	-0.238	0	0	1	0	0	0	1	1	0.00064722195	-0.00090378555	-1.5754835e-05	-0.00076073649	0.00060084177	-5.695753e-06	-1.7734161e-05	-6.1560819e-06	0.00016964601	-0.00047256991	0.00011283726	-0.00090378555	-0.00090419726	0.0004553313
-0.24	1	-0.24	0	0	1	0	0	0	1	1	0.00065459709	-0.0009117202	-1.5781781e-05	-0.00076579989	0.00060779531	-5.7267381e-06	-1.7785248e-05	-6.1915387e-06	0.00017213983	-0.00047817741	0.00011465358	-0.0009117202	-0.0009121348	0.00045453326
-0.242	1	-0.242	0	0	1	0	0	0	1	1	0.00066198423	-0.00091967993	-1.5807616e-05	-0.00077085748	0.00061476158	-5.7586229e-06	-1.783556e-05	-6.2278997e-06	0.00017465084	-0.00048379888	0.0001164858	-0.00091967993	-0.00092009741	0.00045373434
-0.244	1	-0.244	0	0	1	0	0	0	1	1	0.00066938332	-0.0009276648	-1.5832345e-05	-0.00077590926	0.00062174055	-5.791416e-06	-1.788511e-05	-6.2651733e-06	0.00017717905	-0.00048943431	0.00011833397	-0.0009276648	-0.00092808516	0.00045293449
-0.246	1	-0.246	0	0	1	0	0	0	1	1	0.00067679436	-0.00093567488	-1.5855972e-05	-0.00078095521	0.0006287322	-5.8251259e-06	-1.7933909e-05	-6.3033674e-06	0.00017972446	-0.00049508368	0.00012019814	-0.00093567488	-0.00093609813	0.00045213369
-0.248	1	-0.248	0	0	1	0	0	0	1	1	0.00068421729	-0.00094371024	-1.58785e-05	-0.00078599533	0.00063573652	-5.85976e-06	-1.7981968e-05	-6.3424894e-06	0.00018228708	-0.00050074696	0.00012207836	-0.00094371024	-0.00094413636	0.0004513319
-0.25	1	-0.25	0	0	1	0	0	0	1	1	0.0006916521	-0.00095177093	-1.5899934e-05	-0.00079102962	0.00064275348	-5.8953255e-06	-1.8029298e-05	-6.3825461e-06	0.0001848669	-0.00050642416	0.00012397469	-0.00095177093	-0.00095219992	0.0004505291
-0.252	1	-0.252	0	0	1	0	0	0	1	1	0.00069909875	-0.00095985701	-1.5920278e-05	-0.00079605806	0.00064978306	-5.9318286e-06	-1.8075911e-05	-6.4235435e-06	0.00018746393	-0.00051211525	0.00012588716	-0.00095985701	-0.00096028888	0.00044972527
-0.254	1	-0.254	0	0	1	0	0	0	1	1	0.00070655722	-0.00096796856	-1.5939533e-05	-0.00080108065	0.00065682522	-5.9692754e-06	-1.8121817e-05	-6.4654873e-06	0.00019007816	-0.0005178202	0.00012781584	-0.00096796856	-0.00096840329	0.00044892039
-0.256	1	-0.256	0	0	1	0	0	0	1	1	0.00071402746	-0.00097610563	-1.5957705e-05	-0.00080609738	0.00066387996	-6.0076709e-06	-1.8167025e-05	-6.5083824e-06	0.0001927096	-0.00052353901	0.00012976078	-0.00097610563	-0.00097654323	0.00044811444
-0.258	1	-0.258	0	0	1	0	0	0	1	1	0.00072150946	-0.00098426828	-1.5974795e-05	-0.00081110824	0.00067094725	-6.0470202e-06	-1.8211547e-05	-6.5522333e-06	0.00019535823	-0.00052927165	0.00013172202	-0.00098426828	-0.00098470875	0.00044730742
-0.26	1	-0.26	0	0	1	0	0	0	1	1	0.00072900319	-0.00099245658	-1.5990807e-05	-0.00081611324	0.00067802705	-6.0873272e-06	-1.825539e-05	-6.5970441e-06	0.00019802407	-0.0005350181	0.00013369961	-0.00099245658	-0.00099289991	0.00044649933
-0.262	1	-0.262	0	0	1	0	0	0	1	1	0.00073650861	-0.0010006706	-1.6005742e-05	-0.00082111235	0.00068511935	-6.1285959e-06	-1.8298566e-05	-6.6428181e-06	0.0002007071	-0.00054077835	0.00013569362	-0.0010006706	-0.0010011168	0.00044569014
-0.264	1	-0.264	0	0	1	0	0	0	1	1	0.0007440257	-0.0010089104	-1.6019605e-05	-0.00082610558	0.00069222411	-6.1708293e-06	-1.8341083e-05	-6.6895583e-06	0.00020340731	-0.00054655237	0.00013770408	-0.0010089104	-0.0010093594	0.00044487987
-0.266	1	-0.266	0	0	1	0	0	0	1	1	0.00075155442	-0.001017176	-1.6032396e-05	-0.00083109292	0.00069934131	-6.2140303e-06	-1.838295e-05	-6.7372671e-06	0.00020612471	-0.00055234015	0.00013973105	-0.001017176	-0.0010176279	0.00044406852
-0.268	1	-0.268	0	0	1	0	0	0	1	1	0.00075909474	-0.0010254675	-1.6044119e-05	-0.00083607437	0.00070647093	-6.2582011e-06	-1.8424175e-05	-6.7859467e-06	0.00020885928	-0.00055814165	0.00014177459	-0.0010254675	-0.0010259222	0.00044325609
-0.27	1	-0.27	0	0	1	0	0	0	1	1	0.00076664665	-0.0010337849	-1.6054776e-05	-0.00084104991	0.00071361293	-6.3033435e-06	-1.8464768e-05	-6.8355985e-06	0.00021161102	-0.00056395687	0.00014383474	-0.0010337849	-0.0010342425	0.00044244258
-0.272	1	-0.272	0	0	1	0	0	0	1	1	0.0007742101	-0.0010421284	-1.6064367e-05	-0.00084601954	0.00072076729	-6.3494589e-06	-1.8504735e-05	-6.8862237e-06	0.00021437992	-0.00056978577	0.00014591156	-0.0010421284	-0.0010425888	0.00044162801
-0.274	1	-0.274	0	0	1	0	0	0	1	1	0.00078178508	-0.0010504979	-1.6072896e-05	-0.00085098326	0.00072793398	-6.3965483e-06	-1.8544086e-05	-6.9378229e-06	0.00021716596	-0.00057562834	0.0001480051	-0.0010504979	-0.0010509612	0.0004408124
-0.276	1	-0.276	0	0	1	0	0	0	1	1	0.00078937154	-0.0010588936	-1.6080365e-05	-0.00085594105	0.00073511296	-6.4446121e-06	-1.8582828e-05	-6.9903964e-06	0.00021996914	-0.00058148455	0.00015011541	-0.0010588936	-0.0010593597	0.00043999575
-0.278	1	-0.278	0	0	1	0	0	0	1	1	0.00079696947	-0.0010673155	-1.6086774e-05	-0.00086089292	0.00074230421	-6.4936506e-06	-1.8620968e-05	-7.0439441e-06	0.00022278945	-0.00058735438	0.00015224254	-0.0010673155	-0.0010677844	0.00043917808
-0.28	1	-0.28	0	0	1	0	0	0	1	1	0.00080457883	-0.0010757636	-1.6092125e-05	-0.00086583886	0.00074950769	-6.5436634e-06	-1.8658514e-05	-7.0984655e-06	0.00022562687	-0.0005932378	0.00015438654	-0.0010757636	-0.0010762354	0.00043835941
-0.282	1	-0.282	0	0	1	0	0	0	1	1	0.00081219959	-0.001084238	-1.609642e-05	-0.00087077887	0.00075672337	-6.5946498e-06	-1.8695473e-05	-7.1539596e-06	0.00022848139	-0.00059913479	0.00015654748	-0.001084238	-0.0010847126	0.00043753976
-0.284	1	-0.284	0	0	1	0	0	0	1	1	0.00081983173	-0.0010927388	-1.6099661e-05	-0.00087571292	0.00076395123	-6.6466089e-06	-1.8731852e-05	-7.2104252e-06	0.000231353	-0.00060504532	0.00015872539	-0.0010927388	-0.0010932163	0.00043671917
-0.286	1	-0.286	0	0	1	0	0	0	1	1	0.00082747522	-0.0011012661	-1.6101849e-05	-0.00088064104	0.00077119123	-6.6995393e-06	-1.8767659e-05	-7.2678607e-06	0.00023424167	-0.00061096937	0.00016092034	-0.0011012661	-0.0011017463	0.00043589764
-0.288	1	-0.288	0	0	1	0	0	0	1	1	0.00083513003	-0.0011098198	-1.6102984e-05	-0.00088556319	0.00077844333	-6.7534393e-06	-1.8802898e-05	-7.326264e-06	0.0002371474	-0.00061690692	0.00016313238	-0.0011098198	-0.0011103028	0.00043507521
-0.29	1	-0.29	0	0	1	0	0	0	1	1	0.00084279612	-0.0011184	-1.6103069e-05	-0.00089047939	0.0007857075	-6.8083067e-06	-1.8837578e-05	-7.385633e-06	0.00024007017	-0.00062285793	0.00016536155	-0.0011184	-0.0011188859	0.00043425191
-0.292	1	-0.292	0	0	1	0	0	0	1	1	0.00085047348	-0.0011270069	-1.6102104e-05	-0.00089538963	0.00079298371	-6.8641392e-06	-1.8871703e-05	-7.4459648e-06	0.00024300996	-0.00062882238	0.00016760792	-0.0011270069	-0.0011274956	0.00043342777
-0.294	1	-0.294	0	0	1	0	0	0	1	1	0.00085816207	-0.0011356404	-1.6100091e-05	-0.0009002939	0.00080027192	-6.9209341e-06	-1.8905282e-05	-7.5072567e-06	0.00024596675	-0.00063480025	0.00016987154	-0.0011356404	-0.0011361319	0.00043260282
-0.296	1	-0.296	0	0	1	0	0	0	1	1	0.00086586186	-0.0011443006	-1.6097031e-05	-0.00090519219	0.0008075721	-6.9786885e-06	-1.8938318e-05	-7.5695054e-06	0.00024894052	-0.00064079149	0.00017215245	-0.0011443006	-0.0011447949	0.0004317771
-0.298	1	-0.298	0	0	1	0	0	0	1	1	0.00087357283	-0.0011529876	-1.6092925e-05	-0.00091008451	0.0008148842	-7.0373989e-06	-1.8970818e-05	-7.6327072e-06	0.00025193126	-0.0006467961	0.00017445072	-0.0011529876	-0.0011534847	0.00043095064
-0.3	1	-0.3	0	0	1	0	0	0	1	1	0.00088129495	-0.0011617014	-1.6087773e-05	-0.00091497084	0.00082220821	-7.0970619e-06	-1.9002789e-05	-7.6968585e-06	0.00025493894	-0.00065281403	0.00017676639	inf	inf	inf
