lambda	F11	F12	F13	F21	F22	F23	F31	F32	F33	J	P11	P12	P13	P21	P22	P23	P31	P32	P33	p	StrEn	t(1)	t(2)	d
0	1	0	0	0	1	0	0	0	1	1	0	0	0	0	0	0	0	0	0	-0	0	inf	inf	inf
-0.002	0.998	0	0	0	0.998	0	0	0	0.998	0.99401199	-2.1655145e-05	5.7169503e-07	-3.4458167e-07	5.8233294e-07	-2.1814324e-05	-1.3123283e-07	-3.3014953e-07	-1.2692247e-07	-2.1821629e-05	2.17637e-05	6.6115567e-08	-6.5291099e-05	-6.438637e-05	-0.014051558
-0.004	0.996	0	0	0	0.996	0	0	0	0.996	0.98804794	-4.1617498e-05	1.0886733e-06	-9.8852244e-07	1.1084804e-06	-4.1793436e-05	-3.0460877e-07	-9.601644e-07	-2.9443979e-07	-4.1781553e-05	4.1730829e-05	2.5754548e-07	-0.00012519249	-0.00012336256	-0.014833758
-0.006	0.994	0	0	0	0.994	0	0	0	0.994	0.98210778	-5.7944946e-05	1.1058641e-06	-2.7881432e-06	1.1303636e-06	-5.8105762e-05	-5.6477686e-07	-2.7372221e-06	-5.3980228e-07	-5.8069508e-05	5.8040072e-05	5.595658e-07	-0.00017412022	-0.00017054597	-0.020957659
-0.008	0.992	0	0	0	0.992	0	0	0	0.992	0.97619149	-6.7594423e-05	2.4791009e-07	-6.7194096e-06	2.7180363e-07	-6.7772858e-05	-9.3972432e-07	-6.6442006e-06	-8.9472793e-07	-6.7714609e-05	6.7693963e-05	9.3972937e-07	-0.00020308189	-0.00020107475	-0.0099820471
-0.01	0.99	0	0	0	0.99	0	0	0	0.99	0.970299	-7.2835036e-05	-4.0307401e-07	-1.1109289e-05	-3.7606017e-07	-7.3097668e-05	-1.4303861e-06	-1.1015859e-05	-1.3735474e-06	-7.3037669e-05	7.2990124e-05	1.3638648e-06	-0.00021897037	-0.00021840283	-0.0025986037
-0.012	0.988	0	0	0	0.988	0	0	0	0.988	0.96443027	-7.6362534e-05	-8.9481137e-07	-1.5829732e-05	-8.7573984e-07	-7.6703137e-05	-1.3671711e-06	-1.5723069e-05	-1.2933528e-06	-7.6600355e-05	7.6555342e-05	1.8133407e-06	-0.00022966603	-0.00022909082	-0.0025108184
-0.014	0.986	0	0	0	0.986	0	0	0	0.986	0.95858526	-7.8706245e-05	-1.1031286e-06	-1.9574925e-05	-1.0894251e-06	-7.9134747e-05	-1.2714703e-06	-1.9457164e-05	-1.1840351e-06	-7.8991104e-05	7.8944032e-05	2.2802281e-06	-0.0002368321	-0.00023650493	-0.0013833325
-0.016	0.984	0	0	0	0.984	0	0	0	0.984	0.9527639	-8.0390827e-05	-1.199199e-06	-2.2648343e-05	-1.1907109e-06	-8.090792e-05	-1.1493095e-06	-2.2520821e-05	-1.0492895e-06	-8.0716771e-05	8.0671839e-05	2.7593604e-06	-0.00024201552	-0.00024182022	-0.00080759509
-0.018	0.982	0	0	0	0.982	0	0	0	0.982	0.94696617	-8.1645522e-05	-1.2398184e-06	-2.5162049e-05	-1.2364627e-06	-8.2249821e-05	-1.0264154e-06	-2.5025667e-05	-9.1453644e-07	-8.2005271e-05	8.1966871e-05	3.247509e-06	-0.00024590061	-0.00024579041	-0.00044838215
-0.02	0.98	0	0	0	0.98	0	0	0	0.98	0.941192	-8.2609819e-05	-1.2516499e-06	-2.7227301e-05	-1.2533196e-06	-8.3299545e-05	-9.1298257e-07	-2.7082708e-05	-7.8984081e-07	-8.2996734e-05	8.2968699e-05	3.742522e-06	-0.0002489061	-0.0002488536	-0.00021095576
-0.022	0.978	0	0	0	0.978	0	0	0	0.978	0.93544135	-8.3372729e-05	-1.2480503e-06	-2.8938789e-05	-1.2546129e-06	-8.4146287e-05	-8.1203768e-07	-2.8786484e-05	-6.7815619e-07	-8.3781246e-05	8.3766754e-05	4.2429234e-06	-0.00025130026	-0.00025128826	-4.7743193e-05
-0.024	0.976	0	0	0	0.976	0	0	0	0.976	0.92971418	-8.3992503e-05	-1.2360466e-06	-3.0371746e-05	-1.2473549e-06	-8.4848656e-05	-7.2366212e-07	-3.0212136e-05	-5.7951425e-07	-8.4418109e-05	8.4419756e-05	4.7476751e-06	-0.00025325927	-0.00025327663	6.8545135e-05
-0.026	0.974	0	0	0	0.974	0	0	0	0.974	0.92401042	-8.4508086e-05	-1.2194818e-06	-3.1584254e-05	-1.2353822e-06	-8.5445964e-05	-6.4682598e-07	-3.1417679e-05	-4.9284634e-07	-8.4947154e-05	8.4967068e-05	5.2560299e-06	-0.0002549012	-0.00025494056	0.00015437017
-0.028	0.972	0	0	0	0.972	0	0	0	0.972	0.91833005	-8.4946063e-05	-1.2005229e-06	-3.2620736e-05	-1.220862e-06	-8.5965125e-05	-5.8017021e-07	-3.2447492e-05	-4.1676075e-07	-8.5395685e-05	8.5435624e-05	5.7674373e-06	-0.00025630687	-0.00025636325	0.00021991542
-0.03	0.97	0	0	0	0.97	0	0	0	0.97	0.912673	-8.5324978e-05	-1.1804216e-06	-3.3515192e-05	-1.2050496e-06	-8.642496e-05	-5.2233167e-07	-3.333554e-05	-3.4986569e-07	-8.5782809e-05	8.5844249e-05	6.2814829e-06	-0.00025753275	-0.00025760271	0.00027160695
-0.032	0.968	0	0	0	0.968	0	0	0	0.968	0.90703923	-8.5658035e-05	-1.1599133e-06	-3.4293803e-05	-1.188686e-06	-8.6838895e-05	-4.7206763e-07	-3.4107979e-05	-2.9089289e-07	-8.6122172e-05	8.6206367e-05	6.7978482e-06	-0.0002586191	-0.00025870023	0.00031358094
-0.034	0.966	0	0	0	0.966	0	0	0	0.966	0.9014287	-8.5954828e-05	-1.139434e-06	-3.4976905e-05	-1.1722137e-06	-8.7216708e-05	-4.2829257e-07	-3.4785124e-05	-2.3873381e-07	-8.6423713e-05	8.6531749e-05	7.3162838e-06	-0.00025959525	-0.00025968576	0.00034855533
-0.036	0.964	0	0	0	0.964	0	0	0	0.964	0.89584134	-8.6222462e-05	-1.1192416e-06	-3.5580454e-05	-1.1558979e-06	-8.7565647e-05	-3.9007773e-07	-3.538291e-05	-1.9243885e-07	-8.6694806e-05	8.6827638e-05	7.8365912e-06	-0.00026048292	-0.00026058151	0.00037835456
-0.038	0.962	0	0	0	0.962	0	0	0	0.962	0.89027713	-8.6466289e-05	-1.0994868e-06	-3.6117093e-05	-1.1398961e-06	-8.7891185e-05	-3.5663629e-07	-3.5913969e-05	-1.5120229e-07	-8.6941021e-05	8.7099498e-05	8.3586098e-06	-0.00026129849	-0.00026140416	0.00040422978
-0.04	0.96	0	0	0	0.96	0	0	0	0.96	0.884736	-8.669041e-05	-1.0802536e-06	-3.659695e-05	-1.1242994e-06	-8.8197517e-05	-3.2730434e-07	-3.6388414e-05	-1.1434304e-07	-8.7166628e-05	8.7351518e-05	8.8822079e-06	-0.00026205455	-0.00026216651	0.00042705726
-0.042	0.958	0	0	0	0.958	0	0	0	0.958	0.87921791	-8.6898014e-05	-1.061585e-06	-3.7028214e-05	-1.1091572e-06	-8.848791e-05	-3.0152213e-07	-3.6814423e-05	-8.1285664e-08	-8.7374953e-05	8.7586959e-05	9.4072759e-06	-0.00026276088	-0.0002628785	0.00044746351
-0.044	0.956	0	0	0	0.956	0	0	0	0.956	0.87372282	-8.7091613e-05	-1.043498e-06	-3.741757e-05	-1.0944928e-06	-8.8764942e-05	-2.7881706e-07	-3.7198671e-05	-5.1543246e-08	-8.756862e-05	8.7808392e-05	9.9337219e-06	-0.00026342517	-0.00026354796	0.00046590538
-0.046	0.954	0	0	0	0.954	0	0	0	0.954	0.86825066	-8.7273214e-05	-1.0259935e-06	-3.7770522e-05	-1.0803129e-06	-8.9030671e-05	-2.587892e-07	-3.7546654e-05	-2.4702743e-08	-8.7749727e-05	8.8017871e-05	1.0461468e-05	-0.00026405361	-0.00026418114	0.0004827224
-0.048	0.952	0	0	0	0.952	0	0	0	0.952	0.86280141	-8.7444436e-05	-1.0090623e-06	-3.8091643e-05	-1.0666137e-06	-8.9286764e-05	-2.4109904e-07	-3.7862937e-05	-4.1261752e-10	-8.7919968e-05	8.8217056e-05	1.0990446e-05	-0.00026465117	-0.00026478308	0.00049817157
-0.05	0.95	0	0	0	0.95	0	0	0	0.95	0.857375	-8.7606603e-05	-9.9268885e-07	-3.8384758e-05	-1.0533849e-06	-8.953458e-05	-2.2545738e-07	-3.8151337e-05	2.1627404e-08	-8.8080726e-05	8.8407303e-05	1.15206e-05	-0.00026522191	-0.00026535789	0.00051245074
-0.052	0.948	0	0	0	0.948	0	0	0	0.948	0.85197139	-8.7760802e-05	-9.7685431e-07	-3.8653092e-05	-1.0406123e-06	-8.977524e-05	-2.1161695e-07	-3.8415073e-05	4.1674781e-08	-8.8233144e-05	8.8589729e-05	1.2051878e-05	-0.00026576919	-0.00026590898	0.00052571478
-0.054	0.946	0	0	0	0.946	0	0	0	0.946	0.84659054	-8.790794e-05	-9.6153777e-07	-3.8899382e-05	-1.0282794e-06	-9.0009677e-05	-1.9936556e-07	-3.8656876e-05	5.9951122e-08	-8.837817e-05	8.8765262e-05	1.2584236e-05	-0.00026629579	-0.00026643915	0.00053808677
-0.056	0.944	0	0	0	0.944	0	0	0	0.944	0.84123238	-8.8048776e-05	-9.4671747e-07	-3.9125965e-05	-1.0163685e-06	-9.0238675e-05	-1.8852044e-07	-3.8879077e-05	7.6647909e-08	-8.8516601e-05	8.8934684e-05	1.3117635e-05	-0.00026680405	-0.00026695079	0.000549666
-0.058	0.942	0	0	0	0.942	0	0	0	0.942	0.83589689	-8.8183951e-05	-9.3237152e-07	-3.9334849e-05	-1.0048617e-06	-9.0462895e-05	-1.7892356e-07	-3.9083679e-05	9.1931222e-08	-8.8649108e-05	8.9098651e-05	1.3652039e-05	-0.00026729595	-0.00026744587	0.00056053359
-0.06	0.94	0	0	0	0.94	0	0	0	0.94	0.830584	-8.831401e-05	-9.1847837e-07	-3.9527765e-05	-9.9374099e-07	-9.0682902e-05	-1.7043782e-07	-3.927241e-05	1.0594564e-07	-8.8776265e-05	8.9257725e-05	1.4187418e-05	-0.00026777318	-0.0002679261	0.00057075676
-0.062	0.938	0	0	0	0.938	0	0	0	0.938	0.82529367	-8.843942e-05	-9.0501702e-07	-3.9706221e-05	-9.8298862e-07	-9.0899177e-05	-1.6294388e-07	-3.9446771e-05	1.1881747e-07	-8.889856e-05	8.9412386e-05	1.4723743e-05	-0.00026823716	-0.00026839293	0.00058039178
-0.064	0.936	0	0	0	0.936	0	0	0	0.936	0.82002586	-8.8560583e-05	-8.9196724e-07	-3.9871528e-05	-9.7258754e-07	-9.1112138e-05	-1.5633746e-07	-3.9608072e-05	1.3065745e-07	-8.9016417e-05	8.9563046e-05	1.526099e-05	-0.00026868914	-0.00026884762	0.00058948633
-0.066	0.934	0	0	0	0.934	0	0	0	0.934	0.8147805	-8.8677847e-05	-8.7930968e-07	-4.0024836e-05	-9.625213e-07	-9.1322145e-05	-1.5052719e-07	-3.9757457e-05	1.4156297e-07	-8.91302e-05	8.9710064e-05	1.5799134e-05	-0.00026913019	-0.00026929125	0.00059808121
-0.068	0.932	0	0	0	0.932	0	0	0	0.932	0.80955757	-8.8791515e-05	-8.6702588e-07	-4.0167158e-05	-9.5277414e-07	-9.1529513e-05	-1.4543275e-07	-3.9895936e-05	1.5161997e-07	-8.9240228e-05	8.9853752e-05	1.6338155e-05	-0.00026956126	-0.00026972477	0.00060621163
-0.07	0.93	0	0	0	0.93	0	0	0	0.93	0.804357	-8.8901851e-05	-8.5509828e-07	-4.0299386e-05	-9.4333109e-07	-9.1734518e-05	-1.4098333e-07	-4.00244e-05	1.609045e-07	-8.9346779e-05	8.9994382e-05	1.6878033e-05	-0.00026998315	-0.00027014899	0.00061390829
-0.072	0.928	0	0	0	0.928	0	0	0	0.928	0.79917875	-8.9009088e-05	-8.4351026e-07	-4.0422315e-05	-9.3417789e-07	-9.19374e-05	-1.3711633e-07	-4.0143637e-05	1.6948406e-07	-8.9450097e-05	9.0132195e-05	1.7418751e-05	-0.00027039659	-0.00027056466	0.0006211981
-0.074	0.926	0	0	0	0.926	0	0	0	0.926	0.79402278	-8.9113431e-05	-8.3224604e-07	-4.0536647e-05	-9.2530102e-07	-9.2138376e-05	-1.3377626e-07	-4.0254349e-05	1.7741873e-07	-8.9550398e-05	9.0267402e-05	1.7960292e-05	-0.00027080221	-0.0002709724	0.00062810484
-0.076	0.924	0	0	0	0.924	0	0	0	0.924	0.78888902	-8.9215062e-05	-8.2129072e-07	-4.0643013e-05	-9.1668768e-07	-9.2337635e-05	-1.3091381e-07	-4.0357164e-05	1.8476212e-07	-8.9647872e-05	9.040019e-05	1.850264e-05	-0.00027120057	-0.0002713728	0.00063464966
-0.078	0.922	0	0	0	0.922	0	0	0	0.922	0.78377745	-8.9314142e-05	-8.1063021e-07	-4.0741976e-05	-9.0832574e-07	-9.2535345e-05	-1.2848503e-07	-4.0452643e-05	1.9156221e-07	-8.974269e-05	9.0530725e-05	1.9045783e-05	-0.00027159218	-0.00027176634	0.00064085149
-0.08	0.92	0	0	0	0.92	0	0	0	0.92	0.778688	-8.9410814e-05	-8.0025118e-07	-4.0834041e-05	-9.0020375e-07	-9.2731658e-05	-1.2645071e-07	-4.0541288e-05	1.97862e-07	-8.9835001e-05	9.0659158e-05	1.9589706e-05	-0.00027197747	-0.00027215348	0.00064672731
-0.082	0.918	0	0	0	0.918	0	0	0	0.918	0.77362063	-8.9505207e-05	-7.9014105e-07	-4.0919665e-05	-8.9231085e-07	-9.2926709e-05	-1.2477575e-07	-4.0623553e-05	2.0370014e-07	-8.9924941e-05	9.0785619e-05	2.0134397e-05	-0.00027235686	-0.00027253463	0.00065229246
-0.084	0.916	0	0	0	0.916	0	0	0	0.916	0.7685753	-8.9597436e-05	-7.8028792e-07	-4.0999258e-05	-8.8463678e-07	-9.3120621e-05	-1.2342867e-07	-4.0699846e-05	2.0911145e-07	-9.001263e-05	9.0910229e-05	2.0679844e-05	-0.00027273069	-0.00027291014	0.00065756084
-0.086	0.914	0	0	0	0.914	0	0	0	0.914	0.76355194	-8.9687604e-05	-7.7068053e-07	-4.1073193e-05	-8.7717186e-07	-9.3313503e-05	-1.223812e-07	-4.0770539e-05	2.1412736e-07	-9.0098178e-05	9.1033095e-05	2.1226037e-05	-0.00027309929	-0.00027328035	0.00066254508
-0.088	0.912	0	0	0	0.912	0	0	0	0.912	0.75855053	-8.9775805e-05	-7.6130825e-07	-4.1141806e-05	-8.699069e-07	-9.3505454e-05	-1.216079e-07	-4.0835967e-05	2.1877629e-07	-9.0181682e-05	9.1154314e-05	2.1772966e-05	-0.00027346294	-0.00027364553	0.00066725668
-0.09	0.91	0	0	0	0.91	0	0	0	0.91	0.753571	-8.9862123e-05	-7.5216104e-07	-4.1205405e-05	-8.6283321e-07	-9.3696565e-05	-1.2108581e-07	-4.0896434e-05	2.2308399e-07	-9.0263229e-05	9.1273973e-05	2.2320619e-05	-0.00027382192	-0.00027400597	0.00067170617
-0.092	0.908	0	0	0	0.908	0	0	0	0.908	0.74861331	-8.9946634e-05	-7.4322936e-07	-4.1264269e-05	-8.5594256e-07	-9.3886917e-05	-1.2079423e-07	-4.0952219e-05	2.2707382e-07	-9.0342901e-05	9.1392151e-05	2.286899e-05	-0.00027417645	-0.00027436189	0.00067590318
-0.094	0.906	0	0	0	0.906	0	0	0	0.906	0.74367742	-9.0029407e-05	-7.3450421e-07	-4.1318653e-05	-8.4922718e-07	-9.4076585e-05	-1.207144e-07	-4.1003575e-05	2.3076703e-07	-9.0420769e-05	9.150892e-05	2.3418067e-05	-0.00027452676	-0.00027471353	0.00067985653
-0.096	0.904	0	0	0	0.904	0	0	0	0.904	0.73876326	-9.0110505e-05	-7.2597706e-07	-4.136879e-05	-8.4267967e-07	-9.4265637e-05	-1.2082936e-07	-4.1050732e-05	2.3418295e-07	-9.0496898e-05	9.1624347e-05	2.3967844e-05	-0.00027487304	-0.00027506106	0.00068357431
-0.098	0.902	0	0	0	0.902	0	0	0	0.902	0.73387081	-9.0189984e-05	-7.1763983e-07	-4.1414894e-05	-8.3629302e-07	-9.4454135e-05	-1.2112369e-07	-4.1093904e-05	2.3733924e-07	-9.0571348e-05	9.1738489e-05	2.4518311e-05	-0.00027521547	-0.00027540469	0.00068706395
-0.1	0.9	0	0	0	0.9	0	0	0	0.9	0.729	-9.0267896e-05	-7.0948484e-07	-4.145716e-05	-8.300606e-07	-9.4642137e-05	-1.2158341e-07	-4.1133285e-05	2.4025198e-07	-9.0644172e-05	9.1851402e-05	2.5069462e-05	-0.00027555421	-0.00027574456	0.00069033228
-0.102	0.898	0	0	0	0.898	0	0	0	0.898	0.72415079	-9.0344289e-05	-7.0150483e-07	-4.1495768e-05	-8.239761e-07	-9.4829695e-05	-1.2219581e-07	-4.1169053e-05	2.4293592e-07	-9.0715421e-05	9.1963135e-05	2.562129e-05	-0.0002758894	-0.00027608083	0.00069338555
-0.104	0.896	0	0	0	0.896	0	0	0	0.896	0.71932314	-9.0419205e-05	-6.9369289e-07	-4.1530884e-05	-8.180335e-07	-9.5016857e-05	-1.2294931e-07	-4.1201372e-05	2.4540451e-07	-9.0785138e-05	9.2073733e-05	2.6173786e-05	-0.0002762212	-0.00027641365	0.00069622949
-0.106	0.894	0	0	0	0.894	0	0	0	0.894	0.71451698	-9.0492683e-05	-6.8604247e-07	-4.1562661e-05	-8.1222712e-07	-9.5203667e-05	-1.2383335e-07	-4.1230394e-05	2.4767013e-07	-9.0853364e-05	9.2183238e-05	2.6726944e-05	-0.00027654971	-0.00027674312	0.00069886933
-0.108	0.892	0	0	0	0.892	0	0	0	0.892	0.70973229	-9.056476e-05	-6.7854733e-07	-4.1591238e-05	-8.0655151e-07	-9.5390166e-05	-1.2483832e-07	-4.1256257e-05	2.4974408e-07	-9.0920135e-05	9.2291687e-05	2.7280758e-05	-0.00027687506	-0.00027706937	0.00070130984
-0.11	0.89	0	0	0	0.89	0	0	0	0.89	0.704969	-9.0635467e-05	-6.7120154e-07	-4.1616746e-05	-8.0100151e-07	-9.5576392e-05	-1.2595542e-07	-4.1279091e-05	2.5163678e-07	-9.0985487e-05	9.2399115e-05	2.7835222e-05	-0.00027719735	-0.00027739251	0.00070355536
-0.112	0.888	0	0	0	0.888	0	0	0	0.888	0.70022707	-9.0704835e-05	-6.6399948e-07	-4.1639304e-05	-7.9557218e-07	-9.576238e-05	-1.2717663e-07	-4.1299015e-05	2.5335779e-07	-9.1049448e-05	9.2505555e-05	2.8390328e-05	-0.00027751666	-0.00027771262	0.00070560981
-0.114	0.886	0	0	0	0.886	0	0	0	0.886	0.69550646	-9.077289e-05	-6.5693577e-07	-4.1659024e-05	-7.9025882e-07	-9.5948163e-05	-1.2849461e-07	-4.1316137e-05	2.5491587e-07	-9.1112047e-05	9.2611033e-05	2.8946072e-05	-0.0002778331	-0.0002780298	0.0007074767
-0.116	0.884	0	0	0	0.884	0	0	0	0.884	0.6908071	-9.0839658e-05	-6.5000528e-07	-4.1676008e-05	-7.8505692e-07	-9.6133769e-05	-1.2990266e-07	-4.1330561e-05	2.5631913e-07	-9.1173309e-05	9.2715579e-05	2.9502447e-05	-0.00027814674	-0.00027834413	0.00070915916
-0.118	0.882	0	0	0	0.882	0	0	0	0.882	0.68612897	-9.0905159e-05	-6.4320315e-07	-4.1690351e-05	-7.7996221e-07	-9.6319226e-05	-1.3139463e-07	-4.1342379e-05	2.57575e-07	-9.1233257e-05	9.2819214e-05	3.0059449e-05	-0.00027845764	-0.00027865567	0.00071065994
-0.12	0.88	0	0	0	0.88	0	0	0	0.88	0.681472	-9.0969415e-05	-6.3652471e-07	-4.1702141e-05	-7.7497055e-07	-9.6504561e-05	-1.3296491e-07	-4.1351678e-05	2.5869032e-07	-9.129191e-05	9.2921962e-05	3.061707e-05	-0.00027876589	-0.0002789645	0.00071198143
-0.122	0.878	0	0	0	0.878	0	0	0	0.878	0.67683615	-9.1032443e-05	-6.2996552e-07	-4.1711461e-05	-7.70078e-07	-9.6689797e-05	-1.3460836e-07	-4.135854e-05	2.5967139e-07	-9.1349286e-05	9.3023842e-05	3.1175307e-05	-0.00027907153	-0.00027927068	0.00071312565
-0.124	0.876	0	0	0	0.876	0	0	0	0.876	0.67222138	-9.109426e-05	-6.2352134e-07	-4.1718384e-05	-7.652808e-07	-9.6874955e-05	-1.3632026e-07	-4.1363039e-05	2.6052401e-07	-9.1405403e-05	9.3124873e-05	3.1734153e-05	-0.00027937462	-0.00027957426	0.00071409427
-0.126	0.874	0	0	0	0.874	0	0	0	0.874	0.66762762	-9.1154881e-05	-6.1718811e-07	-4.1722983e-05	-7.6057531e-07	-9.7060056e-05	-1.3809632e-07	-4.1365245e-05	2.6125352e-07	-9.1460275e-05	9.3225071e-05	3.2293604e-05	-0.00027967521	-0.00027987529	0.0007148886
-0.128	0.872	0	0	0	0.872	0	0	0	0.872	0.66305485	-9.1214317e-05	-6.1096194e-07	-4.1725322e-05	-7.5595804e-07	-9.7245119e-05	-1.3993259e-07	-4.1365221e-05	2.6186482e-07	-9.1513913e-05	9.332445e-05	3.2853654e-05	-0.00027997335	-0.00028017382	0.0007155096
-0.13	0.87	0	0	0	0.87	0	0	0	0.87	0.658503	-9.1272581e-05	-6.0483912e-07	-4.1725461e-05	-7.5142564e-07	-9.7430161e-05	-1.4182546e-07	-4.1363026e-05	2.6236243e-07	-9.1566329e-05	9.3423024e-05	3.3414299e-05	-0.00028026907	-0.00028046988	0.00071595788
-0.132	0.868	0	0	0	0.868	0	0	0	0.868	0.65397203	-9.1329681e-05	-5.9881609e-07	-4.1723456e-05	-7.4697488e-07	-9.7615198e-05	-1.4377167e-07	-4.1358717e-05	2.6275047e-07	-9.1617532e-05	9.3520804e-05	3.3975534e-05	-0.00028056241	-0.0002807635	0.00071623366
-0.134	0.866	0	0	0	0.866	0	0	0	0.866	0.6494619	-9.1385627e-05	-5.9288943e-07	-4.1719358e-05	-7.4260263e-07	-9.7800245e-05	-1.4576819e-07	-4.1352343e-05	2.6303273e-07	-9.1667529e-05	9.3617801e-05	3.4537353e-05	-0.0002808534	-0.00028105473	0.00071633682
-0.136	0.864	0	0	0	0.864	0	0	0	0.864	0.64497254	-9.1440425e-05	-5.8705587e-07	-4.1713216e-05	-7.3830588e-07	-9.7985316e-05	-1.4781231e-07	-4.134395e-05	2.6321268e-07	-9.1716326e-05	9.3714022e-05	3.5099752e-05	-0.00028114207	-0.00028134358	0.00071626685
-0.138	0.862	0	0	0	0.862	0	0	0	0.862	0.64050393	-9.149408e-05	-5.8131228e-07	-4.1705073e-05	-7.3408171e-07	-9.8170422e-05	-1.4990154e-07	-4.1333583e-05	2.6329347e-07	-9.1763928e-05	9.3809476e-05	3.5662727e-05	-0.00028142843	-0.00028163008	0.00071602286
-0.14	0.86	0	0	0	0.86	0	0	0	0.86	0.636056	-9.1546596e-05	-5.7565564e-07	-4.169497e-05	-7.299273e-07	-9.8355574e-05	-1.5203363e-07	-4.1321281e-05	2.6327797e-07	-9.1810337e-05	9.3904169e-05	3.6226273e-05	-0.00028171251	-0.00028191425	0.00071560353
-0.142	0.858	0	0	0	0.858	0	0	0	0.858	0.63162871	-9.1597976e-05	-5.7008304e-07	-4.1682944e-05	-7.2583991e-07	-9.8540784e-05	-1.5420656e-07	-4.130708e-05	2.6316878e-07	-9.1855554e-05	9.3998105e-05	3.6790384e-05	-0.00028199431	-0.00028219609	0.00071500716
-0.144	0.856	0	0	0	0.856	0	0	0	0.856	0.62722202	-9.164822e-05	-5.645917e-07	-4.1669029e-05	-7.2181687e-07	-9.872606e-05	-1.5641849e-07	-4.1291013e-05	2.6296821e-07	-9.189958e-05	9.4091286e-05	3.7355057e-05	-0.00028227386	-0.00028247561	0.00071423157
-0.146	0.854	0	0	0	0.854	0	0	0	0.854	0.62283586	-9.1697328e-05	-5.5917893e-07	-4.1653255e-05	-7.1785557e-07	-9.8911409e-05	-1.5866778e-07	-4.127311e-05	2.6267837e-07	-9.1942412e-05	9.4183717e-05	3.7920287e-05	-0.00028255115	-0.00028275283	0.00071327415
-0.148	0.852	0	0	0	0.852	0	0	0	0.852	0.61847021	-9.1745299e-05	-5.5384216e-07	-4.1635651e-05	-7.1395349e-07	-9.9096841e-05	-1.6095299e-07	-4.1253398e-05	2.6230108e-07	-9.1984047e-05	9.4275396e-05	3.8486068e-05	-0.00028282619	-0.00028302774	0.00071213179
-0.15	0.85	0	0	0	0.85	0	0	0	0.85	0.614125	-9.179213e-05	-5.485789e-07	-4.1616242e-05	-7.1010815e-07	-9.9282359e-05	-1.6327284e-07	-4.1231901e-05	2.6183796e-07	-9.2024479e-05	9.4366323e-05	3.9052398e-05	-0.00028309897	-0.00028330034	0.00071080084
-0.152	0.848	0	0	0	0.848	0	0	0	0.848	0.60980019	-9.1837814e-05	-5.4338674e-07	-4.1595049e-05	-7.0631711e-07	-9.946797e-05	-1.6562619e-07	-4.1208641e-05	2.6129041e-07	-9.2063703e-05	9.4456496e-05	3.961927e-05	-0.00028336949	-0.00028357062	0.00070927713
-0.154	0.846	0	0	0	0.846	0	0	0	0.846	0.60549574	-9.1882347e-05	-5.3826337e-07	-4.1572094e-05	-7.02578e-07	-9.9653677e-05	-1.680121e-07	-4.1183636e-05	2.6065958e-07	-9.2101708e-05	9.4545911e-05	4.018668e-05	-0.00028363773	-0.00028383856	0.00070755587
-0.156	0.844	0	0	0	0.844	0	0	0	0.844	0.60121158	-9.1925719e-05	-5.3320655e-07	-4.1547391e-05	-6.9888845e-07	-9.9839485e-05	-1.7042976e-07	-4.1156902e-05	2.5994642e-07	-9.2138486e-05	9.4634563e-05	4.0754624e-05	-0.00028390369	-0.00028410416	0.00070563164
-0.158	0.842	0	0	0	0.842	0	0	0	0.842	0.59694769	-9.1967921e-05	-5.2821412e-07	-4.1520956e-05	-6.9524615e-07	-0.00010002539	-1.7287849e-07	-4.1128452e-05	2.5915168e-07	-9.2174022e-05	9.4722446e-05	4.1323097e-05	-0.00028416734	-0.00028436739	0.00070349831
-0.16	0.84	0	0	0	0.84	0	0	0	0.84	0.592704	-9.2008941e-05	-5.23284e-07	-4.1492801e-05	-6.916488e-07	-0.00010021141	-1.7535779e-07	-4.1098297e-05	2.5827587e-07	-9.2208303e-05	9.480955e-05	4.1892094e-05	-0.00028442865	-0.00028462822	0.00070114904
-0.162	0.838	0	0	0	0.838	0	0	0	0.838	0.58848047	-9.2048766e-05	-5.1841415e-07	-4.1462932e-05	-6.8809412e-07	-0.00010039752	-1.7786728e-07	-4.1066444e-05	2.5731931e-07	-9.2241312e-05	9.4895866e-05	4.246161e-05	-0.0002846876	-0.00028488661	0.00069857611
-0.164	0.836	0	0	0	0.836	0	0	0	0.836	0.58427706	-9.2087378e-05	-5.1360264e-07	-4.1431358e-05	-6.8457984e-07	-0.00010058374	-1.804067e-07	-4.1032898e-05	2.5628209e-07	-9.227303e-05	9.4981382e-05	4.303164e-05	-0.00028494414	-0.00028514254	0.00069577097
-0.166	0.834	0	0	0	0.834	0	0	0	0.834	0.5800937	-9.2124759e-05	-5.0884755e-07	-4.139808e-05	-6.811037e-07	-0.00010077005	-1.8297597e-07	-4.0997662e-05	2.5516407e-07	-9.2303433e-05	9.5066082e-05	4.360218e-05	-0.00028519825	-0.00028539595	0.00069272404
-0.168	0.832	0	0	0	0.832	0	0	0	0.832	0.57593037	-9.216089e-05	-5.0414706e-07	-4.1363098e-05	-6.7766342e-07	-0.00010095647	-1.8557512e-07	-4.0960734e-05	2.539649e-07	-9.2332498e-05	9.5149951e-05	4.4173224e-05	-0.00028544985	-0.00028564678	0.00068942469
-0.17	0.83	0	0	0	0.83	0	0	0	0.83	0.571787	-9.2195744e-05	-4.9949938e-07	-4.1326411e-05	-6.742567e-07	-0.00010114297	-1.8820431e-07	-4.0922109e-05	2.52684e-07	-9.2360197e-05	9.523297e-05	4.4744767e-05	-0.00028569891	-0.00028589499	0.00068586109
-0.172	0.828	0	0	0	0.828	0	0	0	0.828	0.56766355	-9.2229296e-05	-4.9490278e-07	-4.1288011e-05	-6.7088125e-07	-0.00010132956	-1.9086387e-07	-4.0881781e-05	2.5132053e-07	-9.2386497e-05	9.5315116e-05	4.5316804e-05	-0.00028594535	-0.0002861405	0.00068202012
-0.174	0.826	0	0	0	0.826	0	0	0	0.826	0.56355998	-9.2261515e-05	-4.9035558e-07	-4.1247888e-05	-6.6753473e-07	-0.00010151622	-1.9355426e-07	-4.0839739e-05	2.498734e-07	-9.2411364e-05	9.5396367e-05	4.5889329e-05	-0.0002861891	-0.00028638324	0.0006778872
-0.176	0.824	0	0	0	0.824	0	0	0	0.824	0.55947622	-9.2292366e-05	-4.8585615e-07	-4.120603e-05	-6.6421475e-07	-0.00010170295	-1.9627609e-07	-4.0795967e-05	2.4834126e-07	-9.2434758e-05	9.5476692e-05	4.6462337e-05	-0.00028643008	-0.0002866231	0.00067344616
-0.178	0.822	0	0	0	0.822	0	0	0	0.822	0.55541225	-9.2321812e-05	-4.8140289e-07	-4.1162419e-05	-6.609189e-07	-0.00010188974	-1.9903013e-07	-4.0750447e-05	2.4672246e-07	-9.2456636e-05	9.5556063e-05	4.7035821e-05	-0.00028666819	-0.00028686001	0.00066867902
-0.18	0.82	0	0	0	0.82	0	0	0	0.82	0.551368	-9.2349808e-05	-4.7699428e-07	-4.1117033e-05	-6.5764467e-07	-0.00010207657	-2.0181731e-07	-4.0703156e-05	2.4501507e-07	-9.2476947e-05	9.5634442e-05	4.7609777e-05	-0.00028690333	-0.00028709383	0.00066356588
-0.182	0.818	0	0	0	0.818	0	0	0	0.818	0.54734343	-9.2376306e-05	-4.726288e-07	-4.1069845e-05	-6.543895e-07	-0.00010226343	-2.0463873e-07	-4.0654065e-05	2.4321682e-07	-9.2495636e-05	9.5711791e-05	4.8184197e-05	-0.00028713537	-0.00028732446	0.00065808459
-0.184	0.816	0	0	0	0.816	0	0	0	0.816	0.5433385	-9.2401251e-05	-4.68305e-07	-4.1020824e-05	-6.5115075e-07	-0.0001024503	-2.0749568e-07	-4.0603142e-05	2.4132508e-07	-9.2512642e-05	9.5788064e-05	4.8759075e-05	-0.00028736419	-0.00028755174	0.00065221059
-0.186	0.814	0	0	0	0.814	0	0	0	0.814	0.53935314	-9.2424582e-05	-4.6402146e-07	-4.0969933e-05	-6.4792566e-07	-0.00010263716	-2.1038963e-07	-4.0550346e-05	2.3933686e-07	-9.2527897e-05	9.5863212e-05	4.9334404e-05	-0.00028758964	-0.00028777551	0.0006459166
-0.188	0.812	0	0	0	0.812	0	0	0	0.812	0.53538733	-9.2446231e-05	-4.597768e-07	-4.0917127e-05	-6.4471136e-07	-0.00010282398	-2.1332228e-07	-4.0495632e-05	2.3724873e-07	-9.2541321e-05	9.5937177e-05	4.9910177e-05	-0.00028781153	-0.00028799561	0.00063917229
-0.19	0.81	0	0	0	0.81	0	0	0	0.81	0.531441	-9.2466119e-05	-4.5556969e-07	-4.0862356e-05	-6.4150484e-07	-0.00010301074	-2.1629555e-07	-4.0438948e-05	2.3505686e-07	-9.2552829e-05	9.6009897e-05	5.0486386e-05	-0.00028802969	-0.00028821182	0.00063194397
-0.192	0.808	0	0	0	0.808	0	0	0	0.808	0.52751411	-9.2484159e-05	-4.5139882e-07	-4.0805561e-05	-6.3830295e-07	-0.00010319741	-2.1931157e-07	-4.0380232e-05	2.3275686e-07	-9.2562325e-05	9.6081299e-05	5.1063024e-05	-0.0002882439	-0.00028842393	0.00062419417
-0.194	0.806	0	0	0	0.806	0	0	0	0.806	0.52360662	-9.2500252e-05	-4.4726296e-07	-4.0746673e-05	-6.3510236e-07	-0.00010338396	-2.2237278e-07	-4.0319414e-05	2.3034385e-07	-9.2569697e-05	9.6151303e-05	5.1640082e-05	-0.00028845391	-0.00028863167	0.00061588125
-0.196	0.804	0	0	0	0.804	0	0	0	0.804	0.51971846	-9.2514288e-05	-4.4316088e-07	-4.0685615e-05	-6.3189951e-07	-0.00010357034	-2.2548188e-07	-4.0256413e-05	2.2781232e-07	-9.2574824e-05	9.6219817e-05	5.2217551e-05	-0.00028865945	-0.00028883476	0.0006069589
-0.198	0.802	0	0	0	0.802	0	0	0	0.802	0.51584961	-9.252614e-05	-4.3909145e-07	-4.0622298e-05	-6.2869066e-07	-0.00010375651	-2.2864189e-07	-4.0191137e-05	2.2515611e-07	-9.2577568e-05	9.6286739e-05	5.2795421e-05	-0.00028886022	-0.00028903288	0.00059737564
-0.2	0.8	0	0	0	0.8	0	0	0	0.8	0.512	-9.2535665e-05	-4.3505355e-07	-4.0556618e-05	-6.2547177e-07	-0.00010394242	-2.3185618e-07	-4.012348e-05	2.2236832e-07	-9.2577771e-05	9.6351952e-05	5.3373682e-05	-0.00028905586	-0.00028922565	0.00058707425
-0.202	0.798	0	0	0	0.798	0	0	0	0.798	0.50816959	-9.2542702e-05	-4.3104614e-07	-4.0488457e-05	-6.2223854e-07	-0.00010412801	-2.3512849e-07	-4.0053321e-05	2.1944123e-07	-9.2575256e-05	9.6415324e-05	5.3952323e-05	-0.00028924597	-0.00028941267	0.00057599122
-0.204	0.796	0	0	0	0.796	0	0	0	0.796	0.50435834	-9.2547066e-05	-4.2706827e-07	-4.0417681e-05	-6.1898633e-07	-0.00010431322	-2.3846298e-07	-3.9980522e-05	2.1636622e-07	-9.2569824e-05	9.6476704e-05	5.4531333e-05	-0.00028943011	-0.00028959346	0.00056405609
-0.206	0.794	0	0	0	0.794	0	0	0	0.794	0.50056618	-9.2548548e-05	-4.2311904e-07	-4.0344135e-05	-6.1571013e-07	-0.00010449797	-2.4186426e-07	-3.9904923e-05	2.1313365e-07	-9.2561246e-05	9.6535922e-05	5.5110697e-05	-0.00028960777	-0.00028976748	0.00055119082
-0.208	0.792	0	0	0	0.792	0	0	0	0.792	0.49679309	-9.2546907e-05	-4.1919766e-07	-4.026764e-05	-6.1240451e-07	-0.00010468218	-2.4533746e-07	-3.9826343e-05	2.0973273e-07	-9.2549263e-05	9.6592783e-05	5.5690403e-05	-0.00028977835	-0.00028993413	0.00053730921
-0.21	0.79	0	0	0	0.79	0	0	0	0.79	0.493039	-9.2541869e-05	-4.1530348e-07	-4.0187993e-05	-6.0906359e-07	-0.00010486574	-2.4888824e-07	-3.9744572e-05	2.0615144e-07	-9.2533581e-05	9.6647065e-05	5.6270434e-05	-0.00028994119	-0.00029009271	0.00052231633
-0.212	0.788	0	0	0	0.788	0	0	0	0.788	0.48930387	-9.2533119e-05	-4.1143597e-07	-4.0104958e-05	-6.0568096e-07	-0.00010504856	-2.5252291e-07	-3.9659371e-05	2.0237633e-07	-9.2513861e-05	9.6698513e-05	5.6850774e-05	-0.00029009554	-0.00029024243	0.00050610808
-0.214	0.786	0	0	0	0.786	0	0	0	0.786	0.48558766	-9.2520297e-05	-4.0759476e-07	-4.0018266e-05	-6.0224964e-07	-0.0001052305	-2.5624839e-07	-3.9570464e-05	1.9839237e-07	-9.2489719e-05	9.6746838e-05	5.7431404e-05	-0.00029024051	-0.00029038239	0.00048857103
-0.216	0.784	0	0	0	0.784	0	0	0	0.784	0.4818903	-9.2502988e-05	-4.0377972e-07	-3.9927605e-05	-5.98762e-07	-0.00010541141	-2.6007239e-07	-3.9477533e-05	1.9418279e-07	-9.2460712e-05	9.6791704e-05	5.8012303e-05	-0.00029037511	-0.00029051153	0.00046958247
-0.218	0.782	0	0	0	0.782	0	0	0	0.782	0.47821177	-9.2480713e-05	-3.9999095e-07	-3.9832616e-05	-5.9520969e-07	-0.00010559114	-2.6400337e-07	-3.9380212e-05	1.8972888e-07	-9.2426334e-05	9.6832727e-05	5.859345e-05	-0.00029049818	-0.00029062868	0.00044901118
-0.22	0.78	0	0	0	0.78	0	0	0	0.78	0.474552	-9.2452921e-05	-3.9622887e-07	-3.9732885e-05	-5.9158361e-07	-0.00010576948	-2.6805066e-07	-3.927808e-05	1.8500979e-07	-9.2386003e-05	9.6869468e-05	5.9174818e-05	-0.0002906084	-0.00029073246	0.00042671878
-0.222	0.778	0	0	0	0.778	0	0	0	0.778	0.47091095	-9.2418976e-05	-3.9249431e-07	-3.9627933e-05	-5.8787378e-07	-0.00010594622	-2.722245e-07	-3.9170651e-05	1.8000231e-07	-9.2339051e-05	9.6901416e-05	5.975638e-05	-0.00029070425	-0.00029082132	0.0004025624
-0.224	0.776	0	0	0	0.776	0	0	0	0.776	0.46728858	-9.2378144e-05	-3.8878854e-07	-3.951721e-05	-5.8406932e-07	-0.00010612112	-2.765361e-07	-3.9057362e-05	1.7468067e-07	-9.2284709e-05	9.6927989e-05	6.0338103e-05	-0.00029078397	-0.00029089346	0.00037639878
-0.226	0.774	0	0	0	0.774	0	0	0	0.774	0.46368482	-9.2329577e-05	-3.8511341e-07	-3.9400078e-05	-5.801584e-07	-0.00010629387	-2.8099762e-07	-3.8937567e-05	1.6901636e-07	-9.2222097e-05	9.6948514e-05	6.0919953e-05	-0.00029084554	-0.00029094682	0.00034809057
-0.228	0.772	0	0	0	0.772	0	0	0	0.772	0.46009965	-9.2272301e-05	-3.8147147e-07	-3.9275803e-05	-5.7612815e-07	-0.00010646415	-2.8562225e-07	-3.8810522e-05	1.6297797e-07	-9.2150202e-05	9.6962217e-05	6.150189e-05	-0.00029088665	-0.00029097904	0.00031751542
-0.23	0.77	0	0	0	0.77	0	0	0	0.77	0.456533	-9.2205192e-05	-3.7786613e-07	-3.9143542e-05	-5.7196474e-07	-0.00010663158	-2.9042407e-07	-3.8675371e-05	1.5653113e-07	-9.2067868e-05	9.6968212e-05	6.208387e-05	-0.00029090464	-0.00029098745	0.00028457872
-0.232	0.768	0	0	0	0.768	0	0	0	0.768	0.45298483	-9.2126964e-05	-3.7430178e-07	-3.9002328e-05	-5.6765332e-07	-0.00010679572	-2.9541802e-07	-3.8531135e-05	1.4963845e-07	-9.1973776e-05	9.6965487e-05	6.266584e-05	-0.00029089646	-0.00029096898	0.00024923064
-0.234	0.766	0	0	0	0.766	0	0	0	0.766	0.4494551	-9.2036151e-05	-3.70784e-07	-3.8851059e-05	-5.6317821e-07	-0.00010695609	-3.0061966e-07	-3.8376697e-05	1.4225979e-07	-9.186643e-05	9.6952891e-05	6.3247745e-05	-0.00029085867	-0.0002909202	0.00021148828
-0.236	0.764	0	0	0	0.764	0	0	0	0.764	0.44594374	-9.1931092e-05	-3.6731976e-07	-3.8688486e-05	-5.5852303e-07	-0.00010711213	-3.0604484e-07	-3.8210794e-05	1.3435258e-07	-9.1744146e-05	9.6929123e-05	6.3829521e-05	-0.00029078737	-0.00029083724	0.00017146304
-0.238	0.762	0	0	0	0.762	0	0	0	0.762	0.44245073	-9.180992e-05	-3.6391758e-07	-3.8513207e-05	-5.53671e-07	-0.00010726322	-3.1170934e-07	-3.803201e-05	1.2587253e-07	-9.1605048e-05	9.6892729e-05	6.4411094e-05	-0.00029067819	-0.0002907158	0.00012939247
-0.24	0.76	0	0	0	0.76	0	0	0	0.76	0.438976	-9.1670566e-05	-3.6058771e-07	-3.8323667e-05	-5.4860536e-07	-0.00010740866	-3.1762812e-07	-3.7838773e-05	1.1677464e-07	-9.1447069e-05	9.6842099e-05	6.4992384e-05	-0.0002905263	-0.00029055119	8.567485e-05
-0.242	0.758	0	0	0	0.758	0	0	0	0.758	0.43551951	-9.1510771e-05	-3.5734224e-07	-3.8118165e-05	-5.4330997e-07	-0.00010754771	-3.2381462e-07	-3.7629368e-05	1.0701473e-07	-9.126797e-05	9.6775483e-05	6.5573299e-05	-0.00029032645	-0.00029033832	4.0901966e-05
-0.244	0.756	0	0	0	0.756	0	0	0	0.756	0.43208122	-9.132811e-05	-3.5419509e-07	-3.7894874e-05	-5.3776998e-07	-0.00010767954	-3.302797e-07	-3.7401954e-05	9.6551356e-08	-9.1065375e-05	9.669101e-05	6.6153738e-05	-0.00029007303	-0.00029007183	-4.1160447e-06
-0.246	0.754	0	0	0	0.754	0	0	0	0.754	0.42866106	-9.1120048e-05	-3.5116192e-07	-3.7651883e-05	-5.3197268e-07	-0.00010780331	-3.3703055e-07	-3.7154606e-05	8.5348213e-08	-9.0836825e-05	9.6586729e-05	6.6733587e-05	-0.00028976019	-0.00028974618	-4.8342782e-05
-0.248	0.752	0	0	0	0.752	0	0	0	0.752	0.42525901	-9.0884012e-05	-3.4825982e-07	-3.7387241e-05	-5.2590847e-07	-0.00010791814	-3.440694e-07	-3.6885365e-05	7.3376919e-08	-9.0579862e-05	9.6460672e-05	6.7312722e-05	-0.00028938201	-0.00028935582	-9.053419e-05
-0.25	0.75	0	0	0	0.75	0	0	0	0.75	0.421875	-9.0617487e-05	-3.4550678e-07	-3.7099039e-05	-5.195717e-07	-0.00010802315	-3.5139239e-07	-3.6592312e-05	6.0619894e-08	-9.0292123e-05	9.631092e-05	6.789101e-05	-0.00028893276	-0.00028889541	-0.00012929169
-0.252	0.748	0	0	0	0.748	0	0	0	0.748	0.41850899	-9.0318131e-05	-3.4292094e-07	-3.6785483e-05	-5.1296151e-07	-0.0001081175	-3.5898857e-07	-3.6273651e-05	4.7073085e-08	-8.9971465e-05	9.6135698e-05	6.8468304e-05	-0.00028840709	-0.00028836005	-0.00016315233
-0.254	0.746	0	0	0	0.746	0	0	0	0.746	0.41516094	-8.99839e-05	-3.4051974e-07	-3.6444992e-05	-5.0608228e-07	-0.00010820041	-3.6683929e-07	-3.5927802e-05	3.2748121e-08	-8.961608e-05	9.5933465e-05	6.904445e-05	-0.00028780039	-0.00028774552	-0.00019070959
-0.256	0.744	0	0	0	0.744	0	0	0	0.744	0.41183078	-8.9613161e-05	-3.3831885e-07	-3.607628e-05	-4.9894385e-07	-0.00010827123	-3.7491815e-07	-3.5553484e-05	1.767351e-08	-8.922461e-05	9.5703001e-05	6.9619286e-05	-0.000287109	-0.00028704851	-0.00021074806
-0.258	0.742	0	0	0	0.742	0	0	0	0.742	0.40851849	-8.9204789e-05	-3.3633119e-07	-3.5678428e-05	-4.9156115e-07	-0.00010832942	-3.8319147e-07	-3.5149787e-05	1.8945961e-09	-8.8796234e-05	9.5443481e-05	7.0192644e-05	-0.00028633044	-0.00028626679	-0.0002223679
-0.26	0.74	0	0	0	0.74	0	0	0	0.74	0.405224	-8.8758226e-05	-3.3456613e-07	-3.525093e-05	-4.8395348e-07	-0.00010837458	-3.9161952e-07	-3.471622e-05	-1.4527818e-08	-8.8330716e-05	9.5154509e-05	7.0764353e-05	-0.00028546353	-0.00028539929	-0.00022507408
-0.262	0.738	0	0	0	0.738	0	0	0	0.738	0.40194727	-8.8273502e-05	-3.3302888e-07	-3.4793708e-05	-4.7614348e-07	-0.00010840649	-4.0015803e-07	-3.4252722e-05	-3.1520045e-08	-8.7828411e-05	9.4836135e-05	7.1334241e-05	-0.00028450841	-0.00028444617	-0.00021881279
-0.264	0.736	0	0	0	0.736	0	0	0	0.736	0.39868826	-8.77512e-05	-3.3172028e-07	-3.4307093e-05	-4.6815583e-07	-0.00010842506	-4.0876011e-07	-3.3759643e-05	-4.8998937e-08	-8.7290223e-05	9.4488828e-05	7.1902138e-05	-0.00028346649	-0.00028340868	-0.00020395042
-0.266	0.734	0	0	0	0.734	0	0	0	0.734	0.3954469	-8.7192398e-05	-3.3063691e-07	-3.3791783e-05	-4.6001599e-07	-0.00010843035	-4.1737817e-07	-3.3237701e-05	-6.6875699e-08	-8.6717528e-05	9.4113424e-05	7.2467876e-05	-0.00028234027	-0.00028228912	-0.00018120464
-0.268	0.732	0	0	0	0.732	0	0	0	0.732	0.39222317	-8.6598577e-05	-3.297715e-07	-3.3248779e-05	-4.517491e-07	-0.00010842251	-4.259656e-07	-3.2687917e-05	-8.5059631e-08	-8.6112079e-05	9.3711054e-05	7.3031294e-05	-0.00028113316	-0.00028109057	-0.000151546
-0.27	0.73	0	0	0	0.73	0	0	0	0.73	0.389017	-8.5971523e-05	-3.2911355e-07	-3.2679313e-05	-4.4337905e-07	-0.0001084018	-4.3447823e-07	-3.2111546e-05	-1.0346142e-07	-8.5475896e-05	9.3283073e-05	7.3592238e-05	-0.00027984922	-0.00027981673	-0.0001160912
-0.272	0.728	0	0	0	0.728	0	0	0	0.728	0.38582835	-8.5313223e-05	-3.2865008e-07	-3.208478e-05	-4.3492785e-07	-0.00010836854	-4.4287537e-07	-3.1509998e-05	-1.2199576e-07	-8.4811161e-05	9.2830974e-05	7.4150561e-05	-0.00027849292	-0.00027847176	-7.6005441e-05
-0.274	0.726	0	0	0	0.726	0	0	0	0.726	0.38265718	-8.4625777e-05	-3.2836635e-07	-3.1466667e-05	-4.2641535e-07	-0.00010832307	-4.5112039e-07	-3.0884781e-05	-1.4058323e-07	-8.4120132e-05	9.2356328e-05	7.4706125e-05	-0.00027706898	-0.00027706	-3.2424498e-05
-0.276	0.724	0	0	0	0.724	0	0	0	0.724	0.37950342	-8.3911322e-05	-3.2824662e-07	-3.0826503e-05	-4.1785907e-07	-0.00010826579	-4.591811e-07	-3.0237437e-05	-1.5915145e-07	-8.3405063e-05	9.1860725e-05	7.5258801e-05	-0.00027558218	-0.00027558592	1.3599521e-05
-0.278	0.722	0	0	0	0.722	0	0	0	0.722	0.37636705	-8.3171974e-05	-3.2827468e-07	-3.0165816e-05	-4.0927427e-07	-0.00010819707	-4.6702975e-07	-2.9569508e-05	-1.776356e-07	-8.2668149e-05	9.134573e-05	7.5808469e-05	-0.00027403719	-0.00027405394	6.1130103e-05
-0.28	0.72	0	0	0	0.72	0	0	0	0.72	0.373248	-8.2409785e-05	-3.2843443e-07	-2.9486097e-05	-4.0067414e-07	-0.00010811728	-4.7464286e-07	-2.88825e-05	-1.9597855e-07	-8.1911491e-05	9.0812852e-05	7.6355017e-05	-0.00027243855	-0.00027246835	0.00010936001
-0.282	0.718	0	0	0	0.718	0	0	0	0.718	0.37014623	-8.1626716e-05	-3.2871023e-07	-2.8788787e-05	-3.9207004e-07	-0.00010802679	-4.8200096e-07	-2.817786e-05	-2.1413061e-07	-8.1137065e-05	9.0263524e-05	7.6898342e-05	-0.00027079057	-0.00027083326	0.00015761179
-0.284	0.716	0	0	0	0.716	0	0	0	0.716	0.3670617	-8.0824619e-05	-3.2908713e-07	-2.8075254e-05	-3.8347171e-07	-0.00010792595	-4.8908825e-07	-2.7456969e-05	-2.32049e-07	-8.0346716e-05	8.9699093e-05	7.743835e-05	-0.00026909728	-0.00026915255	0.00020532982
-0.286	0.714	0	0	0	0.714	0	0	0	0.714	0.36399434	-8.0005229e-05	-3.2955113e-07	-2.7346793e-05	-3.7488759e-07	-0.00010781507	-4.9589219e-07	-2.6721128e-05	-2.4969736e-07	-7.9542148e-05	8.9120817e-05	7.7974953e-05	-0.00026736245	-0.00026742986	0.00025206766
-0.288	0.712	0	0	0	0.712	0	0	0	0.712	0.36094413	-7.9170167e-05	-3.3008922e-07	-2.6604625e-05	-3.6632502e-07	-0.00010769447	-5.0240317e-07	-2.5971564e-05	-2.6704503e-07	-7.8724929e-05	8.8529857e-05	7.8508069e-05	-0.00026558957	-0.0002656686	0.00029747352
-0.29	0.71	0	0	0	0.71	0	0	0	0.71	0.357911	-7.8320935e-05	-3.3068948e-07	-2.584989e-05	-3.5779046e-07	-0.00010756444	-5.086141e-07	-2.5209425e-05	-2.8406649e-07	-7.7896495e-05	8.7927289e-05	7.9037627e-05	-0.00026378187	-0.00026387192	0.00034127557
-0.292	0.708	0	0	0	0.708	0	0	0	0.708	0.35489491	-7.745893e-05	-3.3134102e-07	-2.5083662e-05	-3.4928967e-07	-0.00010742523	-5.1452013e-07	-2.4435787e-05	-3.0074069e-07	-7.7058161e-05	8.7314106e-05	7.9563557e-05	-0.00026194232	-0.00026204275	0.00038326825
-0.294	0.706	0	0	0	0.706	0	0	0	0.706	0.35189582	-7.6585448e-05	-3.3203401e-07	-2.4306942e-05	-3.4082785e-07	-0.00010727709	-5.2011829e-07	-2.3651658e-05	-3.1705051e-07	-7.6211129e-05	8.6691222e-05	8.0085798e-05	-0.00026007367	-0.0002601838	0.00042329995
-0.296	0.704	0	0	0	0.704	0	0	0	0.704	0.34891366	-7.570169e-05	-3.3275956e-07	-2.3520671e-05	-3.3240973e-07	-0.00010712025	-5.2540729e-07	-2.2857983e-05	-3.3298226e-07	-7.53565e-05	8.6059481e-05	8.0604292e-05	-0.00025817844	-0.00025829759	0.00046126246
-0.298	0.702	0	0	0	0.702	0	0	0	0.702	0.34594841	-7.4808774e-05	-3.3350972e-07	-2.2725734e-05	-3.2403972e-07	-0.00010695494	-5.303872e-07	-2.205565e-05	-3.4852518e-07	-7.449528e-05	8.5419664e-05	8.1118988e-05	-0.00025625899	-0.00025638644	0.00049708204
-0.3	0.7	0	0	0	0.7	0	0	0	0.7	0.343	-7.3907743e-05	-3.3427735e-07	-2.1922963e-05	-3.1572193e-07	-0.00010678134	-5.3505931e-07	-2.1245493e-05	-3.6367102e-07	-7.3628395e-05	8.4772494e-05	8.1629838e-05	inf	inf	inf
