lambda	F11	F12	F13	F21	F22	F23	F31	F32	F33	J	P11	P12	P13	P21	P22	P23	P31	P32	P33	p	StrEn	t(1)	t(2)	d
0	1	0	0	0	1	0	0	0	1	1	0	0	0	0	0	0	0	0	0	-0	0	inf	inf	inf
0.002	1	0.002	0	0	1	0	0	0	1	1	-1.3099807e-07	7.4076947e-06	4.1514073e-08	7.4082715e-06	-1.7667736e-07	8.8465252e-08	4.0952419e-08	8.821961e-08	-1.4070413e-07	1.4945985e-07	7.4047069e-09	7.4076947e-06	7.4002114e-06	-0.001011229
0.004	1	0.004	0	0	1	0	0	0	1	1	-1.4025189e-07	1.4800125e-05	8.2267272e-08	1.4801215e-05	-2.5974906e-07	1.7123648e-07	8.0256088e-08	1.7100246e-07	-2.3781307e-07	2.1260468e-07	2.9600846e-08	1.4800125e-05	1.478882e-05	-0.00076445591
0.006	1	0.006	0	0	1	0	0	0	1	1	-3.0810755e-08	2.218136e-05	1.221997e-07	2.2182434e-05	-2.5214219e-07	2.4775737e-07	1.1808071e-07	2.4783192e-07	-2.8909188e-07	1.9068161e-07	6.6559986e-08	2.218136e-05	2.2166294e-05	-0.00067969565
0.008	1	0.008	0	0	1	0	0	0	1	1	1.8889282e-07	2.9556909e-05	1.6113346e-07	2.9557192e-05	-1.6204958e-07	3.1776637e-07	1.5459082e-07	3.182823e-07	-2.9059352e-07	8.7916759e-08	1.1826602e-07	2.9556909e-05	2.9536345e-05	-0.00069622697
0.01	1	0.01	0	0	1	0	0	0	1	1	5.1542039e-07	3.6923711e-05	1.9898908e-07	3.6922099e-05	7.2469985e-09	3.8080058e-07	1.8993995e-07	3.818029e-07	-2.3621951e-07	-9.5482629e-08	1.8470537e-07	3.6923711e-05	3.689637e-05	-0.00074101284
0.012	1	0.012	0	0	1	0	0	0	1	1	9.5201523e-07	4.4272103e-05	2.356326e-07	4.4267008e-05	2.5916182e-07	4.3614056e-07	2.2413001e-07	4.3768686e-07	-1.1670364e-07	-3.6482447e-07	2.658515e-07	4.4272103e-05	4.4237042e-05	-0.00079257119
0.014	1	0.014	0	0	1	0	0	0	1	1	1.5085191e-06	5.1587312e-05	2.706322e-07	5.1576491e-05	6.0385166e-07	4.8293387e-07	2.56835e-07	4.8514123e-07	8.1947182e-08	-7.3143931e-07	3.6165353e-07	5.1587312e-05	5.1543466e-05	-0.00085065305
0.016	1	0.016	0	0	1	0	0	0	1	1	2.2027739e-06	5.8848718e-05	3.0298444e-07	5.8829043e-05	1.0597226e-06	5.2034235e-07	2.8715766e-07	5.2341111e-07	3.8084432e-07	-1.2144469e-06	4.7202537e-07	5.8848718e-05	5.8794537e-05	-0.00092153723
0.018	1	0.018	0	0	1	0	0	0	1	1	3.0636028e-06	6.6027386e-05	3.3076679e-07	6.5994471e-05	1.6565404e-06	5.4778429e-07	3.132863e-07	5.5201874e-07	8.1177844e-07	-1.8439739e-06	5.9683168e-07	6.6027386e-05	6.5960577e-05	-0.0010128649
0.02	1	0.02	0	0	1	0	0	0	1	1	4.1348941e-06	7.308247e-05	3.5077211e-07	7.3030097e-05	2.4397004e-06	5.6537826e-07	3.3211391e-07	5.712081e-07	1.4217796e-06	-2.665458e-06	7.3586768e-07	7.308247e-05	7.3000106e-05	-0.0011282719
0.022	1	0.022	0	0	1	0	0	0	1	1	5.478431e-06	7.9958481e-05	3.5846073e-07	7.9877796e-05	3.4732775e-06	5.7463641e-07	3.3915112e-07	5.8262763e-07	2.2764006e-06	-3.742703e-06	8.888321e-07	7.9958481e-05	7.9858171e-05	-0.0012561044
0.024	1	0.024	0	0	1	0	0	0	1	1	7.1685316e-06	8.6589206e-05	3.4900135e-07	8.646786e-05	4.8347525e-06	5.7914711e-07	3.2950465e-07	5.899733e-07	3.4546091e-06	-5.1526311e-06	1.0553004e-06	8.6589206e-05	8.647185e-05	-0.0013571592
0.026	1	0.026	0	0	1	0	0	0	1	1	9.2691423e-06	9.2916241e-05	3.1995452e-07	9.2738053e-05	6.5916929e-06	5.8437599e-07	3.0051354e-07	5.987196e-07	5.0254521e-06	-6.9620957e-06	1.2347195e-06	9.2916241e-05	9.2788194e-05	-0.0013800024
0.028	1	0.028	0	0	1	0	0	0	1	1	1.1799547e-05	9.891765e-05	2.7393411e-07	9.8663403e-05	8.76642e-06	5.9580451e-07	2.5445577e-07	6.1421238e-07	7.0124438e-06	-9.1928038e-06	1.4264531e-06	9.891765e-05	9.8787958e-05	-0.0013128325
0.03	1	0.03	0	0	1	0	0	0	1	1	1.472097e-05	0.00010462013	2.1788913e-07	0.00010426928	1.1321689e-05	6.1658712e-07	1.9796981e-07	6.3937535e-07	9.3789444e-06	-1.1807201e-05	1.6298713e-06	0.00010462013	0.00010449488	-0.0011985717
0.032	1	0.032	0	0	1	0	0	0	1	1	1.7959828e-05	0.00011008072	1.5938385e-07	0.00010961291	1.4184001e-05	6.4697042e-07	1.3844091e-07	6.7423437e-07	1.2051493e-05	-1.4731774e-05	1.8444327e-06	0.00011008072	0.0001099613	-0.0010860014
0.034	1	0.034	0	0	1	0	0	0	1	1	2.1440187e-05	0.0001153601	1.0381773e-07	0.00011475585	1.7276762e-05	6.854355e-07	8.1219405e-08	7.171211e-07	1.4953235e-05	-1.7890062e-05	2.0697165e-06	0.0001153601	0.00011524523	-0.0009967694
0.036	1	0.036	0	0	1	0	0	0	1	1	2.5100578e-05	0.00012050821	5.4031092e-08	0.00011974897	2.0537697e-05	7.2996728e-07	2.9172205e-08	7.6594148e-07	1.8021576e-05	-2.121995e-05	2.3054136e-06	0.00012050821	0.000120396	-0.00093199902
0.038	1	0.038	0	0	1	0	0	0	1	1	2.8896316e-05	0.00012556182	1.1056708e-08	0.00012462982	2.3921421e-05	7.7871876e-07	-1.6611404e-08	8.1881628e-07	2.1210857e-05	-2.4676198e-05	2.5513006e-06	0.00012556182	0.00012545067	-0.00088603922
0.04	1	0.04	0	0	1	0	0	0	1	1	3.2796181e-05	0.00013054696	-2.5082053e-08	0.00012942501	2.739618e-05	8.302087e-07	-5.6046025e-08	8.7425753e-07	2.4489122e-05	-2.8227161e-05	2.8072162e-06	0.00013054696	0.00013043569	-0.00085308601
0.042	1	0.042	0	0	1	0	0	0	1	1	3.6778478e-05	0.00013548198	-5.4841375e-08	0.00013415328	3.0939891e-05	8.8331478e-07	-8.9530125e-08	9.3114846e-07	2.7834152e-05	-3.185084e-05	3.0730433e-06	0.00013548198	0.00013536978	-0.00082882246
0.044	1	0.044	0	0	1	0	0	0	1	1	4.0827977e-05	0.00014037995	-7.8862374e-08	0.000138828	3.4537046e-05	9.3720764e-07	-1.1765432e-07	9.8867054e-07	3.123035e-05	-3.5531791e-05	3.3486954e-06	0.00014037995	0.00014026628	-0.00081034239
0.046	1	0.046	0	0	1	0	0	0	1	1	4.4933796e-05	0.00014525039	-9.7822374e-08	0.00014345888	3.8176566e-05	9.9128143e-07	-1.4105273e-07	1.0462303e-06	3.4666585e-05	-3.9258982e-05	3.6341084e-06	0.00014525039	0.0001451349	-0.00079574811
0.048	1	0.048	0	0	1	0	0	0	1	1	4.9088005e-05	0.00015010037	-1.1236592e-07	0.00014805312	4.185038e-05	1.0450965e-06	-1.6033319e-07	1.1034005e-06	3.8134761e-05	-4.3024382e-05	3.929235e-06	0.00015010037	0.00014998281	-0.0007838036
0.05	1	0.05	0	0	1	0	0	0	1	1	5.3284704e-05	0.00015493525	-1.230768e-07	0.00015261619	4.5552491e-05	1.0983355e-06	-1.7604821e-07	1.1598754e-06	4.1628874e-05	-4.6822023e-05	4.2340397e-06	0.00015493525	0.00015481547	-0.00077369607
0.052	1	0.052	0	0	1	0	0	0	1	1	5.7519424e-05	0.00015975918	-1.3047029e-07	0.0001571523	4.9278359e-05	1.1507718e-06	-1.8868631e-07	1.2154387e-06	4.514439e-05	-5.0647391e-05	4.5484968e-06	0.00015975918	0.00015963708	-0.00076488328
0.054	1	0.054	0	0	1	0	0	0	1	1	6.1788712e-05	0.00016457546	-1.3499481e-07	0.00016166479	5.3024486e-05	1.2022454e-06	-1.9867286e-07	1.2699397e-06	4.8677821e-05	-5.4497006e-05	4.872588e-06	0.00016457546	0.00016445097	-0.00075699768
0.056	1	0.056	0	0	1	0	0	0	1	1	6.6089857e-05	0.00016938672	-1.3703766e-07	0.00016615634	5.678813e-05	1.252646e-06	-2.0637515e-07	1.3232765e-06	5.2226446e-05	-5.8368144e-05	5.2063007e-06	0.00016938672	0.00016925981	-0.00074978616
0.058	1	0.058	0	0	1	0	0	0	1	1	7.0420698e-05	0.00017419512	-1.3693201e-07	0.00017062911	6.0567111e-05	1.3019005e-06	-2.121089e-07	1.3753832e-06	5.5788107e-05	-6.2258639e-05	5.5496272e-06	0.00017419512	0.00017406578	-0.00074307188
0.06	1	0.06	0	0	1	0	0	0	1	1	7.4779484e-05	0.00017900245	-1.3496402e-07	0.00017508492	6.435967e-05	1.3499635e-06	-2.1614493e-07	1.4262209e-06	5.9361071e-05	-6.6166742e-05	5.9025638e-06	0.00017900245	0.00017887067	-0.0007367296
0.062	1	0.062	0	0	1	0	0	0	1	1	7.9164783e-05	0.0001838102	-1.3137937e-07	0.00017952526	6.816437e-05	1.3968108e-06	-2.1871536e-07	1.4757707e-06	6.2943925e-05	-7.0091026e-05	6.2651099e-06	0.0001838102	0.00018367599	-0.00073066962
0.064	1	0.064	0	0	1	0	0	0	1	1	8.3575403e-05	0.00018861964	-1.2638911e-07	0.00018395141	7.1980024e-05	1.4424335e-06	-2.2001922e-07	1.524029e-06	6.6535511e-05	-7.4030312e-05	6.6372678e-06	0.00018861964	0.00018848302	-0.00072482704
0.066	1	0.066	0	0	1	0	0	0	1	1	8.8010345e-05	0.00019343188	-1.2017473e-07	0.00018836447	7.5805638e-05	1.4868347e-06	-2.2022724e-07	1.5710034e-06	7.013486e-05	-7.7983614e-05	7.019042e-06	0.00019343188	0.00019329287	-0.00071915452
0.068	1	0.068	0	0	1	0	0	0	1	1	9.2468763e-05	0.00019824785	-1.1289249e-07	0.00019276537	7.9640374e-05	1.5300266e-06	-2.1948607e-07	1.6167096e-06	7.3741164e-05	-8.19501e-05	7.4104393e-06	0.00019824785	0.00019810647	-0.00071361732
0.07	1	0.07	0	0	1	0	0	0	1	1	9.6949929e-05	0.00020306838	-1.0467715e-07	0.00019715493	8.3483518e-05	1.5720274e-06	-2.1792181e-07	1.6611697e-06	7.7353732e-05	-8.592906e-05	7.8114679e-06	0.00020306838	0.00020292467	-0.00070818982
0.072	1	0.072	0	0	1	0	0	0	1	1	0.00010145322	0.00020789419	-9.564511e-08	0.00020153387	8.7334456e-05	1.6128607e-06	-2.1564307e-07	1.7044102e-06	8.0971978e-05	-8.9919884e-05	8.2221379e-06	0.00020789419	0.00020774818	-0.00070285306
0.074	1	0.074	0	0	1	0	0	0	1	1	0.00010597808	0.00021272594	-8.589704e-08	0.00020590284	9.1192657e-05	1.6525531e-06	-2.1274345e-07	1.7464607e-06	8.4595395e-05	-9.3922045e-05	8.6424606e-06	0.00021272594	0.00021257765	-0.00069759303
0.076	1	0.076	0	0	1	0	0	0	1	1	0.00011052404	0.00021756419	-7.5520181e-08	0.00021026239	9.5057655e-05	1.6911341e-06	-2.093038e-07	1.787353e-06	8.8223544e-05	-9.7935079e-05	9.0724485e-06	0.00021756419	0.00021741365	-0.00069239937
0.078	1	0.078	0	0	1	0	0	0	1	1	0.00011509067	0.00022240946	-6.459023e-08	0.00021461303	9.8929042e-05	1.7286345e-06	-2.05394e-07	1.8271205e-06	9.1856039e-05	-0.00010195858	9.5121152e-06	0.00022240946	0.00022225671	-0.00068726448
0.08	1	0.08	0	0	1	0	0	0	1	1	0.00011967759	0.00022726222	-5.3172969e-08	0.00021895522	0.00010280646	1.7650864e-06	-2.0107454e-07	1.8657971e-06	9.5492543e-05	-0.0001059922	9.9614754e-06	0.00022726222	0.00022710729	-0.0006821828
0.082	1	0.082	0	0	1	0	0	0	1	1	0.00012428447	0.00023212289	-4.1325643e-08	0.00022328937	0.00010668958	1.8005222e-06	-1.9639783e-07	1.9034173e-06	9.9132757e-05	-0.0001100356	1.0420544e-05	0.00023212289	0.00023196581	-0.00067715033
0.084	1	0.084	0	0	1	0	0	0	1	1	0.00012891099	0.00023699184	-2.9098135e-08	0.00022761584	0.00011057811	1.8349747e-06	-1.9140935e-07	1.9400155e-06	0.00010277642	-0.00011408851	1.0889339e-05	0.00023699184	0.00023683265	-0.00067216425
0.086	1	0.086	0	0	1	0	0	0	1	1	0.00013355688	0.00024186944	-1.6533963e-08	0.00023193499	0.00011447181	1.8684764e-06	-1.8614859e-07	1.975626e-06	0.00010642328	-0.00011815066	1.1367875e-05	0.00024186944	0.00024170816	-0.00066722262
0.088	1	0.088	0	0	1	0	0	0	1	1	0.00013822189	0.00024675599	-3.6711416e-09	0.00023624711	0.00011837042	1.9010596e-06	-1.8064987e-07	2.0102824e-06	0.00011007314	-0.00012222182	1.1856171e-05	0.00024675599	0.00024659267	-0.00066232418
0.09	1	0.09	0	0	1	0	0	0	1	1	0.0001429058	0.00025165181	9.4570885e-09	0.0002405525	0.00012227374	1.9327561e-06	-1.7494306e-07	2.044018e-06	0.00011372579	-0.00012630178	1.2354246e-05	0.00025165181	0.00025148646	-0.00065746816
0.092	1	0.092	0	0	1	0	0	0	1	1	0.00014760837	0.00025655715	2.2821631e-08	0.00024485142	0.00012618158	1.963597e-06	-1.6905414e-07	2.0768651e-06	0.00011738107	-0.00013039034	1.2862117e-05	0.00025655715	0.00025638982	-0.00065265415
0.094	1	0.094	0	0	1	0	0	0	1	1	0.00015232943	0.00026147228	3.6396991e-08	0.0002491441	0.00013009374	1.9936127e-06	-1.6300578e-07	2.1088553e-06	0.00012103882	-0.00013448733	1.3379805e-05	0.00026147228	0.00026130298	-0.00064788205
0.096	1	0.096	0	0	1	0	0	0	1	1	0.00015706879	0.00026639742	5.0160813e-08	0.00025343078	0.00013401008	2.0228328e-06	-1.5681771e-07	2.1400194e-06	0.00012469889	-0.00013859259	1.3907329e-05	0.00026639742	0.00026622619	-0.00064315193
0.098	1	0.098	0	0	1	0	0	0	1	1	0.00016182628	0.00027133279	6.4093472e-08	0.00025771165	0.00013793042	2.0512861e-06	-1.5050719e-07	2.1703872e-06	0.00012836114	-0.00014270595	1.444471e-05	0.00027133279	0.00027115967	-0.00063846402
0.1	1	0.1	0	0	1	0	0	0	1	1	0.00016660174	0.00027627861	7.8177733e-08	0.00026198691	0.00014185464	2.0790005e-06	-1.4408923e-07	2.1999875e-06	0.00013202546	-0.00014682728	1.4991968e-05	0.00027627861	0.00027610361	-0.00063381863
0.102	1	0.102	0	0	1	0	0	0	1	1	0.00017139503	0.00028123505	9.2398442e-08	0.00026625675	0.0001457826	2.106003e-06	-1.3757699e-07	2.2288484e-06	0.00013569172	-0.00015095645	1.5549124e-05	0.00028123505	0.0002810582	-0.00062921614
0.104	1	0.104	0	0	1	0	0	0	1	1	0.000176206	0.00028620229	1.0674227e-07	0.00027052133	0.00014971418	2.1323198e-06	-1.3098193e-07	2.2569968e-06	0.00013935984	-0.00015509334	1.61162e-05	0.00028620229	0.00028602362	-0.00062465696
0.106	1	0.106	0	0	1	0	0	0	1	1	0.00018103453	0.0002911805	1.2119749e-07	0.00027478079	0.00015364925	2.1579761e-06	-1.2431409e-07	2.2844587e-06	0.0001430297	-0.00015923782	1.6693219e-05	0.0002911805	0.00029100004	-0.00062014149
0.108	1	0.108	0	0	1	0	0	0	1	1	0.0001858805	0.00029616984	1.3575376e-07	0.0002790353	0.00015758771	2.1829962e-06	-1.1758225e-07	2.3112594e-06	0.00014670121	-0.00016338981	1.7280201e-05	0.00029616984	0.00029598761	-0.00061567017
0.11	1	0.11	0	0	1	0	0	0	1	1	0.00019074378	0.00030117045	1.5040198e-07	0.00028328499	0.00016152946	2.2074036e-06	-1.1079409e-07	2.3374229e-06	0.0001503743	-0.00016754918	1.7877169e-05	0.00030117045	0.00030098647	-0.00061124338
0.112	1	0.112	0	0	1	0	0	0	1	1	0.00019562427	0.00030618247	1.6513411e-07	0.00028752998	0.0001654744	2.2312207e-06	-1.0395632e-07	2.3629726e-06	0.00015404887	-0.00017171585	1.8484147e-05	0.00030618247	0.00030599677	-0.00060686149
0.114	1	0.114	0	0	1	0	0	0	1	1	0.00020052187	0.00031120602	1.7994307e-07	0.00029177039	0.00016942244	2.2544695e-06	-9.7074824e-08	2.3879309e-06	0.00015772487	-0.00017588972	1.9101156e-05	0.00031120602	0.00031101863	-0.00060252484
0.116	1	0.116	0	0	1	0	0	0	1	1	0.00020543646	0.00031624124	1.948226e-07	0.00029600634	0.00017337348	2.2771708e-06	-9.015477e-08	2.4123194e-06	0.00016140221	-0.00018007072	1.9728221e-05	0.00031624124	0.00031605217	-0.00059823373
0.118	1	0.118	0	0	1	0	0	0	1	1	0.00021036796	0.00032128823	2.0976717e-07	0.00030023794	0.00017732746	2.2993446e-06	-8.3200672e-08	2.4361587e-06	0.00016508083	-0.00018425875	2.0365365e-05	0.00032128823	0.0003210975	-0.00059398842
0.12	1	0.12	0	0	1	0	0	0	1	1	0.00021531628	0.0003263471	2.247719e-07	0.00030446528	0.00018128428	2.3210102e-06	-7.6216495e-08	2.4594687e-06	0.00016876066	-0.00018845374	2.1012611e-05	0.0003263471	0.00032615474	-0.00058978912
0.122	1	0.122	0	0	1	0	0	0	1	1	0.00022028133	0.00033141796	2.3983245e-07	0.00030868846	0.00018524387	2.3421863e-06	-6.9205718e-08	2.4822685e-06	0.00017244165	-0.00019265562	2.1669984e-05	0.00033141796	0.00033122398	-0.00058563601
0.124	1	0.124	0	0	1	0	0	0	1	1	0.00022526302	0.0003365009	2.54945e-07	0.00031290756	0.00018920615	2.3628905e-06	-6.2171396e-08	2.5045765e-06	0.00017612375	-0.00019686431	2.2337507e-05	0.0003365009	0.00033630533	-0.0005815292
0.126	1	0.126	0	0	1	0	0	0	1	1	0.00023026127	0.00034159601	2.7010616e-07	0.00031712268	0.00019317107	2.38314e-06	-5.5116215e-08	2.5264102e-06	0.00017980688	-0.00020107974	2.3015205e-05	0.00034159601	0.00034139886	-0.00057746879
0.128	1	0.128	0	0	1	0	0	0	1	1	0.000235276	0.00034670338	2.8531292e-07	0.00032133388	0.00019713854	2.4029511e-06	-4.8042539e-08	2.5477866e-06	0.00018349102	-0.00020530185	2.3703102e-05	0.00034670338	0.00034650468	-0.00057345481
0.13	1	0.13	0	0	1	0	0	0	1	1	0.00024030715	0.00035182309	3.005626e-07	0.00032554124	0.00020110851	2.4223396e-06	-4.0952448e-08	2.5687218e-06	0.00018717609	-0.00020953058	2.4401224e-05	0.00035182309	0.00035162285	-0.00056948725
0.132	1	0.132	0	0	1	0	0	0	1	1	0.00024535463	0.00035695522	3.1585284e-07	0.00032974484	0.0002050809	2.4413204e-06	-3.3847779e-08	2.5892314e-06	0.00019086207	-0.00021376586	2.5109594e-05	0.00035695522	0.00035675345	-0.00056556609
0.134	1	0.134	0	0	1	0	0	0	1	1	0.00025041837	0.00036209983	3.3118151e-07	0.00033394473	0.00020905567	2.4599081e-06	-2.6730153e-08	2.6093301e-06	0.00019454889	-0.00021800764	2.5828238e-05	0.00036209983	0.00036189656	-0.00056169122
0.136	1	0.136	0	0	1	0	0	0	1	1	0.00025549831	0.000367257	3.4654674e-07	0.00033814098	0.00021303275	2.4781163e-06	-1.9601006e-08	2.6290323e-06	0.00019823652	-0.00022225586	2.655718e-05	0.000367257	0.00036705224	-0.00055786254
0.138	1	0.138	0	0	1	0	0	0	1	1	0.00026059439	0.0003724268	3.6194683e-07	0.00034233365	0.00021701208	2.4959585e-06	-1.2461609e-08	2.6483516e-06	0.00020192492	-0.00022651046	2.7296447e-05	0.0003724268	0.00037222056	-0.00055407989
0.14	1	0.14	0	0	1	0	0	0	1	1	0.00026570653	0.00037760928	3.7738029e-07	0.0003465228	0.00022099361	2.5134473e-06	-5.3130935e-09	2.6673012e-06	0.00020561405	-0.0002307714	2.8046062e-05	0.00037760928	0.00037740158	-0.00055034307
0.142	1	0.142	0	0	1	0	0	0	1	1	0.00027083467	0.00038280449	3.9284576e-07	0.00035070847	0.00022497729	2.5305947e-06	1.843533e-09	2.6858935e-06	0.00020930386	-0.00023503861	2.8806053e-05	0.00038280449	0.00038259535	-0.00054665187
0.144	1	0.144	0	0	1	0	0	0	1	1	0.00027597876	0.00038801251	4.0834202e-07	0.00035489071	0.00022896306	2.5474125e-06	9.0073703e-09	2.7041405e-06	0.00021299432	-0.00023931205	2.9576444e-05	0.00038801251	0.00038780193	-0.00054300603
0.146	1	0.146	0	0	1	0	0	0	1	1	0.00028113873	0.00039323337	4.2386799e-07	0.00035906957	0.00023295087	2.5639119e-06	1.6177611e-08	2.7220538e-06	0.0002166854	-0.00024359166	3.0357261e-05	0.00039323337	0.00039302137	-0.00053940528
0.148	1	0.148	0	0	1	0	0	0	1	1	0.00028631453	0.00039846713	4.3942266e-07	0.00036324509	0.00023694067	2.5801034e-06	2.3353528e-08	2.7396443e-06	0.00022037705	-0.00024787741	3.1148529e-05	0.00039846713	0.00039825372	-0.00053584932
0.15	1	0.15	0	0	1	0	0	0	1	1	0.00029150609	0.00040371382	4.5500514e-07	0.00036741732	0.00024093241	2.5959972e-06	3.0534466e-08	2.7569226e-06	0.00022406924	-0.00025216925	3.1950275e-05	0.00040371382	0.00040349903	-0.00053233781
0.152	1	0.152	0	0	1	0	0	0	1	1	0.00029671337	0.00040897351	4.7061461e-07	0.00037158629	0.00024492605	2.6116032e-06	3.7719829e-08	2.7738988e-06	0.00022776194	-0.00025646712	3.2762525e-05	0.00040897351	0.00040875733	-0.00052887041
0.154	1	0.154	0	0	1	0	0	0	1	1	0.0003019363	0.00041424621	4.8625031e-07	0.00037575204	0.00024892153	2.6269307e-06	4.4909075e-08	2.7905825e-06	0.00023145511	-0.00026077098	3.3585305e-05	0.00041424621	0.00041402866	-0.00052544673
0.156	1	0.156	0	0	1	0	0	0	1	1	0.00030717484	0.00041953198	5.0191157e-07	0.00037991459	0.00025291882	2.6419886e-06	5.2101705e-08	2.806983e-06	0.00023514873	-0.0002650808	3.441864e-05	0.00041953198	0.00041931307	-0.00052206641
0.158	1	0.158	0	0	1	0	0	0	1	1	0.00031242894	0.00042483085	5.1759773e-07	0.000384074	0.00025691787	2.6567856e-06	5.9297263e-08	2.8231091e-06	0.00023884276	-0.00026939652	3.5262557e-05	0.00042483085	0.00042461059	-0.00051872902
0.16	1	0.16	0	0	1	0	0	0	1	1	0.00031769853	0.00043014285	5.3330821e-07	0.00038823027	0.00026091863	2.6713297e-06	6.6495325e-08	2.8389693e-06	0.00024253717	-0.00027371811	3.6117082e-05	0.00043014285	0.00042992125	-0.00051543414
0.162	1	0.162	0	0	1	0	0	0	1	1	0.00032298358	0.00043546801	5.4904246e-07	0.00039238345	0.00026492106	2.6856289e-06	7.3695497e-08	2.8545718e-06	0.00024623194	-0.00027804552	3.6982242e-05	0.00043546801	0.00043524509	-0.00051218135
0.164	1	0.164	0	0	1	0	0	0	1	1	0.00032828403	0.00044080637	5.6479996e-07	0.00039653355	0.00026892511	2.6996906e-06	8.0897411e-08	2.8699242e-06	0.00024992702	-0.00028237872	3.7858063e-05	0.00044080637	0.00044058212	-0.00050897019
0.166	1	0.166	0	0	1	0	0	0	1	1	0.00033359983	0.00044615794	5.8058022e-07	0.0004006806	0.00027293076	2.7135221e-06	8.810072e-08	2.885034e-06	0.00025362241	-0.00028671767	3.8744571e-05	0.00044615794	0.00044593239	-0.0005058002
0.168	1	0.168	0	0	1	0	0	0	1	1	0.00033893094	0.00045152277	5.9638279e-07	0.00040482463	0.00027693795	2.7271302e-06	9.5305097e-08	2.8999084e-06	0.00025731806	-0.00029106232	3.9641792e-05	0.00045152277	0.00045129591	-0.00050267091
0.17	1	0.17	0	0	1	0	0	0	1	1	0.00034427731	0.00045690086	6.1220721e-07	0.00040896565	0.00028094665	2.7405216e-06	1.0251023e-07	2.9145541e-06	0.00026101395	-0.00029541263	4.0549754e-05	0.00045690086	0.00045667272	-0.00049958184
0.172	1	0.172	0	0	1	0	0	0	1	1	0.00034963888	0.00046229225	6.2805308e-07	0.00041310369	0.00028495681	2.7537024e-06	1.0971582e-07	2.9289777e-06	0.00026471005	-0.00029976858	4.1468483e-05	0.00046229225	0.00046206282	-0.00049653251
0.174	1	0.174	0	0	1	0	0	0	1	1	0.00035501563	0.00046769695	6.4391998e-07	0.00041723877	0.0002889684	2.7666788e-06	1.169216e-07	2.9431854e-06	0.00026840633	-0.00030413012	4.2398005e-05	0.00046769695	0.00046746624	-0.00049352243
0.176	1	0.176	0	0	1	0	0	0	1	1	0.00036040749	0.00047311498	6.5980753e-07	0.00042137089	0.00029298138	2.7794565e-06	1.2412727e-07	2.9571832e-06	0.00027210278	-0.00030849722	4.3338348e-05	0.00047311498	0.00047288301	-0.0004905511
0.178	1	0.178	0	0	1	0	0	0	1	1	0.00036581443	0.00047854636	6.7571534e-07	0.00042550008	0.00029699571	2.7920411e-06	1.3133258e-07	2.9709769e-06	0.00027579937	-0.00031286984	4.4289537e-05	0.00047854636	0.00047831313	-0.00048761801
0.18	1	0.18	0	0	1	0	0	0	1	1	0.0003712364	0.00048399112	6.9164306e-07	0.00042962636	0.00030101135	2.8044379e-06	1.3853728e-07	2.9845719e-06	0.00027949606	-0.00031724794	4.5251601e-05	0.00048399112	0.00048375663	-0.00048472266
0.182	1	0.182	0	0	1	0	0	0	1	1	0.00037667336	0.00048944925	7.0759031e-07	0.00043374972	0.00030502828	2.816652e-06	1.4574111e-07	2.9979736e-06	0.00028319284	-0.00032163149	4.6224564e-05	0.00048944925	0.00048921351	-0.00048186455
0.184	1	0.184	0	0	1	0	0	0	1	1	0.00038212527	0.00049492078	7.2355675e-07	0.0004378702	0.00030904644	2.8286882e-06	1.5294384e-07	3.011187e-06	0.00028688968	-0.00032602046	4.7208455e-05	0.00049492078	0.0004946838	-0.00047904316
0.186	1	0.186	0	0	1	0	0	0	1	1	0.00038759207	0.00050040571	7.3954203e-07	0.00044198779	0.00031306581	2.8405512e-06	1.6014522e-07	3.0242169e-06	0.00029058656	-0.00033041481	4.8203299e-05	0.00050040571	0.0005001675	-0.00047625798
0.188	1	0.188	0	0	1	0	0	0	1	1	0.00039307374	0.00050590407	7.555458e-07	0.00044610252	0.00031708635	2.8522455e-06	1.6734503e-07	3.037068e-06	0.00029428345	-0.00033481451	4.9209125e-05	0.00050590407	0.00050566463	-0.0004735085
0.19	1	0.19	0	0	1	0	0	0	1	1	0.00039857022	0.00051141585	7.7156774e-07	0.00045021438	0.00032110803	2.8637754e-06	1.7454304e-07	3.0497447e-06	0.00029798033	-0.00033921953	5.0225958e-05	0.00051141585	0.0005111752	-0.00047079421
0.192	1	0.192	0	0	1	0	0	0	1	1	0.00040408148	0.00051694108	7.8760751e-07	0.00045432339	0.0003251308	2.8751451e-06	1.8173903e-07	3.0622514e-06	0.00030167718	-0.00034362982	5.1253825e-05	0.00051694108	0.0005166992	-0.00046811459
0.194	1	0.194	0	0	1	0	0	0	1	1	0.00040960748	0.00052247975	8.0366478e-07	0.00045842956	0.00032915465	2.8863584e-06	1.8893278e-07	3.0745922e-06	0.00030537398	-0.00034804537	5.2292755e-05	0.00052247975	0.00052223666	-0.00046546914
0.196	1	0.196	0	0	1	0	0	0	1	1	0.00041514817	0.00052803187	8.1973922e-07	0.00046253289	0.00033317953	2.8974193e-06	1.9612408e-07	3.086771e-06	0.0003090707	-0.00035246613	5.3342772e-05	0.00052803187	0.00052778758	-0.00046285735
0.198	1	0.198	0	0	1	0	0	0	1	1	0.00042070352	0.00053359746	8.3583051e-07	0.00046663338	0.0003372054	2.9083313e-06	2.0331272e-07	3.0987916e-06	0.00031276732	-0.00035689208	5.4403905e-05	0.00053359746	0.00053335197	-0.00046027871
0.2	1	0.2	0	0	1	0	0	0	1	1	0.00042627348	0.00053917651	8.5193833e-07	0.00047073106	0.00034123225	2.9190979e-06	2.104985e-07	3.1106576e-06	0.00031646383	-0.00036132319	5.547618e-05	0.00053917651	0.00053892982	-0.00045773271
0.202	1	0.202	0	0	1	0	0	0	1	1	0.00043185801	0.00054476903	8.6806235e-07	0.00047482591	0.00034526004	2.9297226e-06	2.176812e-07	3.1223727e-06	0.00032016019	-0.00036575941	5.6559624e-05	0.00054476903	0.00054452115	-0.00045521886
0.204	1	0.204	0	0	1	0	0	0	1	1	0.00043745709	0.00055037502	8.8420226e-07	0.00047891794	0.00034928872	2.9402085e-06	2.2486063e-07	3.1339401e-06	0.00032385639	-0.00037020073	5.7654265e-05	0.00055037502	0.00055012596	-0.00045273667
0.206	1	0.206	0	0	1	0	0	0	1	1	0.00044307065	0.00055599449	9.0035774e-07	0.00048300717	0.00035331828	2.9505588e-06	2.320366e-07	3.1453631e-06	0.00032755241	-0.00037464712	5.8760128e-05	0.00055599449	0.00055574425	-0.00045028562
0.208	1	0.208	0	0	1	0	0	0	1	1	0.00044869868	0.00056162744	9.1652847e-07	0.00048709358	0.00035734868	2.9607766e-06	2.3920891e-07	3.1566448e-06	0.00033124823	-0.00037909853	5.9877242e-05	0.00056162744	0.00056137602	-0.00044786525
0.21	1	0.21	0	0	1	0	0	0	1	1	0.00045434113	0.00056727387	9.3271414e-07	0.00049117718	0.00036137989	2.9708646e-06	2.4637738e-07	3.1677884e-06	0.00033494382	-0.00038355495	6.1005632e-05	0.00056727387	0.00056702127	-0.00044547505
0.212	1	0.212	0	0	1	0	0	0	1	1	0.00045999795	0.00057293377	9.4891444e-07	0.00049525798	0.00036541188	2.9808256e-06	2.5354181e-07	3.1787966e-06	0.00033863917	-0.00038801634	6.2145327e-05	0.00057293377	0.00057268001	-0.00044311455
0.214	1	0.214	0	0	1	0	0	0	1	1	0.00046566912	0.00057860716	9.6512905e-07	0.00049933598	0.00036944462	2.9906624e-06	2.6070203e-07	3.1896722e-06	0.00034233426	-0.00039248267	6.3296352e-05	0.00057860716	0.00057835223	-0.00044078327
0.216	1	0.216	0	0	1	0	0	0	1	1	0.0004713546	0.00058429402	9.8135767e-07	0.00050341117	0.00037347808	3.0003776e-06	2.6785786e-07	3.200418e-06	0.00034602907	-0.00039695392	6.4458736e-05	0.00058429402	0.00058403793	-0.00043848074
0.218	1	0.218	0	0	1	0	0	0	1	1	0.00047705434	0.00058999436	9.9759999e-07	0.00050748356	0.00037751223	3.0099735e-06	2.7500912e-07	3.2110366e-06	0.00034972357	-0.00040143005	6.5632504e-05	0.00058999436	0.00058973711	-0.00043620648
0.22	1	0.22	0	0	1	0	0	0	1	1	0.00048276831	0.00059570817	1.0138557e-06	0.00051155315	0.00038154704	3.0194526e-06	2.8215565e-07	3.2215305e-06	0.00035341776	-0.00040591104	6.6817684e-05	0.00059570817	0.00059544977	-0.00043396005
0.222	1	0.222	0	0	1	0	0	0	1	1	0.00048849648	0.00060143546	1.0301245e-06	0.00051561993	0.00038558249	3.0288173e-06	2.8929726e-07	3.2319021e-06	0.00035711161	-0.00041039686	6.8014303e-05	0.00060143546	0.00060117591	-0.00043174098
0.224	1	0.224	0	0	1	0	0	0	1	1	0.0004942388	0.00060717622	1.046406e-06	0.00051968391	0.00038961853	3.0380698e-06	2.9643381e-07	3.2421538e-06	0.0003608051	-0.00041488748	6.9222388e-05	0.00060717622	0.00060691552	-0.00042954882
0.226	1	0.226	0	0	1	0	0	0	1	1	0.00049999524	0.00061293044	1.0627001e-06	0.00052374509	0.00039365515	3.0472121e-06	3.0356513e-07	3.2522878e-06	0.00036449822	-0.00041938287	7.0441965e-05	0.00061293044	0.0006126686	-0.00042738312
0.228	1	0.228	0	0	1	0	0	0	1	1	0.00050576577	0.00061869812	1.0790063e-06	0.00052780346	0.00039769232	3.0562465e-06	3.1069107e-07	3.2623064e-06	0.00036819094	-0.00042388301	7.1673062e-05	0.00061869812	0.00061843514	-0.00042524345
0.23	1	0.23	0	0	1	0	0	0	1	1	0.00051155034	0.00062447926	1.0953244e-06	0.00053185902	0.00040173	3.0651749e-06	3.1781146e-07	3.2722116e-06	0.00037188325	-0.00042838786	7.2915706e-05	0.00062447926	0.00062421514	-0.00042312936
0.232	1	0.232	0	0	1	0	0	0	1	1	0.00051734892	0.00063027385	1.1116541e-06	0.00053591177	0.00040576818	3.0739993e-06	3.2492618e-07	3.2820055e-06	0.00037557514	-0.00043289741	7.4169923e-05	0.00063027385	0.00063000859	-0.00042104042
0.234	1	0.234	0	0	1	0	0	0	1	1	0.00052316148	0.00063608188	1.127995e-06	0.00053996171	0.00040980682	3.0827215e-06	3.3203506e-07	3.2916902e-06	0.00037926657	-0.00043741162	7.543574e-05	0.00063608188	0.00063581549	-0.00041897623
0.236	1	0.236	0	0	1	0	0	0	1	1	0.00052898797	0.00064190336	1.1443469e-06	0.00054400883	0.0004138459	3.0913434e-06	3.3913797e-07	3.3012674e-06	0.00038295755	-0.00044193047	7.6713185e-05	0.00064190336	0.00064163584	-0.00041693634
0.238	1	0.238	0	0	1	0	0	0	1	1	0.00053482837	0.00064773826	1.1607096e-06	0.00054805313	0.00041788538	3.0998667e-06	3.4623477e-07	3.3107391e-06	0.00038664804	-0.00044645393	7.8002283e-05	0.00064773826	0.00064746961	-0.00041492036
0.24	1	0.24	0	0	1	0	0	0	1	1	0.00054068264	0.00065358659	1.1770826e-06	0.00055209462	0.00042192525	3.1082931e-06	3.5332534e-07	3.3201072e-06	0.00039033804	-0.00045098198	7.9303063e-05	0.00065358659	0.00065331682	-0.00041292788
0.242	1	0.242	0	0	1	0	0	0	1	1	0.00054655074	0.00065944834	1.1934657e-06	0.00055613327	0.00042596548	3.1166244e-06	3.6040954e-07	3.3293733e-06	0.00039402752	-0.00045551458	8.0615551e-05	0.00065944834	0.00065917745	-0.00041095849
0.244	1	0.244	0	0	1	0	0	0	1	1	0.00055243264	0.0006653235	1.2098587e-06	0.0005601691	0.00043000604	3.124862e-06	3.6748724e-07	3.3385391e-06	0.00039771648	-0.00046005172	8.1939773e-05	0.0006653235	0.00066505149	-0.00040901179
0.246	1	0.246	0	0	1	0	0	0	1	1	0.0005583283	0.00067121206	1.2262612e-06	0.0005642021	0.00043404691	3.1330076e-06	3.7455834e-07	3.3476064e-06	0.00040140489	-0.00046459336	8.3275756e-05	0.00067121206	0.00067093893	-0.00040708741
0.248	1	0.248	0	0	1	0	0	0	1	1	0.00056423768	0.00067711402	1.242673e-06	0.00056823226	0.00043808805	3.1410626e-06	3.8162272e-07	3.3565767e-06	0.00040509273	-0.00046913949	8.4623528e-05	0.00067711402	0.00067683977	-0.00040518496
0.25	1	0.25	0	0	1	0	0	0	1	1	0.00057016076	0.00068302936	1.2590938e-06	0.00057225957	0.00044212945	3.1490285e-06	3.8868026e-07	3.3654515e-06	0.00040878	-0.00047369007	8.5983116e-05	0.00068302936	0.000682754	-0.00040330405
0.252	1	0.252	0	0	1	0	0	0	1	1	0.0005760975	0.00068895807	1.2755232e-06	0.00057628405	0.00044617108	3.1569068e-06	3.9573085e-07	3.3742325e-06	0.00041246667	-0.00047824508	8.7354544e-05	0.00068895807	0.0006886816	-0.00040144431
0.254	1	0.254	0	0	1	0	0	0	1	1	0.00058204786	0.00069490015	1.2919611e-06	0.00058030567	0.00045021291	3.1646987e-06	4.027744e-07	3.382921e-06	0.00041615273	-0.0004828045	8.8737842e-05	0.00069490015	0.00069462258	-0.00039960539
0.256	1	0.256	0	0	1	0	0	0	1	1	0.00058801181	0.00070085559	1.3084072e-06	0.00058432443	0.00045425492	3.1724056e-06	4.0981081e-07	3.3915185e-06	0.00041983817	-0.0004873683	9.0133035e-05	0.00070085559	0.00070057691	-0.00039778691
0.258	1	0.258	0	0	1	0	0	0	1	1	0.00059398931	0.00070682437	1.3248611e-06	0.00058834034	0.00045829709	3.1800289e-06	4.1683997e-07	3.4000265e-06	0.00042352297	-0.00049193646	9.154015e-05	0.00070682437	0.00070654459	-0.00039598852
0.26	1	0.26	0	0	1	0	0	0	1	1	0.00059998033	0.00071280649	1.3413227e-06	0.00059235338	0.00046233939	3.1875697e-06	4.2386181e-07	3.4084461e-06	0.00042720711	-0.00049650894	9.2959213e-05	0.00071280649	0.00071252561	-0.00039420988
0.262	1	0.262	0	0	1	0	0	0	1	1	0.00060598484	0.00071880193	1.3577915e-06	0.00059636355	0.00046638179	3.1950293e-06	4.3087623e-07	3.4167788e-06	0.00043089058	-0.00050108574	9.4390252e-05	0.00071880193	0.00071851995	-0.00039245063
0.264	1	0.264	0	0	1	0	0	0	1	1	0.00061200281	0.00072481069	1.3742675e-06	0.00060037085	0.00047042428	3.2024089e-06	4.3788316e-07	3.4250259e-06	0.00043457337	-0.00050566682	9.5833293e-05	0.00072481069	0.00072452761	-0.00039071045
0.266	1	0.266	0	0	1	0	0	0	1	1	0.00061803419	0.00073083275	1.3907503e-06	0.00060437526	0.00047446683	3.2097096e-06	4.4488251e-07	3.4331886e-06	0.00043825545	-0.00051025216	9.7288362e-05	0.00073083275	0.00073054858	-0.00038898898
0.268	1	0.268	0	0	1	0	0	0	1	1	0.00062407896	0.0007368681	1.4072397e-06	0.00060837678	0.00047850941	3.2169325e-06	4.5187421e-07	3.4412681e-06	0.00044193682	-0.00051484173	9.8755487e-05	0.0007368681	0.00073658284	-0.00038728592
0.27	1	0.27	0	0	1	0	0	0	1	1	0.00063013707	0.00074291674	1.4237353e-06	0.00061237542	0.00048255201	3.2240788e-06	4.5885819e-07	3.4492657e-06	0.00044561747	-0.00051943551	0.00010023469	0.00074291674	0.00074263038	-0.00038560093
0.272	1	0.272	0	0	1	0	0	0	1	1	0.00063620851	0.00074897864	1.440237e-06	0.00061637115	0.00048659459	3.2311495e-06	4.6583439e-07	3.4571824e-06	0.00044929737	-0.00052403349	0.00010172601	0.00074897864	0.00074869119	-0.00038393369
0.274	1	0.274	0	0	1	0	0	0	1	1	0.00064229323	0.00075505379	1.4567445e-06	0.00062036398	0.00049063714	3.2381456e-06	4.7280274e-07	3.4650194e-06	0.00045297651	-0.00052863563	0.00010322946	0.00075505379	0.00075476526	-0.0003822839
0.276	1	0.276	0	0	1	0	0	0	1	1	0.0006483912	0.00076114219	1.4732575e-06	0.0006243539	0.00049467964	3.2450681e-06	4.7976319e-07	3.4727778e-06	0.00045665488	-0.00053324191	0.00010474507	0.00076114219	0.00076085257	-0.00038065125
0.278	1	0.278	0	0	1	0	0	0	1	1	0.00065450239	0.00076724382	1.4897758e-06	0.0006283409	0.00049872206	3.251918e-06	4.8671568e-07	3.4804587e-06	0.00046033247	-0.0005378523	0.00010627287	0.00076724382	0.00076695311	-0.00037903544
0.28	1	0.28	0	0	1	0	0	0	1	1	0.00066062676	0.00077335866	1.5062992e-06	0.00063232498	0.00050276437	3.2586963e-06	4.9366016e-07	3.4880632e-06	0.00046400926	-0.0005424668	0.00010781288	0.00077335866	0.00077306688	-0.00037743616
0.282	1	0.282	0	0	1	0	0	0	1	1	0.00066676428	0.00077948672	1.5228274e-06	0.00063630613	0.00050680657	3.2654039e-06	5.0059659e-07	3.4955922e-06	0.00046768524	-0.00054708536	0.00010936514	0.00077948672	0.00077919385	-0.00037585313
0.284	1	0.284	0	0	1	0	0	0	1	1	0.00067291493	0.00078562796	1.5393601e-06	0.00064028434	0.00051084862	3.2720416e-06	5.0752492e-07	3.5030468e-06	0.00047136039	-0.00055170798	0.00011092966	0.00078562796	0.00078533402	-0.00037428605
0.286	1	0.286	0	0	1	0	0	0	1	1	0.00067907866	0.00079178238	1.5558972e-06	0.00064425961	0.0005148905	3.2786104e-06	5.1444511e-07	3.510428e-06	0.0004750347	-0.00055633462	0.00011250647	0.00079178238	0.00079148736	-0.00037273466
0.288	1	0.288	0	0	1	0	0	0	1	1	0.00068525544	0.00079794996	1.5724383e-06	0.00064823194	0.00051893219	3.2851112e-06	5.2135712e-07	3.5177367e-06	0.00047870816	-0.00056096527	0.00011409561	0.00079794996	0.00079765388	-0.00037119866
0.29	1	0.29	0	0	1	0	0	0	1	1	0.00069144524	0.0008041307	1.5889833e-06	0.00065220131	0.00052297368	3.2915447e-06	5.2826093e-07	3.5249738e-06	0.00048238076	-0.00056559989	0.00011569709	0.0008041307	0.00080383354	-0.00036967779
0.292	1	0.292	0	0	1	0	0	0	1	1	0.00069764803	0.00081032457	1.6055319e-06	0.00065616771	0.00052701493	3.2979118e-06	5.351565e-07	3.5321402e-06	0.00048605248	-0.00057023848	0.00011731094	0.00081032457	0.00081002635	-0.00036817178
0.294	1	0.294	0	0	1	0	0	0	1	1	0.00070386378	0.00081653157	1.6220839e-06	0.00066013115	0.00053105593	3.3042132e-06	5.4204381e-07	3.539237e-06	0.00048972331	-0.00057488101	0.00011893719	0.00081653157	0.00081623227	-0.00036668036
0.296	1	0.296	0	0	1	0	0	0	1	1	0.00071009245	0.00082275167	1.638639e-06	0.00066409161	0.00053509665	3.3104498e-06	5.4892283e-07	3.5462648e-06	0.00049339324	-0.00057952745	0.00012057587	0.00082275167	0.00082245131	-0.00036520328
0.298	1	0.298	0	0	1	0	0	0	1	1	0.00071633401	0.00082898487	1.6551971e-06	0.0006680491	0.00053913708	3.3166223e-06	5.5579355e-07	3.5532247e-06	0.00049706225	-0.00058417778	0.000122227	0.00082898487	0.00082868345	-0.00036374028
0.3	1	0.3	0	0	1	0	0	0	1	1	0.00072258842	0.00083523115	1.6717579e-06	0.00067200359	0.0005431772	3.3227314e-06	5.6265596e-07	3.5601174e-06	0.00050073034	-0.00058883199	0.0001238906	inf	inf	inf
