lambda	F11	F12	F13	F21	F22	F23	F31	F32	F33	J	P11	P12	P13	P21	P22	P23	P31	P32	P33	p	StrEn	t(1)	t(2)	d
0	1	0	0	0	1	0	0	0	1	1	0	0	0	0	0	0	0	0	0	-0	0	inf	inf	inf
-0.002	0.998	0	0	0	0.998	0	0	0	1.0017787	0.99777557	-1.0162147e-05	4.1459778e-07	5.4979806e-08	4.1337677e-07	-9.9792607e-06	1.6206699e-07	4.4166107e-09	-8.8990665e-09	-7.555308e-10	6.7140543e-06	2.1696013e-08	-2.0140759e-05	-1.6239174e-05	-0.24025756
-0.004	0.996	0	0	0	0.996	0	0	0	1.0034346	0.99542319	-1.1692217e-05	1.1996012e-07	-2.874879e-10	1.2888411e-07	-1.1051439e-05	4.9719391e-07	6.5742073e-08	-2.3718445e-07	-3.1505969e-09	7.582269e-06	6.4956697e-08	-2.2741052e-05	-2.2635052e-05	-0.0046829854
-0.006	0.994	0	0	0	0.994	0	0	0	1.0050858	0.99306092	-1.2732139e-05	4.6699189e-08	-5.3246759e-09	6.0636092e-08	-1.1758368e-05	6.9081431e-07	8.3813284e-08	-3.4647586e-07	-6.4199033e-09	8.1656424e-06	1.1223622e-07	-2.448523e-05	-2.4460617e-05	-0.0010062117
-0.008	0.992	0	0	0	0.992	0	0	0	1.0067229	0.99067973	-1.3687356e-05	4.0262455e-09	-1.8374418e-08	2.1438949e-08	-1.2379961e-05	8.4247516e-07	8.4930254e-08	-4.2848338e-07	-9.4039038e-09	8.6922403e-06	1.6279916e-07	-2.605965e-05	-2.6046612e-05	-0.00050056679
-0.01	0.99	0	0	0	0.99	0	0	0	1.0083469	0.98828082	-1.4608435e-05	-2.6811507e-08	-3.4104639e-08	-6.5861838e-09	-1.296204e-05	9.7064584e-07	7.9463457e-08	-4.9698894e-07	-1.2234879e-08	9.1942364e-06	2.1642267e-07	-2.7560577e-05	-2.7549088e-05	-0.00041700998
-0.012	0.988	0	0	0	0.988	0	0	0	1.0099587	0.98586516	-1.5510438e-05	-5.1509449e-08	-5.0736097e-08	-2.8940827e-08	-1.3519915e-05	1.0824363e-06	7.0703023e-08	-5.5778525e-07	-1.4928076e-08	9.6817601e-06	2.7299552e-07	-2.9018365e-05	-2.9005872e-05	-0.00043070163
-0.014	0.986	0	0	0	0.986	0	0	0	1.0115589	0.98343347	-1.6399489e-05	-7.2435762e-08	-6.7230262e-08	-4.784638e-08	-1.4059765e-05	1.1818246e-06	6.0431388e-08	-6.1364897e-07	-1.748169e-08	1.0158912e-05	3.3244616e-07	-3.0445318e-05	-3.0431107e-05	-0.00046697778
-0.016	0.984	0	0	0	0.984	0	0	0	1.0131477	0.98098631	-1.7278493e-05	-9.0814611e-08	-8.2892416e-08	-6.4435312e-08	-1.4584369e-05	1.2712954e-06	4.9777032e-08	-6.6615354e-07	-1.9889577e-08	1.0627584e-05	3.9471995e-07	-3.1847116e-05	-3.1831058e-05	-0.00050448321
-0.018	0.982	0	0	0	0.982	0	0	0	1.0147254	0.97852409	-1.8148982e-05	-1.073638e-07	-9.7220813e-08	-7.9365684e-08	-1.5095102e-05	1.3525364e-06	3.9525634e-08	-7.1627749e-07	-2.2146213e-08	1.1088743e-05	4.5977039e-07	-3.3226674e-05	-3.3208834e-05	-0.00053718846
-0.02	0.98	0	0	0	0.98	0	0	0	1.0162923	0.97604714	-1.9011837e-05	-1.2254182e-07	-1.0982888e-07	-9.3055123e-08	-1.5592715e-05	1.4267652e-06	3.0265825e-08	-7.6466798e-07	-2.4247719e-08	1.1542933e-05	5.2755528e-07	-3.4585621e-05	-3.456613e-05	-0.00056388678
-0.022	0.978	0	0	0	0.978	0	0	0	1.0178484	0.97355569	-1.986759e-05	-1.3666035e-07	-1.2040238e-07	-1.0578615e-07	-1.6077663e-05	1.4949013e-06	2.2465425e-08	-8.1177181e-07	-2.6191738e-08	1.1990482e-05	5.9803491e-07	-3.5924945e-05	-3.5903944e-05	-0.000584917
-0.024	0.976	0	0	0	0.976	0	0	0	1.0193937	0.97104996	-2.0716578e-05	-1.4994161e-07	-1.2867452e-07	-1.1775942e-07	-1.655025e-05	1.5576637e-06	1.6514507e-08	-8.5790723e-07	-2.7977042e-08	1.2431602e-05	6.7117106e-07	-3.7245287e-05	-3.7222913e-05	-0.00060105684
-0.026	0.974	0	0	0	0.974	0	0	0	1.0209282	0.96853012	-2.1559014e-05	-1.6255014e-07	-1.344109e-07	-1.2912296e-07	-1.7010711e-05	1.615631e-06	1.2751099e-08	-9.0330604e-07	-2.9603156e-08	1.2866443e-05	7.4692656e-07	-3.8547091e-05	-3.8523471e-05	-0.00061313821
-0.028	0.972	0	0	0	0.972	0	0	0	1.022452	0.96599632	-2.2395033e-05	-1.7461162e-07	-1.3740019e-07	-1.3998944e-07	-1.7459244e-05	1.6692787e-06	1.1477146e-08	-9.4813983e-07	-3.107005e-08	1.3295115e-05	8.2526494e-07	-3.9830688e-05	-3.9805932e-05	-0.0006219196
-0.03	0.97	0	0	0	0.97	0	0	0	1.023965	0.96344869	-2.3224714e-05	-1.8622451e-07	-1.3744819e-07	-1.5044681e-07	-1.7896029e-05	1.7190055e-06	1.2968654e-08	-9.9253698e-07	-3.2377917e-08	1.3717707e-05	9.0615029e-07	-4.1096337e-05	-4.1070542e-05	-0.00062805302
-0.032	0.968	0	0	0	0.968	0	0	0	1.0254672	0.96088736	-2.4048097e-05	-1.9746768e-07	-1.3437418e-07	-1.6056522e-07	-1.8321243e-05	1.7651506e-06	1.748221e-08	-1.0365942e-06	-3.3527015e-08	1.4134289e-05	9.8954711e-07	-4.2344251e-05	-4.2317502e-05	-0.0006320853
-0.034	0.966	0	0	0	0.966	0	0	0	1.0269584	0.95831242	-2.4865189e-05	-2.0840549e-07	-1.2800869e-07	-1.7040164e-07	-1.8735066e-05	1.8080065e-06	2.5259124e-08	-1.0803845e-06	-3.4517559e-08	1.4544924e-05	1.0754203e-06	-4.3574612e-05	-4.3546982e-05	-0.0006344706
-0.036	0.964	0	0	0	0.964	0	0	0	1.0284387	0.95572399	-2.5675971e-05	-2.1909137e-07	-1.181923e-07	-1.8000304e-07	-1.9137677e-05	1.8478277e-06	3.6527941e-08	-1.123963e-06	-3.5349651e-08	1.4949666e-05	1.163735e-06	-4.4787582e-05	-4.4759134e-05	-0.00063558529
-0.038	0.962	0	0	0	0.962	0	0	0	1.029908	0.95312216	-2.6480406e-05	-2.295703e-07	-1.0477517e-07	-1.8940871e-07	-1.9529267e-05	1.8848382e-06	5.1505808e-08	-1.1673711e-06	-3.6023227e-08	1.5348565e-05	1.2544568e-06	-4.598331e-05	-4.5954095e-05	-0.00063574188
-0.04	0.96	0	0	0	0.96	0	0	0	1.0313661	0.95050702	-2.7278436e-05	-2.3988068e-07	-8.7617071e-08	-1.9865186e-07	-1.9910029e-05	1.9192362e-06	7.0398989e-08	-1.2106395e-06	-3.6538029e-08	1.5741668e-05	1.3475514e-06	-4.7161929e-05	-4.7131991e-05	-0.00063520103
-0.042	0.958	0	0	0	0.958	0	0	0	1.0328131	0.94787864	-2.8069991e-05	-2.5005565e-07	-6.6587947e-08	-2.0776088e-07	-2.0280166e-05	1.9511984e-06	9.3402733e-08	-1.2537906e-06	-3.6893586e-08	1.6129017e-05	1.4429848e-06	-4.8323569e-05	-4.8292943e-05	-0.00063418155
-0.044	0.956	0	0	0	0.956	0	0	0	1.0342487	0.94523712	-2.8854984e-05	-2.6012416e-07	-4.156869e-08	-2.1676027e-07	-2.0639884e-05	1.9808833e-06	1.2070062e-07	-1.2968405e-06	-3.7089197e-08	1.6510652e-05	1.5407232e-06	-4.946835e-05	-4.9437063e-05	-0.0006328685
-0.046	0.954	0	0	0	0.954	0	0	0	1.035673	0.94258253	-2.9633319e-05	-2.7011178e-07	-1.2452252e-08	-2.2567132e-07	-2.0989399e-05	2.0084332e-06	1.5246351e-07	-1.3398001e-06	-3.7123927e-08	1.6886614e-05	1.6407331e-06	-5.0596387e-05	-5.0564459e-05	-0.00063141977
-0.048	0.952	0	0	0	0.952	0	0	0	1.0370857	0.93991495	-3.0404886e-05	-2.800413e-07	2.0855033e-08	-2.3451274e-07	-2.1328929e-05	2.0339772e-06	1.8884813e-07	-1.3826764e-06	-3.6996597e-08	1.7256937e-05	1.742981e-06	-5.1707789e-05	-5.1675235e-05	-0.00062997144
-0.05	0.95	0	0	0	0.95	0	0	0	1.0384869	0.93723445	-3.1169569e-05	-2.8993325e-07	5.8431954e-08	-2.4330106e-07	-2.1658701e-05	2.0576318e-06	2.2999539e-07	-1.4254733e-06	-3.6705781e-08	1.7621659e-05	1.847434e-06	-5.2802662e-05	-5.2769489e-05	-0.00062864196
-0.052	0.948	0	0	0	0.948	0	0	0	1.0398764	0.9345411	-3.1927242e-05	-2.9980632e-07	1.0034078e-07	-2.5205105e-07	-2.1978943e-05	2.0795032e-06	2.7602843e-07	-1.4681921e-06	-3.6249798e-08	1.7980812e-05	1.954059e-06	-5.3881108e-05	-5.3847317e-05	-0.00062753577
-0.054	0.946	0	0	0	0.946	0	0	0	1.0412541	0.93183496	-3.2677769e-05	-3.0967771e-07	1.4662549e-07	-2.6077601e-07	-2.2289888e-05	2.099688e-06	3.2705052e-07	-1.5108325e-06	-3.5626708e-08	1.8334428e-05	2.0628233e-06	-5.4943222e-05	-5.4908808e-05	-0.00062674601
-0.056	0.944	0	0	0	0.944	0	0	0	1.0426199	0.9291161	-3.3421009e-05	-3.1956345e-07	1.9730993e-07	-2.6948806e-07	-2.2591772e-05	2.1182745e-06	3.8314269e-07	-1.5533922e-06	-3.4834305e-08	1.8682538e-05	2.1736942e-06	-5.5989098e-05	-5.5954051e-05	-0.00062635697
-0.058	0.942	0	0	0	0.942	0	0	0	1.0439736	0.92638458	-3.4156815e-05	-3.2947863e-07	2.5239591e-07	-2.7819838e-07	-2.2884832e-05	2.1353432e-06	4.4436137e-07	-1.5958682e-06	-3.3870108e-08	1.9025172e-05	2.2866395e-06	-5.7018825e-05	-5.6983128e-05	-0.00062644603
-0.06	0.94	0	0	0	0.94	0	0	0	1.0453151	0.92364045	-3.4885032e-05	-3.3943768e-07	3.1186126e-07	-2.8691744e-07	-2.3169308e-05	2.1509679e-06	5.1073578e-07	-1.6382561e-06	-3.2731354e-08	1.9362357e-05	2.4016267e-06	-5.8032486e-05	-5.7996117e-05	-0.00062708535
-0.062	0.938	0	0	0	0.938	0	0	0	1.0466444	0.92088377	-3.5605499e-05	-3.4945455e-07	3.7565785e-07	-2.956552e-07	-2.3445442e-05	2.1652163e-06	5.8226532e-07	-1.6805509e-06	-3.1414984e-08	1.9694119e-05	2.5186239e-06	-5.9030161e-05	-5.8993093e-05	-0.00062834342
-0.064	0.936	0	0	0	0.936	0	0	0	1.0479612	0.91811458	-3.6318052e-05	-3.5954297e-07	4.437097e-07	-3.0442133e-07	-2.3713476e-05	2.1781504e-06	6.5891693e-07	-1.7227468e-06	-2.9917638e-08	2.0020482e-05	2.6375991e-06	-6.0011924e-05	-5.9974123e-05	-0.00063028649
-0.066	0.934	0	0	0	0.934	0	0	0	1.0492654	0.91533293	-3.7022516e-05	-3.6971662e-07	5.1591105e-07	-3.1322539e-07	-2.3973651e-05	2.1898271e-06	7.4062235e-07	-1.7648375e-06	-2.8235645e-08	2.0341468e-05	2.7585204e-06	-6.0977845e-05	-6.0939271e-05	-0.00063298001
-0.068	0.932	0	0	0	0.932	0	0	0	1.0505568	0.91253885	-3.7718716e-05	-3.7998934e-07	5.9212449e-07	-3.2207701e-07	-2.422621e-05	2.200299e-06	8.2727543e-07	-1.8068158e-06	-2.6365015e-08	2.0657097e-05	2.8813562e-06	-6.1927987e-05	-6.1888595e-05	-0.00063649037
-0.07	0.93	0	0	0	0.93	0	0	0	1.0518353	0.90973237	-3.8406466e-05	-3.903753e-07	6.7217917e-07	-3.3098609e-07	-2.4471395e-05	2.2096144e-06	9.1872943e-07	-1.8486741e-06	-2.4301439e-08	2.0967388e-05	3.0060748e-06	-6.2862406e-05	-6.2822144e-05	-0.00064088694
-0.072	0.928	0	0	0	0.928	0	0	0	1.0531008	0.90691352	-3.9085574e-05	-4.008892e-07	7.5586905e-07	-3.3996298e-07	-2.470945e-05	2.2178178e-06	1.0147943e-06	-1.8904038e-06	-2.2040298e-08	2.1272355e-05	3.1326448e-06	-6.3781152e-05	-6.373996e-05	-0.00064624504
-0.074	0.926	0	0	0	0.926	0	0	0	1.0543529	0.90408231	-3.9755839e-05	-4.1154643e-07	8.4295114e-07	-3.4901866e-07	-2.4940618e-05	2.2249509e-06	1.1152338e-06	-1.9319959e-06	-1.957668e-08	2.1572011e-05	3.2610346e-06	-6.4684266e-05	-6.4642078e-05	-0.00065265046
-0.076	0.924	0	0	0	0.924	0	0	0	1.0555916	0.90123875	-4.0417053e-05	-4.2236317e-07	9.331437e-07	-3.5816486e-07	-2.5165141e-05	2.2310521e-06	1.2197629e-06	-1.9734401e-06	-1.6905434e-08	2.1866366e-05	3.3912131e-06	-6.5571782e-05	-6.5528519e-05	-0.00066020712
-0.078	0.922	0	0	0	0.922	0	0	0	1.0568165	0.89838282	-4.1068994e-05	-4.3335655e-07	1.0261242e-06	-3.6741423e-07	-2.5383264e-05	2.2361577e-06	1.3280443e-06	-2.0147252e-06	-1.4021263e-08	2.2155427e-05	3.5231487e-06	-6.644372e-05	-6.6399295e-05	-0.0006690508
-0.08	0.92	0	0	0	0.92	0	0	0	1.0580275	0.89551451	-4.1711428e-05	-4.4454459e-07	1.1215268e-06	-3.7678032e-07	-2.5595236e-05	2.2403021e-06	1.4396843e-06	-2.0558386e-06	-1.0918904e-08	2.2439194e-05	3.6568103e-06	-6.7300092e-05	-6.7254401e-05	-0.00067937583
-0.082	0.918	0	0	0	0.918	0	0	0	1.0592244	0.89263379	-4.2344104e-05	-4.5594606e-07	1.2189383e-06	-3.8627755e-07	-2.5801307e-05	2.2435184e-06	1.5542278e-06	-2.0967665e-06	-7.5934735e-09	2.2717668e-05	3.7921663e-06	-6.8140895e-05	-6.8093808e-05	-0.00069149152
-0.084	0.916	0	0	0	0.916	0	0	0	1.0604067	0.88974059	-4.2966749e-05	-4.6757992e-07	1.317891e-06	-3.9592083e-07	-2.6001735e-05	2.2458391e-06	1.6711477e-06	-2.1374934e-06	-4.0411649e-09	2.2990842e-05	3.9291855e-06	-6.896611e-05	-6.8917457e-05	-0.00070595325
-0.086	0.914	0	0	0	0.914	0	0	0	1.0615742	0.88683483	-4.3579055e-05	-4.7946391e-07	1.4178475e-06	-4.0572442e-07	-2.6196794e-05	2.2472971e-06	1.7898265e-06	-2.1780029e-06	-2.6077117e-10	2.3258703e-05	4.0678362e-06	-6.9775697e-05	-6.9725222e-05	-0.00072390878
-0.088	0.912	0	0	0	0.912	0	0	0	1.0627265	0.8839164	-4.4180656e-05	-4.9161073e-07	1.5181627e-06	-4.1569902e-07	-2.6386786e-05	2.2479279e-06	1.9095084e-06	-2.2182784e-06	3.7425878e-09	2.3521233e-05	4.2080864e-06	-7.0569584e-05	-7.0516824e-05	-0.00074818771
-0.09	0.91	0	0	0	0.91	0	0	0	1.0638632	0.88098509	-4.4771038e-05	-5.0401649e-07	1.6179721e-06	-4.2584259e-07	-2.6572104e-05	2.2477742e-06	2.0291628e-06	-2.2583063e-06	7.9465939e-09	2.3778399e-05	4.3499034e-06	-7.1347626e-05	-7.1291464e-05	-0.00078777138
-0.092	0.908	0	0	0	0.908	0	0	0	1.0649833	0.8780404	-4.5349159e-05	-5.1661476e-07	1.7157582e-06	-4.3610365e-07	-2.6753466e-05	2.2469079e-06	2.1469567e-06	-2.2980857e-06	1.2270338e-08	2.4030118e-05	4.4932522e-06	-7.2109436e-05	-7.2045538e-05	-0.00088691959
-0.094	0.906	0	0	0	0.906	0	0	0	1.0660836	0.87507984	-4.5910297e-05	-5.289775e-07	1.8066894e-06	-4.4614087e-07	-2.6933879e-05	2.2456005e-06	2.2570287e-06	-2.3376313e-06	1.6322291e-08	2.4275951e-05	4.6380856e-06	-7.2852859e-05	-7.2746163e-05	-0.0014666949
-0.096	0.904	0	0	0	0.904	0	0	0	1.0671114	0.87206052	-4.6376638e-05	-5.3613581e-07	1.8527183e-06	-4.5190279e-07	-2.7160645e-05	2.2482659e-06	2.3134931e-06	-2.3744507e-06	1.6581109e-08	2.45069e-05	4.7842369e-06	-7.3544892e-05	-7.3346748e-05	-0.0027014801
-0.098	0.902	0	0	0	0.902	0	0	0	1.0679195	0.86886357	-4.6542394e-05	-5.3118185e-07	1.8354057e-06	-4.4750531e-07	-2.7554003e-05	2.2679577e-06	2.2950911e-06	-2.3938173e-06	1.1128303e-08	2.469509e-05	4.9314726e-06	-7.4100696e-05	-7.3898823e-05	-0.0027317452
-0.1	0.9	0	0	0	0.9	0	0	0	1.0686562	0.86561154	-4.6635576e-05	-5.2563026e-07	1.8337365e-06	-4.424324e-07	-2.7974387e-05	2.2930577e-06	2.2963749e-06	-2.4042667e-06	7.1315462e-09	2.4867611e-05	5.0798322e-06	-7.4612537e-05	-7.4440073e-05	-0.00231681
-0.102	0.898	0	0	0	0.898	0	0	0	1.0693628	0.86233846	-4.6716589e-05	-5.2050107e-07	1.8426358e-06	-4.3762148e-07	-2.8386307e-05	2.3201418e-06	2.310792e-06	-2.4105439e-06	4.1450632e-09	2.5032917e-05	5.2292329e-06	-7.5104335e-05	-7.4947368e-05	-0.0020943519
-0.104	0.896	0	0	0	0.896	0	0	0	1.0700449	0.85904919	-4.6793333e-05	-5.156189e-07	1.8573359e-06	-4.329568e-07	-2.8785543e-05	2.3487023e-06	2.3325166e-06	-2.4136747e-06	1.7570986e-09	2.5192373e-05	5.3796217e-06	-7.5579466e-05	-7.5431417e-05	-0.0019626952
-0.106	0.894	0	0	0	0.894	0	0	0	1.0707044	0.85574548	-4.6868083e-05	-5.1086799e-07	1.875475e-06	-4.2835548e-07	-2.9171177e-05	2.3785477e-06	2.3586759e-06	-2.4140994e-06	-2.3050276e-10	2.5346497e-05	5.5309586e-06	-7.6039185e-05	-7.5896869e-05	-0.0018751241
-0.108	0.892	0	0	0	0.892	0	0	0	1.0713421	0.85242834	-4.694178e-05	-5.061803e-07	1.8957089e-06	-4.2376844e-07	-2.9543067e-05	2.4095589e-06	2.3876359e-06	-2.4120901e-06	-1.928098e-09	2.5495592e-05	5.6832091e-06	-7.6484242e-05	-7.6345847e-05	-0.0018127459
-0.11	0.89	0	0	0	0.89	0	0	0	1.0719588	0.84909854	-4.7014905e-05	-5.0151444e-07	1.9171906e-06	-4.1916605e-07	-2.990135e-05	2.4416406e-06	2.4183646e-06	-2.4078529e-06	-3.4043742e-09	2.5639886e-05	5.8363419e-06	-7.6915222e-05	-7.6779604e-05	-0.001766328
-0.112	0.888	0	0	0	0.888	0	0	0	1.0725549	0.84575676	-4.7087737e-05	-4.9684442e-07	1.9393491e-06	-4.1453006e-07	-3.0246281e-05	2.4747067e-06	2.4501632e-06	-2.4015628e-06	-4.7056201e-09	2.5779575e-05	5.9903275e-06	-7.7332639e-05	-7.7199029e-05	-0.0017307318
-0.114	0.886	0	0	0	0.886	0	0	0	1.0731311	0.84240364	-4.7160456e-05	-4.9215363e-07	1.9617812e-06	-4.0984917e-07	-3.0578181e-05	2.5086757e-06	2.4825344e-06	-2.3933772e-06	-5.864923e-09	2.5914834e-05	6.1451381e-06	-7.7736977e-05	-7.7604829e-05	-0.0017028233
-0.116	0.884	0	0	0	0.884	0	0	0	1.0736878	0.83903978	-4.7233183e-05	-4.8743148e-07	1.984193e-06	-4.0511652e-07	-3.0897406e-05	2.5434686e-06	2.5151126e-06	-2.3834432e-06	-6.9070268e-09	2.6045832e-05	6.3007469e-06	-7.8128699e-05	-7.7997619e-05	-0.0016805581
-0.118	0.882	0	0	0	0.882	0	0	0	1.0742255	0.8356658	-4.7306004e-05	-4.8267139e-07	2.0063663e-06	-4.0032819e-07	-3.1204331e-05	2.5790089e-06	2.547623e-06	-2.3719002e-06	-7.8511058e-09	2.6172729e-05	6.4571285e-06	-7.850826e-05	-7.8377955e-05	-0.001662531
-0.12	0.88	0	0	0	0.88	0	0	0	1.0747447	0.83228229	-4.7378984e-05	-4.7786952e-07	2.0281372e-06	-3.9548228e-07	-3.1499344e-05	2.615222e-06	2.5798556e-06	-2.3588812e-06	-8.7124478e-09	2.629568e-05	6.6142587e-06	-7.8876105e-05	-7.8746352e-05	-0.0016477364
-0.122	0.878	0	0	0	0.878	0	0	0	1.0752459	0.82888984	-4.7452172e-05	-4.7302396e-07	2.049382e-06	-3.9057826e-07	-3.1782839e-05	2.6520356e-06	2.6116491e-06	-2.3445138e-06	-9.5035266e-09	2.6414838e-05	6.7721139e-06	-7.923267e-05	-7.9103303e-05	-0.0016354298
-0.124	0.876	0	0	0	0.876	0	0	0	1.0757295	0.82548904	-4.7525605e-05	-4.6813419e-07	2.0700077e-06	-3.8561662e-07	-3.205521e-05	2.6893801e-06	2.6428791e-06	-2.3289202e-06	-1.0234714e-08	2.653035e-05	6.9306719e-06	-7.9578383e-05	-7.9449274e-05	-0.0016250456
-0.126	0.874	0	0	0	0.874	0	0	0	1.0761962	0.82208046	-4.7599313e-05	-4.6320069e-07	2.0899449e-06	-3.8059857e-07	-3.2316849e-05	2.7271885e-06	2.6734496e-06	-2.3122174e-06	-1.0914766e-08	2.6642359e-05	7.089911e-06	-7.9913661e-05	-7.9784717e-05	-0.0016161444
-0.128	0.872	0	0	0	0.872	0	0	0	1.0766464	0.81866469	-4.7673319e-05	-4.5822474e-07	2.1091429e-06	-3.755259e-07	-3.2568147e-05	2.7653968e-06	2.7032878e-06	-2.2945171e-06	-1.1551172e-08	2.6751006e-05	7.2498108e-06	-8.0238912e-05	-8.0110065e-05	-0.001608379
-0.13	0.87	0	0	0	0.87	0	0	0	1.0770805	0.81524226	-4.774764e-05	-4.5320821e-07	2.1275657e-06	-3.7040083e-07	-3.2809486e-05	2.8039442e-06	2.7323383e-06	-2.275926e-06	-1.2150399e-08	2.6856426e-05	7.4103513e-06	-8.0554536e-05	-8.0425736e-05	-0.0016014722
-0.132	0.868	0	0	0	0.868	0	0	0	1.0774992	0.81181374	-4.7822289e-05	-4.4815351e-07	2.1451888e-06	-3.6522601e-07	-3.3041242e-05	2.8427731e-06	2.7605606e-06	-2.2565451e-06	-1.2718083e-08	2.695875e-05	7.5715137e-06	-8.0860917e-05	-8.0732133e-05	-0.0015952006
-0.134	0.866	0	0	0	0.866	0	0	0	1.0779028	0.80837967	-4.7897277e-05	-4.4306344e-07	2.1619969e-06	-3.6000442e-07	-3.3263783e-05	2.881829e-06	2.7879254e-06	-2.2364703e-06	-1.3259162e-08	2.7058106e-05	7.7332798e-06	-8.1158433e-05	-8.1029645e-05	-0.0015893843
-0.136	0.864	0	0	0	0.864	0	0	0	1.0782919	0.80494056	-4.7972611e-05	-4.3794123e-07	2.1779821e-06	-3.547394e-07	-3.3477466e-05	2.9210609e-06	2.8144127e-06	-2.2157923e-06	-1.3777994e-08	2.7154618e-05	7.8956323e-06	-8.1447445e-05	-8.1318646e-05	-0.0015838791
-0.138	0.862	0	0	0	0.862	0	0	0	1.0786669	0.80149693	-4.8048295e-05	-4.3279046e-07	2.1931419e-06	-3.494346e-07	-3.368264e-05	2.9604209e-06	2.8400097e-06	-2.1945968e-06	-1.4278434e-08	2.7248404e-05	8.0585544e-06	-8.1728306e-05	-8.1599496e-05	-0.0015785712
-0.14	0.86	0	0	0	0.86	0	0	0	1.0790282	0.79804928	-4.8124331e-05	-4.2761505e-07	2.2074784e-06	-3.4409401e-07	-3.3879644e-05	2.9998644e-06	2.8647097e-06	-2.1729642e-06	-1.4763913e-08	2.733958e-05	8.2220303e-06	-8.2001356e-05	-8.187254e-05	-0.0015733731
-0.142	0.858	0	0	0	0.858	0	0	0	1.0793764	0.79459808	-4.8200721e-05	-4.2241921e-07	2.2209968e-06	-3.3872189e-07	-3.4068806e-05	3.0393499e-06	2.8885101e-06	-2.1509702e-06	-1.5237487e-08	2.7428255e-05	8.3860446e-06	-8.2266923e-05	-8.2138112e-05	-0.00156822
-0.144	0.856	0	0	0	0.856	0	0	0	1.079712	0.79114382	-4.8277464e-05	-4.1720743e-07	2.2337053e-06	-3.3332278e-07	-3.4250444e-05	3.0788386e-06	2.9114125e-06	-2.1286858e-06	-1.5701891e-08	2.7514537e-05	8.5505827e-06	-8.2525322e-05	-8.2396531e-05	-0.0015630673
-0.146	0.854	0	0	0	0.854	0	0	0	1.0800352	0.78768694	-4.8354558e-05	-4.1198443e-07	2.2456137e-06	-3.2790141e-07	-3.4424867e-05	3.1182951e-06	2.9334209e-06	-2.1061776e-06	-1.6159579e-08	2.7598528e-05	8.7156307e-06	-8.2776861e-05	-8.2648105e-05	-0.0015578874
-0.148	0.852	0	0	0	0.852	0	0	0	1.0803466	0.78422788	-4.8432e-05	-4.0675504e-07	2.2567339e-06	-3.2246265e-07	-3.4592372e-05	3.1576865e-06	2.9545423e-06	-2.0835076e-06	-1.6612761e-08	2.7680328e-05	8.8811751e-06	-8.3021833e-05	-8.2893127e-05	-0.001552667
-0.15	0.85	0	0	0	0.85	0	0	0	1.0806465	0.78076708	-4.8509785e-05	-4.0152419e-07	2.2670789e-06	-3.1701143e-07	-3.4753247e-05	3.1969825e-06	2.9747854e-06	-2.0607339e-06	-1.706343e-08	2.7760032e-05	9.0472032e-06	-8.3260521e-05	-8.3131882e-05	-0.0015474041
-0.152	0.848	0	0	0	0.848	0	0	0	1.0809353	0.77730493	-4.8587911e-05	-3.9629676e-07	2.2766629e-06	-3.1155263e-07	-3.490777e-05	3.2361556e-06	2.994161e-06	-2.0379104e-06	-1.7513392e-08	2.7837731e-05	9.2137027e-06	-8.3493198e-05	-8.3364641e-05	-0.001542105
-0.154	0.846	0	0	0	0.846	0	0	0	1.0812136	0.77384185	-4.866637e-05	-3.9107752e-07	2.2855015e-06	-3.0609098e-07	-3.505621e-05	3.2751807e-06	3.0126816e-06	-2.0150874e-06	-1.7964288e-08	2.7913515e-05	9.3806618e-06	-8.3720127e-05	-8.3591665e-05	-0.0015367813
-0.156	0.844	0	0	0	0.844	0	0	0	1.0814815	0.77037821	-4.8745158e-05	-3.8587106e-07	2.2936112e-06	-3.0063101e-07	-3.5198825e-05	3.3140349e-06	3.0303613e-06	-1.9923111e-06	-1.8417608e-08	2.7987467e-05	9.5480693e-06	-8.3941561e-05	-8.3813206e-05	-0.0015314471
-0.158	0.842	0	0	0	0.842	0	0	0	1.0817395	0.76691438	-4.8824267e-05	-3.8068164e-07	2.3010096e-06	-2.9517689e-07	-3.5335865e-05	3.3526977e-06	3.0472161e-06	-1.9696247e-06	-1.8874709e-08	2.8059669e-05	9.7159146e-06	-8.4157742e-05	-8.4029503e-05	-0.001526117
-0.16	0.84	0	0	0	0.84	0	0	0	1.081988	0.76345073	-4.890369e-05	-3.7551319e-07	2.3077152e-06	-2.8973244e-07	-3.546757e-05	3.3911507e-06	3.0632633e-06	-1.9470675e-06	-1.9336824e-08	2.8130199e-05	9.8841873e-06	-8.4368903e-05	-8.4240789e-05	-0.0015208036
-0.162	0.838	0	0	0	0.838	0	0	0	1.0822272	0.75998759	-4.8983421e-05	-3.7036923e-07	2.3137479e-06	-2.8430103e-07	-3.5594171e-05	3.4293774e-06	3.0785217e-06	-1.9246759e-06	-1.9805072e-08	2.8199132e-05	1.0052878e-05	-8.4575267e-05	-8.4447285e-05	-0.0015155165
-0.164	0.836	0	0	0	0.836	0	0	0	1.0824576	0.75652529	-4.906345e-05	-3.6525284e-07	2.3191279e-06	-2.7888558e-07	-3.5715889e-05	3.4673632e-06	3.0930117e-06	-1.9024829e-06	-2.0280459e-08	2.826654e-05	1.0221976e-05	-8.4777047e-05	-8.4649205e-05	-0.0015102615
-0.166	0.834	0	0	0	0.834	0	0	0	1.0826794	0.75306416	-4.9143771e-05	-3.6016663e-07	2.3238767e-06	-2.734885e-07	-3.5832938e-05	3.5050955e-06	3.1067548e-06	-1.8805185e-06	-2.0763885e-08	2.8332491e-05	1.0391475e-05	-8.4974449e-05	-8.4846751e-05	-0.0015050402
-0.168	0.832	0	0	0	0.832	0	0	0	1.082893	0.74960451	-4.9224373e-05	-3.5511276e-07	2.328016e-06	-2.6811178e-07	-3.5945522e-05	3.5425631e-06	3.1197734e-06	-1.8588099e-06	-2.1256148e-08	2.8397051e-05	1.0561363e-05	-8.5167668e-05	-8.5040121e-05	-0.00149985
-0.17	0.83	0	0	0	0.83	0	0	0	1.0830986	0.74614661	-4.9305249e-05	-3.5009294e-07	2.3315684e-06	-2.6275691e-07	-3.6053837e-05	3.5797563e-06	3.1320911e-06	-1.8373816e-06	-2.1757939e-08	2.8460281e-05	1.0731635e-05	-8.5356891e-05	-8.52295e-05	-0.0014946845
-0.172	0.828	0	0	0	0.828	0	0	0	1.0832965	0.74269078	-4.9386389e-05	-3.4510847e-07	2.3345567e-06	-2.57425e-07	-3.6158071e-05	3.616667e-06	3.143732e-06	-1.8162553e-06	-2.2269852e-08	2.8522243e-05	1.0902281e-05	-8.5542297e-05	-8.5415068e-05	-0.0014895338
-0.174	0.826	0	0	0	0.826	0	0	0	1.0834871	0.73923726	-4.9467784e-05	-3.4016024e-07	2.3370036e-06	-2.5211675e-07	-3.6258403e-05	3.6532883e-06	3.1547207e-06	-1.7954504e-06	-2.2792379e-08	2.8582993e-05	1.1073295e-05	-8.5724056e-05	-8.5596997e-05	-0.0014843856
-0.176	0.824	0	0	0	0.824	0	0	0	1.0836706	0.73578633	-4.9549424e-05	-3.3524879e-07	2.3389323e-06	-2.4683252e-07	-3.6355008e-05	3.6896146e-06	3.1650821e-06	-1.7749837e-06	-2.3325914e-08	2.8642586e-05	1.1244669e-05	-8.5902331e-05	-8.577545e-05	-0.0014792254
-0.178	0.822	0	0	0	0.822	0	0	0	1.0838473	0.73233825	-4.9631299e-05	-3.3037436e-07	2.3403655e-06	-2.4157238e-07	-3.6448048e-05	3.7256413e-06	3.1748413e-06	-1.7548699e-06	-2.3870753e-08	2.8701073e-05	1.1416397e-05	-8.6077278e-05	-8.5950584e-05	-0.0014740375
-0.18	0.82	0	0	0	0.82	0	0	0	1.0840173	0.72889325	-4.9713399e-05	-3.2553689e-07	2.3413259e-06	-2.3633614e-07	-3.6537684e-05	3.7613647e-06	3.1840232e-06	-1.7351217e-06	-2.44271e-08	2.8758504e-05	1.1588472e-05	-8.6249045e-05	-8.6122548e-05	-0.0014688052
-0.182	0.818	0	0	0	0.818	0	0	0	1.0841811	0.72545156	-4.9795715e-05	-3.2073608e-07	2.3418355e-06	-2.3112337e-07	-3.6624067e-05	3.7967823e-06	3.1926525e-06	-1.7157497e-06	-2.4995068e-08	2.8814926e-05	1.1760887e-05	-8.6417774e-05	-8.6291485e-05	-0.0014635117
-0.184	0.816	0	0	0	0.816	0	0	0	1.0843387	0.72201342	-4.9878236e-05	-3.1597145e-07	2.3419163e-06	-2.2593349e-07	-3.6707341e-05	3.8318922e-06	3.2007536e-06	-1.6967626e-06	-2.5574684e-08	2.8870384e-05	1.1933638e-05	-8.6583599e-05	-8.6457532e-05	-0.0014581403
-0.186	0.814	0	0	0	0.814	0	0	0	1.0844905	0.71857905	-4.9960953e-05	-3.112423e-07	2.3415894e-06	-2.2076576e-07	-3.6787647e-05	3.8666933e-06	3.2083506e-06	-1.6781675e-06	-2.6165891e-08	2.8924922e-05	1.2106717e-05	-8.6746651e-05	-8.6620819e-05	-0.0014526747
-0.188	0.812	0	0	0	0.812	0	0	0	1.0846366	0.71514864	-5.0043855e-05	-3.0654783e-07	2.3408753e-06	-2.1561931e-07	-3.6865117e-05	3.9011854e-06	3.2154667e-06	-1.6599698e-06	-2.6768556e-08	2.897858e-05	1.2280121e-05	-8.6907052e-05	-8.6781471e-05	-0.0014470993
-0.19	0.81	0	0	0	0.81	0	0	0	1.0847773	0.7117224	-5.0126932e-05	-3.018871e-07	2.339794e-06	-2.1049319e-07	-3.693988e-05	3.9353685e-06	3.2221246e-06	-1.6421735e-06	-2.7382472e-08	2.9031398e-05	1.2453843e-05	-8.706492e-05	-8.6939606e-05	-0.0014413996
-0.192	0.808	0	0	0	0.808	0	0	0	1.0849128	0.70830052	-5.0210174e-05	-2.9725908e-07	2.3383645e-06	-2.0538639e-07	-3.7012057e-05	3.9692436e-06	3.2283465e-06	-1.6247812e-06	-2.8007365e-08	2.9083413e-05	1.2627879e-05	-8.7220369e-05	-8.7095338e-05	-0.001435562
-0.194	0.806	0	0	0	0.806	0	0	0	1.0850433	0.7048832	-5.0293572e-05	-2.9266267e-07	2.3366054e-06	-2.0029784e-07	-3.7081767e-05	4.0028119e-06	3.2341537e-06	-1.6077941e-06	-2.86429e-08	2.913466e-05	1.2802225e-05	-8.7373504e-05	-8.7248776e-05	-0.001429574
-0.196	0.804	0	0	0	0.804	0	0	0	1.085169	0.7014706	-5.0377115e-05	-2.8809671e-07	2.3345342e-06	-1.9522644e-07	-3.7149122e-05	4.0360752e-06	3.2395665e-06	-1.5912123e-06	-2.9288688e-08	2.9185175e-05	1.2976875e-05	-8.752443e-05	-8.7400023e-05	-0.0014234245
-0.198	0.802	0	0	0	0.802	0	0	0	1.0852901	0.69806291	-5.0460795e-05	-2.8356e-07	2.3321678e-06	-1.9017107e-07	-3.7214228e-05	4.0690357e-06	3.2446048e-06	-1.575035e-06	-2.9944288e-08	2.9234989e-05	1.3151825e-05	-8.7673244e-05	-8.7549178e-05	-0.0014171034
-0.2	0.8	0	0	0	0.8	0	0	0	1.0854067	0.69466027	-5.0544602e-05	-2.7905133e-07	2.3295225e-06	-1.851306e-07	-3.7277191e-05	4.1016958e-06	3.2492875e-06	-1.5592602e-06	-3.0609216e-08	2.9284134e-05	1.3327071e-05	-8.782004e-05	-8.7696335e-05	-0.0014106018
-0.202	0.798	0	0	0	0.798	0	0	0	1.085519	0.69126286	-5.0628526e-05	-2.7456946e-07	2.3266134e-06	-1.8010391e-07	-3.7338107e-05	4.1340584e-06	3.2536326e-06	-1.5438853e-06	-3.128295e-08	2.9332639e-05	1.350261e-05	-8.7964908e-05	-8.7841586e-05	-0.0014039119
-0.204	0.796	0	0	0	0.796	0	0	0	1.0856273	0.68787083	-5.0712559e-05	-2.7011313e-07	2.3234553e-06	-1.7508989e-07	-3.7397073e-05	4.1661266e-06	3.2576573e-06	-1.5289065e-06	-3.1964935e-08	2.9380532e-05	1.3678438e-05	-8.8107933e-05	-8.7985016e-05	-0.0013970272
-0.206	0.794	0	0	0	0.794	0	0	0	1.0857316	0.68448432	-5.0796693e-05	-2.656811e-07	2.3200618e-06	-1.7008742e-07	-3.7454178e-05	4.1979037e-06	3.2613782e-06	-1.5143197e-06	-3.2654589e-08	2.9427842e-05	1.385455e-05	-8.8249198e-05	-8.8126707e-05	-0.0013899421
-0.208	0.792	0	0	0	0.792	0	0	0	1.0858322	0.68110346	-5.0880918e-05	-2.6127214e-07	2.3164463e-06	-1.6509544e-07	-3.750951e-05	4.2293934e-06	3.264811e-06	-1.5001201e-06	-3.3351308e-08	2.9474593e-05	1.4030944e-05	-8.838878e-05	-8.8266738e-05	-0.0013826518
-0.21	0.79	0	0	0	0.79	0	0	0	1.0859292	0.67772841	-5.0965226e-05	-2.5688502e-07	2.3126211e-06	-1.6011288e-07	-3.756315e-05	4.2605994e-06	3.2679703e-06	-1.4863021e-06	-3.4054471e-08	2.952081e-05	1.4207617e-05	-8.8526755e-05	-8.8405184e-05	-0.0013751527
-0.212	0.788	0	0	0	0.788	0	0	0	1.0860227	0.67435928	-5.104961e-05	-2.5251853e-07	2.308598e-06	-1.551387e-07	-3.7615179e-05	4.2915255e-06	3.2708705e-06	-1.4728601e-06	-3.4763443e-08	2.9566517e-05	1.4384565e-05	-8.8663192e-05	-8.8542116e-05	-0.0013674419
-0.214	0.786	0	0	0	0.786	0	0	0	1.0861129	0.67099619	-5.1134061e-05	-2.481715e-07	2.3043881e-06	-1.5017191e-07	-3.7665671e-05	4.3221758e-06	3.2735248e-06	-1.4597877e-06	-3.547758e-08	2.9611737e-05	1.4561786e-05	-8.8798161e-05	-8.8677603e-05	-0.0013595173
-0.216	0.784	0	0	0	0.784	0	0	0	1.0861999	0.66763927	-5.1218573e-05	-2.4384275e-07	2.3000018e-06	-1.4521151e-07	-3.7714701e-05	4.3525544e-06	3.275946e-06	-1.4470783e-06	-3.6196236e-08	2.965649e-05	1.4739276e-05	-8.8931727e-05	-8.8811709e-05	-0.0013513774
-0.218	0.782	0	0	0	0.782	0	0	0	1.0862838	0.66428863	-5.1303138e-05	-2.3953114e-07	2.2954492e-06	-1.4025657e-07	-3.7762336e-05	4.3826656e-06	3.278146e-06	-1.434725e-06	-3.691876e-08	2.9700798e-05	1.4917032e-05	-8.9063951e-05	-8.8944497e-05	-0.0013430214
-0.22	0.78	0	0	0	0.78	0	0	0	1.0863648	0.66094437	-5.1387749e-05	-2.3523557e-07	2.2907394e-06	-1.3530615e-07	-3.7808642e-05	4.4125135e-06	3.2801361e-06	-1.4227208e-06	-3.7644505e-08	2.9744679e-05	1.5095054e-05	-8.9194893e-05	-8.9076026e-05	-0.0013344491
-0.222	0.778	0	0	0	0.778	0	0	0	1.0864431	0.6576066	-5.14724e-05	-2.3095495e-07	2.2858813e-06	-1.3035937e-07	-3.7853684e-05	4.4421026e-06	3.2819271e-06	-1.4110584e-06	-3.8372827e-08	2.9788152e-05	1.5273337e-05	-8.9324609e-05	-8.9206351e-05	-0.0013256608
-0.224	0.776	0	0	0	0.776	0	0	0	1.0865186	0.65427542	-5.1557084e-05	-2.2668822e-07	2.2808832e-06	-1.2541536e-07	-3.789752e-05	4.4714371e-06	3.2835289e-06	-1.3997303e-06	-3.9103091e-08	2.9831236e-05	1.5451879e-05	-8.9453153e-05	-8.9335528e-05	-0.0013166571
-0.226	0.774	0	0	0	0.774	0	0	0	1.0865916	0.65095092	-5.1641796e-05	-2.2243435e-07	2.2757527e-06	-1.2047328e-07	-3.7940209e-05	4.5005214e-06	3.2849512e-06	-1.3887291e-06	-3.9834668e-08	2.9873946e-05	1.5630679e-05	-8.9580576e-05	-8.9463608e-05	-0.0013074391
-0.228	0.772	0	0	0	0.772	0	0	0	1.086662	0.64763319	-5.1726529e-05	-2.1819234e-07	2.2704974e-06	-1.1553231e-07	-3.7981804e-05	4.5293599e-06	3.2862028e-06	-1.3780472e-06	-4.0566943e-08	2.99163e-05	1.5809733e-05	-8.9706927e-05	-8.9590638e-05	-0.0012980084
-0.23	0.77	0	0	0	0.77	0	0	0	1.0867302	0.64432232	-5.1811278e-05	-2.1396123e-07	2.2651239e-06	-1.1059168e-07	-3.8022359e-05	4.5579569e-06	3.2872922e-06	-1.3676771e-06	-4.1299311e-08	2.9958312e-05	1.5989041e-05	-8.9832254e-05	-8.9716666e-05	-0.0012883665
-0.232	0.768	0	0	0	0.768	0	0	0	1.086796	0.64101838	-5.1896038e-05	-2.0974006e-07	2.2596389e-06	-1.0565063e-07	-3.8061923e-05	4.5863166e-06	3.2882274e-06	-1.3576113e-06	-4.2031182e-08	2.9999997e-05	1.61686e-05	-8.99566e-05	-8.9841736e-05	-0.0012785155
-0.234	0.766	0	0	0	0.766	0	0	0	1.0868597	0.63772146	-5.1980804e-05	-2.0552791e-07	2.2540483e-06	-1.007084e-07	-3.8100544e-05	4.6144435e-06	3.2890157e-06	-1.3478421e-06	-4.2761981e-08	3.004137e-05	1.6348408e-05	-9.0080008e-05	-8.996589e-05	-0.0012684576
-0.236	0.764	0	0	0	0.764	0	0	0	1.0869213	0.63443163	-5.206557e-05	-2.013239e-07	2.2483578e-06	-9.5764305e-08	-3.8138266e-05	4.6423416e-06	3.2896641e-06	-1.3383622e-06	-4.3491149e-08	3.0082442e-05	1.6528464e-05	-9.0202518e-05	-9.0089168e-05	-0.0012581952
-0.238	0.762	0	0	0	0.762	0	0	0	1.0869809	0.63114896	-5.2150334e-05	-1.9712716e-07	2.2425729e-06	-9.0817636e-08	-3.8175133e-05	4.6700153e-06	3.2901793e-06	-1.3291641e-06	-4.421814e-08	3.0123228e-05	1.6708765e-05	-9.0324169e-05	-9.021161e-05	-0.0012477306
-0.24	0.76	0	0	0	0.76	0	0	0	1.0870386	0.62787352	-5.2235089e-05	-1.9293684e-07	2.2366985e-06	-8.5867726e-08	-3.8211186e-05	4.6974687e-06	3.2905674e-06	-1.3202406e-06	-4.494243e-08	3.0163739e-05	1.688931e-05	-9.0444998e-05	-9.033325e-05	-0.0012370667
-0.242	0.758	0	0	0	0.758	0	0	0	1.0870945	0.62460538	-5.2319833e-05	-1.8875213e-07	2.2307393e-06	-8.0913922e-08	-3.8246463e-05	4.7247057e-06	3.2908342e-06	-1.3115846e-06	-4.5663508e-08	3.0203986e-05	1.7070098e-05	-9.056504e-05	-9.0454125e-05	-0.001226206
-0.244	0.756	0	0	0	0.756	0	0	0	1.0871486	0.62134458	-5.2404561e-05	-1.8457224e-07	2.2246999e-06	-7.5955592e-08	-3.8281003e-05	4.7517306e-06	3.2909851e-06	-1.3031889e-06	-4.6380882e-08	3.0243981e-05	1.7251127e-05	-9.0684328e-05	-9.0574267e-05	-0.0012151515
-0.246	0.754	0	0	0	0.754	0	0	0	1.0872011	0.6180912	-5.248927e-05	-1.8039639e-07	2.2185842e-06	-7.0992121e-08	-3.831484e-05	4.7785471e-06	3.2910252e-06	-1.2950467e-06	-4.7094076e-08	3.0283735e-05	1.7432395e-05	-9.0802894e-05	-9.0693707e-05	-0.0012039059
-0.248	0.752	0	0	0	0.752	0	0	0	1.0872519	0.61484528	-5.2573957e-05	-1.7622384e-07	2.2123963e-06	-6.6022909e-08	-3.8348008e-05	4.8051592e-06	3.2909592e-06	-1.2871513e-06	-4.7802633e-08	3.0323256e-05	1.7613901e-05	-9.0920768e-05	-9.0812477e-05	-0.0011924721
-0.25	0.75	0	0	0	0.75	0	0	0	1.0873011	0.61160689	-5.2658617e-05	-1.7205385e-07	2.2061397e-06	-6.1047375e-08	-3.8380539e-05	4.8315706e-06	3.2907917e-06	-1.2794959e-06	-4.8506112e-08	3.0362554e-05	1.7795645e-05	-9.103798e-05	-9.0930604e-05	-0.0011808531
-0.252	0.748	0	0	0	0.748	0	0	0	1.0873489	0.60837607	-5.2743249e-05	-1.6788571e-07	2.1998179e-06	-5.606495e-08	-3.8412465e-05	4.8577852e-06	3.2905267e-06	-1.2720743e-06	-4.9204087e-08	3.0401639e-05	1.7977624e-05	-9.1154556e-05	-9.1048116e-05	-0.0011690517
-0.254	0.746	0	0	0	0.746	0	0	0	1.0873953	0.60515286	-5.2827849e-05	-1.6371873e-07	2.1934342e-06	-5.1075079e-08	-3.8443814e-05	4.8838064e-06	3.2901681e-06	-1.26488e-06	-4.9896153e-08	3.044052e-05	1.8159837e-05	-9.1270524e-05	-9.116504e-05	-0.0011570709
-0.256	0.744	0	0	0	0.744	0	0	0	1.0874402	0.60193732	-5.2912415e-05	-1.5955223e-07	2.1869914e-06	-4.6077222e-08	-3.8474613e-05	4.909638e-06	3.2897196e-06	-1.2579071e-06	-5.0581915e-08	3.0479204e-05	1.8342284e-05	-9.1385908e-05	-9.1281399e-05	-0.0011449135
-0.258	0.742	0	0	0	0.742	0	0	0	1.0874839	0.59872948	-5.2996944e-05	-1.5538557e-07	2.1804925e-06	-4.1070851e-08	-3.850489e-05	4.9352833e-06	3.2891846e-06	-1.2511494e-06	-5.1261e-08	3.0517699e-05	1.8524963e-05	-9.1500732e-05	-9.1397217e-05	-0.0011325825
-0.26	0.74	0	0	0	0.74	0	0	0	1.0875263	0.5955294	-5.3081434e-05	-1.5121809e-07	2.17394e-06	-3.6055448e-08	-3.853467e-05	4.9607459e-06	3.2885662e-06	-1.2446014e-06	-5.1933044e-08	3.0556012e-05	1.8707873e-05	-9.1615019e-05	-9.1512518e-05	-0.0011200807
-0.262	0.738	0	0	0	0.738	0	0	0	1.0875675	0.5923371	-5.3165883e-05	-1.4704916e-07	2.1673364e-06	-3.1030507e-08	-3.8563976e-05	4.9860289e-06	3.2878672e-06	-1.2382573e-06	-5.2597702e-08	3.0594152e-05	1.8891013e-05	-9.1728791e-05	-9.1627322e-05	-0.001107411
-0.264	0.736	0	0	0	0.736	0	0	0	1.0876075	0.58915263	-5.3250288e-05	-1.4287819e-07	2.1606841e-06	-2.5995531e-08	-3.8592832e-05	5.0111357e-06	3.2870906e-06	-1.2321117e-06	-5.3254641e-08	3.0632125e-05	1.9074382e-05	-9.1842069e-05	-9.1741651e-05	-0.0010945761
-0.266	0.734	0	0	0	0.734	0	0	0	1.0876464	0.58597602	-5.3334648e-05	-1.3870456e-07	2.1539852e-06	-2.0950035e-08	-3.8621259e-05	5.0360694e-06	3.2862387e-06	-1.2261593e-06	-5.3903543e-08	3.0669937e-05	1.925798e-05	-9.1954873e-05	-9.1855524e-05	-0.0010815789
-0.268	0.732	0	0	0	0.732	0	0	0	1.0876842	0.58280731	-5.341896e-05	-1.3452769e-07	2.1472417e-06	-1.5893541e-08	-3.8649279e-05	5.0608332e-06	3.2853139e-06	-1.2203951e-06	-5.4544102e-08	3.0707594e-05	1.9441804e-05	-9.2067221e-05	-9.196896e-05	-0.0010684221
-0.27	0.73	0	0	0	0.73	0	0	0	1.087721	0.57964652	-5.3503224e-05	-1.3034701e-07	2.1404556e-06	-1.0825578e-08	-3.867691e-05	5.08543e-06	3.2843183e-06	-1.2148141e-06	-5.5176025e-08	3.0745103e-05	1.9625855e-05	-9.2179133e-05	-9.2081976e-05	-0.0010551084
-0.272	0.728	0	0	0	0.728	0	0	0	1.0877568	0.5764937	-5.3587437e-05	-1.2616195e-07	2.1336285e-06	-5.745685e-09	-3.8704172e-05	5.1098627e-06	3.283254e-06	-1.2094115e-06	-5.579903e-08	3.0782469e-05	1.9810132e-05	-9.2290624e-05	-9.219459e-05	-0.0010416405
-0.274	0.726	0	0	0	0.726	0	0	0	1.0877916	0.57334886	-5.3671598e-05	-1.2197196e-07	2.1267622e-06	-6.5340664e-10	-3.8731083e-05	5.1341343e-06	3.2821228e-06	-1.2041827e-06	-5.6412848e-08	3.0819698e-05	1.9994634e-05	-9.2401712e-05	-9.2306819e-05	-0.0010280211
-0.276	0.724	0	0	0	0.724	0	0	0	1.0878255	0.57021204	-5.3755706e-05	-1.177765e-07	2.1198581e-06	4.4517056e-09	-3.8757661e-05	5.1582474e-06	3.2809264e-06	-1.1991232e-06	-5.7017219e-08	3.0856795e-05	2.0179359e-05	-9.2512413e-05	-9.2418677e-05	-0.0010142527
-0.278	0.722	0	0	0	0.722	0	0	0	1.0878586	0.56708326	-5.383976e-05	-1.1357503e-07	2.1129178e-06	9.5700942e-09	-3.8783921e-05	5.1822049e-06	3.2796663e-06	-1.1942288e-06	-5.7611894e-08	3.0893764e-05	2.0364308e-05	-9.2622742e-05	-9.253018e-05	-0.0010003382
-0.28	0.72	0	0	0	0.72	0	0	0	1.0878907	0.56396255	-5.3923757e-05	-1.0936702e-07	2.1059425e-06	1.4702196e-08	-3.8809879e-05	5.2060093e-06	3.2783438e-06	-1.1894952e-06	-5.8196634e-08	3.0930611e-05	2.054948e-05	-9.2732713e-05	-9.2641342e-05	-0.0009862799
-0.282	0.718	0	0	0	0.718	0	0	0	1.0879221	0.56084994	-5.4007699e-05	-1.0515196e-07	2.0989336e-06	1.9848444e-08	-3.8835551e-05	5.2296633e-06	3.2769603e-06	-1.1849185e-06	-5.8771209e-08	3.096734e-05	2.0734874e-05	-9.284234e-05	-9.2752177e-05	-0.00097208061
-0.284	0.716	0	0	0	0.716	0	0	0	1.0879526	0.55774544	-5.4091582e-05	-1.0092934e-07	2.091892e-06	2.5009264e-08	-3.886095e-05	5.2531692e-06	3.2755169e-06	-1.1804948e-06	-5.9335397e-08	3.1003956e-05	2.0920489e-05	-9.2951637e-05	-9.2862698e-05	-0.00095774288
-0.286	0.714	0	0	0	0.714	0	0	0	1.0879824	0.55464908	-5.4175406e-05	-9.669865e-08	2.084819e-06	3.0185082e-08	-3.8886091e-05	5.2765296e-06	3.2740147e-06	-1.1762203e-06	-5.9888985e-08	3.1040462e-05	2.1106325e-05	-9.3060616e-05	-9.2972918e-05	-0.00094326937
-0.288	0.712	0	0	0	0.712	0	0	0	1.0880115	0.55156088	-5.4259171e-05	-9.2459393e-08	2.0777155e-06	3.5376315e-08	-3.8910986e-05	5.2997469e-06	3.2724544e-06	-1.1720915e-06	-6.0431767e-08	3.1076863e-05	2.1292381e-05	-9.316929e-05	-9.3082848e-05	-0.00092866275
-0.29	0.71	0	0	0	0.71	0	0	0	1.0880398	0.54848086	-5.4342875e-05	-8.8211075e-08	2.0705824e-06	4.0583381e-08	-3.8935648e-05	5.3228232e-06	3.2708369e-06	-1.1681049e-06	-6.0963544e-08	3.1113162e-05	2.1478656e-05	-9.3277671e-05	-9.31925e-05	-0.00091392574
-0.292	0.708	0	0	0	0.708	0	0	0	1.0880674	0.54540904	-5.4426519e-05	-8.3953208e-08	2.0634206e-06	4.5806695e-08	-3.896009e-05	5.3457609e-06	3.2691629e-06	-1.1642571e-06	-6.1484124e-08	3.1149364e-05	2.166515e-05	-9.3385768e-05	-9.3301884e-05	-0.00089906118
-0.294	0.706	0	0	0	0.706	0	0	0	1.0880944	0.54234544	-5.45101e-05	-7.9685305e-08	2.0562308e-06	5.1046666e-08	-3.8984321e-05	5.3685622e-06	3.267433e-06	-1.1605449e-06	-6.1993319e-08	3.1185472e-05	2.1851864e-05	-9.3493594e-05	-9.3411012e-05	-0.00088407197
-0.296	0.704	0	0	0	0.704	0	0	0	1.0881208	0.53929007	-5.4593619e-05	-7.5406884e-08	2.0490138e-06	5.6303707e-08	-3.9008354e-05	5.3912291e-06	3.2656476e-06	-1.1569652e-06	-6.2490949e-08	3.1221488e-05	2.2038795e-05	-9.3601159e-05	-9.3519894e-05	-0.00086896119
-0.298	0.702	0	0	0	0.702	0	0	0	1.0881465	0.53624296	-5.4677075e-05	-7.1117465e-08	2.0417702e-06	6.1578223e-08	-3.9032198e-05	5.4137637e-06	3.2638071e-06	-1.153515e-06	-6.2976837e-08	3.1257417e-05	2.2225943e-05	-9.3708472e-05	-9.3628539e-05	-0.00085373209
-0.3	0.7	0	0	0	0.7	0	0	0	1.0881717	0.53320412	-5.4760467e-05	-6.6816569e-08	2.0345005e-06	6.6870624e-08	-3.9055865e-05	5.4361681e-06	3.2619119e-06	-1.1501915e-06	-6.3450812e-08	3.1293261e-05	2.2413309e-05	inf	inf	inf
