lambda	F11	F12	F13	F21	F22	F23	F31	F32	F33	J	P11	P12	P13	P21	P22	P23	P31	P32	P33	p	StrEn	t(1)	t(2)	d
0	1	0	0	0	1	0	0	0	1	1	0	0	0	0	0	0	0	0	0	-0	0	inf	inf	inf
-0.002	0.998	0	0	0	0.99934	0	0	0	1.0016464	0.99898337	-1.784364e-06	-2.1496682e-07	-2.9120761e-08	-2.1155834e-07	-8.7493877e-07	1.1924611e-08	-7.7888785e-09	-6.1559649e-09	-1.5066746e-09	8.8693648e-07	2.3010401e-09	-2.0718741e-06	-1.9391368e-06	-0.068451724
-0.004	0.996	0	0	0	0.99868	0	0	0	1.0032382	0.99790625	-2.9468291e-06	-5.3947042e-07	-6.761417e-08	-5.3363028e-07	-1.1138312e-06	4.1079023e-08	-2.5314748e-08	3.71667e-09	-3.4704188e-09	1.3547102e-06	7.7565472e-09	-3.3116766e-06	-3.2610077e-06	-0.015537793
-0.006	0.994	0	0	0	0.99802	0	0	0	1.0047778	0.99677157	-3.8677738e-06	-7.0128019e-07	-1.1742002e-07	-6.9428404e-07	-1.1088757e-06	8.1193609e-08	-6.2174727e-08	2.8364813e-08	-6.2568605e-09	1.6609688e-06	1.5345071e-08	-4.2290099e-06	-4.2069503e-06	-0.0052435997
-0.008	0.992	0	0	0	0.99736	0	0	0	1.0062383	0.99555321	-4.6486514e-06	-7.9281391e-07	-1.9073071e-07	-7.8497239e-07	-9.7236009e-07	1.3706065e-07	-1.2734355e-07	7.0956103e-08	-9.3546099e-09	1.8767887e-06	2.4584348e-08	-4.9629809e-06	-4.9513528e-06	-0.002348468
-0.01	0.99	0	0	0	0.9967	0	0	0	1.0075782	0.99421069	-5.308747e-06	-8.748469e-07	-2.7576172e-07	-8.6640982e-07	-7.4766414e-07	1.8890796e-07	-2.077262e-07	1.1108106e-07	-1.2284205e-08	2.0228985e-06	3.5150482e-08	-5.5476628e-06	-5.5449216e-06	-0.00049435937
-0.012	0.988	0	0	0	0.99604	0	0	0	1.0087825	0.99273031	-5.8551619e-06	-9.6396654e-07	-3.43155e-07	-9.5542385e-07	-4.8524558e-07	2.1606311e-07	-2.7263985e-07	1.2738615e-07	-1.4868861e-08	2.1184254e-06	4.6764035e-08	-6.0068451e-06	-6.0125312e-06	0.00094571733
-0.014	0.986	0	0	0	0.99538	0	0	0	1.0098509	0.99111276	-6.2927086e-06	-1.0463678e-06	-3.9385788e-07	-1.038081e-06	-2.4682487e-07	2.289049e-07	-3.2229669e-07	1.2981453e-07	-1.7210657e-08	2.1855814e-06	5.9200607e-08	-6.3656085e-06	-6.3755844e-06	0.0015647167
-0.016	0.984	0	0	0	0.99472	0	0	0	1.0107702	0.98934641	-6.6128189e-06	-1.1141486e-06	-4.3892048e-07	-1.1061987e-06	-7.6424741e-08	2.3972947e-07	-3.6725119e-07	1.3063701e-07	-1.9302788e-08	2.2361822e-06	7.2266373e-08	-6.6298286e-06	-6.6451451e-06	0.0023049122
-0.018	0.982	0	0	0	0.99406	0	0	0	1.0115523	0.98744387	-6.8249098e-06	-1.1673362e-06	-4.8092697e-07	-1.1596678e-06	1.6024455e-08	2.5238903e-07	-4.094645e-07	1.3385148e-07	-2.1078431e-08	2.2766546e-06	8.5781188e-08	-6.8118772e-06	-6.8345482e-06	0.0033171069
-0.02	0.98	0	0	0	0.9934	0	0	0	1.0122399	0.9854479	-6.9623058e-06	-1.2087089e-06	-5.1817104e-07	-1.2012853e-06	5.1902152e-08	2.6670096e-07	-4.4685084e-07	1.3934948e-07	-2.2544702e-08	2.3109828e-06	9.9604565e-08	-6.9377395e-06	-6.9665334e-06	0.0041331763
-0.022	0.978	0	0	0	0.99274	0	0	0	1.0128721	0.98339722	-7.0556712e-06	-1.2413601e-06	-5.5006754e-07	-1.2341978e-06	5.5188011e-08	2.8190925e-07	-4.7875767e-07	1.463352e-07	-2.3764983e-08	2.3414161e-06	1.1364732e-07	-7.0301387e-06	-7.0630595e-06	0.0046609782
-0.024	0.976	0	0	0	0.99208	0	0	0	1.013472	0.98131462	-7.1232868e-06	-1.2677213e-06	-5.7722995e-07	-1.2608683e-06	4.0477142e-08	2.9753145e-07	-5.0583907e-07	1.5424951e-07	-2.4800011e-08	2.3692032e-06	1.278568e-07	-7.1026143e-06	-7.1384011e-06	0.0050132738
-0.026	0.974	0	0	0	0.99142	0	0	0	1.0140519	0.97921223	-7.1749999e-06	-1.2894936e-06	-6.0051492e-07	-1.2830108e-06	1.5437951e-08	3.1330046e-07	-5.2899878e-07	1.6275331e-07	-2.569273e-08	2.3950849e-06	1.4220093e-07	-7.1625407e-06	-7.2005188e-06	0.0052743572
-0.028	0.972	0	0	0	0.99076	0	0	0	1.0146186	0.97709668	-7.2162612e-06	-1.3078417e-06	-6.2066796e-07	-1.3017935e-06	-1.5862777e-08	3.2906271e-07	-5.4901614e-07	1.716338e-07	-2.6471933e-08	2.419532e-06	1.5665888e-07	-7.2140579e-06	-7.2538554e-06	0.0054863932
-0.03	0.97	0	0	0	0.9901	0	0	0	1.0151758	0.97497183	-7.250272e-06	-1.3235728e-06	-6.3827297e-07	-1.3180233e-06	-5.1153527e-08	3.4472516e-07	-5.6649695e-07	1.8075043e-07	-2.7157261e-08	2.4428609e-06	1.7121635e-07	-7.2596332e-06	-7.3010276e-06	0.0056696717
-0.032	0.968	0	0	0	0.98944	0	0	0	1.0157261	0.97284004	-7.279027e-06	-1.3372588e-06	-6.5377788e-07	-1.3322698e-06	-8.9091412e-08	3.6022944e-07	-5.8190283e-07	1.9000652e-07	-2.7762582e-08	2.4652937e-06	1.8586299e-07	-7.3008265e-06	-7.3436727e-06	0.0058344426
-0.034	0.966	0	0	0	0.98878	0	0	0	1.0162709	0.97070285	-7.303835e-06	-1.3493151e-06	-6.6752822e-07	-1.3449456e-06	-1.2884061e-07	3.7553832e-07	-5.9558767e-07	1.9933349e-07	-2.8298041e-08	2.4869912e-06	2.0059104e-07	-7.3386749e-06	-7.3828706e-06	0.0059862539
-0.036	0.964	0	0	0	0.98812	0	0	0	1.0168114	0.96856129	-7.3255928e-06	-1.3600501e-06	-6.7979414e-07	-1.3563562e-06	-1.6985733e-07	3.9062806e-07	-6.0782664e-07	2.0868158e-07	-2.8771307e-08	2.5080738e-06	2.1539447e-07	-7.3738979e-06	-7.4193662e-06	0.006128327
-0.038	0.962	0	0	0	0.98746	0	0	0	1.0173481	0.96641611	-7.344937e-06	-1.3696978e-06	-6.9079021e-07	-1.3667324e-06	-2.1177418e-07	4.0548381e-07	-6.1883706e-07	2.180141e-07	-2.9188338e-08	2.5286332e-06	2.302685e-07	-7.4070122e-06	-7.4536921e-06	0.0062626592
-0.04	0.96	0	0	0	0.9868	0	0	0	1.0178817	0.96426782	-7.3623339e-06	-1.3784387e-06	-7.0068935e-07	-1.3762523e-06	-2.5433489e-07	4.2009672e-07	-6.2879327e-07	2.2730356e-07	-2.9553879e-08	2.5487409e-06	2.4520924e-07	-7.4384001e-06	-7.4862414e-06	0.0063905653
-0.042	0.958	0	0	0	0.98614	0	0	0	1.0184125	0.96211682	-7.3781337e-06	-1.3864149e-06	-7.0963284e-07	-1.3850553e-06	-2.9735571e-07	4.3446205e-07	-6.3783704e-07	2.3652921e-07	-2.9871787e-08	2.5684537e-06	2.6021347e-07	-7.4683512e-06	-7.5173111e-06	0.0065129582
-0.044	0.956	0	0	0	0.98548	0	0	0	1.0189409	0.95996342	-7.3926049e-06	-1.3937393e-06	-7.1773756e-07	-1.3932523e-06	-3.4070176e-07	4.4857789e-07	-6.4608512e-07	2.4567521e-07	-3.0145254e-08	2.5878173e-06	2.7527848e-07	-7.4970898e-06	-7.5471311e-06	0.0066305025
-0.046	0.954	0	0	0	0.98482	0	0	0	1.019467	0.95780784	-7.4059579e-06	-1.4005035e-06	-7.2510118e-07	-1.4009325e-06	-3.8427195e-07	4.6244431e-07	-6.5363473e-07	2.5472941e-07	-3.0376961e-08	2.6068689e-06	2.9040199e-07	-7.5247927e-06	-7.5758822e-06	0.0067437022
-0.048	0.952	0	0	0	0.98416	0	0	0	1.019991	0.95565027	-7.4183597e-06	-1.406782e-06	-7.3180616e-07	-1.4081687e-06	-4.2798918e-07	4.7606276e-07	-6.6056759e-07	2.6368243e-07	-3.0569193e-08	2.6256394e-06	3.0558201e-07	-7.5516014e-06	-7.6037093e-06	0.0068529533
-0.05	0.95	0	0	0	0.9835	0	0	0	1.0205131	0.95349087	-7.4299452e-06	-1.4126365e-06	-7.3792267e-07	-1.4150209e-06	-4.7179368e-07	4.894356e-07	-6.6695302e-07	2.7252705e-07	-3.0723915e-08	2.6441543e-06	3.2081683e-07	-7.5776308e-06	-7.6307298e-06	0.0069585764
-0.052	0.948	0	0	0	0.98284	0	0	0	1.0210333	0.95132976	-7.4408243e-06	-1.4181184e-06	-7.435109e-07	-1.4215389e-06	-5.156385e-07	5.0256585e-07	-6.7285027e-07	2.8125767e-07	-3.0842839e-08	2.6624352e-06	3.3610493e-07	-7.6029752e-06	-7.6570403e-06	0.0070608378
-0.054	0.946	0	0	0	0.98218	0	0	0	1.0215519	0.94916702	-7.4510882e-06	-1.423271e-06	-7.4862279e-07	-1.4277645e-06	-5.5948625e-07	5.1545696e-07	-6.7831031e-07	2.8986996e-07	-3.0927465e-08	2.6805006e-06	3.5144499e-07	-7.6277132e-06	-7.6827212e-06	0.0071599632
-0.056	0.944	0	0	0	0.98152	0	0	0	1.0220687	0.94700276	-7.4608127e-06	-1.4281309e-06	-7.5330347e-07	-1.4337332e-06	-6.0330686e-07	5.2811263e-07	-6.8337728e-07	2.983606e-07	-3.0979123e-08	2.6983662e-06	3.6683582e-07	-7.6519104e-06	-7.7078396e-06	0.0072561475
-0.058	0.942	0	0	0	0.98086	0	0	0	1.022584	0.94483704	-7.4700618e-06	-1.4327294e-06	-7.5759237e-07	-1.4394751e-06	-6.470759e-07	5.405367e-07	-6.8808962e-07	3.0672704e-07	-3.0998993e-08	2.7160456e-06	3.8227635e-07	-7.6756227e-06	-7.7324528e-06	0.0073495613
-0.06	0.94	0	0	0	0.9802	0	0	0	1.0230977	0.94266993	-7.4788899e-06	-1.4370934e-06	-7.6152407e-07	-1.4450159e-06	-6.9077332e-07	5.5273311e-07	-6.9248096e-07	3.1496738e-07	-3.0988135e-08	2.7335505e-06	3.9776563e-07	-7.6988975e-06	-7.7566094e-06	0.0074403559
-0.062	0.938	0	0	0	0.97954	0	0	0	1.0236099	0.94050148	-7.4873434e-06	-1.4412461e-06	-7.6512908e-07	-1.4503781e-06	-7.3438255e-07	5.6470579e-07	-6.9658089e-07	3.2308017e-07	-3.0947502e-08	2.7508912e-06	4.1330279e-07	-7.7217756e-06	-7.7803513e-06	0.0075286668
-0.064	0.936	0	0	0	0.97888	0	0	0	1.0241206	0.93833173	-7.4954625e-06	-1.4452079e-06	-7.6843441e-07	-1.455581e-06	-7.778898e-07	5.7645865e-07	-7.0041551e-07	3.310644e-07	-3.0877956e-08	2.7680768e-06	4.2888703e-07	-7.7442925e-06	-7.8037148e-06	0.0076146165
-0.066	0.934	0	0	0	0.97822	0	0	0	1.0246298	0.93616072	-7.5032819e-06	-1.4489964e-06	-7.7146407e-07	-1.4606414e-06	-8.212835e-07	5.8799553e-07	-7.0400799e-07	3.3891934e-07	-3.0780281e-08	2.7851152e-06	4.4451765e-07	-7.7664789e-06	-7.8267315e-06	0.0076983164
-0.068	0.932	0	0	0	0.97756	0	0	0	1.0251377	0.9339885	-7.5108319e-06	-1.4526271e-06	-7.7423949e-07	-1.4655742e-06	-8.6455391e-07	5.993202e-07	-7.0737892e-07	3.4664453e-07	-3.0655193e-08	2.8020137e-06	4.6019396e-07	-7.7883617e-06	-7.8494292e-06	0.0077798684
-0.07	0.93	0	0	0	0.9769	0	0	0	1.0256441	0.9318151	-7.5181392e-06	-1.4561138e-06	-7.7677984e-07	-1.4703923e-06	-9.0769276e-07	6.1043632e-07	-7.1054669e-07	3.5423973e-07	-3.0503344e-08	2.8187784e-06	4.7591536e-07	-7.8099646e-06	-7.8718322e-06	0.0078593665
-0.072	0.928	0	0	0	0.97624	0	0	0	1.0261491	0.92964055	-7.5252273e-06	-1.4594685e-06	-7.7910234e-07	-1.4751073e-06	-9.5069301e-07	6.2134748e-07	-7.1352776e-07	3.6170484e-07	-3.0325337e-08	2.8354152e-06	4.9168129e-07	-7.8313088e-06	-7.8939623e-06	0.0079368974
-0.074	0.926	0	0	0	0.97558	0	0	0	1.0266528	0.92746487	-7.5321169e-06	-1.462702e-06	-7.8122249e-07	-1.4797294e-06	-9.9354864e-07	6.3205714e-07	-7.1633693e-07	3.690399e-07	-3.0121723e-08	2.8519291e-06	5.0749121e-07	-7.8524127e-06	-7.9158387e-06	0.0080125417
-0.076	0.924	0	0	0	0.97492	0	0	0	1.0271551	0.92528809	-7.5388266e-06	-1.465824e-06	-7.8315431e-07	-1.4842678e-06	-1.0362545e-06	6.4256864e-07	-7.1898751e-07	3.7624508e-07	-2.9893014e-08	2.8683247e-06	5.2334464e-07	-7.8732932e-06	-7.9374786e-06	0.0080863745
-0.078	0.922	0	0	0	0.97426	0	0	0	1.027656	0.92311023	-7.5453729e-06	-1.4688432e-06	-7.8491046e-07	-1.4887306e-06	-1.0788061e-06	6.5288525e-07	-7.2149152e-07	3.8332063e-07	-2.9639682e-08	2.8846062e-06	5.3924113e-07	-7.8939651e-06	-7.9588975e-06	0.0081584657
-0.08	0.92	0	0	0	0.9736	0	0	0	1.0281556	0.92093132	-7.5517707e-06	-1.4717672e-06	-7.8650246e-07	-1.493125e-06	-1.1211996e-06	6.630101e-07	-7.2385986e-07	3.9026686e-07	-2.9362165e-08	2.9007775e-06	5.5518023e-07	-7.9144418e-06	-7.9801092e-06	0.0082288811
-0.082	0.918	0	0	0	0.97294	0	0	0	1.0286539	0.91875137	-7.5580333e-06	-1.4746031e-06	-7.8794079e-07	-1.4974578e-06	-1.1634316e-06	6.7294622e-07	-7.2610239e-07	3.9708416e-07	-2.9060872e-08	2.9168419e-06	5.7116156e-07	-7.9347357e-06	-8.0011265e-06	0.0082976822
-0.084	0.916	0	0	0	0.97228	0	0	0	1.0291508	0.91657041	-7.5641729e-06	-1.4773571e-06	-7.8923498e-07	-1.5017347e-06	-1.2054994e-06	6.8269656e-07	-7.2822808e-07	4.0377296e-07	-2.8736181e-08	2.9328028e-06	5.8718474e-07	-7.9548575e-06	-8.0219606e-06	0.008364927
-0.086	0.914	0	0	0	0.97162	0	0	0	1.0296464	0.91438845	-7.5702004e-06	-1.4800351e-06	-7.9039378e-07	-1.5059614e-06	-1.2474004e-06	6.9226395e-07	-7.3024512e-07	4.1033374e-07	-2.8388447e-08	2.9486631e-06	6.0324941e-07	-7.9748174e-06	-8.0426221e-06	0.0084306702
-0.088	0.912	0	0	0	0.97096	0	0	0	1.0301406	0.91220551	-7.5761257e-06	-1.4826421e-06	-7.9142516e-07	-1.5101425e-06	-1.2891323e-06	7.0165115e-07	-7.3216097e-07	4.1676701e-07	-2.8018002e-08	2.9644253e-06	6.1935523e-07	-7.9946245e-06	-8.0631205e-06	0.0084949631
-0.09	0.91	0	0	0	0.9703	0	0	0	1.0306336	0.91002161	-7.581958e-06	-1.4851829e-06	-7.9233646e-07	-1.5142826e-06	-1.3306933e-06	7.108608e-07	-7.3398244e-07	4.2307332e-07	-2.7625157e-08	2.9800922e-06	6.3550189e-07	-8.0142872e-06	-8.0834643e-06	0.0085578547
-0.092	0.908	0	0	0	0.96964	0	0	0	1.0311252	0.90783676	-7.5877056e-06	-1.4876619e-06	-7.9313442e-07	-1.5183857e-06	-1.3720818e-06	7.1989548e-07	-7.3571579e-07	4.2925322e-07	-2.7210202e-08	2.9956659e-06	6.5168909e-07	-8.0338131e-06	-8.1036617e-06	0.0086193908
-0.094	0.906	0	0	0	0.96898	0	0	0	1.0316155	0.90565097	-7.5933761e-06	-1.4900829e-06	-7.9382525e-07	-1.5224556e-06	-1.4132963e-06	7.2875769e-07	-7.3736676e-07	4.3530731e-07	-2.6773413e-08	3.0111486e-06	6.6791653e-07	-8.0532093e-06	-8.12372e-06	0.0086796153
-0.096	0.904	0	0	0	0.96832	0	0	0	1.0321044	0.90346426	-7.5989765e-06	-1.4924496e-06	-7.9441468e-07	-1.5264956e-06	-1.4543355e-06	7.3744984e-07	-7.3894061e-07	4.4123621e-07	-2.6315048e-08	3.0265423e-06	6.8418397e-07	-8.0724822e-06	-8.143646e-06	0.0087385695
-0.098	0.902	0	0	0	0.96766	0	0	0	1.0325921	0.90127665	-7.6045133e-06	-1.4947653e-06	-7.9490801e-07	-1.530509e-06	-1.4951984e-06	7.4597428e-07	-7.404422e-07	4.4704055e-07	-2.5835352e-08	3.041849e-06	7.0049112e-07	-8.091638e-06	-8.163446e-06	0.0087962929
-0.1	0.9	0	0	0	0.967	0	0	0	1.0330784	0.89908815	-7.6099924e-06	-1.4970331e-06	-7.9531012e-07	-1.5344984e-06	-1.5358841e-06	7.543333e-07	-7.4187599e-07	4.5272096e-07	-2.5334554e-08	3.0570703e-06	7.1683775e-07	-8.1106821e-06	-8.1831258e-06	0.0088528227
-0.102	0.898	0	0	0	0.96634	0	0	0	1.0335634	0.89689877	-7.6154195e-06	-1.4992557e-06	-7.9562557e-07	-1.5384668e-06	-1.5763917e-06	7.6252911e-07	-7.4324612e-07	4.5827812e-07	-2.4812876e-08	3.072208e-06	7.3322362e-07	-8.1296197e-06	-8.2026909e-06	0.0089081944
-0.104	0.896	0	0	0	0.96568	0	0	0	1.0340471	0.89470852	-7.6207996e-06	-1.5014357e-06	-7.9585858e-07	-1.5424164e-06	-1.6167205e-06	7.7056387e-07	-7.445564e-07	4.637127e-07	-2.4270524e-08	3.0872635e-06	7.4964851e-07	-8.1484558e-06	-8.2221463e-06	0.008962442
-0.106	0.894	0	0	0	0.96502	0	0	0	1.0345295	0.89251742	-7.6261374e-06	-1.5035757e-06	-7.9601309e-07	-1.5463495e-06	-1.6568701e-06	7.7843969e-07	-7.4581035e-07	4.6902539e-07	-2.3707697e-08	3.1022384e-06	7.6611221e-07	-8.1671946e-06	-8.2414966e-06	0.0090155977
-0.108	0.892	0	0	0	0.96436	0	0	0	1.0350105	0.89032547	-7.6314375e-06	-1.5056777e-06	-7.9609274e-07	-1.5502683e-06	-1.6968398e-06	7.861586e-07	-7.4701125e-07	4.742169e-07	-2.3124584e-08	3.117134e-06	7.826145e-07	-8.1858405e-06	-8.2607464e-06	0.009067692
-0.11	0.89	0	0	0	0.9637	0	0	0	1.0354902	0.8881327	-7.636704e-06	-1.5077437e-06	-7.9610095e-07	-1.5541748e-06	-1.7366294e-06	7.9372263e-07	-7.4816214e-07	4.7928795e-07	-2.2521367e-08	3.1319516e-06	7.9915519e-07	-8.2043974e-06	-8.2798998e-06	0.0091187543
-0.112	0.888	0	0	0	0.96304	0	0	0	1.0359686	0.88593911	-7.6419406e-06	-1.5097759e-06	-7.9604092e-07	-1.5580707e-06	-1.7762384e-06	8.0113371e-07	-7.4926583e-07	4.8423927e-07	-2.1898218e-08	3.1466924e-06	8.157341e-07	-8.2228689e-06	-8.2989605e-06	0.0091688124
-0.114	0.886	0	0	0	0.96238	0	0	0	1.0364456	0.88374471	-7.6471512e-06	-1.5117757e-06	-7.9591564e-07	-1.5619577e-06	-1.8156666e-06	8.0839377e-07	-7.5032495e-07	4.8907159e-07	-2.1255306e-08	3.1613577e-06	8.3235104e-07	-8.2412585e-06	-8.3179323e-06	0.0092178929
-0.116	0.884	0	0	0	0.96172	0	0	0	1.0369213	0.88154951	-7.6523389e-06	-1.513745e-06	-7.957279e-07	-1.5658375e-06	-1.8549138e-06	8.1550467e-07	-7.5134193e-07	4.9378569e-07	-2.0592791e-08	3.1759485e-06	8.4900583e-07	-8.2595694e-06	-8.3368185e-06	0.0092660213
-0.118	0.882	0	0	0	0.96106	0	0	0	1.0373957	0.87935353	-7.657507e-06	-1.5156852e-06	-7.9548035e-07	-1.5697115e-06	-1.8939799e-06	8.2246826e-07	-7.5231905e-07	4.9838234e-07	-1.9910829e-08	3.1904659e-06	8.6569831e-07	-8.2778047e-06	-8.3556224e-06	0.0093132217
-0.12	0.88	0	0	0	0.9604	0	0	0	1.0378687	0.87715678	-7.6626585e-06	-1.5175978e-06	-7.9517544e-07	-1.5735811e-06	-1.9328647e-06	8.2928633e-07	-7.5325843e-07	5.0286232e-07	-1.9209571e-08	3.2049109e-06	8.8242832e-07	-8.2959672e-06	-8.374347e-06	0.0093595174
-0.122	0.878	0	0	0	0.95974	0	0	0	1.0383403	0.87495926	-7.6677961e-06	-1.5194841e-06	-7.9481552e-07	-1.5774477e-06	-1.9715683e-06	8.3596065e-07	-7.5416205e-07	5.0722643e-07	-1.8489164e-08	3.2192845e-06	8.991957e-07	-8.3140596e-06	-8.3929952e-06	0.0094049304
-0.124	0.876	0	0	0	0.95908	0	0	0	1.0388106	0.87276099	-7.6729226e-06	-1.5213453e-06	-7.9440277e-07	-1.5813123e-06	-2.0100906e-06	8.4249296e-07	-7.5503177e-07	5.1147548e-07	-1.774975e-08	3.2335876e-06	9.160003e-07	-8.3320846e-06	-8.4115696e-06	0.0094494819
-0.126	0.874	0	0	0	0.95842	0	0	0	1.0392796	0.87056198	-7.6780403e-06	-1.5231825e-06	-7.9393928e-07	-1.5851762e-06	-2.0484316e-06	8.4888497e-07	-7.558693e-07	5.1561031e-07	-1.699147e-08	3.2478211e-06	9.3284198e-07	-8.3500444e-06	-8.4300727e-06	0.0094931922
-0.128	0.872	0	0	0	0.95776	0	0	0	1.0397472	0.86836224	-7.6831516e-06	-1.5249968e-06	-7.93427e-07	-1.5890404e-06	-2.0865915e-06	8.5513836e-07	-7.5667629e-07	5.1963176e-07	-1.6214461e-08	3.2619859e-06	9.4972059e-07	-8.3679415e-06	-8.4485071e-06	0.0095360804
-0.13	0.87	0	0	0	0.9571	0	0	0	1.0402134	0.86616177	-7.6882587e-06	-1.5267893e-06	-7.9286779e-07	-1.592906e-06	-2.1245703e-06	8.6125478e-07	-7.5745423e-07	5.2354069e-07	-1.5418858e-08	3.2760826e-06	9.66636e-07	-8.3857779e-06	-8.466875e-06	0.0095781652
-0.132	0.868	0	0	0	0.95644	0	0	0	1.0406783	0.8639606	-7.6933637e-06	-1.5285608e-06	-7.9226343e-07	-1.5967739e-06	-2.1623681e-06	8.6723588e-07	-7.5820457e-07	5.2733796e-07	-1.4604795e-08	3.2901122e-06	9.8358809e-07	-8.4035556e-06	-8.4851785e-06	0.0096194641
-0.134	0.866	0	0	0	0.95578	0	0	0	1.0411417	0.86175872	-7.6984685e-06	-1.5303122e-06	-7.9161557e-07	-1.600645e-06	-2.1999851e-06	8.7308326e-07	-7.5892864e-07	5.3102447e-07	-1.3772402e-08	3.3040753e-06	1.0005767e-06	-8.4212767e-06	-8.5034197e-06	0.0096599941
-0.136	0.864	0	0	0	0.95512	0	0	0	1.0416038	0.85955615	-7.7035749e-06	-1.5320444e-06	-7.9092581e-07	-1.6045201e-06	-2.2374215e-06	8.7879851e-07	-7.5962769e-07	5.3460111e-07	-1.2921812e-08	3.3179728e-06	1.0176018e-06	-8.4389429e-06	-8.5216005e-06	0.0096997715
-0.138	0.862	0	0	0	0.95446	0	0	0	1.0420646	0.8573529	-7.7086848e-06	-1.5337581e-06	-7.9019568e-07	-1.6084001e-06	-2.2746775e-06	8.8438321e-07	-7.6030291e-07	5.3806881e-07	-1.2053153e-08	3.3318052e-06	1.0346631e-06	-8.456556e-06	-8.5397228e-06	0.0097388116
-0.14	0.86	0	0	0	0.9538	0	0	0	1.0425239	0.85514898	-7.7137997e-06	-1.535454e-06	-7.8942662e-07	-1.6122857e-06	-2.3117533e-06	8.8983892e-07	-7.6095541e-07	5.4142849e-07	-1.1166556e-08	3.3455732e-06	1.0517607e-06	-8.4741176e-06	-8.5577882e-06	0.0097771294
-0.142	0.858	0	0	0	0.95314	0	0	0	1.0429818	0.8529444	-7.7189211e-06	-1.5371327e-06	-7.8862002e-07	-1.6161775e-06	-2.3486492e-06	8.9516716e-07	-7.6158624e-07	5.4468111e-07	-1.026215e-08	3.3592775e-06	1.0688943e-06	-8.4916293e-06	-8.5757985e-06	0.0098147391
-0.144	0.856	0	0	0	0.95248	0	0	0	1.0434384	0.85073916	-7.7240506e-06	-1.5387949e-06	-7.8777719e-07	-1.6200764e-06	-2.3853654e-06	9.0036947e-07	-7.6219638e-07	5.4782762e-07	-9.3400647e-09	3.3729187e-06	1.0860639e-06	-8.5090924e-06	-8.5937552e-06	0.0098516543
-0.146	0.854	0	0	0	0.95182	0	0	0	1.0438935	0.84853328	-7.7291895e-06	-1.5404412e-06	-7.868994e-07	-1.6239829e-06	-2.4219022e-06	9.0544735e-07	-7.6278677e-07	5.50869e-07	-8.4004305e-09	3.3864974e-06	1.1032693e-06	-8.5265086e-06	-8.6116597e-06	0.0098878881
-0.148	0.852	0	0	0	0.95116	0	0	0	1.0443472	0.84632677	-7.7343391e-06	-1.542072e-06	-7.8598788e-07	-1.6278975e-06	-2.4582599e-06	9.104023e-07	-7.6335829e-07	5.5380624e-07	-7.4433782e-09	3.4000141e-06	1.1205105e-06	-8.5438789e-06	-8.6295135e-06	0.009923453
-0.15	0.85	0	0	0	0.9505	0	0	0	1.0447995	0.84411964	-7.7395006e-06	-1.5436879e-06	-7.8504379e-07	-1.631821e-06	-2.4944388e-06	9.1523579e-07	-7.6391177e-07	5.5664034e-07	-6.46904e-09	3.4134695e-06	1.1377873e-06	-8.5612047e-06	-8.6473179e-06	0.0099583612
-0.152	0.848	0	0	0	0.94984	0	0	0	1.0452504	0.84191189	-7.7446752e-06	-1.5452894e-06	-7.8406825e-07	-1.6357537e-06	-2.5304392e-06	9.199493e-07	-7.6444799e-07	5.5937233e-07	-5.4775488e-09	3.426864e-06	1.1550998e-06	-8.5784872e-06	-8.665074e-06	0.0099926241
-0.154	0.846	0	0	0	0.94918	0	0	0	1.0456998	0.83970354	-7.7498639e-06	-1.5468768e-06	-7.8306235e-07	-1.6396963e-06	-2.5662615e-06	9.2454429e-07	-7.649677e-07	5.6200324e-07	-4.4690393e-09	3.4401981e-06	1.1724476e-06	-8.5957275e-06	-8.6827832e-06	0.010026253
-0.156	0.844	0	0	0	0.94852	0	0	0	1.0461479	0.83749459	-7.7550677e-06	-1.5484506e-06	-7.8202712e-07	-1.6436492e-06	-2.6019059e-06	9.2902219e-07	-7.6547159e-07	5.6453411e-07	-3.4436475e-09	3.4534724e-06	1.1898309e-06	-8.6129265e-06	-8.7004465e-06	0.010059258
-0.158	0.842	0	0	0	0.94786	0	0	0	1.0465944	0.83528506	-7.7602877e-06	-1.5500111e-06	-7.8096359e-07	-1.6476128e-06	-2.6373729e-06	9.3338444e-07	-7.6596034e-07	5.66966e-07	-2.4015113e-09	3.4666873e-06	1.2072494e-06	-8.6300853e-06	-8.718065e-06	0.01009165
-0.16	0.84	0	0	0	0.9472	0	0	0	1.0470396	0.83307495	-7.7655246e-06	-1.5515587e-06	-7.7987271e-07	-1.6515876e-06	-2.6726627e-06	9.3763247e-07	-7.6643458e-07	5.6929999e-07	-1.3427705e-09	3.4798434e-06	1.2247032e-06	-8.6472049e-06	-8.7356396e-06	0.010123439
-0.162	0.838	0	0	0	0.94654	0	0	0	1.0474833	0.83086428	-7.7707793e-06	-1.5530936e-06	-7.7875544e-07	-1.6555739e-06	-2.7077758e-06	9.417677e-07	-7.668949e-07	5.7153715e-07	-2.6756682e-10	3.4929409e-06	1.242192e-06	-8.664286e-06	-8.7531713e-06	0.010154634
-0.164	0.836	0	0	0	0.94588	0	0	0	1.0479255	0.82865304	-7.7760525e-06	-1.5546163e-06	-7.7761269e-07	-1.6595723e-06	-2.7427125e-06	9.4579152e-07	-7.6734187e-07	5.7367859e-07	8.2395563e-10	3.5059804e-06	1.2597158e-06	-8.6813296e-06	-8.7706609e-06	0.010185245
-0.166	0.834	0	0	0	0.94522	0	0	0	1.0483663	0.82644126	-7.7813451e-06	-1.5561268e-06	-7.7644534e-07	-1.6635829e-06	-2.7774732e-06	9.4970534e-07	-7.6777603e-07	5.757254e-07	1.9316506e-09	3.5189622e-06	1.2772746e-06	-8.6983362e-06	-8.7881092e-06	0.01021528
-0.168	0.832	0	0	0	0.94456	0	0	0	1.0488056	0.82422894	-7.7866576e-06	-1.5576255e-06	-7.7525426e-07	-1.6676062e-06	-2.8120583e-06	9.5351054e-07	-7.681979e-07	5.7767872e-07	3.0553695e-09	3.5318868e-06	1.2948683e-06	-8.7153068e-06	-8.8055171e-06	0.010244748
-0.17	0.83	0	0	0	0.9439	0	0	0	1.0492434	0.8220161	-7.7919906e-06	-1.5591126e-06	-7.7404027e-07	-1.6716425e-06	-2.8464681e-06	9.5720851e-07	-7.6860797e-07	5.7953965e-07	4.1949612e-09	3.5447546e-06	1.3124967e-06	-8.7322418e-06	-8.8228851e-06	0.010273657
-0.172	0.828	0	0	0	0.94324	0	0	0	1.0496797	0.81980273	-7.7973447e-06	-1.5605883e-06	-7.728042e-07	-1.675692e-06	-2.8807031e-06	9.608006e-07	-7.6900669e-07	5.8130935e-07	5.350272e-09	3.5575659e-06	1.3301598e-06	-8.749142e-06	-8.8402141e-06	0.010302016
-0.174	0.826	0	0	0	0.94258	0	0	0	1.0501146	0.81758885	-7.8027205e-06	-1.5620528e-06	-7.7154683e-07	-1.6797551e-06	-2.9147636e-06	9.6428819e-07	-7.6939451e-07	5.8298896e-07	6.5211457e-09	3.570321e-06	1.3478576e-06	-8.7660079e-06	-8.8575044e-06	0.010329831
-0.176	0.824	0	0	0	0.94192	0	0	0	1.0505479	0.81537447	-7.8081183e-06	-1.5635061e-06	-7.7026893e-07	-1.683832e-06	-2.9486501e-06	9.6767263e-07	-7.6977186e-07	5.8457963e-07	7.7074234e-09	3.5830203e-06	1.3655898e-06	-8.78284e-06	-8.8747569e-06	0.010357112
-0.178	0.822	0	0	0	0.94126	0	0	0	1.0509798	0.81315959	-7.8135387e-06	-1.5649485e-06	-7.6897126e-07	-1.687923e-06	-2.9823629e-06	9.7095526e-07	-7.7013912e-07	5.8608253e-07	8.9089436e-09	3.5956642e-06	1.3833566e-06	-8.7996388e-06	-8.8919718e-06	0.010383864
-0.18	0.82	0	0	0	0.9406	0	0	0	1.0514101	0.81094424	-7.818982e-06	-1.5663801e-06	-7.6765456e-07	-1.6920282e-06	-3.0159024e-06	9.7413741e-07	-7.704967e-07	5.8749882e-07	1.0125542e-08	3.6082529e-06	1.4011577e-06	-8.8164047e-06	-8.9091498e-06	0.010410095
-0.182	0.818	0	0	0	0.93994	0	0	0	1.051839	0.80872841	-7.8244486e-06	-1.567801e-06	-7.6631952e-07	-1.696148e-06	-3.049269e-06	9.7722043e-07	-7.7084494e-07	5.8882967e-07	1.1357052e-08	3.6207868e-06	1.4189932e-06	-8.8331382e-06	-8.9262913e-06	0.010435813
-0.184	0.816	0	0	0	0.93928	0	0	0	1.0522663	0.80651211	-7.8299387e-06	-1.5692112e-06	-7.6496687e-07	-1.7002824e-06	-3.0824631e-06	9.8020562e-07	-7.7118421e-07	5.9007627e-07	1.2603304e-08	3.6332662e-06	1.4368629e-06	-8.8498394e-06	-8.9433965e-06	0.010461023
-0.186	0.814	0	0	0	0.93862	0	0	0	1.0526921	0.80429536	-7.8354526e-06	-1.5706108e-06	-7.6359727e-07	-1.7044317e-06	-3.1154851e-06	9.830943e-07	-7.7151484e-07	5.912398e-07	1.3864125e-08	3.6456912e-06	1.4547668e-06	-8.8665089e-06	-8.960466e-06	0.010485733
-0.188	0.812	0	0	0	0.93796	0	0	0	1.0531163	0.80207817	-7.8409906e-06	-1.572e-06	-7.6221141e-07	-1.708596e-06	-3.1483355e-06	9.8588778e-07	-7.7183715e-07	5.9232145e-07	1.5139341e-08	3.6580622e-06	1.4727048e-06	-8.8831469e-06	-8.9774999e-06	0.01050995
-0.19	0.81	0	0	0	0.9373	0	0	0	1.053539	0.79986054	-7.8465528e-06	-1.5733787e-06	-7.6080993e-07	-1.7127756e-06	-3.1810145e-06	9.8858735e-07	-7.7215144e-07	5.9332242e-07	1.6428774e-08	3.6703795e-06	1.4906768e-06	-8.8997535e-06	-8.9944987e-06	0.010533678
-0.192	0.808	0	0	0	0.93664	0	0	0	1.0539602	0.79764248	-7.8521394e-06	-1.5747469e-06	-7.5939348e-07	-1.7169704e-06	-3.2135226e-06	9.9119429e-07	-7.7245801e-07	5.9424388e-07	1.7732244e-08	3.6826433e-06	1.5086827e-06	-8.916329e-06	-9.0114624e-06	0.010556926
-0.194	0.806	0	0	0	0.93598	0	0	0	1.0543798	0.795424	-7.8577506e-06	-1.5761047e-06	-7.5796268e-07	-1.7211807e-06	-3.2458603e-06	9.9370988e-07	-7.7275714e-07	5.9508705e-07	1.9049568e-08	3.6948538e-06	1.5267226e-06	-8.9328737e-06	-9.0283913e-06	0.010579698
-0.196	0.804	0	0	0	0.93532	0	0	0	1.0547979	0.79320512	-7.8633864e-06	-1.5774522e-06	-7.5651816e-07	-1.7254066e-06	-3.2780278e-06	9.961354e-07	-7.730491e-07	5.9585312e-07	2.0380562e-08	3.7070112e-06	1.5447963e-06	-8.9493875e-06	-9.0452856e-06	0.010602001
-0.198	0.802	0	0	0	0.93466	0	0	0	1.0552143	0.79098583	-7.8690468e-06	-1.5787892e-06	-7.5506052e-07	-1.7296482e-06	-3.3100255e-06	9.9847211e-07	-7.7333415e-07	5.9654328e-07	2.1725038e-08	3.7191158e-06	1.5629038e-06	-8.9658707e-06	-9.0621455e-06	0.01062384
-0.2	0.8	0	0	0	0.934	0	0	0	1.0556292	0.78876616	-7.8747321e-06	-1.5801158e-06	-7.5359034e-07	-1.7339056e-06	-3.3418539e-06	1.0007212e-06	-7.7361254e-07	5.9715873e-07	2.3082806e-08	3.7311677e-06	1.5810449e-06	-8.9823233e-06	-9.0789709e-06	0.010645222
-0.202	0.798	0	0	0	0.93334	0	0	0	1.0560425	0.78654611	-7.880442e-06	-1.5814319e-06	-7.5210821e-07	-1.7381787e-06	-3.3735133e-06	1.0028841e-06	-7.7388451e-07	5.9770067e-07	2.4453674e-08	3.7431672e-06	1.5992196e-06	-8.9987453e-06	-9.0957621e-06	0.010666153
-0.204	0.796	0	0	0	0.93268	0	0	0	1.0564543	0.78432569	-7.8861767e-06	-1.5827375e-06	-7.5061469e-07	-1.7424678e-06	-3.4050041e-06	1.0049618e-06	-7.7415029e-07	5.9817027e-07	2.5837448e-08	3.7551145e-06	1.6174279e-06	-9.0151368e-06	-9.112519e-06	0.010686637
-0.206	0.794	0	0	0	0.93202	0	0	0	1.0568644	0.7821049	-7.8919361e-06	-1.5840326e-06	-7.4911036e-07	-1.7467729e-06	-3.4363268e-06	1.0069556e-06	-7.7441011e-07	5.9856875e-07	2.7233932e-08	3.7670096e-06	1.6356697e-06	-9.0314978e-06	-9.1292417e-06	0.010706681
-0.208	0.792	0	0	0	0.93136	0	0	0	1.0572729	0.77988377	-7.8977201e-06	-1.585317e-06	-7.4759575e-07	-1.751094e-06	-3.4674815e-06	1.0088668e-06	-7.7466417e-07	5.9889727e-07	2.8642929e-08	3.7788529e-06	1.6539449e-06	-9.0478282e-06	-9.1459302e-06	0.01072629
-0.21	0.79	0	0	0	0.9307	0	0	0	1.0576799	0.77766229	-7.9035286e-06	-1.5865908e-06	-7.460714e-07	-1.7554312e-06	-3.4984688e-06	1.0106966e-06	-7.7491269e-07	5.9915703e-07	3.0064237e-08	3.7906444e-06	1.6722534e-06	-9.0641281e-06	-9.1625844e-06	0.01074547
-0.212	0.788	0	0	0	0.93004	0	0	0	1.0580852	0.77544048	-7.9093616e-06	-1.5878538e-06	-7.4453784e-07	-1.7597844e-06	-3.529289e-06	1.0124461e-06	-7.7515587e-07	5.9934919e-07	3.1497655e-08	3.8023843e-06	1.6905952e-06	-9.0803972e-06	-9.1792042e-06	0.010764225
-0.214	0.786	0	0	0	0.92938	0	0	0	1.0584888	0.77321835	-7.9152188e-06	-1.5891061e-06	-7.4299558e-07	-1.7641537e-06	-3.5599424e-06	1.0141165e-06	-7.753939e-07	5.9947494e-07	3.294298e-08	3.8140727e-06	1.7089703e-06	-9.0966356e-06	-9.1957898e-06	0.010782562
-0.216	0.784	0	0	0	0.92872	0	0	0	1.0588909	0.77099591	-7.9211001e-06	-1.5903473e-06	-7.4144515e-07	-1.7685392e-06	-3.5904294e-06	1.015709e-06	-7.7562696e-07	5.9953542e-07	3.4400007e-08	3.8257099e-06	1.7273784e-06	-9.112843e-06	-9.2123408e-06	0.010800485
-0.218	0.782	0	0	0	0.92806	0	0	0	1.0592913	0.76877317	-7.9270054e-06	-1.5915776e-06	-7.3988703e-07	-1.7729407e-06	-3.6207504e-06	1.0172247e-06	-7.7585525e-07	5.995318e-07	3.5868529e-08	3.8372958e-06	1.7458196e-06	-9.1290194e-06	-9.2288572e-06	0.010818001
-0.22	0.78	0	0	0	0.9274	0	0	0	1.0596901	0.76655013	-7.9329345e-06	-1.5927967e-06	-7.3832171e-07	-1.7773584e-06	-3.6509057e-06	1.0186648e-06	-7.7607892e-07	5.9946523e-07	3.734834e-08	3.8488306e-06	1.7642938e-06	-9.1451646e-06	-9.2453389e-06	0.010835113
-0.222	0.778	0	0	0	0.92674	0	0	0	1.0600872	0.76432681	-7.9388871e-06	-1.5940046e-06	-7.3674969e-07	-1.7817921e-06	-3.6808957e-06	1.0200305e-06	-7.7629817e-07	5.9933685e-07	3.883923e-08	3.8603145e-06	1.782801e-06	-9.1612784e-06	-9.2617857e-06	0.010851827
-0.224	0.776	0	0	0	0.92608	0	0	0	1.0604827	0.76210322	-7.944863e-06	-1.5952011e-06	-7.3517141e-07	-1.7862419e-06	-3.7107207e-06	1.0213229e-06	-7.7651314e-07	5.9914778e-07	4.0340989e-08	3.8717476e-06	1.801341e-06	-9.1773607e-06	-9.2781975e-06	0.010868149
-0.226	0.774	0	0	0	0.92542	0	0	0	1.0608765	0.75987937	-7.950862e-06	-1.5963862e-06	-7.3358736e-07	-1.7907077e-06	-3.740381e-06	1.022543e-06	-7.76724e-07	5.9889916e-07	4.1853406e-08	3.8831299e-06	1.8199138e-06	-9.1934111e-06	-9.294574e-06	0.010884083
-0.228	0.772	0	0	0	0.92476	0	0	0	1.0612686	0.75765526	-7.9568838e-06	-1.5975596e-06	-7.3199799e-07	-1.7951895e-06	-3.769877e-06	1.023692e-06	-7.7693091e-07	5.985921e-07	4.3376271e-08	3.8944615e-06	1.8385193e-06	-9.2094295e-06	-9.3109151e-06	0.010899635
-0.23	0.77	0	0	0	0.9241	0	0	0	1.061659	0.75543091	-7.9629281e-06	-1.5987212e-06	-7.3040373e-07	-1.7996873e-06	-3.7992091e-06	1.024771e-06	-7.7713401e-07	5.9822769e-07	4.490937e-08	3.9057426e-06	1.8571574e-06	-9.2254156e-06	-9.3272204e-06	0.010914809
-0.232	0.768	0	0	0	0.92344	0	0	0	1.0620478	0.75320633	-7.9689948e-06	-1.599871e-06	-7.2880503e-07	-1.8042009e-06	-3.8283774e-06	1.025781e-06	-7.7733347e-07	5.9780703e-07	4.645249e-08	3.9169732e-06	1.8758282e-06	-9.2413692e-06	-9.3434899e-06	0.01092961
-0.234	0.766	0	0	0	0.92278	0	0	0	1.0624349	0.75098153	-7.9750834e-06	-1.6010087e-06	-7.2720232e-07	-1.8087303e-06	-3.8573825e-06	1.0267232e-06	-7.7752941e-07	5.9733119e-07	4.8005419e-08	3.9281535e-06	1.8945314e-06	-9.2572901e-06	-9.3597233e-06	0.010944044
-0.236	0.764	0	0	0	0.92212	0	0	0	1.0628202	0.74875652	-7.9811937e-06	-1.6021342e-06	-7.2559602e-07	-1.8132755e-06	-3.8862246e-06	1.0275986e-06	-7.7772198e-07	5.9680126e-07	4.9567941e-08	3.9392834e-06	1.913267e-06	-9.2731778e-06	-9.3759202e-06	0.010958114
-0.238	0.762	0	0	0	0.92146	0	0	0	1.0632039	0.74653131	-7.9873253e-06	-1.6032474e-06	-7.2398653e-07	-1.8178364e-06	-3.914904e-06	1.0284081e-06	-7.7791133e-07	5.9621827e-07	5.1139844e-08	3.9503631e-06	1.9320351e-06	-9.2890322e-06	-9.3920805e-06	0.010971827
-0.24	0.76	0	0	0	0.9208	0	0	0	1.0635859	0.74430591	-7.993478e-06	-1.604348e-06	-7.2237427e-07	-1.8224129e-06	-3.943421e-06	1.0291529e-06	-7.7809758e-07	5.9558328e-07	5.2720912e-08	3.9613927e-06	1.9508354e-06	-9.304853e-06	-9.4082038e-06	0.010985186
-0.242	0.758	0	0	0	0.92014	0	0	0	1.0639661	0.74208033	-7.9996513e-06	-1.605436e-06	-7.2075963e-07	-1.8270048e-06	-3.971776e-06	1.029834e-06	-7.7828086e-07	5.9489732e-07	5.4310931e-08	3.9723721e-06	1.9696679e-06	-9.3206398e-06	-9.42429e-06	0.010998196
-0.244	0.756	0	0	0	0.91948	0	0	0	1.0643446	0.73985458	-8.005845e-06	-1.6065111e-06	-7.19143e-07	-1.8316122e-06	-3.9999693e-06	1.0304523e-06	-7.7846131e-07	5.941614e-07	5.5909686e-08	3.9833015e-06	1.9885325e-06	-9.3363923e-06	-9.4403385e-06	0.011010863
-0.246	0.754	0	0	0	0.91882	0	0	0	1.0647214	0.73762867	-8.0120587e-06	-1.6075732e-06	-7.1752475e-07	-1.8362349e-06	-4.0280012e-06	1.0310089e-06	-7.7863904e-07	5.9337652e-07	5.7516964e-08	3.994181e-06	2.0074292e-06	-9.3521102e-06	-9.4563493e-06	0.01102319
-0.248	0.752	0	0	0	0.91816	0	0	0	1.0650965	0.73540261	-8.018292e-06	-1.608622e-06	-7.1590527e-07	-1.8408728e-06	-4.055872e-06	1.0315048e-06	-7.7881419e-07	5.9254368e-07	5.913255e-08	4.0050105e-06	2.0263579e-06	-9.3677932e-06	-9.4723219e-06	0.011035182
-0.25	0.75	0	0	0	0.9175	0	0	0	1.0654698	0.73317642	-8.0245446e-06	-1.6096576e-06	-7.1428492e-07	-1.8455259e-06	-4.083582e-06	1.0319408e-06	-7.7898687e-07	5.9166385e-07	6.075623e-08	4.0157901e-06	2.0453185e-06	-9.3834408e-06	-9.4882561e-06	0.011046844
-0.252	0.748	0	0	0	0.91684	0	0	0	1.0658414	0.73095011	-8.0308161e-06	-1.6106795e-06	-7.1266405e-07	-1.8501939e-06	-4.1111315e-06	1.032318e-06	-7.791572e-07	5.9073799e-07	6.2387791e-08	4.0265199e-06	2.064311e-06	-9.3990529e-06	-9.5041515e-06	0.01105818
-0.254	0.746	0	0	0	0.91618	0	0	0	1.0662112	0.72872368	-8.0371061e-06	-1.6116877e-06	-7.1104302e-07	-1.8548768e-06	-4.1385209e-06	1.0326373e-06	-7.793253e-07	5.8976705e-07	6.402702e-08	4.0372e-06	2.0833351e-06	-9.4146291e-06	-9.5200079e-06	0.011069194
-0.256	0.744	0	0	0	0.91552	0	0	0	1.0665793	0.72649715	-8.0434142e-06	-1.612682e-06	-7.0942217e-07	-1.8595744e-06	-4.1657505e-06	1.0328996e-06	-7.7949129e-07	5.8875197e-07	6.5673705e-08	4.0478303e-06	2.102391e-06	-9.4301689e-06	-9.5358248e-06	0.011079891
-0.258	0.742	0	0	0	0.91486	0	0	0	1.0669456	0.72427052	-8.0497401e-06	-1.6136621e-06	-7.0780183e-07	-1.8642866e-06	-4.1928205e-06	1.0331059e-06	-7.7965526e-07	5.8769365e-07	6.7327633e-08	4.058411e-06	2.1214784e-06	-9.445672e-06	-9.5516019e-06	0.011090276
-0.26	0.74	0	0	0	0.9142	0	0	0	1.0673101	0.72204382	-8.0560833e-06	-1.6146279e-06	-7.0618234e-07	-1.8690134e-06	-4.2197312e-06	1.0332569e-06	-7.7981735e-07	5.8659301e-07	6.8988594e-08	4.068942e-06	2.1405974e-06	-9.4611381e-06	-9.5673389e-06	0.011100351
-0.262	0.738	0	0	0	0.91354	0	0	0	1.0676729	0.71981705	-8.0624435e-06	-1.6155792e-06	-7.0456402e-07	-1.8737545e-06	-4.2464831e-06	1.0333537e-06	-7.7997765e-07	5.8545093e-07	7.0656377e-08	4.0794234e-06	2.1597478e-06	-9.4765669e-06	-9.5830356e-06	0.011110122
-0.264	0.736	0	0	0	0.91288	0	0	0	1.0680338	0.71759022	-8.0688203e-06	-1.6165158e-06	-7.0294717e-07	-1.8785098e-06	-4.2730763e-06	1.0333971e-06	-7.8013626e-07	5.8426828e-07	7.2330773e-08	4.0898553e-06	2.1789295e-06	-9.4919579e-06	-9.5986914e-06	0.011119593
-0.266	0.734	0	0	0	0.91222	0	0	0	1.068393	0.71536335	-8.0752132e-06	-1.6174375e-06	-7.0133212e-07	-1.8832792e-06	-4.2995112e-06	1.033388e-06	-7.8029331e-07	5.8304592e-07	7.4011573e-08	4.1002376e-06	2.1981426e-06	-9.5073107e-06	-9.6143061e-06	0.011128767
-0.268	0.732	0	0	0	0.91156	0	0	0	1.0687504	0.71313644	-8.0816219e-06	-1.6183441e-06	-6.9971915e-07	-1.8880625e-06	-4.3257882e-06	1.0333271e-06	-7.8044888e-07	5.817847e-07	7.5698569e-08	4.1105705e-06	2.2173868e-06	-9.5226251e-06	-9.6298793e-06	0.011137648
-0.27	0.73	0	0	0	0.9109	0	0	0	1.069106	0.71090952	-8.088046e-06	-1.6192354e-06	-6.9810857e-07	-1.8928595e-06	-4.3519075e-06	1.0332154e-06	-7.8060308e-07	5.8048544e-07	7.7391556e-08	4.120854e-06	2.2366621e-06	-9.5379007e-06	-9.6454108e-06	0.011146241
-0.272	0.728	0	0	0	0.91024	0	0	0	1.0694598	0.70868258	-8.094485e-06	-1.6201112e-06	-6.9650066e-07	-1.8976702e-06	-4.3778694e-06	1.0330536e-06	-7.8075602e-07	5.7914896e-07	7.9090327e-08	4.131088e-06	2.2559684e-06	-9.5531371e-06	-9.6609001e-06	0.011154548
-0.274	0.726	0	0	0	0.90958	0	0	0	1.0698118	0.70645565	-8.1009385e-06	-1.6209713e-06	-6.9489571e-07	-1.9024943e-06	-4.4036742e-06	1.0328425e-06	-7.8090779e-07	5.7777605e-07	8.0794678e-08	4.1412727e-06	2.2753057e-06	-9.5683339e-06	-9.6763468e-06	0.011162574
-0.276	0.724	0	0	0	0.90892	0	0	0	1.070162	0.70422873	-8.1074062e-06	-1.6218154e-06	-6.9329398e-07	-1.9073318e-06	-4.4293224e-06	1.0325831e-06	-7.8105848e-07	5.763675e-07	8.2504405e-08	4.151408e-06	2.2946738e-06	-9.5834908e-06	-9.6917508e-06	0.011170323
-0.278	0.722	0	0	0	0.90826	0	0	0	1.0705103	0.70200184	-8.1138875e-06	-1.6226435e-06	-6.9169575e-07	-1.9121823e-06	-4.4548141e-06	1.0322759e-06	-7.812082e-07	5.7492407e-07	8.4219306e-08	4.1614941e-06	2.3140727e-06	-9.5986074e-06	-9.7071115e-06	0.011177797
-0.28	0.72	0	0	0	0.9076	0	0	0	1.0708569	0.69977498	-8.1203822e-06	-1.6234552e-06	-6.9010127e-07	-1.9170459e-06	-4.4801498e-06	1.0319219e-06	-7.8135704e-07	5.7344652e-07	8.5939181e-08	4.1715309e-06	2.3335022e-06	-9.6136833e-06	-9.7224287e-06	0.011185001
-0.282	0.718	0	0	0	0.90694	0	0	0	1.0712016	0.69754818	-8.1268898e-06	-1.6242503e-06	-6.8851081e-07	-1.9219222e-06	-4.5053297e-06	1.0315217e-06	-7.8150508e-07	5.7193559e-07	8.766383e-08	4.1815185e-06	2.3529624e-06	-9.6287183e-06	-9.737702e-06	0.011191938
-0.284	0.716	0	0	0	0.90628	0	0	0	1.0715445	0.69532145	-8.1334098e-06	-1.6250287e-06	-6.8692461e-07	-1.9268111e-06	-4.5303542e-06	1.0310761e-06	-7.8165243e-07	5.70392e-07	8.9393054e-08	4.191457e-06	2.372453e-06	-9.6437118e-06	-9.7529311e-06	0.01119861
-0.286	0.714	0	0	0	0.90562	0	0	0	1.0718855	0.69309479	-8.1399419e-06	-1.6257902e-06	-6.8534291e-07	-1.9317125e-06	-4.5552236e-06	1.0305859e-06	-7.8179918e-07	5.6881646e-07	9.1126657e-08	4.2013463e-06	2.3919741e-06	-9.6586637e-06	-9.7681156e-06	0.011205022
-0.288	0.712	0	0	0	0.90496	0	0	0	1.0722248	0.69086822	-8.1464856e-06	-1.6265345e-06	-6.8376596e-07	-1.9366261e-06	-4.5799383e-06	1.0300517e-06	-7.8194541e-07	5.6720967e-07	9.2864442e-08	4.2111865e-06	2.4115255e-06	-9.6735735e-06	-9.7832553e-06	0.011211176
-0.29	0.71	0	0	0	0.9043	0	0	0	1.0725622	0.68864175	-8.1530406e-06	-1.6272614e-06	-6.8219398e-07	-1.9415519e-06	-4.6044986e-06	1.0294743e-06	-7.820912e-07	5.6557231e-07	9.4606216e-08	4.2209777e-06	2.4311071e-06	-9.6884408e-06	-9.7983497e-06	0.011217075
-0.292	0.708	0	0	0	0.90364	0	0	0	1.0728977	0.6864154	-8.1596064e-06	-1.6279707e-06	-6.806272e-07	-1.9464895e-06	-4.6289048e-06	1.0288544e-06	-7.8223666e-07	5.6390504e-07	9.6351786e-08	4.2307198e-06	2.4507189e-06	-9.7032654e-06	-9.8133985e-06	0.011222723
-0.294	0.706	0	0	0	0.90298	0	0	0	1.0732314	0.68418917	-8.1661826e-06	-1.6286622e-06	-6.7906584e-07	-1.9514389e-06	-4.6531573e-06	1.0281926e-06	-7.8238185e-07	5.6220853e-07	9.8100959e-08	4.240413e-06	2.4703607e-06	-9.7180469e-06	-9.8284014e-06	0.011228122
-0.296	0.704	0	0	0	0.90232	0	0	0	1.0735632	0.68196309	-8.1727688e-06	-1.6293357e-06	-6.7751011e-07	-1.9563997e-06	-4.6772565e-06	1.0274896e-06	-7.8252687e-07	5.6048341e-07	9.9853547e-08	4.2500572e-06	2.4900325e-06	-9.732785e-06	-9.8433581e-06	0.011233275
-0.298	0.702	0	0	0	0.90166	0	0	0	1.0738932	0.67973716	-8.1793646e-06	-1.629991e-06	-6.7596022e-07	-1.961372e-06	-4.7012026e-06	1.0267461e-06	-7.826718e-07	5.5873031e-07	1.0160936e-07	4.2596526e-06	2.5097342e-06	-9.7474793e-06	-9.8582683e-06	0.011238184
-0.3	0.7	0	0	0	0.901	0	0	0	1.0742213	0.67751141	-8.1859695e-06	-1.6306278e-06	-6.7441638e-07	-1.9663554e-06	-4.7249962e-06	1.0259628e-06	-7.8281672e-07	5.5694985e-07	1.0336821e-07	4.2691992e-06	2.5294656e-06	inf	inf	inf
