lambda	F11	F12	F13	F21	F22	F23	F31	F32	F33	J	P11	P12	P13	P21	P22	P23	P31	P32	P33	p	StrEn	t(1)	t(2)	d
0	1	0	0	0	1	0	0	0	1	1	0	0	0	0	0	0	0	0	0	-0	0	inf	inf	inf
-0.002	0.998	-0.0016	0	0	1.0005112	0	0	0	1.0009075	0.99941632	-1.6420809e-06	-1.3965865e-06	8.4917456e-08	-1.4134596e-06	-5.9962209e-09	-2.4352881e-08	8.1028613e-08	-2.0718154e-08	-4.7874617e-09	5.5095485e-07	2.8708076e-09	-2.7562265e-06	-2.5237707e-06	-0.092106555
-0.004	0.996	-0.0032	0	0	1.0014167	0	0	0	1.0008354	0.99824427	-2.3836529e-06	-2.384439e-06	1.0954999e-07	-2.4571868e-06	-8.7207623e-09	-2.3956383e-08	1.0700451e-07	-2.6887511e-08	-7.5147544e-09	7.9996281e-07	1.0095083e-08	-4.2883198e-06	-4.1754448e-06	-0.027033058
-0.006	0.994	-0.0048	0	0	1.0021639	0	0	0	1.0005249	0.99667373	-2.7169346e-06	-2.9615503e-06	1.1499642e-07	-3.0742718e-06	-9.1815784e-09	-7.8535406e-08	1.0923271e-07	-8.8412986e-08	-9.319952e-09	9.1181204e-07	1.9572587e-08	-5.0847509e-06	-5.0183206e-06	-0.01323754
-0.008	0.992	-0.0064	0	0	1.0026959	0	0	0	1.0001864	0.99485969	-2.8881716e-06	-3.1912037e-06	1.4347532e-07	-3.3357615e-06	-9.6524106e-09	-1.5973044e-07	1.340053e-07	-1.7682567e-07	-1.0413622e-08	9.6941253e-07	3.0168365e-08	-5.4405721e-06	-5.4262398e-06	-0.0026412963
-0.01	0.99	-0.008	0	0	1.0031313	0	0	0	0.99984417	0.99294522	-2.9958581e-06	-3.2776354e-06	1.8559633e-07	-3.449415e-06	-1.0158104e-08	-2.3120591e-07	1.7314526e-07	-2.5456383e-07	-1.148613e-08	1.0058341e-06	4.1277546e-08	-5.6178167e-06	-5.624979e-06	0.0012733154
-0.012	0.988	-0.0096	0	0	1.0035191	0	0	0	0.99951046	0.99099154	-3.0789114e-06	-3.307363e-06	2.2965121e-07	-3.5033815e-06	-1.0616119e-08	-2.9438859e-07	2.1475766e-07	-3.231476e-07	-1.263564e-08	1.0340544e-06	5.2668281e-08	-5.7248959e-06	-5.7408488e-06	0.0027788295
-0.014	0.986	-0.0112	0	0	1.0038773	0	0	0	0.99918757	0.98901887	-3.1504455e-06	-3.3093049e-06	2.7231776e-07	-3.527436e-06	-1.1024502e-08	-3.5205147e-07	2.5529795e-07	-3.8560875e-07	-1.3854704e-08	1.0584416e-06	6.4240941e-08	-5.7981767e-06	-5.818852e-06	0.0035531551
-0.016	0.984	-0.0128	0	0	1.0042149	0	0	0	0.99887392	0.98703469	-3.215531e-06	-3.2955922e-06	3.1268909e-07	-3.5342182e-06	-1.1389021e-08	-4.0547283e-07	2.9374349e-07	-4.4339956e-07	-1.5125452e-08	1.0806818e-06	7.5943689e-08	-5.8524711e-06	-5.8762113e-06	0.0040400663
-0.018	0.982	-0.0144	0	0	1.0045369	0	0	0	0.99856758	0.98504227	-3.2764411e-06	-3.2723162e-06	3.5048773e-07	-3.5301439e-06	-1.1714039e-08	-4.5527781e-07	3.2975561e-07	-4.9725737e-07	-1.6432831e-08	1.1015293e-06	8.7745787e-08	-5.894937e-06	-5.9209052e-06	0.0043858567
-0.02	0.98	-0.016	0	0	1.0048467	0	0	0	0.99826705	0.9830432	-3.3343084e-06	-3.242926e-06	3.856379e-07	-3.5188832e-06	-1.2002264e-08	-5.0182352e-07	3.6322355e-07	-5.4761591e-07	-1.7765686e-08	1.1213588e-06	9.962731e-08	-5.9294707e-06	-5.9571746e-06	0.0046505208
-0.022	0.978	-0.0176	0	0	1.0051459	0	0	0	0.99797122	0.98103836	-3.3897374e-06	-3.2095521e-06	4.1814837e-07	-3.5027246e-06	-1.2255229e-08	-5.4535132e-07	3.9413502e-07	-5.9477196e-07	-1.9115796e-08	1.1403695e-06	1.1157449e-07	-5.9583821e-06	-5.9874994e-06	0.0048630179
-0.024	0.976	-0.0192	0	0	1.005436	0	0	0	0.99767933	0.97902824	-3.4430661e-06	-3.1735981e-06	4.4807425e-07	-3.4831899e-06	-1.2473681e-08	-5.8605211e-07	4.2253216e-07	-6.3895849e-07	-2.047695e-08	1.1586722e-06	1.2357731e-07	-5.9831325e-06	-6.0134353e-06	0.0050391669
-0.026	0.974	-0.0208	0	0	1.0057176	0	0	0	0.99739089	0.97701317	-3.4944912e-06	-3.136035e-06	4.7550156e-07	-3.4613415e-06	-1.2657843e-08	-6.240963e-07	4.4849321e-07	-6.8037909e-07	-2.1844315e-08	1.1763311e-06	1.3562823e-07	-6.0046949e-06	-6.0360127e-06	0.0051884945
-0.028	0.972	-0.0224	0	0	1.0059913	0	0	0	0.99710564	0.97499337	-3.5441316e-06	-3.0975591e-06	5.005388e-07	-3.4379487e-06	-1.2807569e-08	-6.5964765e-07	4.7212238e-07	-7.192245e-07	-2.321401e-08	1.1933844e-06	1.4772136e-07	-6.0237442e-06	-6.0559449e-06	0.0053172145
-0.03	0.97	-0.024	0	0	1.0062572	0	0	0	0.99682349	0.97296901	-3.5920631e-06	-3.0586837e-06	5.2331077e-07	-3.4135838e-06	-1.2922445e-08	-6.9286872e-07	4.9354266e-07	-7.5567978e-07	-2.4582837e-08	1.2098561e-06	1.5985201e-07	-6.0407654e-06	-6.0737437e-06	0.005429664
-0.032	0.968	-0.0256	0	0	1.0065155	0	0	0	0.9965445	0.97094024	-3.6383364e-06	-3.0197948e-06	5.4395299e-07	-3.3886822e-06	-1.3001856e-08	-7.2392189e-07	5.1288962e-07	-7.8992651e-07	-2.5948093e-08	1.2257621e-06	1.7201633e-07	-6.0561166e-06	-6.0897874e-06	0.0055290567
-0.034	0.966	-0.0272	0	0	1.0067659	0	0	0	0.99626888	0.96890719	-3.6829876e-06	-2.981188e-06	5.6260666e-07	-3.3635811e-06	-1.3045023e-08	-7.5296795e-07	5.3030587e-07	-8.2214218e-07	-2.7307458e-08	1.2411134e-06	1.8421116e-07	-6.0700687e-06	-6.1043625e-06	0.0056179079
-0.036	0.964	-0.0288	0	0	1.0070083	0	0	0	0.99599694	0.96687001	-3.726043e-06	-2.9430932e-06	5.7941406e-07	-3.3385464e-06	-1.3051038e-08	-7.8016373e-07	5.4593609e-07	-8.5249844e-07	-2.8658903e-08	1.2559177e-06	1.9643378e-07	-6.0828302e-06	-6.1176905e-06	0.0056982859
-0.038	0.962	-0.0304	0	0	1.0072424	0	0	0	0.99572911	0.96482883	-3.7675216e-06	-2.905693e-06	5.9451475e-07	-3.3137918e-06	-1.3018898e-08	-8.0565953e-07	5.5992291e-07	-8.8115892e-07	-3.0000646e-08	1.2701804e-06	2.0868192e-07	-6.0945636e-06	-6.1299454e-06	0.0057719659
-0.04	0.96	-0.032	0	0	1.0074677	0	0	0	0.9954659	0.96278379	-3.8074357e-06	-2.8691349e-06	6.0804268e-07	-3.2894928e-06	-1.294754e-08	-8.2959692e-07	5.7240369e-07	-9.0827724e-07	-3.1331114e-08	1.2839048e-06	2.2095357e-07	-6.1053972e-06	-6.1412654e-06	0.0058405206
-0.042	0.958	-0.0336	0	0	1.0076838	0	0	0	0.9952079	0.96073501	-3.845792e-06	-2.8335408e-06	6.2012427e-07	-3.2657966e-06	-1.2835902e-08	-8.5210712e-07	5.8350825e-07	-9.3399562e-07	-3.2648924e-08	1.2970923e-06	2.3324698e-07	-6.1154329e-06	-6.1517613e-06	0.0059053693
-0.044	0.956	-0.0352	0	0	1.0078901	0	0	0	0.99495577	0.95868263	-3.882592e-06	-2.7990131e-06	6.3087736e-07	-3.2428291e-06	-1.2682984e-08	-8.7331012e-07	5.9335752e-07	-9.5844398e-07	-3.395288e-08	1.3097426e-06	2.4556061e-07	-6.1247518e-06	-6.1615225e-06	0.0059677919
-0.046	0.954	-0.0368	0	0	1.008086	0	0	0	0.9947102	0.9566268	-3.9178333e-06	-2.7656393e-06	6.4041107e-07	-3.2206997e-06	-1.2487937e-08	-8.9331454e-07	6.0206298e-07	-9.8173967e-07	-3.524198e-08	1.3218544e-06	2.5789307e-07	-6.1334191e-06	-6.1706213e-06	0.0060289173
-0.048	0.952	-0.0384	0	0	1.0082709	0	0	0	0.9944719	0.95456763	-3.9515115e-06	-2.7334932e-06	6.4882626e-07	-3.1995037e-06	-1.225016e-08	-9.1221804e-07	6.097267e-07	-1.0039878e-06	-3.6515417e-08	1.3334257e-06	2.702431e-07	-6.1414875e-06	-6.1791164e-06	0.0060896913
-0.05	0.95	-0.04	0	0	1.0084442	0	0	0	0.99424155	0.95250526	-3.9836226e-06	-2.7026361e-06	6.5621644e-07	-3.1793228e-06	-1.1969407e-08	-9.3010827e-07	6.1644191e-07	-1.0252818e-06	-3.7772604e-08	1.3444549e-06	2.8260953e-07	-6.1490002e-06	-6.1870558e-06	0.0061508326
-0.052	0.948	-0.0416	0	0	1.0086053	0	0	0	0.99401978	0.95043982	-4.0141661e-06	-2.6731154e-06	6.6266894e-07	-3.1602249e-06	-1.1645884e-08	-9.4706413e-07	6.2229382e-07	-1.0457048e-06	-3.9013175e-08	1.3549417e-06	2.9499132e-07	-6.1559938e-06	-6.1944788e-06	0.0062127896
-0.054	0.946	-0.0432	0	0	1.0087539	0	0	0	0.99380713	0.94837143	-4.0431483e-06	-2.6449635e-06	6.6826607e-07	-3.1422623e-06	-1.1280319e-08	-9.6315725e-07	6.2736062e-07	-1.0653304e-06	-4.0236996e-08	1.3648885e-06	3.0738745e-07	-6.1625e-06	-6.2014183e-06	0.0062757099
-0.056	0.944	-0.0448	0	0	1.0088895	0	0	0	0.99360402	0.9463002	-4.0705854e-06	-2.6181958e-06	6.7308614e-07	-3.1254703e-06	-1.087401e-08	-9.7845339e-07	6.3171437e-07	-1.0842244e-06	-4.1444153e-08	1.3743012e-06	3.1979699e-07	-6.1685478e-06	-6.2079024e-06	0.0063394362
-0.058	0.942	-0.0464	0	0	1.009012	0	0	0	0.9934107	0.94422624	-4.0965054e-06	-2.5928102e-06	6.7720402e-07	-3.1098659e-06	-1.0428805e-08	-9.930137e-07	6.3542185e-07	-1.102446e-06	-4.2634934e-08	1.3831897e-06	3.3221906e-07	-6.1741648e-06	-6.2139561e-06	0.0064035366
-0.06	0.94	-0.048	0	0	1.0091214	0	0	0	0.99322727	0.94214965	-4.1209497e-06	-2.5687865e-06	6.8069153e-07	-3.0954473e-06	-9.9470467e-09	-1.0068958e-06	6.3854512e-07	-1.1200488e-06	-4.3809794e-08	1.3915689e-06	3.4465282e-07	-6.1793779e-06	-6.2196024e-06	0.0064673666
-0.062	0.938	-0.0496	0	0	1.0092178	0	0	0	0.99305363	0.94007052	-4.1439726e-06	-2.5460873e-06	6.8361722e-07	-3.0821949e-06	-9.4314633e-09	-1.0201541e-06	6.4114188e-07	-1.1370819e-06	-4.4969307e-08	1.3994578e-06	3.5709747e-07	-6.1842142e-06	-6.2248636e-06	0.0065301553
-0.064	0.936	-0.0512	0	0	1.0093015	0	0	0	0.99288957	0.93798895	-4.1656399e-06	-2.5246607e-06	6.8604607e-07	-3.0700727e-06	-8.8850384e-09	-1.0328407e-06	6.4326568e-07	-1.1535908e-06	-4.6114123e-08	1.4068797e-06	3.6955227e-07	-6.1887006e-06	-6.2297615e-06	0.0065910985
-0.066	0.934	-0.0528	0	0	1.009373	0	0	0	0.99273469	0.93590499	-4.1860267e-06	-2.5044427e-06	6.8803898e-07	-3.0590318e-06	-8.3108663e-09	-1.0450048e-06	6.4496596e-07	-1.1696175e-06	-4.7244916e-08	1.4138608e-06	3.8201651e-07	-6.1928636e-06	-6.2343184e-06	0.0066494427
-0.068	0.932	-0.0544	0	0	1.0094328	0	0	0	0.99258853	0.93381872	-4.2052143e-06	-2.485361e-06	6.8965229e-07	-3.0490133e-06	-7.71202e-09	-1.0566928e-06	6.4628801e-07	-1.185201e-06	-4.8362343e-08	1.4204296e-06	3.9448954e-07	-6.1967296e-06	-6.2385563e-06	0.0067045473
-0.07	0.93	-0.056	0	0	1.0094815	0	0	0	0.99245054	0.9317302	-4.2232876e-06	-2.4673384e-06	6.9093746e-07	-3.0399517e-06	-7.0914419e-09	-1.0679483e-06	6.472731e-07	-1.2003777e-06	-4.9467015e-08	1.4266153e-06	4.0697074e-07	-6.2003237e-06	-6.2424975e-06	0.0067559204
-0.072	0.928	-0.0576	0	0	1.0095197	0	0	0	0.99232012	0.92963948	-4.2403316e-06	-2.4502959e-06	6.9194089e-07	-3.0317784e-06	-6.451864e-09	-1.0788118e-06	6.4795843e-07	-1.215181e-06	-5.0559476e-08	1.4324476e-06	4.1945953e-07	-6.2036698e-06	-6.2461639e-06	0.0068032289
-0.074	0.926	-0.0592	0	0	1.009548	0	0	0	0.99219667	0.9275466	-4.2564297e-06	-2.4341553e-06	6.9270393e-07	-3.0244243e-06	-5.7957594e-09	-1.0893204e-06	6.4837739e-07	-1.2296419e-06	-5.164019e-08	1.4379552e-06	4.319554e-07	-6.2067903e-06	-6.2495767e-06	0.0068462896
-0.076	0.924	-0.0608	0	0	1.0095672	0	0	0	0.99207959	0.9254516	-4.2716618e-06	-2.4188414e-06	6.9326311e-07	-3.0178218e-06	-5.1253201e-09	-1.0995079e-06	6.4855968e-07	-1.2437888e-06	-5.2709542e-08	1.4431655e-06	4.4445784e-07	-6.2097059e-06	-6.2527565e-06	0.0068850474
-0.078	0.922	-0.0624	0	0	1.0095777	0	0	0	0.99196831	0.92335452	-4.2861029e-06	-2.4042827e-06	6.936504e-07	-3.0119062e-06	-4.4424566e-09	-1.1094051e-06	6.4853165e-07	-1.2576475e-06	-5.3767838e-08	1.4481044e-06	4.5696642e-07	-6.2124356e-06	-6.2557224e-06	0.006919549
-0.08	0.92	-0.064	0	0	1.0095802	0	0	0	0.99186229	0.9212554	-4.2998228e-06	-2.3904132e-06	6.9389366e-07	-3.006617e-06	-3.7488116e-09	-1.1190395e-06	6.4831656e-07	-1.2712416e-06	-5.4815316e-08	1.4527956e-06	4.6948073e-07	-6.2149964e-06	-6.2584924e-06	0.0069499158
-0.082	0.918	-0.0656	0	0	1.0095752	0	0	0	0.99176101	0.91915426	-4.3128853e-06	-2.3771717e-06	6.9401702e-07	-3.0018981e-06	-3.0457822e-09	-1.1284361e-06	6.4793487e-07	-1.2845925e-06	-5.5852153e-08	1.4572611e-06	4.8200039e-07	-6.217404e-06	-6.2610833e-06	0.0069763199
-0.084	0.916	-0.0672	0	0	1.0095632	0	0	0	0.99166402	0.91705114	-4.3253487e-06	-2.3645028e-06	6.9404133e-07	-2.9976984e-06	-2.3345474e-09	-1.1376169e-06	6.4740459e-07	-1.2977196e-06	-5.6878471e-08	1.4615206e-06	4.9452506e-07	-6.2196722e-06	-6.2635103e-06	0.0069989641
-0.086	0.914	-0.0688	0	0	1.0095446	0	0	0	0.9915709	0.91494605	-4.3372658e-06	-2.3523563e-06	6.9398455e-07	-2.9939711e-06	-1.6160959e-09	-1.1466016e-06	6.4674154e-07	-1.3106404e-06	-5.7894354e-08	1.4655921e-06	5.0705443e-07	-6.2218136e-06	-6.2657873e-06	0.0070180664
-0.088	0.912	-0.0704	0	0	1.0095198	0	0	0	0.99148126	0.91283903	-4.3486839e-06	-2.3406867e-06	6.9386219e-07	-2.9906741e-06	-8.9125349e-10	-1.1554079e-06	6.4595961e-07	-1.3233707e-06	-5.8899848e-08	1.4694917e-06	5.1958821e-07	-6.2238393e-06	-6.2679269e-06	0.0070338489
-0.09	0.91	-0.072	0	0	1.0094892	0	0	0	0.99139476	0.91073009	-4.359646e-06	-2.3294533e-06	6.9368758e-07	-2.9877695e-06	-1.6070818e-10	-1.1640513e-06	6.4507102e-07	-1.3359248e-06	-5.9894975e-08	1.4732339e-06	5.3212614e-07	-6.2257593e-06	-6.2699407e-06	0.0070465301
-0.092	0.908	-0.0736	0	0	1.009453	0	0	0	0.99131109	0.90861926	-4.3701902e-06	-2.3186197e-06	6.9347222e-07	-2.9852234e-06	5.7496757e-10	-1.1725459e-06	6.4408653e-07	-1.3483156e-06	-6.0879734e-08	1.4768317e-06	5.4466797e-07	-6.2275827e-06	-6.2718388e-06	0.0070563194
-0.094	0.906	-0.0752	0	0	1.0094117	0	0	0	0.99122998	0.90650655	-4.380351e-06	-2.3081532e-06	6.9322604e-07	-2.9830052e-06	1.3152973e-09	-1.180904e-06	6.4301563e-07	-1.3605548e-06	-6.1854111e-08	1.4802966e-06	5.572135e-07	-6.2293175e-06	-6.2736307e-06	0.0070634146
-0.096	0.904	-0.0768	0	0	1.0093653	0	0	0	0.99115119	0.904392	-4.3901593e-06	-2.2980244e-06	6.9295761e-07	-2.9810876e-06	2.0598838e-09	-1.1891367e-06	6.4186669e-07	-1.3726528e-06	-6.281808e-08	1.4836392e-06	5.697625e-07	-6.2309707e-06	-6.2753247e-06	0.007068
-0.098	0.902	-0.0784	0	0	1.0093142	0	0	0	0.99107448	0.90227562	-4.3996426e-06	-2.288207e-06	6.9267437e-07	-2.9794462e-06	2.8083953e-09	-1.197254e-06	6.4064714e-07	-1.3846193e-06	-6.3771605e-08	1.4868686e-06	5.8231479e-07	-6.232549e-06	-6.2769284e-06	0.0070702461
-0.1	0.9	-0.08	0	0	1.0092586	0	0	0	0.99099967	0.90015743	-4.4088259e-06	-2.2786775e-06	6.9238275e-07	-2.9780589e-06	3.5605533e-09	-1.2052646e-06	6.3936356e-07	-1.3964629e-06	-6.4714647e-08	1.4899933e-06	5.9487021e-07	-6.234058e-06	-6.2784486e-06	0.0070703095
-0.102	0.898	-0.0816	0	0	1.0091986	0	0	0	0.99092657	0.89803744	-4.4177316e-06	-2.2694147e-06	6.9208835e-07	-2.9769062e-06	4.316123e-09	-1.2131766e-06	6.380218e-07	-1.4081915e-06	-6.5647165e-08	1.4930209e-06	6.0742859e-07	-6.235503e-06	-6.2798914e-06	0.0070683337
-0.104	0.896	-0.0832	0	0	1.0091344	0	0	0	0.99085503	0.89591569	-4.4263797e-06	-2.2603994e-06	6.9179606e-07	-2.9759703e-06	5.074905e-09	-1.220997e-06	6.3662709e-07	-1.4198122e-06	-6.6569115e-08	1.495958e-06	6.1998978e-07	-6.2368887e-06	-6.2812624e-06	0.0070644499
-0.106	0.894	-0.0848	0	0	1.0090662	0	0	0	0.99078491	0.89379217	-4.4347885e-06	-2.2516145e-06	6.9151013e-07	-2.9752353e-06	5.8367288e-09	-1.2287324e-06	6.351841e-07	-1.4313316e-06	-6.7480453e-08	1.4988107e-06	6.3255364e-07	-6.2382194e-06	-6.2825667e-06	0.0070587778
-0.108	0.892	-0.0864	0	0	1.008994	0	0	0	0.99071608	0.89166693	-4.4429744e-06	-2.2430445e-06	6.9123428e-07	-2.9746869e-06	6.6014473e-09	-1.2363885e-06	6.3369698e-07	-1.4427556e-06	-6.8381136e-08	1.5015847e-06	6.4512004e-07	-6.2394989e-06	-6.2838087e-06	0.0070514267
-0.11	0.89	-0.088	0	0	1.0089181	0	0	0	0.99064842	0.88953996	-4.4509523e-06	-2.2346752e-06	6.9097179e-07	-2.9743123e-06	7.368932e-09	-1.2439706e-06	6.321695e-07	-1.4540897e-06	-6.9271123e-08	1.5042848e-06	6.5768887e-07	-6.2407307e-06	-6.2849927e-06	0.0070424962
-0.112	0.888	-0.0896	0	0	1.0088384	0	0	0	0.99058183	0.88741129	-4.4587358e-06	-2.2264938e-06	6.9072553e-07	-2.9740995e-06	8.1390694e-09	-1.2514835e-06	6.3060503e-07	-1.4653388e-06	-7.0150375e-08	1.5069157e-06	6.7026001e-07	-6.2419179e-06	-6.2861224e-06	0.0070320775
-0.114	0.886	-0.0912	0	0	1.0087552	0	0	0	0.99051622	0.88528094	-4.4663371e-06	-2.2184888e-06	6.9049803e-07	-2.9740382e-06	8.9117582e-09	-1.2589316e-06	6.290066e-07	-1.4765077e-06	-7.1018855e-08	1.5094814e-06	6.8283336e-07	-6.2430635e-06	-6.2872012e-06	0.0070202541
-0.116	0.884	-0.0928	0	0	1.0086685	0	0	0	0.9904515	0.88314891	-4.4737674e-06	-2.2106496e-06	6.902915e-07	-2.9741186e-06	9.6869066e-09	-1.2663187e-06	6.2737697e-07	-1.4876005e-06	-7.1876528e-08	1.5119857e-06	6.9540882e-07	-6.24417e-06	-6.2882323e-06	0.0070071024
-0.118	0.882	-0.0944	0	0	1.0085784	0	0	0	0.9903876	0.88101524	-4.481037e-06	-2.2029665e-06	6.9010794e-07	-2.9743319e-06	1.046443e-08	-1.2736486e-06	6.2571863e-07	-1.4986211e-06	-7.2723365e-08	1.514432e-06	7.0798629e-07	-6.2452398e-06	-6.2892184e-06	0.0069926929
-0.12	0.88	-0.096	0	0	1.0084849	0	0	0	0.99032444	0.87887993	-4.4881552e-06	-2.1954306e-06	6.8994908e-07	-2.9746703e-06	1.1244251e-08	-1.2809245e-06	6.2403382e-07	-1.5095731e-06	-7.3559335e-08	1.5168234e-06	7.2056569e-07	-6.2462752e-06	-6.2901623e-06	0.00697709
-0.122	0.878	-0.0976	0	0	1.0083881	0	0	0	0.99026196	0.87674301	-4.4951307e-06	-2.1880337e-06	6.8981647e-07	-2.9751263e-06	1.2026293e-08	-1.2881496e-06	6.2232462e-07	-1.5204599e-06	-7.4384413e-08	1.5191629e-06	7.3314694e-07	-6.2472781e-06	-6.2910662e-06	0.0069603536
-0.124	0.876	-0.0992	0	0	1.0082881	0	0	0	0.99020011	0.87460448	-4.5019714e-06	-2.1807685e-06	6.8971149e-07	-2.9756934e-06	1.2810488e-08	-1.2953265e-06	6.2059287e-07	-1.5312846e-06	-7.5198578e-08	1.5214531e-06	7.4572996e-07	-6.2482504e-06	-6.2919324e-06	0.0069425389
-0.126	0.874	-0.1008	0	0	1.0081849	0	0	0	0.99013882	0.87246437	-4.5086844e-06	-2.173628e-06	6.8963536e-07	-2.9763655e-06	1.3596766e-08	-1.3024579e-06	6.188403e-07	-1.54205e-06	-7.6001808e-08	1.5236965e-06	7.5831467e-07	-6.2491937e-06	-6.2927629e-06	0.0069236971
-0.128	0.872	-0.1024	0	0	1.0080786	0	0	0	0.99007806	0.87032269	-4.5152766e-06	-2.1666058e-06	6.8958918e-07	-2.9771368e-06	1.4385061e-08	-1.3095462e-06	6.1706846e-07	-1.5527588e-06	-7.6794088e-08	1.5258952e-06	7.7090101e-07	-6.2501096e-06	-6.2935596e-06	0.0069038758
-0.13	0.87	-0.104	0	0	1.0079692	0	0	0	0.99001777	0.86817945	-4.5217541e-06	-2.159696e-06	6.8957392e-07	-2.9780022e-06	1.5175307e-08	-1.3165936e-06	6.1527879e-07	-1.5634136e-06	-7.7575402e-08	1.5280514e-06	7.8348891e-07	-6.2509995e-06	-6.2943241e-06	0.0068831193
-0.132	0.868	-0.1056	0	0	1.0078568	0	0	0	0.98995791	0.86603467	-4.5281226e-06	-2.1528933e-06	6.8959045e-07	-2.978957e-06	1.5967439e-08	-1.3236022e-06	6.1347259e-07	-1.5740166e-06	-7.834574e-08	1.530167e-06	7.9607831e-07	-6.2518647e-06	-6.295058e-06	0.006861469
-0.134	0.866	-0.1072	0	0	1.0077414	0	0	0	0.98989846	0.86388838	-4.5343875e-06	-2.1461925e-06	6.8963955e-07	-2.9799968e-06	1.6761392e-08	-1.3305739e-06	6.1165107e-07	-1.58457e-06	-7.9105092e-08	1.5322437e-06	8.0866914e-07	-6.2527064e-06	-6.2957629e-06	0.0068389638
-0.136	0.864	-0.1088	0	0	1.007623	0	0	0	0.98983936	0.86174057	-4.5405537e-06	-2.1395889e-06	6.8972192e-07	-2.9811174e-06	1.7557101e-08	-1.3375105e-06	6.0981534e-07	-1.595076e-06	-7.9853451e-08	1.5342833e-06	8.2126136e-07	-6.2535258e-06	-6.29644e-06	0.0068156402
-0.138	0.862	-0.1104	0	0	1.0075017	0	0	0	0.9897806	0.85959128	-4.5466257e-06	-2.1330781e-06	6.8983817e-07	-2.9823152e-06	1.83545e-08	-1.3444137e-06	6.0796643e-07	-1.6055363e-06	-8.0590814e-08	1.5362873e-06	8.338549e-07	-6.2543237e-06	-6.2970906e-06	0.0067915324
-0.14	0.86	-0.112	0	0	1.0073775	0	0	0	0.98972213	0.8574405	-4.5526079e-06	-2.126656e-06	6.8998888e-07	-2.9835866e-06	1.9153523e-08	-1.351285e-06	6.0610527e-07	-1.6159528e-06	-8.1317178e-08	1.5382572e-06	8.4644972e-07	-6.2551013e-06	-6.2977159e-06	0.0067666728
-0.142	0.858	-0.1136	0	0	1.0072505	0	0	0	0.98966394	0.85528827	-4.5585043e-06	-2.1203188e-06	6.9017454e-07	-2.9849283e-06	1.9954101e-08	-1.3581259e-06	6.0423275e-07	-1.6263273e-06	-8.2032543e-08	1.5401943e-06	8.5904576e-07	-6.2558594e-06	-6.2983169e-06	0.0067410922
-0.144	0.856	-0.1152	0	0	1.0071206	0	0	0	0.98960599	0.85313459	-4.5643186e-06	-2.1140627e-06	6.9039561e-07	-2.9863374e-06	2.0756168e-08	-1.3649379e-06	6.0234967e-07	-1.6366612e-06	-8.2736913e-08	1.5420998e-06	8.7164299e-07	-6.2565987e-06	-6.2988946e-06	0.0067148198
-0.146	0.854	-0.1168	0	0	1.0069879	0	0	0	0.98954826	0.85097948	-4.5700542e-06	-2.1078846e-06	6.906525e-07	-2.987811e-06	2.1559652e-08	-1.3717222e-06	6.0045679e-07	-1.6469562e-06	-8.3430292e-08	1.5439749e-06	8.8424134e-07	-6.2573201e-06	-6.29945e-06	0.0066878832
-0.148	0.852	-0.1184	0	0	1.0068524	0	0	0	0.98949073	0.84882296	-4.5757144e-06	-2.1017811e-06	6.9094556e-07	-2.9893464e-06	2.2364484e-08	-1.37848e-06	5.9855481e-07	-1.6572136e-06	-8.4112686e-08	1.5458209e-06	8.9684079e-07	-6.2580241e-06	-6.299984e-06	0.006660309
-0.15	0.85	-0.12	0	0	1.0067141	0	0	0	0.98943338	0.84666503	-4.5813023e-06	-2.0957493e-06	6.9127513e-07	-2.9909413e-06	2.3170591e-08	-1.3852125e-06	5.9664437e-07	-1.6674347e-06	-8.4784104e-08	1.5476386e-06	9.0944128e-07	-6.2587115e-06	-6.3004972e-06	0.0066321226
-0.152	0.848	-0.1216	0	0	1.006573	0	0	0	0.98937619	0.84450572	-4.5868208e-06	-2.0897864e-06	6.9164149e-07	-2.9925932e-06	2.39779e-08	-1.3919209e-06	5.9472608e-07	-1.677621e-06	-8.5444555e-08	1.5494292e-06	9.2204278e-07	-6.2593829e-06	-6.3009906e-06	0.0066033485
-0.154	0.846	-0.1232	0	0	1.0064292	0	0	0	0.98931914	0.84234503	-4.5922726e-06	-2.0838897e-06	6.9204493e-07	-2.9943001e-06	2.4786335e-08	-1.3986061e-06	5.9280051e-07	-1.6877735e-06	-8.6094053e-08	1.5511934e-06	9.3464524e-07	-6.2600388e-06	-6.3014647e-06	0.0065740101
-0.156	0.844	-0.1248	0	0	1.0062827	0	0	0	0.98926221	0.84018299	-4.5976602e-06	-2.0780566e-06	6.9248566e-07	-2.9960598e-06	2.5595821e-08	-1.4052693e-06	5.9086819e-07	-1.6978934e-06	-8.673261e-08	1.5529323e-06	9.4724864e-07	-6.2606797e-06	-6.3019203e-06	0.0065441303
-0.158	0.842	-0.1264	0	0	1.0061335	0	0	0	0.98920539	0.83801961	-4.6029859e-06	-2.0722849e-06	6.9296391e-07	-2.9978706e-06	2.6406278e-08	-1.4119112e-06	5.889296e-07	-1.7079819e-06	-8.7360243e-08	1.5546466e-06	9.5985292e-07	-6.261306e-06	-6.3023579e-06	0.006513731
-0.16	0.84	-0.128	0	0	1.0059816	0	0	0	0.98914866	0.83585491	-4.6082522e-06	-2.0665722e-06	6.9347986e-07	-2.9997305e-06	2.7217628e-08	-1.4185329e-06	5.8698522e-07	-1.7180398e-06	-8.7976968e-08	1.5563372e-06	9.7245807e-07	-6.2619183e-06	-6.3027781e-06	0.0064828338
-0.162	0.838	-0.1296	0	0	1.005827	0	0	0	0.989092	0.83368889	-4.613461e-06	-2.0609164e-06	6.9403369e-07	-3.001638e-06	2.802979e-08	-1.4251352e-06	5.8503547e-07	-1.7280684e-06	-8.8582805e-08	1.5580047e-06	9.8506403e-07	-6.2625168e-06	-6.3031816e-06	0.0064514594
-0.164	0.836	-0.1312	0	0	1.0056698	0	0	0	0.98903541	0.83152157	-4.6186145e-06	-2.0553154e-06	6.9462555e-07	-3.0035914e-06	2.8842681e-08	-1.431719e-06	5.8308077e-07	-1.7380684e-06	-8.9177774e-08	1.5596499e-06	9.9767079e-07	-6.2631021e-06	-6.3035687e-06	0.0064196284
-0.166	0.834	-0.1328	0	0	1.0055099	0	0	0	0.98897887	0.82935297	-4.6237144e-06	-2.0497674e-06	6.9525556e-07	-3.0055891e-06	2.9656218e-08	-1.4382849e-06	5.8112149e-07	-1.7480408e-06	-8.9761896e-08	1.5612734e-06	1.0102783e-06	-6.2636744e-06	-6.3039399e-06	0.0063873607
-0.168	0.832	-0.1344	0	0	1.0053473	0	0	0	0.98892237	0.8271831	-4.6287627e-06	-2.0442704e-06	6.9592385e-07	-3.0076299e-06	3.0470314e-08	-1.4448338e-06	5.79158e-07	-1.7579864e-06	-9.0335196e-08	1.5628759e-06	1.0228866e-06	-6.264234e-06	-6.3042958e-06	0.0063546758
-0.17	0.83	-0.136	0	0	1.0051821	0	0	0	0.9888659	0.82501198	-4.6337611e-06	-2.0388228e-06	6.9663052e-07	-3.0097123e-06	3.1284884e-08	-1.4513665e-06	5.7719063e-07	-1.767906e-06	-9.0897698e-08	1.564458e-06	1.0354955e-06	-6.2647813e-06	-6.3046366e-06	0.006321593
-0.172	0.828	-0.1376	0	0	1.0050143	0	0	0	0.98880944	0.82283962	-4.6387111e-06	-2.0334228e-06	6.9737565e-07	-3.0118351e-06	3.2099839e-08	-1.4578835e-06	5.7521971e-07	-1.7778005e-06	-9.1449429e-08	1.5660202e-06	1.0481051e-06	-6.2653164e-06	-6.3049629e-06	0.0062881312
-0.174	0.826	-0.1392	0	0	1.0048439	0	0	0	0.98875299	0.82066604	-4.6436143e-06	-2.0280689e-06	6.9815934e-07	-3.013997e-06	3.2915089e-08	-1.4643856e-06	5.7324554e-07	-1.7876705e-06	-9.1990416e-08	1.5675632e-06	1.0607153e-06	-6.2658398e-06	-6.3052749e-06	0.006254309
-0.176	0.824	-0.1408	0	0	1.0046709	0	0	0	0.98869653	0.81849124	-4.6484721e-06	-2.0227595e-06	6.9898163e-07	-3.016197e-06	3.3730544e-08	-1.4708734e-06	5.712684e-07	-1.7975167e-06	-9.252069e-08	1.5690874e-06	1.0733262e-06	-6.2663515e-06	-6.305573e-06	0.0062201446
-0.178	0.822	-0.1424	0	0	1.0044952	0	0	0	0.98864006	0.81631525	-4.653286e-06	-2.0174931e-06	6.998426e-07	-3.0184339e-06	3.4546112e-08	-1.4773475e-06	5.6928856e-07	-1.8073399e-06	-9.304028e-08	1.5705934e-06	1.0859376e-06	-6.2668517e-06	-6.3058576e-06	0.006185656
-0.18	0.82	-0.144	0	0	1.004317	0	0	0	0.98858358	0.81413807	-4.6580572e-06	-2.0122684e-06	7.0074227e-07	-3.0207068e-06	3.5361699e-08	-1.4838085e-06	5.6730627e-07	-1.8171407e-06	-9.3549219e-08	1.5720816e-06	1.0985496e-06	-6.2673408e-06	-6.3061289e-06	0.0061508609
-0.182	0.818	-0.1456	0	0	1.0041362	0	0	0	0.98852706	0.81195973	-4.6627871e-06	-2.007084e-06	7.0168068e-07	-3.0230146e-06	3.6177211e-08	-1.490257e-06	5.6532178e-07	-1.8269197e-06	-9.404754e-08	1.5735525e-06	1.1111622e-06	-6.2678188e-06	-6.3063873e-06	0.0061157766
-0.184	0.816	-0.1472	0	0	1.0039528	0	0	0	0.9884705	0.80978024	-4.6674767e-06	-2.0019387e-06	7.0265786e-07	-3.0253565e-06	3.6992552e-08	-1.4966936e-06	5.633353e-07	-1.8366774e-06	-9.4535277e-08	1.5750065e-06	1.1237752e-06	-6.268286e-06	-6.306633e-06	0.0060804203
-0.186	0.814	-0.1488	0	0	1.0037668	0	0	0	0.98841391	0.80759961	-4.6721272e-06	-1.9968311e-06	7.0367383e-07	-3.0277315e-06	3.7807626e-08	-1.5031187e-06	5.6134706e-07	-1.8464145e-06	-9.5012469e-08	1.576444e-06	1.1363887e-06	-6.2687424e-06	-6.3068662e-06	0.0060448084
-0.188	0.812	-0.1504	0	0	1.0035783	0	0	0	0.98835726	0.80541785	-4.6767398e-06	-1.9917602e-06	7.0472858e-07	-3.0301388e-06	3.8622335e-08	-1.5095329e-06	5.5935725e-07	-1.8561315e-06	-9.547915e-08	1.5778655e-06	1.1490026e-06	-6.2691881e-06	-6.3070871e-06	0.0060089575
-0.19	0.81	-0.152	0	0	1.0033872	0	0	0	0.98830055	0.80323499	-4.6813154e-06	-1.9867247e-06	7.0582212e-07	-3.0325777e-06	3.943658e-08	-1.5159366e-06	5.5736606e-07	-1.8658289e-06	-9.5935362e-08	1.5792714e-06	1.161617e-06	-6.2696234e-06	-6.3072961e-06	0.0059728835
-0.192	0.808	-0.1536	0	0	1.0031936	0	0	0	0.98824378	0.80105103	-4.6858549e-06	-1.9817237e-06	7.0695445e-07	-3.0350474e-06	4.0250262e-08	-1.5223305e-06	5.5537367e-07	-1.8755072e-06	-9.6381143e-08	1.5806619e-06	1.1742318e-06	-6.2700482e-06	-6.3074933e-06	0.005936602
-0.194	0.806	-0.1552	0	0	1.0029973	0	0	0	0.98818694	0.79886598	-4.6903594e-06	-1.976756e-06	7.0812554e-07	-3.0375471e-06	4.106328e-08	-1.5287148e-06	5.5338026e-07	-1.8851669e-06	-9.6816535e-08	1.5820376e-06	1.186847e-06	-6.2704628e-06	-6.3076789e-06	0.0059001281
-0.196	0.804	-0.1568	0	0	1.0027986	0	0	0	0.98813002	0.79667987	-4.6948297e-06	-1.9718206e-06	7.0933536e-07	-3.0400762e-06	4.1875535e-08	-1.5350901e-06	5.5138598e-07	-1.8948084e-06	-9.724158e-08	1.5833986e-06	1.1994625e-06	-6.2708671e-06	-6.307853e-06	0.0058634766
-0.198	0.802	-0.1584	0	0	1.0025972	0	0	0	0.98807302	0.79449271	-4.6992666e-06	-1.9669167e-06	7.105839e-07	-3.0426341e-06	4.2686923e-08	-1.5414567e-06	5.4939098e-07	-1.9044321e-06	-9.7656323e-08	1.5847453e-06	1.2120784e-06	-6.2712612e-06	-6.3080158e-06	0.0058266618
-0.2	0.8	-0.16	0	0	1.0023934	0	0	0	0.98801594	0.79230451	-4.703671e-06	-1.9620431e-06	7.1187112e-07	-3.0452201e-06	4.3497344e-08	-1.5478152e-06	5.473954e-07	-1.9140385e-06	-9.8060809e-08	1.5860782e-06	1.2246946e-06	-6.2716452e-06	-6.3081675e-06	0.0057896976
-0.202	0.798	-0.1616	0	0	1.002187	0	0	0	0.98795876	0.79011528	-4.7080436e-06	-1.9571991e-06	7.1319696e-07	-3.0478336e-06	4.4306694e-08	-1.5541659e-06	5.4539938e-07	-1.923628e-06	-9.8455084e-08	1.5873973e-06	1.2373111e-06	-6.2720191e-06	-6.3083082e-06	0.0057525976
-0.204	0.796	-0.1632	0	0	1.001978	0	0	0	0.98790149	0.78792505	-4.7123851e-06	-1.9523838e-06	7.1456139e-07	-3.0504742e-06	4.511487e-08	-1.5605092e-06	5.4340304e-07	-1.933201e-06	-9.8839195e-08	1.5887031e-06	1.2499278e-06	-6.2723829e-06	-6.308438e-06	0.0057153746
-0.206	0.794	-0.1648	0	0	1.0017665	0	0	0	0.98784412	0.78573381	-4.7166962e-06	-1.9475964e-06	7.1596434e-07	-3.0531411e-06	4.5921768e-08	-1.5668455e-06	5.414065e-07	-1.9427578e-06	-9.9213192e-08	1.5899959e-06	1.2625448e-06	-6.2727367e-06	-6.308557e-06	0.0056780412
-0.208	0.792	-0.1664	0	0	1.0015525	0	0	0	0.98778665	0.7835416	-4.7209776e-06	-1.942836e-06	7.1740576e-07	-3.0558341e-06	4.6727286e-08	-1.5731751e-06	5.3940986e-07	-1.9522988e-06	-9.9577125e-08	1.5912758e-06	1.2751621e-06	-6.2730805e-06	-6.3086652e-06	0.0056406096
-0.21	0.79	-0.168	0	0	1.001336	0	0	0	0.98772907	0.78134842	-4.7252298e-06	-1.9381018e-06	7.1888558e-07	-3.0585525e-06	4.7531318e-08	-1.5794984e-06	5.3741323e-07	-1.9618243e-06	-9.9931044e-08	1.5925432e-06	1.2877795e-06	-6.2734143e-06	-6.3087629e-06	0.0056030914
-0.212	0.788	-0.1696	0	0	1.0011169	0	0	0	0.98767138	0.77915428	-4.7294535e-06	-1.9333932e-06	7.2040374e-07	-3.0612959e-06	4.8333761e-08	-1.5858158e-06	5.354167e-07	-1.9713347e-06	-1.00275e-07	1.5937982e-06	1.3003971e-06	-6.2737381e-06	-6.3088499e-06	0.005565498
-0.214	0.786	-0.1712	0	0	1.0008952	0	0	0	0.98761357	0.7769592	-4.7336492e-06	-1.9287094e-06	7.2196014e-07	-3.064064e-06	4.9134511e-08	-1.5921276e-06	5.3342037e-07	-1.9808303e-06	-1.0060905e-07	1.5950412e-06	1.3130149e-06	-6.2740518e-06	-6.3089265e-06	0.0055278402
-0.216	0.784	-0.1728	0	0	1.0006711	0	0	0	0.98755565	0.7747632	-4.7378174e-06	-1.9240498e-06	7.2355473e-07	-3.0668562e-06	4.9933463e-08	-1.5984341e-06	5.3142431e-07	-1.9903113e-06	-1.0093325e-07	1.5962724e-06	1.3256328e-06	-6.2743554e-06	-6.3089926e-06	0.0054901285
-0.218	0.782	-0.1744	0	0	1.0004444	0	0	0	0.9874976	0.77256629	-4.7419586e-06	-1.9194136e-06	7.251874e-07	-3.0696722e-06	5.0730514e-08	-1.6047356e-06	5.2942859e-07	-1.9997782e-06	-1.0124765e-07	1.5974919e-06	1.3382509e-06	-6.2746489e-06	-6.3090482e-06	0.005452373
-0.22	0.78	-0.176	0	0	1.0002152	0	0	0	0.98743943	0.77036848	-4.7460734e-06	-1.9148001e-06	7.2685808e-07	-3.0725116e-06	5.1525559e-08	-1.6110325e-06	5.274333e-07	-2.0092311e-06	-1.0155231e-07	1.5987e-06	1.350869e-06	-6.2749323e-06	-6.3090934e-06	0.0054145834
-0.222	0.778	-0.1776	0	0	0.99998342	0	0	0	0.98738114	0.76816979	-4.750162e-06	-1.9102089e-06	7.2856666e-07	-3.0753741e-06	5.2318495e-08	-1.6173251e-06	5.2543849e-07	-2.0186704e-06	-1.0184729e-07	1.5998969e-06	1.3634872e-06	-6.2752055e-06	-6.3091282e-06	0.0053767693
-0.224	0.776	-0.1792	0	0	0.99974914	0	0	0	0.98732272	0.76597023	-4.7542251e-06	-1.9056392e-06	7.3031306e-07	-3.0782593e-06	5.3109218e-08	-1.6236136e-06	5.2344423e-07	-2.0280963e-06	-1.0213264e-07	1.6010828e-06	1.3761055e-06	-6.2754684e-06	-6.3091526e-06	0.0053389397
-0.226	0.774	-0.1808	0	0	0.99951233	0	0	0	0.98726416	0.76376981	-4.7582628e-06	-1.9010905e-06	7.3209717e-07	-3.081167e-06	5.3897626e-08	-1.6298984e-06	5.2145056e-07	-2.0375091e-06	-1.0240843e-07	1.6022579e-06	1.3887239e-06	-6.275721e-06	-6.3091665e-06	0.0053011035
-0.228	0.772	-0.1824	0	0	0.99927299	0	0	0	0.98720548	0.76156856	-4.7622757e-06	-1.8965622e-06	7.3391888e-07	-3.0840968e-06	5.4683616e-08	-1.6361797e-06	5.1945754e-07	-2.046909e-06	-1.0267472e-07	1.6034223e-06	1.4013422e-06	-6.2759631e-06	-6.30917e-06	0.0052632691
-0.23	0.77	-0.184	0	0	0.99903112	0	0	0	0.98714665	0.75936647	-4.766264e-06	-1.8920539e-06	7.357781e-07	-3.0870484e-06	5.5467086e-08	-1.6424579e-06	5.1746521e-07	-2.0562964e-06	-1.0293156e-07	1.6045762e-06	1.4139605e-06	-6.2761948e-06	-6.309163e-06	0.0052254449
-0.232	0.768	-0.1856	0	0	0.99878671	0	0	0	0.9870877	0.75716358	-4.7702281e-06	-1.8875648e-06	7.3767471e-07	-3.0900216e-06	5.6247936e-08	-1.648733e-06	5.1547362e-07	-2.0656713e-06	-1.0317903e-07	1.6057197e-06	1.4265788e-06	-6.2764159e-06	-6.3091455e-06	0.0051876389
-0.234	0.766	-0.1872	0	0	0.99853978	0	0	0	0.9870286	0.75495988	-4.7741682e-06	-1.8830946e-06	7.396086e-07	-3.0930161e-06	5.7026063e-08	-1.6550055e-06	5.1348278e-07	-2.0750341e-06	-1.0341718e-07	1.6068531e-06	1.4391971e-06	-6.2766263e-06	-6.3091174e-06	0.0051498589
-0.236	0.764	-0.1888	0	0	0.9982903	0	0	0	0.98696936	0.75275541	-4.7780847e-06	-1.8786428e-06	7.4157965e-07	-3.0960317e-06	5.780137e-08	-1.6612756e-06	5.1149275e-07	-2.0843849e-06	-1.0364608e-07	1.6079765e-06	1.4518153e-06	-6.2768259e-06	-6.3090787e-06	0.0051121125
-0.238	0.762	-0.1904	0	0	0.9980383	0	0	0	0.98690998	0.75055016	-4.7819779e-06	-1.8742089e-06	7.4358775e-07	-3.0990682e-06	5.8573756e-08	-1.6675436e-06	5.0950353e-07	-2.0937241e-06	-1.0386579e-07	1.60909e-06	1.4644334e-06	-6.2770147e-06	-6.3090292e-06	0.0050744072
-0.24	0.76	-0.192	0	0	0.99778375	0	0	0	0.98685046	0.74834415	-4.7858478e-06	-1.8697923e-06	7.4563276e-07	-3.1021252e-06	5.9343123e-08	-1.6738095e-06	5.0751517e-07	-2.1030517e-06	-1.0407639e-07	1.6101937e-06	1.4770514e-06	-6.2771924e-06	-6.3089691e-06	0.0050367502
-0.242	0.758	-0.1936	0	0	0.99752667	0	0	0	0.9867908	0.74613741	-4.7896948e-06	-1.8653927e-06	7.4771458e-07	-3.1052028e-06	6.0109375e-08	-1.6800738e-06	5.0552767e-07	-2.112368e-06	-1.0427793e-07	1.6112878e-06	1.4896693e-06	-6.2773589e-06	-6.308898e-06	0.0049991485
-0.244	0.756	-0.1952	0	0	0.99726705	0	0	0	0.98673099	0.74392993	-4.7935191e-06	-1.8610097e-06	7.4983308e-07	-3.1083006e-06	6.0872416e-08	-1.6863366e-06	5.0354105e-07	-2.1216733e-06	-1.0447048e-07	1.6123724e-06	1.502287e-06	-6.2775142e-06	-6.308816e-06	0.0049616091
-0.246	0.754	-0.1968	0	0	0.99700488	0	0	0	0.98667104	0.74172175	-4.7973208e-06	-1.8566428e-06	7.5198812e-07	-3.1114184e-06	6.163215e-08	-1.6925982e-06	5.0155532e-07	-2.1309676e-06	-1.0465412e-07	1.6134476e-06	1.5149046e-06	-6.277658e-06	-6.308723e-06	0.0049241387
-0.248	0.752	-0.1984	0	0	0.99674018	0	0	0	0.98661094	0.73951286	-4.8011002e-06	-1.8522915e-06	7.5417959e-07	-3.1145562e-06	6.2388485e-08	-1.6988587e-06	4.9957049e-07	-2.1402513e-06	-1.0482892e-07	1.6145135e-06	1.5275219e-06	-6.2777903e-06	-6.3086189e-06	0.0048867439
-0.25	0.75	-0.2	0	0	0.99647292	0	0	0	0.98655069	0.73730329	-4.8048573e-06	-1.8479556e-06	7.5640734e-07	-3.1177137e-06	6.3141327e-08	-1.7051183e-06	4.9758657e-07	-2.1495244e-06	-1.0499493e-07	1.6155703e-06	1.540139e-06	-6.2779108e-06	-6.3085035e-06	0.0048494313
-0.252	0.748	-0.2016	0	0	0.99620312	0	0	0	0.9864903	0.73509304	-4.8085923e-06	-1.8436347e-06	7.5867125e-07	-3.1208908e-06	6.3890585e-08	-1.7113774e-06	4.9560356e-07	-2.1587871e-06	-1.0515223e-07	1.616618e-06	1.5527559e-06	-6.2780195e-06	-6.3083768e-06	0.0048122072
-0.254	0.746	-0.2032	0	0	0.99593076	0	0	0	0.98642976	0.73288214	-4.8123054e-06	-1.8393283e-06	7.6097119e-07	-3.1240875e-06	6.463617e-08	-1.7176359e-06	4.9362146e-07	-2.1680397e-06	-1.053009e-07	1.6176567e-06	1.5653726e-06	-6.2781162e-06	-6.3082385e-06	0.0047750778
-0.256	0.744	-0.2048	0	0	0.99565586	0	0	0	0.98636907	0.7306706	-4.8159966e-06	-1.8350361e-06	7.6330701e-07	-3.1273034e-06	6.5377993e-08	-1.7238942e-06	4.9164026e-07	-2.1772822e-06	-1.05441e-07	1.6186865e-06	1.5779889e-06	-6.2782007e-06	-6.3080887e-06	0.0047380494
-0.258	0.742	-0.2064	0	0	0.99537839	0	0	0	0.98630823	0.72845843	-4.819666e-06	-1.8307578e-06	7.6567859e-07	-3.1305386e-06	6.6115968e-08	-1.7301525e-06	4.8965996e-07	-2.1865149e-06	-1.0557261e-07	1.6197075e-06	1.5906049e-06	-6.2782728e-06	-6.3079272e-06	0.0047011279
-0.26	0.74	-0.208	0	0	0.99509837	0	0	0	0.98624725	0.72624564	-4.8233137e-06	-1.8264931e-06	7.6808578e-07	-3.1337929e-06	6.6850009e-08	-1.7364108e-06	4.8768054e-07	-2.195738e-06	-1.0569579e-07	1.6207198e-06	1.6032206e-06	-6.2783324e-06	-6.3077537e-06	0.0046643193
-0.262	0.738	-0.2096	0	0	0.99481578	0	0	0	0.98618611	0.72403225	-4.8269398e-06	-1.8222415e-06	7.7052846e-07	-3.1370663e-06	6.7580032e-08	-1.7426694e-06	4.85702e-07	-2.2049514e-06	-1.0581063e-07	1.6217235e-06	1.6158359e-06	-6.2783792e-06	-6.3075683e-06	0.0046276295
-0.264	0.736	-0.2112	0	0	0.99453063	0	0	0	0.98612483	0.72181828	-4.8305443e-06	-1.8180028e-06	7.7300647e-07	-3.1403586e-06	6.8305956e-08	-1.7489284e-06	4.8372433e-07	-2.2141555e-06	-1.0591718e-07	1.6227185e-06	1.6284509e-06	-6.2784132e-06	-6.3073707e-06	0.0045910641
-0.266	0.734	-0.2128	0	0	0.99424291	0	0	0	0.98606341	0.71960373	-4.8341272e-06	-1.8137768e-06	7.7551968e-07	-3.1436698e-06	6.90277e-08	-1.7551879e-06	4.8174749e-07	-2.2233504e-06	-1.0601554e-07	1.623705e-06	1.6410654e-06	-6.278434e-06	-6.3071608e-06	0.004554629
-0.268	0.732	-0.2144	0	0	0.99395262	0	0	0	0.98600183	0.71738863	-4.8376887e-06	-1.809563e-06	7.7806796e-07	-3.1469998e-06	6.9745186e-08	-1.7614482e-06	4.7977148e-07	-2.2325361e-06	-1.0610576e-07	1.6246831e-06	1.6536795e-06	-6.2784416e-06	-6.3069384e-06	0.0045183295
-0.27	0.73	-0.216	0	0	0.99365976	0	0	0	0.98594011	0.71517298	-4.8412286e-06	-1.8053612e-06	7.8065115e-07	-3.1503485e-06	7.0458337e-08	-1.7677094e-06	4.7779628e-07	-2.2417129e-06	-1.0618792e-07	1.6256527e-06	1.6662932e-06	-6.2784357e-06	-6.3067034e-06	0.0044821712
-0.272	0.728	-0.2176	0	0	0.99336431	0	0	0	0.98587824	0.7129568	-4.8447471e-06	-1.8011712e-06	7.8326913e-07	-3.1537158e-06	7.1167078e-08	-1.7739715e-06	4.7582185e-07	-2.2508809e-06	-1.0626211e-07	1.626614e-06	1.6789063e-06	-6.2784161e-06	-6.3064556e-06	0.0044461595
-0.274	0.726	-0.2192	0	0	0.99306629	0	0	0	0.98581623	0.7107401	-4.848244e-06	-1.7969926e-06	7.8592174e-07	-3.1571019e-06	7.1871335e-08	-1.7802347e-06	4.7384817e-07	-2.2600402e-06	-1.0632838e-07	1.627567e-06	1.691519e-06	-6.2783826e-06	-6.3061948e-06	0.0044102997
-0.276	0.724	-0.2208	0	0	0.99276567	0	0	0	0.98575407	0.70852291	-4.8517195e-06	-1.7928253e-06	7.8860886e-07	-3.1605064e-06	7.2571039e-08	-1.7864992e-06	4.7187523e-07	-2.2691908e-06	-1.0638682e-07	1.6285118e-06	1.7041311e-06	-6.278335e-06	-6.3059209e-06	0.004374597
-0.278	0.722	-0.2224	0	0	0.99246247	0	0	0	0.98569177	0.70630523	-4.8551734e-06	-1.7886688e-06	7.9133033e-07	-3.1639296e-06	7.3266118e-08	-1.792765e-06	4.6990297e-07	-2.2783331e-06	-1.064375e-07	1.6294483e-06	1.7167427e-06	-6.2782732e-06	-6.3056337e-06	0.0043390565
-0.28	0.72	-0.224	0	0	0.99215667	0	0	0	0.98562932	0.70408707	-4.8586058e-06	-1.7845231e-06	7.9408601e-07	-3.1673712e-06	7.3956507e-08	-1.7990323e-06	4.6793139e-07	-2.287467e-06	-1.0648049e-07	1.6303766e-06	1.7293536e-06	-6.2781968e-06	-6.305333e-06	0.0043036832
-0.282	0.718	-0.2256	0	0	0.99184828	0	0	0	0.98556674	0.70186846	-4.8620165e-06	-1.7803879e-06	7.9687577e-07	-3.1708314e-06	7.464214e-08	-1.8053011e-06	4.6596043e-07	-2.2965927e-06	-1.0651587e-07	1.6312968e-06	1.741964e-06	-6.2781058e-06	-6.3050186e-06	0.0042684822
-0.284	0.716	-0.2272	0	0	0.99153728	0	0	0	0.98550401	0.6996494	-4.8654056e-06	-1.7762629e-06	7.9969947e-07	-3.1743101e-06	7.5322954e-08	-1.8115715e-06	4.6399008e-07	-2.3057102e-06	-1.0654371e-07	1.6322088e-06	1.7545737e-06	-6.2779997e-06	-6.3046904e-06	0.0042334584
-0.286	0.714	-0.2288	0	0	0.99122368	0	0	0	0.98544114	0.69742991	-4.868773e-06	-1.772148e-06	8.0255696e-07	-3.1778072e-06	7.5998887e-08	-1.8178437e-06	4.6202028e-07	-2.3148198e-06	-1.0656408e-07	1.6331127e-06	1.7671828e-06	-6.2778786e-06	-6.3043481e-06	0.0041986164
-0.288	0.712	-0.2304	0	0	0.99090747	0	0	0	0.98537813	0.69521001	-4.8721186e-06	-1.7680428e-06	8.0544811e-07	-3.1813228e-06	7.6669881e-08	-1.8241177e-06	4.6005101e-07	-2.3239215e-06	-1.0657707e-07	1.6340086e-06	1.7797911e-06	-6.277742e-06	-6.3039916e-06	0.004163961
-0.29	0.71	-0.232	0	0	0.99058864	0	0	0	0.98531498	0.6929897	-4.8754424e-06	-1.7639472e-06	8.0837277e-07	-3.1848569e-06	7.7335878e-08	-1.8303936e-06	4.5808222e-07	-2.3330153e-06	-1.0658274e-07	1.6348964e-06	1.7923987e-06	-6.2775899e-06	-6.3036207e-06	0.0041294969
-0.292	0.708	-0.2336	0	0	0.9902672	0	0	0	0.9852517	0.69076901	-4.8787442e-06	-1.759861e-06	8.1133081e-07	-3.1884095e-06	7.7996824e-08	-1.8366714e-06	4.5611388e-07	-2.3421015e-06	-1.0658116e-07	1.6357762e-06	1.8050056e-06	-6.2774219e-06	-6.3032351e-06	0.0040952286
-0.294	0.706	-0.2352	0	0	0.98994313	0	0	0	0.98518829	0.68854794	-4.882024e-06	-1.7557841e-06	8.1432208e-07	-3.1919807e-06	7.8652666e-08	-1.8429512e-06	4.5414594e-07	-2.35118e-06	-1.0657242e-07	1.6366479e-06	1.8176117e-06	-6.2772379e-06	-6.3028347e-06	0.0040611605
-0.296	0.704	-0.2368	0	0	0.98961643	0	0	0	0.98512473	0.68632652	-4.8852817e-06	-1.7517161e-06	8.1734646e-07	-3.1955704e-06	7.9303353e-08	-1.849233e-06	4.5217837e-07	-2.360251e-06	-1.0655658e-07	1.6375116e-06	1.8302169e-06	-6.2770376e-06	-6.3024193e-06	0.004027297
-0.298	0.702	-0.2384	0	0	0.9892871	0	0	0	0.98506105	0.68410475	-4.8885171e-06	-1.747657e-06	8.2040381e-07	-3.1991786e-06	7.9948837e-08	-1.8555169e-06	4.5021111e-07	-2.3693145e-06	-1.0653371e-07	1.6383673e-06	1.8428213e-06	-6.2768208e-06	-6.3019887e-06	0.0039936424
-0.3	0.7	-0.24	0	0	0.98895513	0	0	0	0.98499724	0.68188265	-4.8917302e-06	-1.7436065e-06	8.2349398e-07	-3.2028055e-06	8.0589072e-08	-1.861803e-06	4.4824413e-07	-2.3783707e-06	-1.0650389e-07	1.639215e-06	1.8554249e-06	inf	inf	inf
