lambda	F11	F12	F13	F21	F22	F23	F31	F32	F33	J	P11	P12	P13	P21	P22	P23	P31	P32	P33	p	StrEn	t(1)	t(2)	d
0	1	0	0	0	1	0	0	0	1	1	0	0	0	0	0	0	0	0	0	-0	0	inf	inf	inf
-0.002	0.998	0	0	0	0.999	0	0	0	1.0003402	0.99734119	-1.4021527e-05	-5.8431476e-08	-1.7295839e-07	-5.8260068e-08	-8.1825495e-06	8.1585422e-10	-1.7491044e-07	-9.0677739e-10	-4.117906e-09	7.4027316e-06	1.8156883e-08	-1.8112121e-05	-1.8032575e-05	-0.0044112047
-0.004	0.996	0	0	0	0.998	0	0	0	1.000662	0.99466599	-2.7710877e-05	-1.4527792e-07	-3.6276501e-07	-1.4429181e-07	-1.6217278e-05	6.3039436e-09	-3.6684955e-07	2.8299394e-09	-8.6264751e-09	1.4645594e-05	7.2130301e-08	-3.58182e-05	-3.5688737e-05	-0.003627567
-0.006	0.994	0	0	0	0.997	0	0	0	1.0009505	0.99195993	-4.0893988e-05	-2.7944087e-07	-5.4140448e-07	-2.7657838e-07	-2.4012322e-05	-4.0092268e-09	-5.4710277e-07	-9.2185033e-09	-1.3686757e-08	2.1639999e-05	1.6091183e-07	-5.2898474e-05	-5.2649209e-05	-0.0047344511
-0.008	0.992	0	0	0	0.996	0	0	0	1.0011517	0.98916987	-5.3112522e-05	-4.5815939e-07	-5.9031403e-07	-4.5219185e-07	-3.1240168e-05	-9.8003961e-08	-5.954115e-07	-1.0488444e-07	-2.0106343e-08	2.8124265e-05	2.8272714e-07	-6.8731255e-05	-6.8344085e-05	-0.0056650036
-0.01	0.99	0	0	0	0.995	0	0	0	1.0012193	0.98625106	-6.3893119e-05	-5.3903385e-07	-5.584068e-07	-5.302058e-07	-3.7637043e-05	-1.3210649e-07	-5.6171284e-07	-1.3927111e-07	-2.4352165e-08	3.3851505e-05	4.3428817e-07	-8.2711152e-05	-8.2395393e-05	-0.003832233
-0.012	0.988	0	0	0	0.994	0	0	0	1.0012319	0.98328185	-7.3474862e-05	-5.4707237e-07	-6.1976635e-07	-5.3440627e-07	-4.3655423e-05	-6.1269243e-08	-6.2075018e-07	-6.725273e-08	-2.5627454e-08	3.9051971e-05	6.1230871e-07	-9.5302497e-05	-9.497152e-05	-0.0034850173
-0.014	0.986	0	0	0	0.993	0	0	0	1.0012311	0.98030334	-8.1830689e-05	-5.3878759e-07	-7.1294964e-07	-5.211004e-07	-4.9508763e-05	7.775773e-09	-7.1081735e-07	3.3818577e-09	-2.6446944e-08	4.3788633e-05	8.1417425e-07	-0.00010658511	-0.00010620743	-0.0035561095
-0.016	0.984	0	0	0	0.992	0	0	0	1.0012253	0.97732402	-8.8819163e-05	-5.3129233e-07	-8.1161477e-07	-5.077922e-07	-5.5224424e-05	6.1420975e-08	-8.0595257e-07	5.8604248e-08	-2.7293744e-08	4.8023627e-05	1.0371384e-06	-0.00011643147	-0.0001160329	-0.0034349536
-0.018	0.982	0	0	0	0.991	0	0	0	1.0012173	0.97434666	-9.4439934e-05	-5.2785688e-07	-9.0535467e-07	-4.9812971e-07	-6.0789414e-05	1.0006012e-07	-8.9610658e-07	9.8604749e-08	-2.8253781e-08	5.1752534e-05	1.2783059e-06	-0.00012483476	-0.00012444908	-0.0030990528
-0.02	0.98	0	0	0	0.99	0	0	0	1.0012087	0.97137267	-9.8856899e-05	-5.2826381e-07	-9.8943611e-07	-4.9221071e-07	-6.6175772e-05	1.2573814e-07	-9.7683555e-07	1.253022e-07	-2.9333362e-08	5.5020668e-05	1.5349348e-06	-0.00013194491	-0.00013159137	-0.0026866472
-0.022	0.978	0	0	0	0.989	0	0	0	1.0012001	0.9684028	-0.00010231281	-5.3151726e-07	-1.0627082e-06	-4.8922248e-07	-7.1345904e-05	1.4124434e-07	-1.0471743e-06	1.414033e-07	-3.0509974e-08	5.7896407e-05	1.8046713e-06	-0.00013798589	-0.0001376675	-0.0023127244
-0.024	0.976	0	0	0	0.988	0	0	0	1.001192	0.96543742	-0.00010504298	-5.3661812e-07	-1.1259436e-06	-4.8822188e-07	-7.6255312e-05	1.4943181e-07	-1.1079855e-06	1.497022e-07	-3.1754307e-08	6.0443347e-05	2.0856048e-06	-0.00014317076	-0.00014288251	-0.0020173678
-0.026	0.974	0	0	0	0.987	0	0	0	1.0011845	0.96247668	-0.00010723665	-5.4275055e-07	-1.1805772e-06	-4.883732e-07	-8.0856341e-05	1.5272789e-07	-1.1607325e-06	1.5258149e-07	-3.304053e-08	6.2708678e-05	2.3762014e-06	-0.00014766494	-0.00014740042	-0.0017945891
-0.028	0.972	0	0	0	0.986	0	0	0	1.0011776	0.9595206	-0.00010903364	-5.4928249e-07	-1.2280598e-06	-4.8899964e-07	-8.5104039e-05	1.5298506e-07	-1.2068663e-06	1.5186451e-07	-3.4348807e-08	6.4724009e-05	2.6752064e-06	-0.00015158577	-0.00015133995	-0.0016242737
-0.03	0.97	0	0	0	0.985	0	0	0	1.0011714	0.95656917	-0.00011053392	-5.5573151e-07	-1.2696363e-06	-4.8958294e-07	-8.8963584e-05	1.5152135e-07	-1.2476204e-06	1.4886269e-07	-3.5664525e-08	6.6511055e-05	2.9815612e-06	-0.00015501581	-0.00015478558	-0.0014874081
-0.032	0.968	0	0	0	0.984	0	0	0	1.0011657	0.95362232	-0.00011180862	-5.617416e-07	-1.3063191e-06	-4.8975598e-07	-9.2417089e-05	1.4921827e-07	-1.2839913e-06	1.4447923e-07	-3.6976889e-08	6.8087561e-05	3.2943488e-06	-0.00015801726	-0.00015780093	-0.0013708929
-0.034	0.966	0	0	0	0.983	0	0	0	1.0011605	0.95068	-0.00011290878	-5.6707176e-07	-1.3389241e-06	-4.8929264e-07	-9.5466986e-05	1.4662387e-07	-1.3167756e-06	1.393117e-07	-3.827785e-08	6.9471349e-05	3.6127649e-06	-0.00016064237	-0.00016043897	-0.0012677822
-0.036	0.964	0	0	0	0.982	0	0	0	1.0011558	0.94774212	-0.00011387158	-5.7158508e-07	-1.3681149e-06	-4.8808878e-07	-9.8134541e-05	1.4404772e-07	-1.3466123e-06	1.3373948e-07	-3.9561444e-08	7.0681893e-05	3.9361047e-06	-0.00016293894	-0.00016274763	-0.0011754942
-0.038	0.962	0	0	0	0.981	0	0	0	1.0011514	0.94480862	-0.0001147245	-5.7523115e-07	-1.3944354e-06	-4.861333e-07	-0.0001004545	1.4164212e-07	-1.3740167e-06	1.279938e-07	-4.0823413e-08	7.1739944e-05	4.2637554e-06	-0.00016495184	-0.00016477166	-0.0010935195
-0.04	0.96	0	0	0	0.98	0	0	0	1.0011474	0.94187943	-0.00011548829	-5.7802261e-07	-1.4183326e-06	-4.8347539e-07	-0.00010246842	1.3946532e-07	-1.3994039e-06	1.222105e-07	-4.2060903e-08	7.2666258e-05	4.5951913e-06	-0.00016672259	-0.00016655241	-0.0010217291
-0.042	0.958	0	0	0	0.979	0	0	0	1.0011435	0.9389545	-0.0001161788	-5.8001139e-07	-1.4401733e-06	-4.8019549e-07	-0.00010421891	1.3752521e-07	-1.423107e-06	1.1646671e-07	-4.3272183e-08	7.3480329e-05	4.9299651e-06	-0.00016828834	-0.000168127	-0.00095962881
-0.044	0.956	0	0	0	0.978	0	0	0	1.0011399	0.93603379	-0.00011680836	-5.8126905e-07	-1.4602563e-06	-4.7638416e-07	-0.00010574589	1.3580624e-07	-1.4453922e-06	1.1080468e-07	-4.4456374e-08	7.4199567e-05	5.2676993e-06	-0.00016968138	-0.00016952774	-0.00090628447
-0.046	0.954	0	0	0	0.977	0	0	0	1.0011365	0.93311725	-0.00011738668	-5.8187321e-07	-1.4788243e-06	-4.7212921e-07	-0.00010708465	1.3428422e-07	-1.466471e-06	1.0524617e-07	-4.5613208e-08	7.483898e-05	5.6080761e-06	-0.00017092908	-0.00017078212	-0.00086051601
-0.048	0.952	0	0	0	0.976	0	0	0	1.0011332	0.93020488	-0.0001179215	-5.8189926e-07	-1.4960732e-06	-4.675093e-07	-0.00010826537	1.3293357e-07	-1.486511e-06	9.9800967e-08	-4.6742826e-08	7.5411205e-05	5.9508278e-06	-0.00017205426	-0.0001719131	-0.00082110358
-0.05	0.95	0	0	0	0.975	0	0	0	1.00113	0.92729663	-0.00011841908	-5.8141618e-07	-1.512161e-06	-4.625916e-07	-0.00010931328	1.3173041e-07	-1.5056448e-06	9.4471678e-08	-4.7845632e-08	7.5926737e-05	6.2957285e-06	-0.0001730758	-0.00017293971	-0.00078692004
-0.052	0.948	0	0	0	0.974	0	0	0	1.0011269	0.9243925	-0.00011888452	-5.8048483e-07	-1.5272148e-06	-4.5743184e-07	-0.00011024924	1.3065354e-07	-1.5239766e-06	8.9256539e-08	-4.8922178e-08	7.6394228e-05	6.6425866e-06	-0.00017400922	-0.00017387759	-0.00075699002
-0.054	0.946	0	0	0	0.973	0	0	0	1.0011239	0.92149247	-0.00011932202	-5.791578e-07	-1.541336e-06	-4.5207536e-07	-0.0001110904	1.296844e-07	-1.541588e-06	8.4150987e-08	-4.9973083e-08	7.6820798e-05	6.9912388e-06	-0.0001748673	-0.00017473965	-0.0007305011
-0.056	0.944	0	0	0	0.972	0	0	0	1.0011209	0.91859654	-0.00011973507	-5.7747992e-07	-1.5546054e-06	-4.4655866e-07	-0.00011185085	1.2880682e-07	-1.5585424e-06	7.9148615e-08	-5.0998983e-08	7.7212307e-05	7.3415452e-06	-0.00017566057	-0.0001755365	-0.00070679071
-0.058	0.942	0	0	0	0.971	0	0	0	1.0011181	0.91570468	-0.00012012659	-5.7548914e-07	-1.5670867e-06	-4.4091091e-07	-0.00011254219	1.2800652e-07	-1.5748881e-06	7.4241731e-08	-5.2000491e-08	7.7573592e-05	7.6933849e-06	-0.00017639776	-0.00017627695	-0.00068532368
-0.06	0.94	0	0	0	0.97	0	0	0	1.0011153	0.91281691	-0.00012049904	-5.7321745e-07	-1.5788291e-06	-4.3515534e-07	-0.00011317398	1.2727072e-07	-1.5906609e-06	6.9421709e-08	-5.2978169e-08	7.7908666e-05	8.046653e-06	-0.0001770861	-0.0001769683	-0.00066566851
-0.062	0.938	0	0	0	0.969	0	0	0	1.0011125	0.9099332	-0.00012085452	-5.7069181e-07	-1.5898694e-06	-4.2931049e-07	-0.00011375415	1.2658776e-07	-1.6058857e-06	6.4679197e-08	-5.3932509e-08	7.8220867e-05	8.4012581e-06	-0.00017773167	-0.00017761667	-0.00064747592
-0.064	0.936	0	0	0	0.968	0	0	0	1.0011098	0.90705355	-0.00012119483	-5.6793495e-07	-1.6002339e-06	-4.2339114e-07	-0.00011428929	1.2594682e-07	-1.6205785e-06	6.0004238e-08	-5.4863924e-08	7.8512995e-05	8.7571197e-06	-0.00017833955	-0.00017822718	-0.00063046078
-0.066	0.934	0	0	0	0.967	0	0	0	1.0011072	0.90417796	-0.0001215215	-5.6496611e-07	-1.6099394e-06	-4.1740925e-07	-0.00011478494	1.2533766e-07	-1.6347466e-06	5.538633e-08	-5.5772732e-08	7.8787404e-05	9.1141668e-06	-0.00017891404	-0.00017880419	-0.00061438739
-0.068	0.932	0	0	0	0.966	0	0	0	1.0011045	0.90130643	-0.00012183587	-5.6180164e-07	-1.6189939e-06	-4.1137455e-07	-0.00011524573	1.2475041e-07	-1.6483899e-06	5.0814443e-08	-5.6659152e-08	7.9046085e-05	9.4723364e-06	-0.00017945881	-0.00017935136	-0.00059905774
-0.07	0.93	0	0	0	0.965	0	0	0	1.001102	0.89843896	-0.00012213909	-5.5845551e-07	-1.6273975e-06	-4.0529518e-07	-0.00011567558	1.2417537e-07	-1.6615009e-06	4.6276995e-08	-5.7523291e-08	7.9290731e-05	9.8315722e-06	-0.00017997695	-0.00017987185	-0.00058430223
-0.072	0.928	0	0	0	0.964	0	0	0	1.0010994	0.89557554	-0.00012243216	-5.5493983e-07	-1.6351424e-06	-3.9917817e-07	-0.00011607784	1.2360287e-07	-1.6740649e-06	4.17618e-08	-5.836514e-08	7.9522787e-05	1.0191824e-05	-0.00018047115	-0.00018036835	-0.00056997216
-0.074	0.926	0	0	0	0.963	0	0	0	1.0010969	0.89271616	-0.00012271597	-5.5126519e-07	-1.6422131e-06	-3.9302984e-07	-0.00011645532	1.230231e-07	-1.68606e-06	3.7255992e-08	-5.9184562e-08	7.9743491e-05	1.0553046e-05	-0.0001809437	-0.00018084317	-0.00055593367
-0.076	0.924	0	0	0	0.962	0	0	0	1.0010944	0.88986084	-0.00012299129	-5.4744104e-07	-1.6485863e-06	-3.8685616e-07	-0.00011681045	1.2242599e-07	-1.6974569e-06	3.2745915e-08	-5.9981286e-08	7.9953908e-05	1.0915196e-05	-0.00018139659	-0.00018129832	-0.00054206272
-0.078	0.922	0	0	0	0.961	0	0	0	1.001092	0.88700956	-0.0001232588	-5.4347603e-07	-1.6542304e-06	-3.8066318e-07	-0.0001171453	1.2180102e-07	-1.7082182e-06	2.821699e-08	-6.0754888e-08	8.0154952e-05	1.1278239e-05	-0.00018183152	-0.00018173552	-0.00052824071
-0.08	0.92	0	0	0	0.96	0	0	0	1.0010896	0.88416234	-0.00012351909	-5.3937834e-07	-1.659105e-06	-3.7445731e-07	-0.00011746165	1.2113707e-07	-1.7182978e-06	2.3653547e-08	-6.1504782e-08	8.0347414e-05	1.1642139e-05	-0.00018224999	-0.00018215629	-0.00051435058
-0.082	0.918	0	0	0	0.959	0	0	0	1.0010872	0.88131916	-0.00012377268	-5.3515597e-07	-1.6631602e-06	-3.6824573e-07	-0.00011776101	1.2042227e-07	-1.7276402e-06	1.9038633e-08	-6.2230201e-08	8.0531973e-05	1.2006864e-05	-0.00018265326	-0.00018256193	-0.00050027306
-0.084	0.916	0	0	0	0.958	0	0	0	1.0010849	0.87848004	-0.00012402003	-5.3081717e-07	-1.6663353e-06	-3.6203683e-07	-0.00011804468	1.1964378e-07	-1.7361787e-06	1.435377e-08	-6.2930177e-08	8.0709214e-05	1.2372386e-05	-0.00018304245	-0.00018295355	-0.00048588299
-0.086	0.914	0	0	0	0.957	0	0	0	1.0010826	0.87564497	-0.00012426154	-5.2637075e-07	-1.6685578e-06	-3.5584062e-07	-0.00011831376	1.1878755e-07	-1.7438344e-06	9.5786759e-09	-6.3603513e-08	8.0879635e-05	1.2738678e-05	-0.00018341849	-0.00018333214	-0.00047104531
-0.088	0.912	0	0	0	0.956	0	0	0	1.0010804	0.87281395	-0.00012449755	-5.2182665e-07	-1.6697412e-06	-3.496694e-07	-0.00011856917	1.178381e-07	-1.7505143e-06	4.690929e-09	-6.4248759e-08	8.1043656e-05	1.3105715e-05	-0.0001837822	-0.00018369851	-0.00045561073
-0.09	0.91	0	0	0	0.955	0	0	0	1.0010782	0.869987	-0.00012472834	-5.1719645e-07	-1.6697833e-06	-3.4353843e-07	-0.00011881168	1.1677821e-07	-1.7561085e-06	-3.3442556e-10	-6.4864168e-08	8.1201628e-05	1.3473472e-05	-0.00018413425	-0.00018405337	-0.00043941063
-0.092	0.908	0	0	0	0.954	0	0	0	1.0010761	0.86716411	-0.00012495415	-5.1249419e-07	-1.6685636e-06	-3.3746684e-07	-0.0001190419	1.1558852e-07	-1.760488e-06	-5.525347e-09	-6.5447661e-08	8.1353832e-05	1.3841928e-05	-0.00018447517	-0.00018439731	-0.00042225113
-0.094	0.906	0	0	0	0.953	0	0	0	1.001074	0.86434529	-0.00012517517	-5.0773726e-07	-1.6659398e-06	-3.3147887e-07	-0.00011926029	1.1424719e-07	-1.7635006e-06	-1.0913354e-08	-6.5996769e-08	8.1500485e-05	1.4211062e-05	-0.00018480538	-0.00018473077	-0.00040390572
-0.096	0.904	0	0	0	0.952	0	0	0	1.001072	0.86153055	-0.00012539152	-5.0294775e-07	-1.6617445e-06	-3.2560536e-07	-0.00011946717	1.1272929e-07	-1.7649672e-06	-1.6534182e-08	-6.6508577e-08	8.1641735e-05	1.4580851e-05	-0.00018512517	-0.00018505409	-0.00038410635
-0.098	0.902	0	0	0	0.951	0	0	0	1.0010701	0.8587199	-0.00012560329	-4.981541e-07	-1.65578e-06	-3.1988583e-07	-0.00011966272	1.1100632e-07	-1.7646763e-06	-2.2428555e-08	-6.6979645e-08	8.1777662e-05	1.4951278e-05	-0.00018543471	-0.00018536751	-0.00036253226
-0.1	0.9	0	0	0	0.95	0	0	0	1.0010683	0.85591336	-0.00012581047	-4.9339342e-07	-1.6478133e-06	-3.1437119e-07	-0.00011984694	1.090454e-07	-1.7623779e-06	-2.8643089e-08	-6.7405926e-08	8.1908273e-05	1.5322321e-05	-0.000185734	-0.0001856711	-0.00033879607
-0.102	0.898	0	0	0	0.949	0	0	0	1.0010666	0.85311093	-0.000126013	-4.8871456e-07	-1.6375689e-06	-3.0912741e-07	-0.00012001968	1.0680851e-07	-1.7577763e-06	-3.5231329e-08	-6.7782659e-08	8.203349e-05	1.5693962e-05	-0.0001860229	-0.0001859648	-0.00031242649
-0.104	0.896	0	0	0	0.948	0	0	0	1.001065	0.85031264	-0.00012621072	-4.8418238e-07	-1.6247218e-06	-3.0424037e-07	-0.00012018061	1.0425148e-07	-1.7505213e-06	-4.2254924e-08	-6.8104254e-08	8.2153144e-05	1.6066181e-05	-0.00018630108	-0.0001862484	-0.00028284706
-0.106	0.894	0	0	0	0.947	0	0	0	1.0010637	0.84751851	-0.00012640336	-4.7988349e-07	-1.6088883e-06	-2.9982255e-07	-0.00012032914	1.013229e-07	-1.7401983e-06	-4.9784894e-08	-6.836415e-08	8.2266955e-05	1.6438956e-05	-0.00018656797	-0.00018652147	-0.00024935037
-0.108	0.892	0	0	0	0.946	0	0	0	1.0010625	0.84472857	-0.00012659051	-4.7593407e-07	-1.5896166e-06	-2.9602184e-07	-0.00012046447	9.7962944e-08	-1.726317e-06	-5.7902927e-08	-6.8554659e-08	8.2374513e-05	1.6812266e-05	-0.00018682278	-0.00018678336	-0.00021106824
-0.11	0.89	0	0	0	0.945	0	0	0	1.0010616	0.84194285	-0.0001267716	-4.7249045e-07	-1.5663774e-06	-2.9303346e-07	-0.0001205855	9.4102164e-08	-1.7083008e-06	-6.6702513e-08	-6.8666794e-08	8.2475253e-05	1.7186089e-05	-0.00018706437	-0.00018703315	-0.00016693936
-0.112	0.888	0	0	0	0.944	0	0	0	1.001061	0.83916139	-0.00012694581	-4.6976321e-07	-1.5385558e-06	-2.9111558e-07	-0.00012069077	8.9660501e-08	-1.6854762e-06	-7.6289599e-08	-6.8690089e-08	8.2568425e-05	1.7560399e-05	-0.00018729121	-0.00018726955	-0.00011567962
-0.114	0.886	0	0	0	0.943	0	0	0	1.0010608	0.83638426	-0.00012711208	-4.6803543e-07	-1.5054481e-06	-2.9060943e-07	-0.00012077847	8.454691e-08	-1.657068e-06	-8.6782139e-08	-6.8612426e-08	8.2653053e-05	1.7935168e-05	-0.00018750131	-0.00018749086	-5.5766709e-05
-0.116	0.884	0	0	0	0.942	0	0	0	1.0010609	0.83361148	-0.00012726896	-4.6768533e-07	-1.4662688e-06	-2.9196383e-07	-0.00012084634	7.8660321e-08	-1.6222044e-06	-9.8307492e-08	-6.84199e-08	8.2727905e-05	1.8310363e-05	-0.00018769211	-0.00018769484	1.4537154e-05
-0.118	0.882	0	0	0	0.941	0	0	0	1.0010617	0.83084313	-0.00012741459	-4.6921196e-07	-1.4201773e-06	-2.9576263e-07	-0.00012089169	7.1893259e-08	-1.5799439e-06	-1.1099588e-07	-6.80968e-08	8.2791459e-05	1.8685947e-05	-0.0001878604	-0.00018787864	9.7078994e-05
-0.12	0.88	0	0	0	0.94	0	0	0	1.0010629	0.82807927	-0.00012754659	-4.7325938e-07	-1.3663396e-06	-3.0274946e-07	-0.00012091148	6.4140211e-08	-1.5293394e-06	-1.2496718e-07	-6.7625816e-08	8.2841898e-05	1.9061877e-05	-0.00018800227	-0.00018803867	0.00019354858
-0.122	0.878	0	0	0	0.939	0	0	0	1.0010649	0.82531992	-0.00012766204	-4.8062806e-07	-1.3040463e-06	-3.1383703e-07	-0.00012090246	5.5313743e-08	-1.4695639e-06	-1.4030739e-07	-6.6988738e-08	8.2877162e-05	1.9438102e-05	-0.00018811319	-0.00018817057	0.00030494308
-0.124	0.876	0	0	0	0.938	0	0	0	1.0010674	0.82256511	-0.00012775756	-4.9225223e-07	-1.2329085e-06	-3.3007658e-07	-0.00012086161	4.5371488e-08	-1.4001227e-06	-1.5703143e-07	-6.6168033e-08	8.2895113e-05	1.9814559e-05	-0.00018818827	-0.00018826935	0.00043066813
-0.126	0.874	0	0	0	0.937	0	0	0	1.0010706	0.81981479	-0.00012782963	-5.0911169e-07	-1.1531359e-06	-3.5255225e-07	-0.00012078682	3.435445e-08	-1.3211559e-06	-1.7503304e-07	-6.5149828e-08	8.2893868e-05	2.0191179e-05	-0.00018822293	-0.00018832978	0.00056734591
-0.128	0.872	0	0	0	0.936	0	0	0	1.0010744	0.81706888	-0.00012787521	-5.3205082e-07	-1.0658359e-06	-3.8217115e-07	-0.00012067786	2.2428285e-08	-1.2337693e-06	-1.9403499e-07	-6.3928508e-08	8.2872334e-05	2.0567878e-05	-0.00018821402	-0.00018834734	0.00070783438
-0.13	0.87	0	0	0	0.935	0	0	0	1.0010784	0.81432719	-0.00012789268	-5.6152332e-07	-9.731766e-07	-4.1937332e-07	-0.00012053729	9.9046521e-09	-1.1402203e-06	-2.1357074e-07	-6.251194e-08	8.2830825e-05	2.0944568e-05	-0.00018816119	-0.00018831967	0.0008415034
-0.132	0.868	0	0	0	0.934	0	0	0	1.0010824	0.81158952	-0.00012788263	-5.9736861e-07	-8.7819842e-07	-4.638857e-07	-0.00012037075	-2.7872536e-09	-1.0437265e-06	-2.3303507e-07	-6.0924501e-08	8.2771434e-05	2.1321157e-05	-0.00018806788	-0.00018824798	0.00095669535
-0.134	0.866	0	0	0	0.933	0	0	0	1.0010863	0.80885567	-0.00012784811	-6.3877573e-07	-7.8422125e-07	-5.1469672e-07	-0.00012018613	-1.5186079e-08	-9.478329e-07	-2.5180651e-07	-5.9204699e-08	8.2697814e-05	2.169756e-05	-0.00018794106	-0.00018813762	0.0010447359
-0.136	0.864	0	0	0	0.932	0	0	0	1.0010898	0.80612552	-0.00012779386	-6.844924e-07	-6.9411175e-07	-5.7031055e-07	-0.00011999185	-2.6901752e-08	-8.5562194e-07	-2.6938432e-07	-5.7397398e-08	8.2614371e-05	2.2073708e-05	-0.00018778969	-0.00018799704	0.0011029264
-0.138	0.862	0	0	0	0.931	0	0	0	1.0010928	0.803399	-0.00012772517	-7.33155e-07	-6.0980821e-07	-6.2913138e-07	-0.00011979519	-3.7680532e-08	-7.6919538e-07	-2.8546596e-07	-5.5544795e-08	8.2525302e-05	2.2449548e-05	-0.00018762269	-0.00018783576	0.0011343745
-0.14	0.86	0	0	0	0.93	0	0	0	1.0010954	0.8006761	-0.00012764682	-7.8355501e-07	-5.322628e-07	-6.8976562e-07	-0.00011960146	-4.7410083e-08	-6.8960424e-07	-2.9994256e-07	-5.3680593e-08	8.2433986e-05	2.2825051e-05	-0.00018744748	-0.00018766242	0.0011453415
-0.142	0.858	0	0	0	0.929	0	0	0	1.0010976	0.79795688	-0.00012756261	-8.3475924e-07	-4.6166377e-07	-7.5115199e-07	-0.00011941399	-5.6085396e-08	-6.1708181e-07	-3.1284558e-07	-5.1828487e-08	8.2342809e-05	2.3200198e-05	-0.00018726955	-0.00018748374	0.0011424367
-0.144	0.856	0	0	0	0.928	0	0	0	1.0010995	0.79524137	-0.00012747532	-8.8611296e-07	-3.9772606e-07	-8.125575e-07	-0.00011923455	-6.3766112e-08	-5.5135269e-07	-3.2428632e-07	-5.0003452e-08	8.225329e-05	2.3574986e-05	-0.00018709255	-0.0001873044	0.0011310602
-0.146	0.854	0	0	0	0.927	0	0	0	1.001101	0.79252964	-0.00012738686	-9.3718851e-07	-3.3992751e-07	-8.7351308e-07	-0.00011906384	-7.0542548e-08	-4.9188488e-07	-3.3441011e-07	-4.8213985e-08	8.2166305e-05	2.3949416e-05	-0.00018691874	-0.0001871274	0.0011150328
-0.148	0.852	0	0	0	0.926	0	0	0	1.0011024	0.78982173	-0.00012729847	-9.8772374e-07	-2.8766176e-07	-9.3373981e-07	-0.00011890195	-7.6514092e-08	-4.3805355e-07	-3.4336837e-07	-4.6464206e-08	8.2082295e-05	2.4323495e-05	-0.00018674942	-0.00018695447	0.0010968233
-0.15	0.85	0	0	0	0.925	0	0	0	1.0011036	0.78711767	-0.00012721096	-1.0375695e-06	-2.4032341e-07	-9.9308717e-07	-0.00011874856	-8.1777479e-08	-3.892324e-07	-3.5130419e-07	-4.4755458e-08	8.2001427e-05	2.4697234e-05	-0.00018658522	-0.00018678656	0.0010779263
-0.152	0.848	0	0	0	0.924	0	0	0	1.0011046	0.78441752	-0.00012712482	-1.086651e-06	-1.9734913e-07	-1.0514878e-06	-0.0001186032	-8.6421366e-08	-3.4483795e-07	-3.5834632e-07	-4.3087407e-08	8.1923701e-05	2.5070641e-05	-0.0001864264	-0.00018662407	0.0010591965
-0.154	0.846	0	0	0	0.923	0	0	0	1.0011056	0.78172128	-0.00012704031	-1.1349406e-06	-1.5823366e-07	-1.1089267e-06	-0.0001184653	-9.0524462e-08	-3.0434688e-07	-3.646076e-07	-4.1458762e-08	8.1849024e-05	2.544373e-05	-0.00018627294	-0.00018646707	0.0010410893
-0.156	0.844	0	0	0	0.922	0	0	0	1.0011064	0.77902898	-0.00012695759	-1.1824403e-06	-1.225326e-07	-1.1654208e-06	-0.00011833429	-9.4155458e-08	-2.6729932e-07	-3.7018559e-07	-3.9867722e-08	8.177725e-05	2.581651e-05	-0.00018612472	-0.00018631547	0.0010238202
-0.158	0.842	0	0	0	0.921	0	0	0	1.0011072	0.77634064	-0.00012687671	-1.2291696e-06	-8.9858982e-08	-1.2210054e-06	-0.00011820961	-9.737379e-08	-2.3329532e-07	-3.7516409e-07	-3.8312252e-08	8.1708211e-05	2.6188992e-05	-0.0001859815	-0.00018616906	0.0010074651
-0.16	0.84	0	0	0	0.92	0	0	0	1.001108	0.77365627	-0.00012679766	-1.2751587e-06	-5.9877362e-08	-1.2757264e-06	-0.00011809074	-1.0023069e-07	-2.0198878e-07	-3.7961496e-07	-3.6790248e-08	8.164173e-05	2.6561186e-05	-0.00018584302	-0.00018602756	0.00099202114
-0.162	0.838	0	0	0	0.919	0	0	0	1.0011088	0.77097588	-0.00012672041	-1.3204429e-06	-3.2297308e-08	-1.3296346e-06	-0.00011797719	-1.0277029e-07	-1.7308057e-07	-3.8359985e-07	-3.5299633e-08	8.1577632e-05	2.6933102e-05	-0.00018570899	-0.00018589069	0.00097744326
-0.164	0.836	0	0	0	0.918	0	0	0	1.0011095	0.76829947	-0.00012664489	-1.3650601e-06	-6.8671179e-09	-1.3827822e-06	-0.00011786852	-1.0503065e-07	-1.4631198e-07	-3.8717174e-07	-3.3838415e-08	8.151575e-05	2.7304749e-05	-0.00018557914	-0.00018575815	0.00096366615
-0.166	0.834	0	0	0	0.917	0	0	0	1.0011102	0.76562706	-0.00012657105	-1.4090487e-06	1.6631812e-08	-1.4352215e-06	-0.00011776432	-1.0704465e-07	-1.214588e-07	-3.9037632e-07	-3.2404706e-08	8.1455924e-05	2.7676135e-05	-0.0001854532	-0.00018562966	0.0009506166
-0.168	0.832	0	0	0	0.916	0	0	0	1.0011109	0.76295864	-0.00012649879	-1.4524463e-06	3.8389896e-08	-1.4870029e-06	-0.00011766423	-1.0884079e-07	-9.8326155e-08	-3.9325311e-07	-3.0996742e-08	8.1398006e-05	2.8047267e-05	-0.0001853309	-0.00018550494	0.00093822065
-0.17	0.83	0	0	0	0.915	0	0	0	1.0011116	0.76029423	-0.00012642804	-1.4952893e-06	5.8573543e-08	-1.5381746e-06	-0.00011756793	-1.1044385e-07	-7.6744145e-08	-3.9583645e-07	-2.9612881e-08	8.1341861e-05	2.8418154e-05	-0.00018521199	-0.00018538373	0.00092640744
-0.172	0.828	0	0	0	0.914	0	0	0	1.0011123	0.75763382	-0.00012635872	-1.5376124e-06	7.7328702e-08	-1.5887824e-06	-0.00011747511	-1.1187544e-07	-5.6564101e-08	-3.9815626e-07	-2.8251601e-08	8.128736e-05	2.8788802e-05	-0.00018509626	-0.0001852658	0.00091511106
-0.174	0.826	0	0	0	0.913	0	0	0	1.0011131	0.75497741	-0.00012629074	-1.5794484e-06	9.478384e-08	-1.6388692e-06	-0.00011738551	-1.1315448e-07	-3.7655474e-08	-4.0023875e-07	-2.6911495e-08	8.1234389e-05	2.9159218e-05	-0.00018498349	-0.00018515092	0.00090427141
-0.176	0.824	0	0	0	0.912	0	0	0	1.0011138	0.75232501	-0.00012622404	-1.6208279e-06	1.1105245e-07	-1.6884755e-06	-0.00011729889	-1.1429757e-07	-1.9903219e-08	-4.0210693e-07	-2.5591264e-08	8.1182841e-05	2.9529406e-05	-0.00018487348	-0.00018503887	0.00089383427
-0.178	0.822	0	0	0	0.911	0	0	0	1.0011145	0.74967662	-0.00012615854	-1.6617799e-06	1.2623514e-07	-1.7376389e-06	-0.00011721502	-1.1531936e-07	-3.2055918e-09	-4.037811e-07	-2.4289707e-08	8.1132618e-05	2.9899373e-05	-0.00018476604	-0.00018492947	0.00088375114
-0.18	0.82	0	0	0	0.91	0	0	0	1.0011153	0.74703224	-0.00012609417	-1.7023312e-06	1.4042142e-07	-1.7863945e-06	-0.00011713371	-1.1623275e-07	1.2527698e-08	-4.0527921e-07	-2.3005713e-08	8.1083629e-05	3.0269124e-05	-0.00018466102	-0.00018482255	0.00087397885
-0.182	0.818	0	0	0	0.909	0	0	0	1.0011161	0.74439186	-0.00012603087	-1.742507e-06	1.5369118e-07	-1.8347753e-06	-0.00011705477	-1.1704921e-07	2.7377039e-08	-4.066172e-07	-2.1738258e-08	8.1035793e-05	3.0638663e-05	-0.00018455825	-0.00018471793	0.00086447905
-0.184	0.816	0	0	0	0.908	0	0	0	1.0011168	0.7417555	-0.00012596857	-1.7823308e-06	1.6611597e-07	-1.8828119e-06	-0.00011697804	-1.1777893e-07	4.1414238e-08	-4.0780927e-07	-2.0486391e-08	8.0989033e-05	3.1007996e-05	-0.00018445758	-0.00018461547	0.0008552178
-0.186	0.814	0	0	0	0.907	0	0	0	1.0011176	0.73912314	-0.00012590722	-1.8218243e-06	1.7776003e-07	-1.9305328e-06	-0.00011690337	-1.1843098e-07	5.4703626e-08	-4.0886811e-07	-1.9249234e-08	8.0943279e-05	3.1377125e-05	-0.0001843589	-0.00018451503	0.00084616502
-0.188	0.812	0	0	0	0.906	0	0	0	1.0011184	0.7364948	-0.00012584677	-1.8610079e-06	1.8868125e-07	-1.9779648e-06	-0.00011683061	-1.1901347e-07	6.7303011e-08	-4.0980507e-07	-1.8025969e-08	8.0898468e-05	3.1746056e-05	-0.00018426207	-0.00018441648	0.00083729413
-0.19	0.81	0	0	0	0.905	0	0	0	1.0011193	0.73387047	-0.00012578715	-1.8999006e-06	1.9893192e-07	-2.0251329e-06	-0.00011675965	-1.1953365e-07	7.926448e-08	-4.1063038e-07	-1.6815838e-08	8.085454e-05	3.2114791e-05	-0.00018416697	-0.0001843197	0.00082858158
-0.192	0.808	0	0	0	0.904	0	0	0	1.0011201	0.73125014	-0.00012572833	-1.9385202e-06	2.0855938e-07	-2.0720602e-06	-0.00011669037	-1.1999804e-07	9.0635094e-08	-4.1135321e-07	-1.5618137e-08	8.081144e-05	3.2483334e-05	-0.00018407351	-0.00018422458	0.00082000653
-0.194	0.806	0	0	0	0.903	0	0	0	1.0011209	0.72863383	-0.00012567026	-1.9768831e-06	2.1760663e-07	-2.1187688e-06	-0.00011662266	-1.204125e-07	1.0145748e-07	-4.1198188e-07	-1.4432208e-08	8.0769117e-05	3.2851689e-05	-0.00018398158	-0.00018413102	0.00081155054
-0.196	0.804	0	0	0	0.902	0	0	0	1.0011218	0.72602153	-0.0001256129	-2.0150049e-06	2.2611282e-07	-2.165279e-06	-0.00011655642	-1.2078232e-07	1.1177033e-07	-4.125239e-07	-1.3257439e-08	8.0727525e-05	3.3219859e-05	-0.0001838911	-0.00018403892	0.00080319723
-0.198	0.802	0	0	0	0.901	0	0	0	1.0011227	0.72341323	-0.0001255562	-2.0528999e-06	2.3411365e-07	-2.2116101e-06	-0.00011649156	-1.2111226e-07	1.2160888e-07	-4.1298607e-07	-1.2093258e-08	8.0686619e-05	3.3587845e-05	-0.00018380198	-0.00018394821	0.00079493209
-0.2	0.8	0	0	0	0.9	0	0	0	1.0011235	0.72080894	-0.00012550014	-2.0905817e-06	2.4164177e-07	-2.2577801e-06	-0.000116428	-1.2140663e-07	1.3100525e-07	-4.1337459e-07	-1.093913e-08	8.0646361e-05	3.3955651e-05	-0.00018371414	-0.00018385879	0.00078674222
-0.202	0.798	0	0	0	0.899	0	0	0	1.0011244	0.71820867	-0.00012544467	-2.128063e-06	2.4872709e-07	-2.303806e-06	-0.00011636567	-1.2166934e-07	1.3998879e-07	-4.136951e-07	-9.7945527e-09	8.0606711e-05	3.432328e-05	-0.0001836275	-0.00018377059	0.00077861618
-0.204	0.796	0	0	0	0.898	0	0	0	1.0011253	0.7156124	-0.00012538977	-2.1653555e-06	2.5539705e-07	-2.3497038e-06	-0.00011630448	-1.2190394e-07	1.485864e-07	-4.1395274e-07	-8.6590575e-09	8.0567635e-05	3.4690734e-05	-0.000183542	-0.00018368354	0.00077054377
-0.206	0.794	0	0	0	0.897	0	0	0	1.0011263	0.71302014	-0.00012533539	-2.2024705e-06	2.6167692e-07	-2.3954884e-06	-0.00011624438	-1.2211365e-07	1.5682274e-07	-4.1415221e-07	-7.5322032e-09	8.0529101e-05	3.5058014e-05	-0.00018345758	-0.00018359757	0.00076251591
-0.208	0.792	0	0	0	0.896	0	0	0	1.0011272	0.71043189	-0.00012528152	-2.2394183e-06	2.6758997e-07	-2.4411742e-06	-0.0001161853	-1.2230139e-07	1.647205e-07	-4.1429782e-07	-6.4135751e-09	8.0491078e-05	3.5425124e-05	-0.00018337417	-0.00018351263	0.00075452451
-0.21	0.79	0	0	0	0.895	0	0	0	1.0011281	0.70784764	-0.00012522813	-2.2762088e-06	2.7315768e-07	-2.4867745e-06	-0.00011612718	-1.2246984e-07	1.7230057e-07	-4.1439351e-07	-5.3027833e-09	8.0453538e-05	3.5792065e-05	-0.00018329172	-0.00018342866	0.00074656238
-0.212	0.788	0	0	0	0.894	0	0	0	1.0011291	0.70526741	-0.00012517518	-2.3128512e-06	2.7839989e-07	-2.532302e-06	-0.00011606998	-1.2262144e-07	1.7958219e-07	-4.144429e-07	-4.1994603e-09	8.0416454e-05	3.6158839e-05	-0.00018321017	-0.00018334559	0.00073862307
-0.214	0.786	0	0	0	0.893	0	0	0	1.00113	0.70269118	-0.00012512266	-2.3493542e-06	2.8333501e-07	-2.5777688e-06	-0.00011601364	-1.2275839e-07	1.8658318e-07	-4.1444934e-07	-3.1032597e-09	8.0379802e-05	3.6525447e-05	-0.00018312948	-0.00018326339	0.00073070084
-0.216	0.784	0	0	0	0.892	0	0	0	1.001131	0.70011896	-0.00012507054	-2.385726e-06	2.8798008e-07	-2.6231863e-06	-0.00011595812	-1.2288274e-07	1.9331999e-07	-4.1441588e-07	-2.0138543e-09	8.0343557e-05	3.6891892e-05	-0.0001830496	-0.000183182	0.00072279056
-0.218	0.782	0	0	0	0.891	0	0	0	1.001132	0.69755074	-0.0001250188	-2.4219741e-06	2.9235094e-07	-2.6685652e-06	-0.00011590337	-1.2299634e-07	1.9980789e-07	-4.1434536e-07	-9.3093488e-10	8.03077e-05	3.7258175e-05	-0.00018297048	-0.00018310138	0.00071488763
-0.22	0.78	0	0	0	0.89	0	0	0	1.001133	0.69498653	-0.00012496742	-2.458106e-06	2.9646232e-07	-2.7139159e-06	-0.00011584935	-1.231009e-07	2.0606104e-07	-4.1424039e-07	1.4579091e-10	8.0272208e-05	3.7624298e-05	-0.0001828921	-0.00018302149	0.00070698794
-0.222	0.778	0	0	0	0.889	0	0	0	1.001134	0.69242633	-0.00012491638	-2.4941284e-06	3.0032794e-07	-2.7592481e-06	-0.00011579603	-1.2319797e-07	2.1209259e-07	-4.1410338e-07	1.2166e-09	8.0237064e-05	3.7990261e-05	-0.00018281439	-0.00018294229	0.00069908784
-0.224	0.776	0	0	0	0.888	0	0	0	1.001135	0.68987013	-0.00012486566	-2.5300478e-06	3.0396059e-07	-2.8045712e-06	-0.00011574336	-1.2328898e-07	2.1791479e-07	-4.1393657e-07	2.2817549e-09	8.0202247e-05	3.8356067e-05	-0.00018273734	-0.00018286374	0.00069118402
-0.226	0.774	0	0	0	0.887	0	0	0	1.001136	0.68731794	-0.00012481525	-2.5658703e-06	3.073722e-07	-2.8498939e-06	-0.00011569132	-1.2337524e-07	2.2353905e-07	-4.1374204e-07	3.3415046e-09	8.0167743e-05	3.8721716e-05	-0.00018266091	-0.0001827858	0.00068327355
-0.228	0.772	0	0	0	0.886	0	0	0	1.0011371	0.68476975	-0.00012476512	-2.6016017e-06	3.1057396e-07	-2.8952248e-06	-0.00011563988	-1.2345796e-07	2.2897599e-07	-4.135217e-07	4.3960854e-09	8.0133534e-05	3.908721e-05	-0.00018258506	-0.00018270845	0.00067535379
-0.23	0.77	0	0	0	0.885	0	0	0	1.0011381	0.68222557	-0.00012471526	-2.6372475e-06	3.1357629e-07	-2.940572e-06	-0.000115589	-1.2353824e-07	2.3423556e-07	-4.1327733e-07	5.445722e-09	8.0099606e-05	3.945255e-05	-0.00018250977	-0.00018263166	0.00066742239
-0.232	0.768	0	0	0	0.884	0	0	0	1.0011392	0.6796854	-0.00012466566	-2.6728128e-06	3.1638898e-07	-2.9859432e-06	-0.00011553866	-1.236171e-07	2.3932705e-07	-4.1301059e-07	6.4906279e-09	8.0065944e-05	3.9817737e-05	-0.000182435	-0.00018255539	0.00065947724
-0.234	0.766	0	0	0	0.883	0	0	0	1.0011402	0.67714923	-0.00012461631	-2.7083024e-06	3.1902121e-07	-3.0313457e-06	-0.00011548883	-1.2369548e-07	2.4425914e-07	-4.1272302e-07	7.5310065e-09	8.0032535e-05	4.0182771e-05	-0.00018236073	-0.00018247961	0.00065151645
-0.236	0.764	0	0	0	0.882	0	0	0	1.0011413	0.67461706	-0.00012456718	-2.7437211e-06	3.214816e-07	-3.0767866e-06	-0.00011543949	-1.2377422e-07	2.4903998e-07	-4.1241606e-07	8.5670514e-09	7.9999366e-05	4.0547655e-05	-0.00018228693	-0.00018240431	0.00064353833
-0.238	0.762	0	0	0	0.881	0	0	0	1.0011424	0.6720889	-0.00012451826	-2.7790732e-06	3.2377824e-07	-3.1222729e-06	-0.00011539061	-1.2385412e-07	2.536772e-07	-4.1209104e-07	9.5989471e-09	7.9966426e-05	4.0912389e-05	-0.00018221357	-0.00018232945	0.00063554137
-0.24	0.76	0	0	0	0.88	0	0	0	1.0011435	0.66956474	-0.00012446955	-2.8143629e-06	3.2591874e-07	-3.1678108e-06	-0.00011534218	-1.2393592e-07	2.5817799e-07	-4.117492e-07	1.062687e-08	7.9933701e-05	4.1276973e-05	-0.00018214065	-0.00018225502	0.00062752423
-0.242	0.758	0	0	0	0.879	0	0	0	1.0011445	0.66704459	-0.00012442103	-2.849594e-06	3.2791027e-07	-3.2134068e-06	-0.00011529417	-1.2402026e-07	2.6254906e-07	-4.1139171e-07	1.1650987e-08	7.9901183e-05	4.1641409e-05	-0.00018206812	-0.00018218098	0.00061948571
-0.244	0.756	0	0	0	0.878	0	0	0	1.0011456	0.66452844	-0.00012437269	-2.8847704e-06	3.2975959e-07	-3.2590668e-06	-0.00011524657	-1.2410778e-07	2.6679677e-07	-4.1101966e-07	1.267146e-08	7.986886e-05	4.2005697e-05	-0.00018199598	-0.00018210732	0.00061142473
-0.246	0.754	0	0	0	0.877	0	0	0	1.0011467	0.66201629	-0.00012432451	-2.9198956e-06	3.3147306e-07	-3.3047966e-06	-0.00011519935	-1.2419904e-07	2.7092707e-07	-4.1063405e-07	1.3688441e-08	7.9836724e-05	4.2369838e-05	-0.00018192419	-0.00018203402	0.00060334034
-0.248	0.752	0	0	0	0.876	0	0	0	1.0011479	0.65950815	-0.0001242765	-2.9549729e-06	3.3305669e-07	-3.3506018e-06	-0.00011515249	-1.2429456e-07	2.7494558e-07	-4.1023584e-07	1.4702078e-08	7.9804764e-05	4.2733833e-05	-0.00018185275	-0.00018196106	0.0005952317
-0.25	0.75	0	0	0	0.875	0	0	0	1.001149	0.65700401	-0.00012422863	-2.9900056e-06	3.3451616e-07	-3.3964878e-06	-0.00011510599	-1.2439481e-07	2.7885761e-07	-4.0982591e-07	1.571251e-08	7.9772972e-05	4.3097682e-05	-0.00018178164	-0.00018188843	0.00058709804
-0.252	0.748	0	0	0	0.874	0	0	0	1.0011501	0.65450387	-0.00012418091	-3.0249966e-06	3.3585684e-07	-3.4424597e-06	-0.00011505983	-1.2450025e-07	2.8266815e-07	-4.094051e-07	1.6719873e-08	7.974134e-05	4.3461387e-05	-0.00018171083	-0.00018181609	0.00057893871
-0.254	0.746	0	0	0	0.873	0	0	0	1.0011512	0.65200774	-0.00012413331	-3.0599489e-06	3.3708381e-07	-3.4885227e-06	-0.00011501399	-1.2461127e-07	2.8638192e-07	-4.0897417e-07	1.7724294e-08	7.9709859e-05	4.3824947e-05	-0.00018164032	-0.00018174405	0.00057075312
-0.256	0.744	0	0	0	0.872	0	0	0	1.0011524	0.64951561	-0.00012408584	-3.0948652e-06	3.3820187e-07	-3.5346814e-06	-0.00011496846	-1.2472825e-07	2.900034e-07	-4.0853387e-07	1.8725896e-08	7.9678523e-05	4.4188363e-05	-0.00018157008	-0.00018167228	0.00056254075
-0.258	0.742	0	0	0	0.871	0	0	0	1.0011535	0.64702749	-0.00012403848	-3.1297481e-06	3.3921558e-07	-3.5809406e-06	-0.00011492322	-1.2485153e-07	2.935368e-07	-4.0808487e-07	1.9724799e-08	7.9647324e-05	4.4551636e-05	-0.0001815001	-0.00018160076	0.00055430114
-0.26	0.74	0	0	0	0.87	0	0	0	1.0011546	0.64454336	-0.00012399122	-3.1646e-06	3.4012925e-07	-3.6273048e-06	-0.00011487826	-1.2498142e-07	2.9698612e-07	-4.0762781e-07	2.0721116e-08	7.9616255e-05	4.4914766e-05	-0.00018143037	-0.00018152949	0.00054603391
-0.262	0.738	0	0	0	0.869	0	0	0	1.0011558	0.64206324	-0.00012394407	-3.1994233e-06	3.4094698e-07	-3.6737784e-06	-0.00011483358	-1.2511822e-07	3.0035515e-07	-4.071633e-07	2.1714955e-08	7.9585311e-05	4.5277754e-05	-0.00018136087	-0.00018145845	0.0005377387
-0.264	0.736	0	0	0	0.868	0	0	0	1.001157	0.63958712	-0.000123897	-3.2342202e-06	3.4167266e-07	-3.7203657e-06	-0.00011478916	-1.2526218e-07	3.0364748e-07	-4.066919e-07	2.2706421e-08	7.9554484e-05	4.56406e-05	-0.00018129159	-0.00018138762	0.00052941522
-0.266	0.734	0	0	0	0.867	0	0	0	1.0011581	0.63711501	-0.00012385001	-3.2689929e-06	3.4230998e-07	-3.7670708e-06	-0.00011474499	-1.2541356e-07	3.0686651e-07	-4.0621415e-07	2.3695614e-08	7.9523768e-05	4.6003304e-05	-0.00018122252	-0.000181317	0.00052106321
-0.268	0.732	0	0	0	0.866	0	0	0	1.0011593	0.63464689	-0.00012380311	-3.3037433e-06	3.4286246e-07	-3.8138978e-06	-0.00011470105	-1.2557257e-07	3.1001547e-07	-4.0573054e-07	2.4682632e-08	7.9493159e-05	4.6365868e-05	-0.00018115365	-0.00018124657	0.00051268246
-0.27	0.73	0	0	0	0.865	0	0	0	1.0011605	0.63218278	-0.00012375627	-3.3384733e-06	3.4333342e-07	-3.8608504e-06	-0.00011465735	-1.2573942e-07	3.1309744e-07	-4.0524154e-07	2.5667566e-08	7.9462651e-05	4.6728291e-05	-0.00018108496	-0.00018117632	0.00050427279
-0.272	0.728	0	0	0	0.864	0	0	0	1.0011617	0.62972267	-0.0001237095	-3.3731848e-06	3.4372605e-07	-3.9079326e-06	-0.00011461387	-1.2591429e-07	3.1611533e-07	-4.047476e-07	2.6650505e-08	7.9432239e-05	4.7090573e-05	-0.00018101645	-0.00018110624	0.00049583404
-0.274	0.726	0	0	0	0.863	0	0	0	1.0011628	0.62726657	-0.00012366278	-3.4078795e-06	3.4404336e-07	-3.955148e-06	-0.0001145706	-1.2609735e-07	3.1907191e-07	-4.0424914e-07	2.7631537e-08	7.9401917e-05	4.7452716e-05	-0.0001809481	-0.00018103633	0.00048736609
-0.276	0.724	0	0	0	0.862	0	0	0	1.001164	0.62481446	-0.00012361611	-3.442559e-06	3.4428825e-07	-4.0025002e-06	-0.00011452754	-1.2628876e-07	3.2196984e-07	-4.0374653e-07	2.8610743e-08	7.9371681e-05	4.7814718e-05	-0.0001808799	-0.00018096656	0.00047886884
-0.278	0.722	0	0	0	0.861	0	0	0	1.0011652	0.62236636	-0.00012356949	-3.4772248e-06	3.4446345e-07	-4.0499928e-06	-0.00011448468	-1.2648865e-07	3.2481161e-07	-4.0324016e-07	2.9588203e-08	7.9341527e-05	4.8176582e-05	-0.00018081185	-0.00018089693	0.00047034222
-0.28	0.72	0	0	0	0.86	0	0	0	1.0011664	0.61992225	-0.00012352292	-3.5118784e-06	3.4457159e-07	-4.0976291e-06	-0.000114442	-1.2669715e-07	3.2759962e-07	-4.0273036e-07	3.0563993e-08	7.931145e-05	4.8538306e-05	-0.00018074393	-0.00018082744	0.00046178618
-0.282	0.718	0	0	0	0.859	0	0	0	1.0011676	0.61748215	-0.00012347637	-3.5465212e-06	3.4461516e-07	-4.1454126e-06	-0.00011439951	-1.2691438e-07	3.3033616e-07	-4.0221748e-07	3.1538188e-08	7.9281447e-05	4.8899891e-05	-0.00018067614	-0.00018075806	0.00045320067
-0.284	0.716	0	0	0	0.858	0	0	0	1.0011688	0.61504606	-0.00012342986	-3.5811546e-06	3.4459654e-07	-4.1933464e-06	-0.00011435719	-1.2714044e-07	3.3302341e-07	-4.017018e-07	3.2510858e-08	7.9251513e-05	4.9261338e-05	-0.00018060847	-0.00018068881	0.00044458569
-0.286	0.714	0	0	0	0.857	0	0	0	1.0011701	0.61261396	-0.00012338337	-3.6157797e-06	3.4451802e-07	-4.2414339e-06	-0.00011431504	-1.2737542e-07	3.3566344e-07	-4.0118364e-07	3.3482072e-08	7.9221644e-05	4.9622647e-05	-0.00018054091	-0.00018061965	0.00043594123
-0.288	0.712	0	0	0	0.856	0	0	0	1.0011713	0.61018586	-0.0001233369	-3.6503978e-06	3.4438177e-07	-4.289678e-06	-0.00011427306	-1.2761941e-07	3.3825823e-07	-4.0066326e-07	3.4451896e-08	7.9191837e-05	4.9983817e-05	-0.00018047345	-0.0001805506	0.00042726729
-0.29	0.71	0	0	0	0.855	0	0	0	1.0011725	0.60776177	-0.00012329045	-3.68501e-06	3.4418986e-07	-4.338082e-06	-0.00011423124	-1.2787248e-07	3.4080969e-07	-4.0014092e-07	3.5420394e-08	7.9162089e-05	5.0344849e-05	-0.00018040609	-0.00018048163	0.00041856391
-0.292	0.708	0	0	0	0.854	0	0	0	1.0011737	0.60534168	-0.00012324401	-3.7196173e-06	3.439443e-07	-4.3866487e-06	-0.00011418956	-1.2813469e-07	3.4331961e-07	-3.9961687e-07	3.6387627e-08	7.9132396e-05	5.0705743e-05	-0.00018033881	-0.00018041275	0.00040983111
-0.294	0.706	0	0	0	0.853	0	0	0	1.001175	0.60292559	-0.00012319758	-3.7542207e-06	3.4364698e-07	-4.4353812e-06	-0.00011414804	-1.2840611e-07	3.4578974e-07	-3.9909133e-07	3.7353655e-08	7.9102754e-05	5.10665e-05	-0.00018027162	-0.00018034395	0.00040106894
-0.296	0.704	0	0	0	0.852	0	0	0	1.0011762	0.6005135	-0.00012315115	-3.7888211e-06	3.4329971e-07	-4.4842823e-06	-0.00011410666	-1.2868679e-07	3.4822174e-07	-3.9856453e-07	3.8318534e-08	7.9073162e-05	5.1427119e-05	-0.0001802045	-0.00018027522	0.00039227745
-0.298	0.702	0	0	0	0.851	0	0	0	1.0011774	0.59810541	-0.00012310471	-3.8234195e-06	3.4290426e-07	-4.5333549e-06	-0.00011406542	-1.2897676e-07	3.5061718e-07	-3.9803667e-07	3.9282321e-08	7.9043616e-05	5.1787601e-05	-0.00018013745	-0.00018020655	0.0003834567
-0.3	0.7	0	0	0	0.85	0	0	0	1.0011787	0.59570132	-0.00012305827	-3.8580167e-06	3.4246228e-07	-4.5826018e-06	-0.00011402431	-1.2927607e-07	3.5297758e-07	-3.9750795e-07	4.0245067e-08	7.9014112e-05	5.2147945e-05	inf	inf	inf
