lambda	F11	F12	F13	F21	F22	F23	F31	F32	F33	J	P11	P12	P13	P21	P22	P23	P31	P32	P33	p	StrEn	t(1)	t(2)	d
0	1	0	0	0	1	0	0	0	1	1	0	0	0	0	0	0	0	0	0	-0	0	inf	inf	inf
0.002	1.002	0	0	0	1.002	0	0	0	1.002	1.006012	1.7022518e-05	1.0146764e-07	-8.2654145e-08	9.8729901e-08	1.652942e-05	1.515358e-07	-5.2606135e-08	1.807942e-07	1.7148307e-05	-1.6900082e-05	5.0190139e-08	5.0700245e-05	5.1090062e-05	0.0076300015
0.004	1.004	0	0	0	1.004	0	0	0	1.004	1.0120481	3.4865574e-05	2.2832234e-07	-1.9447513e-07	2.2388905e-07	3.3895224e-05	2.2033651e-07	-1.3653764e-07	2.7452847e-07	3.5099304e-05	-3.4620034e-05	2.0436025e-07	0.0001038601	0.00010409636	0.0022696307
0.006	1.006	0	0	0	1.006	0	0	0	1.006	1.0181082	5.3253235e-05	3.6326706e-07	-2.7958369e-07	3.5788794e-07	5.1865237e-05	2.6405405e-07	-1.9674494e-07	3.3925137e-07	5.3579003e-05	-5.2899159e-05	4.6657558e-07	0.00015869748	0.0001588244	0.00079915351
0.008	1.008	0	0	0	1.008	0	0	0	1.008	1.0241925	7.2022814e-05	4.9859105e-07	-3.3442285e-07	4.9268933e-07	7.0273298e-05	3.062125e-07	-2.2969901e-07	3.9918787e-07	7.2422835e-05	-7.1572983e-05	8.3965785e-07	0.00021471895	0.00021476549	0.00021670658
0.01	1.01	0	0	0	1.01	0	0	0	1.01	1.030301	9.107198e-05	6.3200134e-07	-3.6658593e-07	6.2576844e-07	8.900615e-05	3.5260522e-07	-2.4259403e-07	4.6084827e-07	9.1529344e-05	-9.0535825e-05	1.3256375e-06	0.00027160747	0.00027159253	-5.5031132e-05
0.012	1.012	0	0	0	1.012	0	0	0	1.012	1.0364337	0.00011033287	7.6244661e-07	-3.834527e-07	7.5594029e-07	0.00010798608	4.0363697e-07	-2.4230654e-07	5.2523848e-07	0.00011083334	-0.00010971743	1.926028e-06	0.00032915228	0.00032908864	-0.00019338587
0.014	1.014	0	0	0	1.014	0	0	0	1.014	1.0425907	0.00012975867	8.8930708e-07	-3.9037451e-07	8.8251643e-07	0.00012715864	4.5836095e-07	-2.3374394e-07	5.918643e-07	0.00013029092	-0.00012906941	2.6419921e-06	0.00038720823	0.00038710489	-0.00026695861
0.016	1.016	0	0	0	1.016	0	0	0	1.016	1.0487721	0.00014931611	1.0122479e-06	-3.9095987e-07	1.0051296e-06	0.0001464848	5.1566344e-07	-2.2017335e-07	6.5993528e-07	0.00014987127	-0.00014855739	3.4744475e-06	0.00044567218	0.00044553566	-0.00030641468
0.018	1.018	0	0	0	1.018	0	0	0	1.018	1.0549778	0.00016898081	1.1311371e-06	-3.8759828e-07	1.1236338e-06	0.00016593592	5.745854e-07	-2.0373654e-07	7.2871908e-07	0.00016955199	-0.00016815624	4.4241348e-06	0.00050446872	0.00050430388	-0.00032687664
0.02	1.02	0	0	0	1.02	0	0	0	1.02	1.061208	0.0001887345	1.245975e-06	-3.8187087e-07	1.2380249e-06	0.00018549049	6.3437703e-07	-1.8583805e-07	7.9762559e-07	0.0001893163	-0.0001878471	5.491663e-06	0.0005635413	0.00056335181	-0.0003363484
0.022	1.022	0	0	0	1.022	0	0	0	1.022	1.0674626	0.00020856317	1.3568423e-06	-3.748284e-07	1.3483828e-06	0.00020513204	6.9447478e-07	-1.67402e-07	8.662059e-07	0.00020915132	-0.00020761551	6.677542e-06	0.00062284653	0.00062263527	-0.00033929775
0.024	1.024	0	0	0	1.024	0	0	0	1.024	1.0737418	0.00022845583	1.4638643e-06	-3.6717229e-07	1.454834e-06	0.0002248477	7.5446226e-07	-1.4903685e-07	9.3412844e-07	0.00022904692	-0.00022745015	7.9822041e-06	0.00068235046	0.00068211968	-0.00033832334
0.026	1.026	0	0	0	1.026	0	0	0	1.026	1.0800456	0.00024840375	1.567188e-06	-3.5937163e-07	1.5575271e-06	0.00024462725	8.1403419e-07	-1.3114112e-07	1.0011529e-06	0.00024899504	-0.00024734201	9.4060207e-06	0.00074202603	0.00074177755	-0.00033498585
0.028	1.028	0	0	0	1.028	0	0	0	1.028	1.086374	0.00026839984	1.6669686e-06	-3.5173943e-07	1.6566189e-06	0.00026446241	8.7296758e-07	-1.1397201e-07	1.0671078e-06	0.00026898911	-0.00026728379	1.0949314e-05	0.00080185136	0.00080158664	-0.00033024594
0.03	1.03	0	0	0	1.03	0	0	0	1.03	1.092727	0.00028843832	1.7633612e-06	-3.4448275e-07	1.752266e-06	0.00028434645	9.3110003e-07	-9.7690625e-08	1.1318733e-06	0.00028902371	-0.00028726949	1.2612367e-05	0.00086180848	0.00086152873	-0.00032470575
0.032	1.032	0	0	0	1.032	0	0	0	1.032	1.0991048	0.00030851435	1.8565166e-06	-3.3773612e-07	1.8446201e-06	0.00030427375	9.883138e-07	-8.2392145e-08	1.1953677e-06	0.00030909435	-0.00030729415	1.4395429e-05	0.00092188245	0.0009215887	-0.00031874724
0.034	1.034	0	0	0	1.034	0	0	0	1.034	1.1055073	0.00032862389	1.9465783e-06	-3.3158415e-07	1.9338256e-06	0.00032423964	1.0445242e-06	-6.8126386e-08	1.2575379e-06	0.00032919722	-0.00032735358	1.6298722e-05	0.00098206075	0.00098175384	-0.00031261408
0.036	1.036	0	0	0	1.036	0	0	0	1.036	1.1119347	0.0003487635	2.0336816e-06	-3.2607685e-07	2.0200188e-06	0.00034424014	1.099671e-06	-5.4911879e-08	1.3183516e-06	0.0003493291	-0.00034744425	1.8322445e-05	0.0010423327	0.0010420134	-0.00030646145
0.038	1.038	0	0	0	1.038	0	0	0	1.038	1.1183869	0.00036893024	2.1179537e-06	-3.2124031e-07	2.1033269e-06	0.00036427187	1.1537123e-06	-4.2745676e-08	1.3777924e-06	0.00036948721	-0.00036756311	2.0466776e-05	0.0011026893	0.0011023582	-0.00030038715
0.04	1.04	0	0	0	1.04	0	0	0	1.04	1.124864	0.00038912159	2.1995129e-06	-3.1708407e-07	2.1838691e-06	0.0003843319	1.2066203e-06	-3.1610218e-08	1.4358553e-06	0.00038966915	-0.00038770755	2.2731877e-05	0.0011631227	0.0011627803	-0.00029445128
0.042	1.042	0	0	0	1.042	0	0	0	1.042	1.1313661	0.00040933535	2.2784698e-06	-3.1360629e-07	2.2617561e-06	0.00040441772	1.2583773e-06	-2.1478201e-08	1.492544e-06	0.00040987284	-0.0004078753	2.5117897e-05	0.0012236259	0.0012232728	-0.00028868912
0.044	1.044	0	0	0	1.044	0	0	0	1.044	1.1378932	0.00042956958	2.3549274e-06	-3.1079742e-07	2.3370913e-06	0.00042452711	1.3089737e-06	-1.2316018e-08	1.5478688e-06	0.00043009644	-0.00042806438	2.7624968e-05	0.0012841931	0.0012838297	-0.00028311941
0.046	1.046	0	0	0	1.046	0	0	0	1.046	1.1444453	0.00044982259	2.4289817e-06	-3.0864277e-07	2.409971e-06	0.00044465814	1.3584059e-06	-4.0862167e-09	1.6018442e-06	0.00045033834	-0.00044827302	3.0253215e-05	0.0013448191	0.0013444457	-0.00027775006
0.048	1.048	0	0	0	1.048	0	0	0	1.048	1.1510226	0.0004700929	2.5007219e-06	-3.0712439e-07	2.4804851e-06	0.00046480909	1.406675e-06	3.2507508e-09	1.6544884e-06	0.00047059711	-0.0004684997	3.3002751e-05	0.0014054991	0.0014051161	-0.0002725818
0.05	1.05	0	0	0	1.05	0	0	0	1.05	1.157625	0.00049037916	2.5702317e-06	-3.0622229e-07	2.5487175e-06	0.00048497844	1.4537856e-06	9.7352855e-09	1.7058218e-06	0.00049087148	-0.00048874303	3.587368e-05	0.0014662291	0.0014658368	-0.00026761075
0.052	1.052	0	0	0	1.052	0	0	0	1.052	1.1642526	0.00051068019	2.6375891e-06	-3.0591546e-07	2.6147468e-06	0.00050516483	1.499745e-06	1.5407766e-08	1.7558666e-06	0.00051116032	-0.00050900178	3.8866098e-05	0.0015270053	0.0015266041	-0.00026283016
0.054	1.054	0	0	0	1.054	0	0	0	1.054	1.1709055	0.00053099492	2.7028672e-06	-3.0618244e-07	2.6786465e-06	0.00052536704	1.5445627e-06	2.0307937e-08	1.8046459e-06	0.0005314626	-0.00052927485	4.1980096e-05	0.0015878246	0.0015874146	-0.00025823155
0.056	1.056	0	0	0	1.056	0	0	0	1.056	1.1775836	0.0005513224	2.7661344e-06	-3.0700183e-07	2.7404858e-06	0.00054558399	1.5882497e-06	2.4474489e-08	1.8521836e-06	0.0005517774	-0.00054956126	4.5215757e-05	0.0016486838	0.0016482654	-0.00025380552
0.058	1.058	0	0	0	1.058	0	0	0	1.058	1.1842871	0.00057166175	2.8274551e-06	-3.0835258e-07	2.8003296e-06	0.00056581468	1.6308182e-06	2.7944787e-08	1.8985038e-06	0.00057210388	-0.0005698601	4.8573158e-05	0.0017095803	0.0017091538	-0.00024954229
0.06	1.06	0	0	0	1.06	0	0	0	1.06	1.191016	0.00059201219	2.8868897e-06	-3.1021419e-07	2.8582393e-06	0.00058605822	1.6722813e-06	3.0754686e-08	1.9436307e-06	0.0005924413	-0.00059017057	5.2052372e-05	0.0017705117	0.0017700773	-0.00024543205
0.062	1.062	0	0	0	1.062	0	0	0	1.062	1.1977703	0.00061237301	2.9444953e-06	-3.1256684e-07	2.9142725e-06	0.00060631378	1.7126526e-06	3.293844e-08	1.9875885e-06	0.00061278895	-0.00061049191	5.5653467e-05	0.0018314757	0.0018310336	-0.00024146519
0.064	1.064	0	0	0	1.064	0	0	0	1.064	1.2045501	0.00063274355	3.0003257e-06	-3.1539153e-07	2.968484e-06	0.00062658064	1.7519466e-06	3.4528649e-08	2.0304009e-06	0.00063314622	-0.00063082347	5.9376506e-05	0.0018924704	0.0018920208	-0.0002376325
0.066	1.066	0	0	0	1.066	0	0	0	1.066	1.2113555	0.00065312321	3.0544316e-06	-3.1867003e-07	3.0209253e-06	0.0006468581	1.7901775e-06	3.5556258e-08	2.0720915e-06	0.00065351253	-0.00065116461	6.322155e-05	0.0019534938	0.001953037	-0.00023392517
0.068	1.068	0	0	0	1.068	0	0	0	1.068	1.2181864	0.00067351144	3.1068613e-06	-3.2238497e-07	3.0716455e-06	0.00066714554	1.8273603e-06	3.6050569e-08	2.1126831e-06	0.00067388735	-0.00067151478	6.7188654e-05	0.0020145443	0.0020140804	-0.00023033493
0.07	1.07	0	0	0	1.07	0	0	0	1.07	1.225043	0.00069390775	3.1576604e-06	-3.2651981e-07	3.1206912e-06	0.00068744239	1.8635096e-06	3.603929e-08	2.1521984e-06	0.00069427019	-0.00069187344	7.1277872e-05	0.0020756203	0.0020751496	-0.00022685401
0.072	1.072	0	0	0	1.072	0	0	0	1.072	1.2319252	0.00071431167	3.206872e-06	-3.3105882e-07	3.1681066e-06	0.00070774811	1.8986404e-06	3.554858e-08	2.1906592e-06	0.00071466061	-0.00071224013	7.5489253e-05	0.0021367204	0.002136243	-0.00022347517
0.074	1.074	0	0	0	1.074	0	0	0	1.074	1.2388332	0.00073472276	3.2545374e-06	-3.3598705e-07	3.2139338e-06	0.00072806223	1.9327674e-06	3.4603116e-08	2.2280869e-06	0.00073505818	-0.00073261439	7.9822844e-05	0.0021978432	0.0021973593	-0.00022019167
0.076	1.076	0	0	0	1.076	0	0	0	1.076	1.245767	0.00075514064	3.3006959e-06	-3.4129032e-07	3.258213e-06	0.00074838428	1.9659053e-06	3.3226153e-08	2.2645023e-06	0.00075546253	-0.00075299581	8.427869e-05	0.0022589874	0.0022584974	-0.00021699729
0.078	1.078	0	0	0	1.078	0	0	0	1.078	1.2527266	0.00077556493	3.3453846e-06	-3.4695517e-07	3.3009826e-06	0.00076871384	1.9980688e-06	3.14396e-08	2.2999256e-06	0.00077587329	-0.00077338402	8.8856833e-05	0.0023201521	0.0023196559	-0.00021388624
0.08	1.08	0	0	0	1.08	0	0	0	1.08	1.259712	0.00079599529	3.3886392e-06	-3.5296881e-07	3.3422791e-06	0.00078905053	2.0292723e-06	2.9264083e-08	2.3343765e-06	0.00079629015	-0.00079377866	9.3557314e-05	0.002381336	0.002380834	-0.0002108532
0.082	1.082	0	0	0	1.082	0	0	0	1.082	1.2667234	0.0008164314	3.4304937e-06	-3.5931912e-07	3.3821376e-06	0.00080939398	2.0595299e-06	2.6719019e-08	2.3678738e-06	0.00081671278	-0.00081417939	9.8380169e-05	0.0024425382	0.0024420305	-0.00020789325
0.084	1.084	0	0	0	1.084	0	0	0	1.084	1.2737607	0.00083687297	3.4709808e-06	-3.6599458e-07	3.4205916e-06	0.00082974384	2.0888559e-06	2.3822681e-08	2.4004361e-06	0.0008371409	-0.0008345859	0.00010332544	0.0025037577	0.0025032445	-0.00020500186
0.086	1.086	0	0	0	1.086	0	0	0	1.086	1.2808241	0.00085731972	3.5101314e-06	-3.7298424e-07	3.4576733e-06	0.00085009981	2.1172639e-06	2.0592264e-08	2.4320812e-06	0.00085757424	-0.00085499792	0.00010839315	0.0025649938	0.0025644753	-0.00020217485
0.088	1.088	0	0	0	1.088	0	0	0	1.088	1.2879135	0.00087777138	3.5479755e-06	-3.8027769e-07	3.4934134e-06	0.00087046159	2.1447676e-06	1.7043947e-08	2.4628263e-06	0.00087801255	-0.00087541517	0.00011358334	0.0026262455	0.0026257219	-0.00019940837
0.09	1.09	0	0	0	1.09	0	0	0	1.09	1.295029	0.00089822772	3.5845417e-06	-3.8786505e-07	3.5278417e-06	0.00089082889	2.1713804e-06	1.3192957e-08	2.4926883e-06	0.00089845559	-0.0008958374	0.00011889603	0.0026875122	0.0026869837	-0.00019669888
0.092	1.092	0	0	0	1.092	0	0	0	1.092	1.3021707	0.00091868851	3.6198574e-06	-3.9573688e-07	3.5609865e-06	0.00091120145	2.1971154e-06	9.0536208e-09	2.5216833e-06	0.00091890313	-0.00091626437	0.00012433127	0.0027487931	0.0027482598	-0.0001940431
0.094	1.094	0	0	0	1.094	0	0	0	1.094	1.3093386	0.00093915354	3.6539489e-06	-4.0388421e-07	3.5928752e-06	0.00093157904	2.2219855e-06	4.6394226e-09	2.549827e-06	0.00093935498	-0.00093669585	0.00012988907	0.0028100876	0.0028095497	-0.00019143804
0.096	1.096	0	0	0	1.096	0	0	0	1.096	1.3165327	0.0009596226	3.6868418e-06	-4.1229848e-07	3.6235341e-06	0.00095196141	2.2460033e-06	-3.694563e-11	2.5771346e-06	0.00095981093	-0.00095713164	0.00013556947	0.0028713949	0.0028708527	-0.00018888092
0.098	1.098	0	0	0	1.098	0	0	0	1.098	1.3237532	0.0009800955	3.7185603e-06	-4.2097153e-07	3.6529885e-06	0.00097234834	2.2691813e-06	-4.963536e-09	2.6036208e-06	0.0009802708	-0.00097757155	0.00014137248	0.0029327146	0.0029321682	-0.00018636919
0.1	1.1	0	0	0	1.1	0	0	0	1.1	1.331	0.0010005721	3.7491281e-06	-4.2989556e-07	3.6812629e-06	0.00099273965	2.2915315e-06	-1.01291e-08	2.6292999e-06	0.0010007344	-0.00099801537	0.00014729814	0.0029940461	0.0029934956	-0.00018390048
0.102	1.102	0	0	0	1.102	0	0	0	1.102	1.3382732	0.0010210521	3.7785676e-06	-4.390631e-07	3.7083808e-06	0.0010131351	2.313066e-06	-1.5523044e-08	2.6541856e-06	0.0010212016	-0.0010184629	0.00015334647	0.0030553888	0.0030548345	-0.00018147262
0.104	1.104	0	0	0	1.104	0	0	0	1.104	1.3455729	0.0010415355	3.8069008e-06	-4.4846704e-07	3.7343648e-06	0.0010335346	2.3337963e-06	-2.1135393e-08	2.6782913e-06	0.0010416722	-0.0010389141	0.00015951748	0.0031167423	0.0031161842	-0.0001790836
0.106	1.106	0	0	0	1.106	0	0	0	1.106	1.352899	0.0010620221	3.8341487e-06	-4.5810055e-07	3.759237e-06	0.0010539378	2.3537338e-06	-2.695675e-08	2.7016298e-06	0.0010621461	-0.0010593687	0.0001658112	0.003178106	0.0031775444	-0.00017673157
0.108	1.108	0	0	0	1.108	0	0	0	1.108	1.3602517	0.0010825117	3.8603316e-06	-4.6795707e-07	3.7830184e-06	0.0010743447	2.3728898e-06	-3.2978261e-08	2.7242136e-06	0.0010826231	-0.0010798265	0.00017222766	0.0032394796	0.0032389146	-0.0001744148
0.11	1.11	0	0	0	1.11	0	0	0	1.11	1.367631	0.0011030043	3.8854692e-06	-4.7803035e-07	3.8057295e-06	0.0010947551	2.3912751e-06	-3.9191585e-08	2.7460549e-06	0.0011031031	-0.0011002875	0.00017876686	0.0033008625	0.0033002944	-0.00017213172
0.112	1.112	0	0	0	1.112	0	0	0	1.112	1.3750369	0.0011234996	3.9095805e-06	-4.8831436e-07	3.8273901e-06	0.0011151688	2.4089005e-06	-4.5588863e-08	2.7671654e-06	0.001123586	-0.0011207515	0.00018542884	0.0033622544	0.0033616833	-0.00016988084
0.114	1.114	0	0	0	1.114	0	0	0	1.114	1.3824695	0.0011439976	3.9326837e-06	-4.9880331e-07	3.8480193e-06	0.0011355858	2.4257763e-06	-5.2162686e-08	2.7875564e-06	0.0011440716	-0.0011412183	0.0001922136	0.0034236549	0.003423081	-0.00016766081
0.116	1.116	0	0	0	1.116	0	0	0	1.116	1.3899289	0.0011644981	3.9547967e-06	-5.0949165e-07	3.8676355e-06	0.0011560057	2.441913e-06	-5.8906072e-08	2.8072389e-06	0.0011645599	-0.0011616879	0.00019912116	0.0034850637	0.0034844871	-0.00016547037
0.118	1.118	0	0	0	1.118	0	0	0	1.118	1.397415	0.001185001	3.9759365e-06	-5.2037404e-07	3.8862568e-06	0.0011764286	2.4573203e-06	-6.5812439e-08	2.8262235e-06	0.0011850507	-0.0011821601	0.00020615154	0.0035464803	0.0035459013	-0.00016330832
0.12	1.12	0	0	0	1.12	0	0	0	1.12	1.404928	0.0012055063	3.9961199e-06	-5.3144533e-07	3.9039003e-06	0.0011968544	2.4720083e-06	-7.2875585e-08	2.8445206e-06	0.0012055439	-0.0012026348	0.00021330477	0.0036079045	0.0036073231	-0.00016117359
0.122	1.122	0	0	0	1.122	0	0	0	1.122	1.4124678	0.0012260138	4.0153629e-06	-5.4270056e-07	3.9205829e-06	0.0012172828	2.4859863e-06	-8.0089661e-08	2.8621402e-06	0.0012260394	-0.001223112	0.00022058084	0.003669336	0.0036687524	-0.00015906516
0.124	1.124	0	0	0	1.124	0	0	0	1.124	1.4200346	0.0012465234	4.0336811e-06	-5.5413496e-07	3.9363208e-06	0.0012377137	2.4992638e-06	-8.7449155e-08	2.8790918e-06	0.0012465372	-0.0012435915	0.00022797978	0.0037307744	0.0037301888	-0.00015698207
0.126	1.126	0	0	0	1.126	0	0	0	1.126	1.4276284	0.0012670351	4.0510896e-06	-5.6574393e-07	3.9511299e-06	0.0012581472	2.51185e-06	-9.4948872e-08	2.895385e-06	0.0012670371	-0.0012640731	0.00023550159	0.0037922194	0.0037916319	-0.00015492346
0.128	1.128	0	0	0	1.128	0	0	0	1.128	1.4352492	0.0012875487	4.0676031e-06	-5.7752301e-07	3.9650253e-06	0.001278583	2.5237537e-06	-1.0258392e-07	2.9110287e-06	0.001287539	-0.0012845569	0.0002431463	0.0038536707	0.0038530816	-0.00015288848
0.13	1.13	0	0	0	1.13	0	0	0	1.13	1.442897	0.0013080642	4.0832357e-06	-5.8946793e-07	3.9780219e-06	0.0012990211	2.5349837e-06	-1.1034967e-07	2.9260318e-06	0.0013080429	-0.0013050427	0.00025091392	0.0039151282	0.0039145376	-0.00015087638
0.132	1.132	0	0	0	1.132	0	0	0	1.132	1.450572	0.0013285815	4.0980014e-06	-6.0157454e-07	3.990134e-06	0.0013194613	2.5455485e-06	-1.182418e-07	2.9404028e-06	0.0013285487	-0.0013255305	0.00025880445	0.0039765915	0.0039759995	-0.00014888642
0.134	1.134	0	0	0	1.134	0	0	0	1.134	1.4582741	0.0013491005	4.1119134e-06	-6.1383884e-07	4.0013756e-06	0.0013399037	2.5554566e-06	-1.2625619e-07	2.95415e-06	0.0013490563	-0.0013460201	0.00026681792	0.0040380604	0.0040374672	-0.00014691793
0.136	1.136	0	0	0	1.136	0	0	0	1.136	1.4660035	0.0013696211	4.1249847e-06	-6.2625696e-07	4.0117602e-06	0.001360348	2.564716e-06	-1.3438901e-07	2.9672814e-06	0.0013695656	-0.0013665116	0.00027495432	0.0040995347	0.0040989405	-0.00014497028
0.138	1.138	0	0	0	1.138	0	0	0	1.138	1.4737601	0.0013901433	4.1372279e-06	-6.3882516e-07	4.0213009e-06	0.0013807942	2.5733348e-06	-1.4263661e-07	2.9798047e-06	0.0013900765	-0.0013870047	0.00028321368	0.0041610141	0.004160419	-0.00014304286
0.14	1.14	0	0	0	1.14	0	0	0	1.14	1.481544	0.001410667	4.1486553e-06	-6.5153981e-07	4.0300105e-06	0.0014012423	2.5813206e-06	-1.509956e-07	2.9917276e-06	0.0014105891	-0.0014074995	0.000291596	0.0042224984	0.0042219025	-0.00014113511
0.142	1.142	0	0	0	1.142	0	0	0	1.142	1.4893553	0.0014311921	4.1592788e-06	-6.6439743e-07	4.0379013e-06	0.0014216921	2.5886812e-06	-1.5946275e-07	3.0030571e-06	0.0014311032	-0.0014279958	0.00030010129	0.0042839874	0.004283391	-0.0001392465
0.144	1.144	0	0	0	1.144	0	0	0	1.144	1.497194	0.0014517186	4.1691099e-06	-6.7739462e-07	4.0449854e-06	0.0014421436	2.5954239e-06	-1.6803506e-07	3.0138006e-06	0.0014516187	-0.0014484936	0.00030872956	0.0043454809	0.004344884	-0.00013737653
0.146	1.146	0	0	0	1.146	0	0	0	1.146	1.5050601	0.0014722464	4.1781598e-06	-6.9052809e-07	4.0512744e-06	0.0014625967	2.601556e-06	-1.767097e-07	3.0239647e-06	0.0014721356	-0.0014689929	0.00031748083	0.0044069787	0.0044063816	-0.00013552472
0.148	1.148	0	0	0	1.148	0	0	0	1.148	1.5129538	0.0014927754	4.1864394e-06	-7.0379468e-07	4.0567796e-06	0.0014830514	2.6070847e-06	-1.8548401e-07	3.0335562e-06	0.0014926539	-0.0014894936	0.00032635509	0.0044684807	0.0044678834	-0.00013369061
0.15	1.15	0	0	0	1.15	0	0	0	1.15	1.520875	0.0015133057	4.1939594e-06	-7.1719131e-07	4.0615121e-06	0.0015035075	2.6120167e-06	-1.9435551e-07	3.0425814e-06	0.0015131734	-0.0015099955	0.00033535236	0.0045299866	0.0045293892	-0.00013187379
0.152	1.152	0	0	0	1.152	0	0	0	1.152	1.5288238	0.001533837	4.2007299e-06	-7.3071499e-07	4.0654826e-06	0.0015239649	2.6163589e-06	-2.0332186e-07	3.0510466e-06	0.0015336942	-0.0015304987	0.00034447265	0.0045914962	0.004590899	-0.00013007383
0.154	1.154	0	0	0	1.154	0	0	0	1.154	1.5368003	0.0015543695	4.2067611e-06	-7.4436285e-07	4.0687015e-06	0.0015444238	2.6201178e-06	-2.123809e-07	3.0589578e-06	0.0015542161	-0.0015510031	0.00035371595	0.0046530094	0.0046524125	-0.00012829036
0.156	1.156	0	0	0	1.156	0	0	0	1.156	1.5448044	0.001574903	4.2120626e-06	-7.5813209e-07	4.0711788e-06	0.0015648839	2.6232999e-06	-2.215306e-07	3.0663209e-06	0.0015747392	-0.0015715087	0.0003630823	0.004714526	0.0047139296	-0.00012652299
0.158	1.158	0	0	0	1.158	0	0	0	1.158	1.5528363	0.0015954375	4.2166438e-06	-7.7202e-07	4.0729243e-06	0.0015853452	2.6259115e-06	-2.3076906e-07	3.0731415e-06	0.0015952633	-0.0015920153	0.00037257167	0.0047760459	0.0047754501	-0.00012477137
0.16	1.16	0	0	0	1.16	0	0	0	1.16	1.560896	0.0016159729	4.2205141e-06	-7.8602397e-07	4.0739477e-06	0.0016058076	2.6279587e-06	-2.4009454e-07	3.0794251e-06	0.0016157884	-0.001612523	0.0003821841	0.0048375689	0.0048369738	-0.00012303515
0.162	1.162	0	0	0	1.162	0	0	0	1.162	1.5689835	0.0016365092	4.2236823e-06	-8.0014146e-07	4.0742582e-06	0.0016262712	2.6294475e-06	-2.495054e-07	3.085177e-06	0.0016363144	-0.0016330316	0.00039191957	0.0048990948	0.0048985005	-0.000121314
0.164	1.164	0	0	0	1.164	0	0	0	1.164	1.5770989	0.0016570463	4.2261572e-06	-8.1437001e-07	4.0738648e-06	0.0016467358	2.6303836e-06	-2.5900013e-07	3.0904024e-06	0.0016568414	-0.0016535412	0.0004017781	0.0049606235	0.0049600303	-0.00011960761
0.166	1.166	0	0	0	1.166	0	0	0	1.166	1.5852423	0.0016775842	4.2279471e-06	-8.2870725e-07	4.0727762e-06	0.0016672014	2.6307729e-06	-2.6857736e-07	3.0951062e-06	0.0016773693	-0.0016740516	0.00041175969	0.0050221549	0.0050215628	-0.00011791566
0.168	1.168	0	0	0	1.168	0	0	0	1.168	1.5934136	0.0016981229	4.2290603e-06	-8.4315089e-07	4.071001e-06	0.0016876679	2.6306207e-06	-2.7823581e-07	3.0992932e-06	0.0016978979	-0.0016945629	0.00042186435	0.0050836888	0.0050830979	-0.00011623785
0.17	1.17	0	0	0	1.17	0	0	0	1.17	1.601613	0.0017186623	4.2295047e-06	-8.5769869e-07	4.0685474e-06	0.0017081353	2.6299326e-06	-2.8797432e-07	3.1029681e-06	0.0017184274	-0.001715075	0.00043209208	0.005145225	0.0051446356	-0.0001145739
0.172	1.172	0	0	0	1.172	0	0	0	1.172	1.6098404	0.0017392024	4.2292882e-06	-8.7234852e-07	4.0654234e-06	0.0017286036	2.6287138e-06	-2.9779183e-07	3.1061353e-06	0.0017389576	-0.0017355878	0.00044244289	0.0052067635	0.0052061756	-0.00011292352
0.174	1.174	0	0	0	1.174	0	0	0	1.174	1.618096	0.0017597431	4.2284182e-06	-8.870983e-07	4.0616369e-06	0.0017490726	2.6269693e-06	-3.076874e-07	3.1087992e-06	0.0017594885	-0.0017561014	0.00045291678	0.0052683041	0.0052677179	-0.00011128644
0.176	1.176	0	0	0	1.176	0	0	0	1.176	1.6263798	0.0017802844	4.2269021e-06	-9.0194604e-07	4.0571955e-06	0.0017695423	2.6247043e-06	-3.1766016e-07	3.1109639e-06	0.00178002	-0.0017766156	0.00046351376	0.0053298467	0.0053292623	-0.00010966237
0.178	1.178	0	0	0	1.178	0	0	0	1.178	1.6346918	0.0018008262	4.2247471e-06	-9.168898e-07	4.0521064e-06	0.0017900128	2.6219235e-06	-3.2770937e-07	3.1126336e-06	0.0018005521	-0.0017971304	0.00047423383	0.0053913911	0.0053908087	-0.00010805106
0.18	1.18	0	0	0	1.18	0	0	0	1.18	1.643032	0.0018213686	4.22196e-06	-9.3192772e-07	4.046377e-06	0.0018104839	2.6186316e-06	-3.3783436e-07	3.113812e-06	0.0018210849	-0.0018176458	0.000485077	0.0054529373	0.0054523569	-0.00010645225
0.182	1.182	0	0	0	1.182	0	0	0	1.182	1.6514006	0.0018419114	4.2185475e-06	-9.4705801e-07	4.040014e-06	0.0018309556	2.6148334e-06	-3.4803456e-07	3.114503e-06	0.0018416181	-0.0018381617	0.00049604326	0.0055144851	0.0055139068	-0.00010486568
0.184	1.184	0	0	0	1.184	0	0	0	1.184	1.6597975	0.0018624547	4.2145163e-06	-9.6227896e-07	4.0330243e-06	0.0018514278	2.6105331e-06	-3.583095e-07	3.1147101e-06	0.0018621518	-0.0018586781	0.00050713262	0.0055760343	0.0055754584	-0.0001032911
0.186	1.186	0	0	0	1.186	0	0	0	1.186	1.6682229	0.0018829983	4.2098725e-06	-9.7758891e-07	4.0254144e-06	0.0018719006	2.6057352e-06	-3.6865878e-07	3.1144369e-06	0.001882686	-0.001879195	0.00051834509	0.0056375849	0.0056370115	-0.00010172825
0.188	1.188	0	0	0	1.188	0	0	0	1.188	1.6766767	0.0019035424	4.2046225e-06	-9.9298628e-07	4.0171906e-06	0.0018923738	2.6004439e-06	-3.7908209e-07	3.1136867e-06	0.0019032206	-0.0018997123	0.00052968067	0.0056991368	0.0056985659	-0.00010017688
0.19	1.19	0	0	0	1.19	0	0	0	1.19	1.685159	0.0019240868	4.1987721e-06	-1.0084696e-06	4.0083591e-06	0.0019128474	2.5946632e-06	-3.8957923e-07	3.1124626e-06	0.0019237556	-0.0019202299	0.00054113936	0.0057606898	0.0057601216	-9.8636752e-05
0.192	1.192	0	0	0	1.192	0	0	0	1.192	1.6936699	0.0019446314	4.1923272e-06	-1.0240373e-06	3.998926e-06	0.0019333214	2.5883972e-06	-4.0015003e-07	3.1107678e-06	0.0019442909	-0.0019407479	0.00055272116	0.0058222438	0.0058216785	-9.7107615e-05
0.194	1.194	0	0	0	1.194	0	0	0	1.194	1.7022094	0.0019651764	4.1852934e-06	-1.0396881e-06	3.9888969e-06	0.0019537958	2.5816496e-06	-4.1079446e-07	3.1086052e-06	0.0019648266	-0.0019612662	0.00056442607	0.0058837987	0.0058832363	-9.5589224e-05
0.196	1.196	0	0	0	1.196	0	0	0	1.196	1.7107775	0.0019857216	4.1776761e-06	-1.0554207e-06	3.9782775e-06	0.0019742704	2.5744242e-06	-4.2151253e-07	3.1059776e-06	0.0019853625	-0.0019817848	0.0005762541	0.0059453544	0.0059447951	-9.4081332e-05
0.198	1.198	0	0	0	1.198	0	0	0	1.198	1.7193744	0.0020062669	4.1694805e-06	-1.0712337e-06	3.9670733e-06	0.0019947453	2.5667247e-06	-4.3230436e-07	3.1028878e-06	0.0020058986	-0.0020023036	0.00058820525	0.0060069108	0.0060063548	-9.2583694e-05
0.2	1.2	0	0	0	1.2	0	0	0	1.2	1.728	0.0020268125	4.1607119e-06	-1.0871262e-06	3.9552894e-06	0.0020152204	2.5585544e-06	-4.4317011e-07	3.0993383e-06	0.002026435	-0.0020228226	0.00060027952	0.0060684678	0.0060679151	-9.1096062e-05
0.202	1.202	0	0	0	1.202	0	0	0	1.202	1.7366544	0.0020473581	4.1513751e-06	-1.1030968e-06	3.9429311e-06	0.0020356957	2.5499167e-06	-4.5411006e-07	3.0953315e-06	0.0020469715	-0.0020433418	0.00061247691	0.0061300253	0.006129476	-8.9618188e-05
0.204	1.204	0	0	0	1.204	0	0	0	1.204	1.7453377	0.0020679039	4.141475e-06	-1.1191447e-06	3.9300032e-06	0.0020561711	2.540815e-06	-4.6512454e-07	3.0908699e-06	0.0020675081	-0.002063861	0.00062479743	0.0061915831	0.0061910373	-8.8149823e-05
0.206	1.206	0	0	0	1.206	0	0	0	1.206	1.7540498	0.0020884497	4.1310161e-06	-1.1352688e-06	3.9165104e-06	0.0020766466	2.5312523e-06	-4.7621397e-07	3.0859555e-06	0.0020880448	-0.0020843804	0.00063724106	0.0062531411	0.0062525991	-8.6690714e-05
0.208	1.208	0	0	0	1.208	0	0	0	1.208	1.7627909	0.0021089956	4.120003e-06	-1.1514682e-06	3.9024575e-06	0.0020971222	2.5212316e-06	-4.8737886e-07	3.0805905e-06	0.0021085816	-0.0021048998	0.00064980782	0.0063146993	0.0063141611	-8.5240607e-05
0.21	1.21	0	0	0	1.21	0	0	0	1.21	1.771561	0.0021295414	4.1084399e-06	-1.1677421e-06	3.8878489e-06	0.0021175977	2.5107559e-06	-4.9861977e-07	3.0747769e-06	0.0021291184	-0.0021254192	0.00066249771	0.0063762576	0.0063757233	-8.3799245e-05
0.212	1.212	0	0	0	1.212	0	0	0	1.212	1.7803601	0.0021500872	4.0963311e-06	-1.1840897e-06	3.8726887e-06	0.0021380733	2.4998278e-06	-5.0993736e-07	3.0685165e-06	0.0021496552	-0.0021459386	0.00067531071	0.0064378157	0.0064372855	-8.2366367e-05
0.214	1.214	0	0	0	1.214	0	0	0	1.214	1.7891883	0.002170633	4.0836804e-06	-1.2005104e-06	3.8569813e-06	0.0021585488	2.4884502e-06	-5.2133235e-07	3.061811e-06	0.002170192	-0.0021664579	0.00068824685	0.0064993737	0.0064988477	-8.0941709e-05
0.216	1.216	0	0	0	1.216	0	0	0	1.216	1.7980457	0.0021911786	4.0704919e-06	-1.2170036e-06	3.8407304e-06	0.0021790241	2.4766255e-06	-5.3280557e-07	3.0546621e-06	0.0021907287	-0.0021869771	0.00070130611	0.0065609314	0.0065604097	-7.9525003e-05
0.218	1.218	0	0	0	1.218	0	0	0	1.218	1.8069322	0.0022117242	4.0567691e-06	-1.2335686e-06	3.8239401e-06	0.0021994994	2.4643562e-06	-5.443579e-07	3.0470712e-06	0.0022112652	-0.0022074962	0.00071448849	0.0066224887	0.0066219714	-7.8115975e-05
0.22	1.22	0	0	0	1.22	0	0	0	1.22	1.815848	0.0022322695	4.0425157e-06	-1.2502052e-06	3.8066139e-06	0.0022199744	2.4516445e-06	-5.5599031e-07	3.0390397e-06	0.0022318016	-0.0022280152	0.00072779399	0.0066840455	0.0066835328	-7.6714348e-05
0.222	1.222	0	0	0	1.222	0	0	0	1.222	1.824793	0.0022528147	4.0277351e-06	-1.2669128e-06	3.7887553e-06	0.0022404492	2.4384927e-06	-5.6770386e-07	3.030569e-06	0.0022523378	-0.0022485339	0.00074122262	0.0067456017	0.0067450937	-7.5319838e-05
0.224	1.224	0	0	0	1.224	0	0	0	1.224	1.8337674	0.0022733596	4.0124306e-06	-1.2836912e-06	3.7703678e-06	0.0022609237	2.4249029e-06	-5.7949969e-07	3.0216601e-06	0.0022728738	-0.0022690524	0.00075477437	0.0068071572	0.0068066539	-7.3932158e-05
0.226	1.226	0	0	0	1.226	0	0	0	1.226	1.8427712	0.0022939043	3.9966053e-06	-1.3005402e-06	3.7514546e-06	0.002281398	2.410877e-06	-5.91379e-07	3.012314e-06	0.0022934096	-0.0022895706	0.00076844923	0.0068687118	0.0068682135	-7.2551011e-05
0.228	1.228	0	0	0	1.228	0	0	0	1.228	1.8518044	0.0023144486	3.9802622e-06	-1.3174597e-06	3.7320188e-06	0.0023018718	2.3964169e-06	-6.0334311e-07	3.0025318e-06	0.002313945	-0.0023100885	0.00078224722	0.0069302655	0.0069297722	-7.1176097e-05
0.23	1.23	0	0	0	1.23	0	0	0	1.23	1.860867	0.0023349926	3.9634041e-06	-1.3344495e-06	3.7120632e-06	0.0023223453	2.3815242e-06	-6.1539341e-07	2.9923142e-06	0.0023344801	-0.002330606	0.00079616832	0.0069918181	0.00699133	-6.9807106e-05
0.232	1.232	0	0	0	1.232	0	0	0	1.232	1.8699592	0.0023555363	3.9460338e-06	-1.3515099e-06	3.6915908e-06	0.0023428184	2.3662007e-06	-6.2753138e-07	2.9816618e-06	0.0023550149	-0.0023511232	0.00081021254	0.0070533695	0.0070528868	-6.8443723e-05
0.234	1.234	0	0	0	1.234	0	0	0	1.234	1.8790809	0.0023760796	3.9281539e-06	-1.3686408e-06	3.6706042e-06	0.0023632909	2.3504478e-06	-6.3975859e-07	2.9705752e-06	0.0023755492	-0.0023716399	0.00082437987	0.0071149197	0.0071144424	-6.7085623e-05
0.236	1.236	0	0	0	1.236	0	0	0	1.236	1.8882323	0.0023966224	3.9097667e-06	-1.3858426e-06	3.6491058e-06	0.002383763	2.3342668e-06	-6.520767e-07	2.9590549e-06	0.0023960831	-0.0023921561	0.00083867031	0.0071764684	0.0071759967	-6.5732473e-05
0.238	1.238	0	0	0	1.238	0	0	0	1.238	1.8974133	0.0024171647	3.8908746e-06	-1.4031155e-06	3.6270981e-06	0.0024042345	2.317659e-06	-6.6448746e-07	2.9471012e-06	0.0024166165	-0.0024126719	0.00085308386	0.0072380156	0.0072375497	-6.4383932e-05
0.24	1.24	0	0	0	1.24	0	0	0	1.24	1.906624	0.0024377065	3.8714797e-06	-1.42046e-06	3.6045833e-06	0.0024247054	2.3006255e-06	-6.7699274e-07	2.9347143e-06	0.0024371494	-0.0024331871	0.00086762051	0.0072995612	0.0072991011	-6.3039649e-05
0.242	1.242	0	0	0	1.242	0	0	0	1.242	1.9158645	0.0024582477	3.851584e-06	-1.4378767e-06	3.5815636e-06	0.0024451756	2.2831673e-06	-6.8959448e-07	2.9218942e-06	0.0024576817	-0.0024537017	0.00088228026	0.007361105	0.0073606509	-6.1699261e-05
0.244	1.244	0	0	0	1.244	0	0	0	1.244	1.9251348	0.0024787884	3.8311894e-06	-1.4553661e-06	3.5580407e-06	0.0024656451	2.2652852e-06	-7.0229474e-07	2.9086409e-06	0.0024782134	-0.0024742156	0.00089706311	0.0074226469	0.0074221989	-6.0362398e-05
0.246	1.246	0	0	0	1.246	0	0	0	1.246	1.9344349	0.0024993284	3.8102978e-06	-1.4729291e-06	3.5340166e-06	0.0024861139	2.24698e-06	-7.1509567e-07	2.8949543e-06	0.0024987444	-0.0024947289	0.00091196906	0.0074841868	0.007483745	-5.9028674e-05
0.248	1.248	0	0	0	1.248	0	0	0	1.248	1.943765	0.0025198678	3.7889105e-06	-1.4905665e-06	3.509493e-06	0.0025065819	2.2282522e-06	-7.2799954e-07	2.880834e-06	0.0025192748	-0.0025152415	0.00092699809	0.0075457245	0.0075452891	-5.7697696e-05
0.25	1.25	0	0	0	1.25	0	0	0	1.25	1.953125	0.0025404064	3.7670292e-06	-1.5082793e-06	3.4844713e-06	0.002527049	2.2091024e-06	-7.4100872e-07	2.8662796e-06	0.0025398045	-0.0025357533	0.00094215021	0.0076072599	0.0076068311	-5.6369055e-05
0.252	1.252	0	0	0	1.252	0	0	0	1.252	1.962515	0.0025609443	3.7446552e-06	-1.5260687e-06	3.458953e-06	0.0025475153	2.1895307e-06	-7.541257e-07	2.8512906e-06	0.0025603333	-0.0025562643	0.00095742542	0.0076687929	0.0076683708	-5.5042329e-05
0.254	1.254	0	0	0	1.254	0	0	0	1.254	1.9719351	0.0025814814	3.7217896e-06	-1.5439357e-06	3.4329394e-06	0.0025679806	2.1695375e-06	-7.6735308e-07	2.8358662e-06	0.0025808614	-0.0025767745	0.0009728237	0.0077303234	0.0077299081	-5.3717083e-05
0.256	1.256	0	0	0	1.256	0	0	0	1.256	1.9813852	0.0026020176	3.6984335e-06	-1.561882e-06	3.4064315e-06	0.0025884449	2.1491227e-06	-7.8069359e-07	2.8200056e-06	0.0026013886	-0.0025972837	0.00098834505	0.0077918511	0.0077914429	-5.2392867e-05
0.258	1.258	0	0	0	1.258	0	0	0	1.258	1.9908655	0.002622553	3.6745878e-06	-1.5799088e-06	3.3794303e-06	0.0026089081	2.1282862e-06	-7.9415008e-07	2.8037079e-06	0.0026219148	-0.002617792	0.0010039895	0.007853376	0.0078529749	-5.1069215e-05
0.26	1.26	0	0	0	1.26	0	0	0	1.26	2.000376	0.0026430874	3.6502533e-06	-1.598018e-06	3.3519366e-06	0.0026293703	2.1070277e-06	-8.0772553e-07	2.786972e-06	0.0026424401	-0.0026382993	0.0010197569	0.0079148978	0.0079145041	-4.9745643e-05
0.262	1.262	0	0	0	1.262	0	0	0	1.262	2.0099167	0.0026636208	3.6254306e-06	-1.6162113e-06	3.3239513e-06	0.0026498313	2.0853469e-06	-8.2142304e-07	2.7697965e-06	0.0026629644	-0.0026588055	0.0010356475	0.0079764165	0.0079760303	-4.8421652e-05
0.264	1.264	0	0	0	1.264	0	0	0	1.264	2.0194877	0.0026841532	3.6001202e-06	-1.6344908e-06	3.2954747e-06	0.0026702911	2.063243e-06	-8.3524586e-07	2.7521802e-06	0.0026834876	-0.0026793106	0.0010516611	0.0080379319	0.0080375534	-4.7096723e-05
0.266	1.266	0	0	0	1.266	0	0	0	1.266	2.0290891	0.0027046845	3.5743224e-06	-1.6528584e-06	3.2665074e-06	0.0026907496	2.0407154e-06	-8.4919737e-07	2.7341215e-06	0.0027040097	-0.0026998146	0.0010677977	0.0080994438	0.0080990731	-4.5770317e-05
0.268	1.268	0	0	0	1.268	0	0	0	1.268	2.0387208	0.0027252147	3.5480376e-06	-1.6713166e-06	3.2370495e-06	0.0027112067	2.0177631e-06	-8.6328112e-07	2.7156186e-06	0.0027245306	-0.0027203173	0.0010840574	0.008160952	0.0081605894	-4.4441876e-05
0.27	1.27	0	0	0	1.27	0	0	0	1.27	2.048383	0.0027457436	3.5212656e-06	-1.6898678e-06	3.2071013e-06	0.0027316625	1.994385e-06	-8.7750079e-07	2.6966698e-06	0.0027450503	-0.0027408188	0.0011004401	0.0082224564	0.008222102	-4.3110818e-05
0.272	1.272	0	0	0	1.272	0	0	0	1.272	2.0580756	0.0027662713	3.4940065e-06	-1.7085147e-06	3.1766628e-06	0.0027521168	1.9705799e-06	-8.9186022e-07	2.677273e-06	0.0027655687	-0.0027613189	0.0011169458	0.0082839568	0.0082836108	-4.1776538e-05
0.274	1.274	0	0	0	1.274	0	0	0	1.274	2.0677988	0.0027867977	3.4662601e-06	-1.7272602e-06	3.1457337e-06	0.0027725696	1.9463463e-06	-9.0636341e-07	2.657426e-06	0.0027860858	-0.0027818177	0.0011335745	0.008345453	0.0083451156	-4.0438409e-05
0.276	1.276	0	0	0	1.276	0	0	0	1.276	2.0775526	0.0028073227	3.438026e-06	-1.7461073e-06	3.1143137e-06	0.0027930207	1.9216824e-06	-9.2101453e-07	2.6371265e-06	0.0028066014	-0.0028023149	0.0011503262	0.0084069448	0.0084066162	-3.9095774e-05
0.278	1.278	0	0	0	1.278	0	0	0	1.278	2.087337	0.0028278463	3.4093037e-06	-1.7650593e-06	3.0824026e-06	0.0028134702	1.8965865e-06	-9.3581793e-07	2.616372e-06	0.0028271156	-0.0028228107	0.001167201	0.0084684321	0.0084681124	-3.774795e-05
0.28	1.28	0	0	0	1.28	0	0	0	1.28	2.097152	0.0028483683	3.3800925e-06	-1.7841198e-06	3.0499996e-06	0.002833918	1.8710564e-06	-9.5077814e-07	2.5951597e-06	0.0028476282	-0.0028433048	0.0011841987	0.0085299145	0.0085296041	-3.6394227e-05
0.282	1.282	0	0	0	1.282	0	0	0	1.282	2.1069978	0.0028688888	3.3503918e-06	-1.8032924e-06	3.017104e-06	0.0028543639	1.8450899e-06	-9.6589987e-07	2.5734868e-06	0.0028681392	-0.0028637973	0.0012013194	0.0085913919	0.0085910909	-3.5033859e-05
0.284	1.284	0	0	0	1.284	0	0	0	1.284	2.1168743	0.0028894077	3.3202005e-06	-1.8225811e-06	2.9837151e-06	0.0028748079	1.8186844e-06	-9.8118801e-07	2.5513501e-06	0.0028886485	-0.002884288	0.001218563	0.0086528641	0.0086525728	-3.366607e-05
0.286	1.286	0	0	0	1.286	0	0	0	1.286	2.1267817	0.0029099248	3.2895176e-06	-1.8419902e-06	2.9498318e-06	0.00289525	1.7918371e-06	-9.9664768e-07	2.5287465e-06	0.002909156	-0.0029047769	0.0012359297	0.0087143308	0.0087140494	-3.2290047e-05
0.288	1.288	0	0	0	1.288	0	0	0	1.288	2.1367199	0.0029304401	3.2583419e-06	-1.8615242e-06	2.9154529e-06	0.00291569	1.7645451e-06	-1.0122842e-06	2.5056723e-06	0.0029296617	-0.0029252639	0.0012534192	0.0087757918	0.0087755206	-3.0904941e-05
0.29	1.29	0	0	0	1.29	0	0	0	1.29	2.146689	0.0029509536	3.2266722e-06	-1.8811878e-06	2.8805772e-06	0.0029361278	1.736805e-06	-1.0281031e-06	2.4821239e-06	0.0029501655	-0.0029457489	0.0012710318	0.0088372468	0.0088369861	-2.9509861e-05
0.292	1.292	0	0	0	1.292	0	0	0	1.292	2.1566891	0.0029714651	3.1945068e-06	-1.9009862e-06	2.8452034e-06	0.0029565633	1.7086133e-06	-1.0441101e-06	2.4580973e-06	0.0029706673	-0.0029662319	0.0012887672	0.0088986957	0.0088984456	-2.8103873e-05
0.294	1.294	0	0	0	1.294	0	0	0	1.294	2.1667202	0.0029919745	3.1618443e-06	-1.9209246e-06	2.8093298e-06	0.0029769965	1.6799662e-06	-1.0603112e-06	2.4335884e-06	0.0029911669	-0.0029867127	0.0013066255	0.008960138	0.0089598989	-2.6685997e-05
0.296	1.296	0	0	0	1.296	0	0	0	1.296	2.1767823	0.0030124818	3.1286828e-06	-1.9410089e-06	2.7729548e-06	0.0029974273	1.6508595e-06	-1.0767126e-06	2.4085926e-06	0.0030116644	-0.0030071912	0.0013246068	0.0090215735	0.0090213457	-2.5255204e-05
0.298	1.298	0	0	0	1.298	0	0	0	1.298	2.1868756	0.0030329869	3.0950206e-06	-1.961245e-06	2.7360767e-06	0.0030178555	1.6212888e-06	-1.0933207e-06	2.3831054e-06	0.0030321596	-0.0030276673	0.0013427109	0.009083002	0.0090827858	-2.3810411e-05
0.3	1.3	0	0	0	1.3	0	0	0	1.3	2.197	0.0030534896	3.0608557e-06	-1.9816392e-06	2.6986935e-06	0.0030382811	1.5912492e-06	-1.1101424e-06	2.3571217e-06	0.0030526524	-0.003048141	0.0013609379	inf	inf	inf
