lambda	F11	F12	F13	F21	F22	F23	F31	F32	F33	J	P11	P12	P13	P21	P22	P23	P31	P32	P33	p	StrEn	t(1)	t(2)	d
0	1	0	0	0	1	0	0	0	1	1	0	0	0	0	0	0	0	0	0	-0	0	inf	inf	inf
0.002	1.002	0	0	0	1	0	0	0	0.99987867	1.0018784	1.4867513e-05	6.4987639e-08	-1.1005166e-07	6.7955666e-08	8.846244e-07	3.1691898e-08	-9.8010108e-08	3.7122254e-08	1.8521594e-09	-5.2513299e-06	1.4801493e-08	1.4867395e-05	1.4924593e-05	0.0038324307
0.004	1.004	0	0	0	1	0	0	0	0.99974514	1.0037441	3.0085327e-05	1.2788967e-07	-2.3228951e-07	1.3299618e-07	1.8427166e-06	5.2371247e-08	-2.086968e-07	6.2082497e-08	3.6344408e-09	-1.0643893e-05	5.969837e-08	3.0085077e-05	3.0129607e-05	0.0014779757
0.006	1.006	0	0	0	1	0	0	0	0.99960253	1.0056001	4.5588137e-05	1.8932696e-07	-3.5503857e-07	1.9577534e-07	2.864771e-06	6.3291374e-08	-3.204054e-07	7.6608403e-08	5.3077166e-09	-1.6152739e-05	1.3531992e-07	4.558775e-05	4.5621506e-05	0.00073991737
0.008	1.008	0	0	0	1	0	0	0	0.99945286	1.0074485	6.1327742e-05	2.4977447e-07	-4.7377645e-07	2.5683008e-07	3.9427599e-06	6.6420807e-08	-4.2863445e-07	8.2785463e-08	6.8496107e-09	-2.1759117e-05	2.4218439e-07	6.132722e-05	6.1351226e-05	0.0003912939
0.01	1.01	0	0	0	1	0	0	0	0.99929753	1.0092905	7.7266184e-05	3.0938232e-07	-5.8692804e-07	3.1636137e-07	5.0689676e-06	6.3748113e-08	-5.3180746e-07	8.2679282e-08	8.2480076e-09	-2.74478e-05	3.8072483e-07	7.7265534e-05	7.7280501e-05	0.00019367242
0.012	1.012	0	0	0	1	0	0	0	0.9991376	1.0111273	9.3372931e-05	3.6809373e-07	-6.9407315e-07	3.7436189e-07	6.2363115e-06	5.697761e-08	-6.2947282e-07	7.8061813e-08	9.4986011e-09	-3.3206247e-05	5.513064e-07	9.3372162e-05	9.3378657e-05	6.9550433e-05
0.014	1.014	0	0	0	1	0	0	0	0.99897387	1.0129595	0.0001096232	4.2575107e-07	-7.9529686e-07	4.3072535e-07	7.4385221e-06	4.743664e-08	-7.2166178e-07	7.0322873e-08	1.0602311e-08	-3.9024109e-05	7.5423945e-07	0.00010962233	0.00010962084	-1.3603501e-05
0.016	1.016	0	0	0	1	0	0	0	0.99880695	1.0147879	0.00012599677	4.8216864e-07	-8.9092402e-07	4.8531883e-07	8.6701808e-06	3.6099868e-08	-8.0863336e-07	6.049413e-08	1.1563216e-08	-4.4892839e-05	9.8978974e-07	0.0001259958	0.00012598676	-7.1753392e-05
0.018	1.018	0	0	0	1	0	0	0	0.99863734	1.0166128	0.00014247705	5.3717509e-07	-9.813884e-07	5.3802324e-07	9.9266772e-06	2.3656991e-08	-8.9075234e-07	4.9315802e-08	1.2387126e-08	-5.0805371e-05	1.2581865e-06	0.00014247599	0.00014245981	-0.00011361487
0.02	1.02	0	0	0	1	0	0	0	0.99846541	1.0184347	0.00015905035	5.9063359e-07	-1.0671601e-06	5.8875177e-07	1.1204128e-05	1.0584222e-08	-9.6842283e-07	3.7307506e-08	1.3080664e-08	-5.6755853e-05	1.559629e-06	0.00015904922	0.00015902627	-0.00014433608
0.022	1.022	0	0	0	1	0	0	0	0.99829146	1.0202539	0.00017570534	6.4244777e-07	-1.1487043e-06	6.3745458e-07	1.2499282e-05	-2.7956377e-09	-1.0420505e-06	2.48283e-08	1.3650694e-08	-6.2739423e-05	1.8942916e-06	0.00017570414	0.00017567478	-0.00016714941
0.024	1.024	0	0	0	1	0	0	0	0.99811575	1.0220705	0.00019243255	6.9255989e-07	-1.2264591e-06	6.8411629e-07	1.380943e-05	-1.626751e-08	-1.112022e-06	1.2122827e-08	1.4103977e-08	-6.8752029e-05	2.2623281e-06	0.00019243131	0.00019239587	-0.00018418552
0.026	1.026	0	0	0	1	0	0	0	0.99793847	1.0238849	0.00020922408	7.4094533e-07	-1.3008251e-06	7.2875021e-07	1.5132313e-05	-2.9691006e-08	-1.1786946e-06	-6.4487776e-10	1.4446956e-08	-7.479028e-05	2.6638751e-06	0.00020922279	0.0002091816	-0.00019690507
0.028	1.028	0	0	0	1	0	0	0	0.99775978	1.0256971	0.00022607323	7.8760603e-07	-1.3721621e-06	7.7139188e-07	1.6466052e-05	-4.297717e-08	-1.2423923e-06	-1.3367251e-08	1.4685646e-08	-8.0851322e-05	3.0990545e-06	0.00022607191	0.00022602527	-0.00020634191
0.03	1.03	0	0	0	1	0	0	0	0.99757983	1.0275072	0.00024297434	8.3256413e-07	-1.440789e-06	8.1209296e-07	1.7809078e-05	-5.6072344e-08	-1.3034059e-06	-2.5976182e-08	1.4825568e-08	-8.6932747e-05	3.5679762e-06	0.000242973	0.0002429212	-0.0002132472
0.032	1.032	0	0	0	1	0	0	0	0.99739872	1.0293155	0.00025992257	8.7585654e-07	-1.5069874e-06	8.5091611e-07	1.9160084e-05	-6.8947054e-08	-1.3619938e-06	-3.8431097e-08	1.4871715e-08	-9.3032508e-05	4.0707393e-06	0.00025992122	0.00025986452	-0.00021817857
0.034	1.034	0	0	0	1	0	0	0	0.99721654	1.0311219	0.00027691377	9.1753043e-07	-1.5710045e-06	8.8793088e-07	2.0517976e-05	-8.1588359e-08	-1.4183858e-06	-5.071061e-08	1.4828545e-08	-9.9148857e-05	4.6074342e-06	0.00027691241	0.00027685107	-0.00022155738
0.036	1.036	0	0	0	1	0	0	0	0.99703339	1.0329266	0.00029394435	9.5763968e-07	-1.6330574e-06	9.2321056e-07	2.1881836e-05	-9.3994565e-08	-1.4727852e-06	-6.2806665e-08	1.4699978e-08	-0.00010528029	5.1781436e-06	0.000293943	0.00029387726	-0.00022370678
0.038	1.038	0	0	0	1	0	0	0	0.99684931	1.0347296	0.00031101121	9.9624222e-07	-1.6933367e-06	9.5682986e-07	2.3250897e-05	-1.0617148e-07	-1.5253723e-06	-7.4720335e-08	1.4489406e-08	-0.00011142553	5.7829433e-06	0.00031100987	0.00031093995	-0.00022487756
0.04	1.04	0	0	0	1	0	0	0	0.99666437	1.0365309	0.00032811162	1.033398e-06	-1.7520102e-06	9.888633e-07	2.4624511e-05	-1.1812969e-07	-1.5763073e-06	-8.6458725e-08	1.4199721e-08	-0.00011758344	6.4219034e-06	0.00032811031	0.00032803641	-0.00022526629
0.042	1.042	0	0	0	1	0	0	0	0.99647861	1.0383307	0.00034524322	1.0691674e-06	-1.8092257e-06	1.0193841e-06	2.600213e-05	-1.2988231e-07	-1.6257324e-06	-9.803252e-08	1.3833359e-08	-0.00012375306	7.0950889e-06	0.00034524193	0.00034516426	-0.00022502831
0.044	1.044	0	0	0	1	0	0	0	0.99629207	1.0401289	0.00036240389	1.1036102e-06	-1.865114e-06	1.0484634e-06	2.7383285e-05	-1.4144321e-07	-1.6737746e-06	-1.0945394e-07	1.3392392e-08	-0.00012993352	7.8025604e-06	0.00036240264	0.00036232137	-0.00022428724
0.046	1.046	0	0	0	1	0	0	0	0.99610479	1.0419256	0.00037959179	1.1367849e-06	-1.9197907e-06	1.0761699e-06	2.8767567e-05	-1.5282534e-07	-1.7205469e-06	-1.2073501e-07	1.2878637e-08	-0.00013612408	8.5443744e-06	0.00037959058	0.00037950589	-0.00022314222
0.048	1.048	0	0	0	1	0	0	0	0.99591679	1.0437208	0.00039680525	1.1687479e-06	-1.9733589e-06	1.1025698e-06	3.0154611e-05	-1.6403967e-07	-1.7661505e-06	-1.318863e-07	1.2293796e-08	-0.00014232405	9.320584e-06	0.0003968041	0.00039671616	-0.00022167344
0.05	1.05	0	0	0	1	0	0	0	0.9957281	1.0455145	0.00041404282	1.1995532e-06	-2.02591e-06	1.1277263e-06	3.1544085e-05	-1.7509462e-07	-1.8106754e-06	-1.4291626e-07	1.1639569e-08	-0.00014853285	1.0131239e-05	0.00041404172	0.00041395068	-0.00021994636
0.052	1.052	0	0	0	1	0	0	0	0.99553876	1.0473068	0.00043130318	1.2292524e-06	-2.0775259e-06	1.1516997e-06	3.293568e-05	-1.8599627e-07	-1.8542026e-06	-1.5383128e-07	1.091772e-08	-0.00015474993	1.0976387e-05	0.00043130214	0.00043120813	-0.00021801474
0.054	1.054	0	0	0	1	0	0	0	0.99534878	1.0490976	0.00044858513	1.2578944e-06	-2.1282799e-06	1.1745471e-06	3.4329112e-05	-1.9674908e-07	-1.8968043e-06	-1.6463627e-07	1.013007e-08	-0.00016097479	1.1856072e-05	0.00044858417	0.00044848733	-0.0002159229
0.056	1.056	0	0	0	1	0	0	0	0.9951582	1.0508871	0.00046588762	1.2855257e-06	-2.1782382e-06	1.1963227e-06	3.5724118e-05	-2.0735672e-07	-1.938546e-06	-1.7533536e-07	9.2784553e-09	-0.000167207	1.2770336e-05	0.00046588673	0.00046578719	-0.00021370732
0.058	1.058	0	0	0	1	0	0	0	0.99496702	1.0526751	0.00048320966	1.3121901e-06	-2.2274604e-06	1.2170772e-06	3.7120462e-05	-2.178228e-07	-1.9794867e-06	-1.8593262e-07	8.3646576e-09	-0.00017344616	1.371922e-05	0.00048320886	0.00048310674	-0.00021139796
0.06	1.06	0	0	0	1	0	0	0	0.99477528	1.0544618	0.0005005504	1.3379292e-06	-2.2760012e-06	1.2368587e-06	3.851793e-05	-2.2815127e-07	-2.0196802e-06	-1.9643236e-07	7.3903537e-09	-0.00017969191	1.4702763e-05	0.00050054969	0.00050044509	-0.00020901937
0.062	1.062	0	0	0	1	0	0	0	0.99458298	1.0562471	0.00051790902	1.3627821e-06	-2.3239102e-06	1.255712e-06	3.9916334e-05	-2.3834662e-07	-2.0591758e-06	-2.0683936e-07	6.3570794e-09	-0.0001859439	1.5721001e-05	0.0005179084	0.00051780143	-0.00020659159
0.064	1.064	0	0	0	1	0	0	0	0.99439013	1.0580311	0.00053528478	1.3867859e-06	-2.3712332e-06	1.2736793e-06	4.1315505e-05	-2.4841383e-07	-2.0980187e-06	-2.1715881e-07	5.266215e-09	-0.00019220185	1.6773969e-05	0.00053528427	0.00053517503	-0.00020413097
0.066	1.066	0	0	0	1	0	0	0	0.99419676	1.0598137	0.00055267702	1.4099756e-06	-2.4180124e-06	1.2908002e-06	4.2715294e-05	-2.5835827e-07	-2.1362508e-06	-2.2739625e-07	4.118984e-09	-0.00019846548	1.7861701e-05	0.00055267663	0.0005525652	-0.00020165083
0.068	1.068	0	0	0	1	0	0	0	0.99400285	1.061595	0.00057008512	1.432384e-06	-2.4642869e-06	1.3071119e-06	4.4115571e-05	-2.6818561e-07	-2.1739105e-06	-2.3755745e-07	2.9164605e-09	-0.00020473454	1.8984229e-05	0.00057008484	0.00056997132	-0.00019916201
0.07	1.07	0	0	0	1	0	0	0	0.99380843	1.063375	0.00058750851	1.4540424e-06	-2.5100928e-06	1.3226494e-06	4.5516217e-05	-2.7790167e-07	-2.2110337e-06	-2.4764828e-07	1.659581e-09	-0.0002110088	2.0141586e-05	0.00058750835	0.00058739282	-0.00019667329
0.072	1.072	0	0	0	1	0	0	0	0.99361349	1.0651537	0.00060494665	1.4749801e-06	-2.555464e-06	1.3374455e-06	4.6917128e-05	-2.8751233e-07	-2.2476537e-06	-2.5767463e-07	3.4915621e-10	-0.00021728804	2.1333801e-05	0.00060494662	0.00060482916	-0.00019419176
0.074	1.074	0	0	0	1	0	0	0	0.99341804	1.066931	0.00062239906	1.4952247e-06	-2.6004321e-06	1.3515312e-06	4.8318211e-05	-2.9702341e-07	-2.2838016e-06	-2.6764236e-07	-1.0141157e-09	-0.00022357208	2.2560903e-05	0.00062239916	0.00062227985	-0.00019172313
0.076	1.076	0	0	0	1	0	0	0	0.99322207	1.068707	0.00063986528	1.5148024e-06	-2.6450264e-06	1.3649357e-06	4.971938e-05	-3.0644068e-07	-2.3195066e-06	-2.7755718e-07	-2.4296382e-09	-0.00022986074	2.382292e-05	0.00063986552	0.00063974443	-0.00018927194
0.078	1.078	0	0	0	1	0	0	0	0.99302559	1.0704816	0.00065734488	1.5337377e-06	-2.689275e-06	1.3776863e-06	5.1120558e-05	-3.1576976e-07	-2.3547958e-06	-2.8742467e-07	-3.896906e-09	-0.00023615385	2.511988e-05	0.00065734527	0.00065722247	-0.00018684176
0.08	1.08	0	0	0	1	0	0	0	0.99282859	1.0722549	0.00067483748	1.552054e-06	-2.7332039e-06	1.3898089e-06	5.2521677e-05	-3.2501611e-07	-2.3896948e-06	-2.9725025e-07	-5.4154963e-09	-0.00024245125	2.645181e-05	0.00067483802	0.00067471358	-0.00018443537
0.082	1.082	0	0	0	1	0	0	0	0.99263106	1.0740268	0.0006923427	1.5697731e-06	-2.7768378e-06	1.4013281e-06	5.3922673e-05	-3.3418501e-07	-2.4242279e-06	-3.0703915e-07	-6.985061e-09	-0.0002487528	2.7818735e-05	0.00069234339	0.00069221737	-0.00018205487
0.084	1.084	0	0	0	1	0	0	0	0.99243301	1.0757974	0.0007098602	1.5869157e-06	-2.8202001e-06	1.4122668e-06	5.5323487e-05	-3.4328156e-07	-2.4584176e-06	-3.1679639e-07	-8.6053201e-09	-0.00025505836	2.922068e-05	0.00070986105	0.00070973351	-0.00017970183
0.086	1.086	0	0	0	1	0	0	0	0.99223442	1.0775666	0.00072738964	1.6035015e-06	-2.8633131e-06	1.4226469e-06	5.6724064e-05	-3.5231065e-07	-2.4922855e-06	-3.2652681e-07	-1.0276056e-08	-0.00026136781	3.0657669e-05	0.00072739066	0.00072726166	-0.00017737735
0.088	1.088	0	0	0	1	0	0	0	0.99203529	1.0793344	0.00074493072	1.6195489e-06	-2.9061979e-06	1.4324889e-06	5.8124356e-05	-3.61277e-07	-2.525852e-06	-3.3623505e-07	-1.1997109e-08	-0.00026768103	3.2129726e-05	0.00074493192	0.00074480152	-0.00017508212
0.09	1.09	0	0	0	1	0	0	0	0.99183561	1.0811008	0.00076248316	1.6350753e-06	-2.9488745e-06	1.4418123e-06	5.9524314e-05	-3.7018512e-07	-2.5591364e-06	-3.4592558e-07	-1.3768372e-08	-0.0002739979	3.3636875e-05	0.00076248454	0.00076235279	-0.00017281655
0.092	1.092	0	0	0	1	0	0	0	0.99163537	1.0828658	0.00078004668	1.6500974e-06	-2.9913622e-06	1.4506357e-06	6.0923896e-05	-3.7903932e-07	-2.5921571e-06	-3.5560268e-07	-1.558979e-08	-0.00028031833	3.5179137e-05	0.00078004824	0.0007799152	-0.00017058078
0.094	1.094	0	0	0	1	0	0	0	0.99143455	1.0846294	0.00079762102	1.6646307e-06	-3.0336794e-06	1.4589764e-06	6.2323061e-05	-3.8784377e-07	-2.6249317e-06	-3.6527044e-07	-1.7461351e-08	-0.00028664221	3.6756536e-05	0.00079762277	0.0007974885	-0.0001683747
0.096	1.096	0	0	0	1	0	0	0	0.99123315	1.0863915	0.00081520593	1.6786901e-06	-3.0758436e-06	1.4668511e-06	6.3721769e-05	-3.9660242e-07	-2.6574769e-06	-3.7493282e-07	-1.9383093e-08	-0.00029296944	3.8369091e-05	0.00081520789	0.00081507242	-0.00016619807
0.098	1.098	0	0	0	1	0	0	0	0.99103116	1.0881522	0.00083280119	1.6922896e-06	-3.1178717e-06	1.4742756e-06	6.5119984e-05	-4.0531907e-07	-2.6898086e-06	-3.8459361e-07	-2.135509e-08	-0.00029929994	4.0016825e-05	0.00083280335	0.00083266675	-0.00016405048
0.1	1.1	0	0	0	1	0	0	0	0.99082855	1.0899114	0.00085040657	1.7054425e-06	-3.1597801e-06	1.4812646e-06	6.6517671e-05	-4.1399736e-07	-2.7219421e-06	-3.9425644e-07	-2.3377461e-08	-0.00030563362	4.1699758e-05	0.00085040895	0.00085027126	-0.00016193139
0.102	1.102	0	0	0	1	0	0	0	0.99062531	1.0916691	0.00086802187	1.7181614e-06	-3.2015844e-06	1.4878324e-06	6.7914796e-05	-4.2264078e-07	-2.7538923e-06	-4.0392482e-07	-2.5450363e-08	-0.0003119704	4.341791e-05	0.00086802446	0.00086788573	-0.0001598402
0.104	1.104	0	0	0	1	0	0	0	0.99042143	1.0934253	0.00088564687	1.7304582e-06	-3.2432996e-06	1.4939924e-06	6.9311327e-05	-4.3125265e-07	-2.7856732e-06	-4.1360215e-07	-2.7573989e-08	-0.00031831021	4.5171301e-05	0.00088564968	0.00088550997	-0.0001577762
0.106	1.106	0	0	0	1	0	0	0	0.99021689	1.0951799	0.00090328138	1.7423443e-06	-3.2849405e-06	1.4997575e-06	7.0707233e-05	-4.3983616e-07	-2.8172984e-06	-4.2329167e-07	-2.9748572e-08	-0.00032465296	4.695995e-05	0.00090328443	0.00090314378	-0.00015573864
0.108	1.108	0	0	0	1	0	0	0	0.99001166	1.0969329	0.00092092523	1.7538306e-06	-3.3265211e-06	1.5051399e-06	7.2102483e-05	-4.4839438e-07	-2.848781e-06	-4.3299653e-07	-3.1974376e-08	-0.00033099858	4.8783876e-05	0.00092092851	0.00092078696	-0.00015372673
0.11	1.11	0	0	0	1	0	0	0	0.98980572	1.0986844	0.00093857822	1.7649271e-06	-3.368055e-06	1.510151e-06	7.3497049e-05	-4.5693023e-07	-2.8801337e-06	-4.4271979e-07	-3.4251707e-08	-0.00033734701	5.0643098e-05	0.00093858176	0.00093843936	-0.00015173963
0.112	1.112	0	0	0	1	0	0	0	0.98959906	1.1004342	0.0009562402	1.7756436e-06	-3.4095557e-06	1.514802e-06	7.48909e-05	-4.6544652e-07	-2.9113687e-06	-4.5246439e-07	-3.6580899e-08	-0.00034369817	5.2537634e-05	0.00095624399	0.00095610079	-0.00014977649
0.114	1.114	0	0	0	1	0	0	0	0.98939165	1.1021823	0.00097391099	1.7859893e-06	-3.451036e-06	1.5191034e-06	7.6284009e-05	-4.7394593e-07	-2.9424979e-06	-4.6223319e-07	-3.8962327e-08	-0.00035005201	5.4467501e-05	0.00097391504	0.00097377108	-0.00014783644
0.116	1.116	0	0	0	1	0	0	0	0.98918346	1.1039287	0.00099159044	1.7959731e-06	-3.4925085e-06	1.5230651e-06	7.7676347e-05	-4.8243104e-07	-2.9735327e-06	-4.7202897e-07	-4.1396398e-08	-0.00035640846	5.6432718e-05	0.00099159475	0.00099145008	-0.0001459186
0.118	1.118	0	0	0	1	0	0	0	0.98897447	1.1056735	0.0010092784	1.8056033e-06	-3.5339853e-06	1.5266969e-06	7.9067888e-05	-4.9090431e-07	-3.0044843e-06	-4.8185443e-07	-4.3883552e-08	-0.00036276746	5.8433302e-05	0.001009283	0.0010091376	-0.00014402209
0.12	1.12	0	0	0	1	0	0	0	0.98876464	1.1074164	0.0010269747	1.8148878e-06	-3.5754784e-06	1.5300077e-06	8.0458602e-05	-4.9936812e-07	-3.0353635e-06	-4.917122e-07	-4.6424269e-08	-0.00036912895	6.0469269e-05	0.0010269795	0.0010268336	-0.00014214603
0.122	1.122	0	0	0	1	0	0	0	0.98855395	1.1091575	0.0010446792	1.8238343e-06	-3.6169995e-06	1.5330062e-06	8.1848463e-05	-5.0782473e-07	-3.0661808e-06	-5.0160484e-07	-4.9019059e-08	-0.00037549287	6.2540636e-05	0.0010446843	0.0010445378	-0.00014028954
0.124	1.124	0	0	0	1	0	0	0	0.98834236	1.1108968	0.0010623917	1.8324498e-06	-3.6585599e-06	1.5357009e-06	8.3237443e-05	-5.162763e-07	-3.0969467e-06	-5.1153486e-07	-5.1668471e-08	-0.00038185916	6.464742e-05	0.0010623972	0.0010622501	-0.00013845175
0.126	1.126	0	0	0	1	0	0	0	0.98812984	1.1126342	0.0010801122	1.8407412e-06	-3.7001707e-06	1.5380995e-06	8.4625514e-05	-5.2472492e-07	-3.1276709e-06	-5.215047e-07	-5.4373089e-08	-0.00038822777	6.6789636e-05	0.001080118	0.0010799704	-0.00013663182
0.128	1.128	0	0	0	1	0	0	0	0.98791635	1.1143696	0.0010978404	1.8487152e-06	-3.7418429e-06	1.5402098e-06	8.6012647e-05	-5.3317258e-07	-3.1583634e-06	-5.3151676e-07	-5.7133536e-08	-0.00039459865	6.8967301e-05	0.0010978465	0.0010976985	-0.00013482889
0.13	1.13	0	0	0	1	0	0	0	0.98770186	1.1161031	0.0011155763	1.8563779e-06	-3.783587e-06	1.5420389e-06	8.7398815e-05	-5.4162118e-07	-3.1890337e-06	-5.4157338e-07	-5.9950469e-08	-0.00040097173	7.1180431e-05	0.0011155828	0.0011154344	-0.00013304214
0.132	1.132	0	0	0	1	0	0	0	0.98748631	1.1178345	0.0011333197	1.8637352e-06	-3.8254135e-06	1.5435938e-06	8.8783987e-05	-5.5007253e-07	-3.219691e-06	-5.5167688e-07	-6.2824587e-08	-0.00040734697	7.3429039e-05	0.0011333265	0.0011331778	-0.00013127076
0.134	1.134	0	0	0	1	0	0	0	0.98726967	1.1195638	0.0011510705	1.8707929e-06	-3.8673327e-06	1.544881e-06	9.0168135e-05	-5.5852838e-07	-3.2503447e-06	-5.6182949e-07	-6.5756626e-08	-0.0004137243	7.5713142e-05	0.0011510777	0.0011509286	-0.00012951394
0.136	1.136	0	0	0	1	0	0	0	0.98705188	1.1212909	0.0011688286	1.8775562e-06	-3.9093546e-06	1.5459071e-06	9.1551227e-05	-5.6699039e-07	-3.2810036e-06	-5.7203346e-07	-6.8747363e-08	-0.00042010369	7.8032753e-05	0.0011688361	0.0011686868	-0.00012777091
0.138	1.138	0	0	0	1	0	0	0	0.98683291	1.1230158	0.0011865938	1.8840303e-06	-3.9514891e-06	1.5466779e-06	9.2933234e-05	-5.7546012e-07	-3.3116764e-06	-5.8229096e-07	-7.1797617e-08	-0.00042648506	8.0387889e-05	0.0011866016	0.0011864521	-0.00012604091
0.14	1.14	0	0	0	1	0	0	0	0.98661268	1.1247385	0.0012043659	1.8902202e-06	-3.993746e-06	1.5471994e-06	9.4314121e-05	-5.8393908e-07	-3.3423719e-06	-5.9260415e-07	-7.4908246e-08	-0.00043286838	8.2778562e-05	0.0012043742	0.0012042245	-0.00012432319
0.142	1.142	0	0	0	1	0	0	0	0.98639116	1.1264587	0.001222145	1.8961304e-06	-4.0361348e-06	1.547477e-06	9.5693858e-05	-5.9242869e-07	-3.3730985e-06	-6.0297514e-07	-7.8080157e-08	-0.00043925358	8.5204787e-05	0.0012221536	0.0012220038	-0.00012261702
0.144	1.144	0	0	0	1	0	0	0	0.98616827	1.1281765	0.0012399308	1.9017655e-06	-4.0786647e-06	1.5475162e-06	9.7072408e-05	-6.0093029e-07	-3.4038643e-06	-6.1340602e-07	-8.1314296e-08	-0.00044564062	8.7666577e-05	0.0012399398	0.0012397899	-0.0001209217
0.146	1.146	0	0	0	1	0	0	0	0.98594395	1.1298918	0.0012577232	1.9071297e-06	-4.1213452e-06	1.547322e-06	9.8449737e-05	-6.0944514e-07	-3.4346777e-06	-6.2389884e-07	-8.4611659e-08	-0.00045202943	9.0163946e-05	0.0012577327	0.0012575827	-0.00011923654
0.148	1.148	0	0	0	1	0	0	0	0.98571813	1.1316044	0.0012755221	1.912227e-06	-4.1641852e-06	1.5468992e-06	9.9825807e-05	-6.1797444e-07	-3.4655465e-06	-6.3445564e-07	-8.7973287e-08	-0.00045841996	9.2696908e-05	0.001275532	0.0012753821	-0.00011756086
0.15	1.15	0	0	0	1	0	0	0	0.98549074	1.1333143	0.0012933273	1.9170612e-06	-4.2071937e-06	1.5462526e-06	0.00010120058	-6.2651927e-07	-3.4964785e-06	-6.4507841e-07	-9.1400269e-08	-0.00046481216	9.5265475e-05	0.0012933377	0.0012931879	-0.00011589402
0.152	1.152	0	0	0	1	0	0	0	0.9852617	1.1350215	0.0013111388	1.9216361e-06	-4.2503794e-06	1.5453867e-06	0.00010257401	-6.3508067e-07	-3.5274815e-06	-6.5576911e-07	-9.4893745e-08	-0.00047120597	9.7869659e-05	0.0013111497	0.0013109999	-0.00011423538
0.154	1.154	0	0	0	1	0	0	0	0.98503092	1.1367257	0.0013289564	1.925955e-06	-4.2937508e-06	1.5443057e-06	0.00010394607	-6.4365956e-07	-3.558563e-06	-6.6652967e-07	-9.8454904e-08	-0.00047760132	0.00010050947	0.0013289678	0.0013288182	-0.00011258433
0.156	1.156	0	0	0	1	0	0	0	0.98479832	1.1384269	0.0013467799	1.9300215e-06	-4.3373165e-06	1.5430138e-06	0.0001053167	-6.522568e-07	-3.5897304e-06	-6.77362e-07	-1.0208499e-07	-0.00048399817	0.00010318493	0.0013467918	0.0013466424	-0.00011094027
0.158	1.158	0	0	0	1	0	0	0	0.98456381	1.1401249	0.0013646092	1.9338385e-06	-4.3810847e-06	1.5415148e-06	0.00010668586	-6.6087314e-07	-3.6209908e-06	-6.8826796e-07	-1.057853e-07	-0.00049039644	0.00010589604	0.0013646217	0.0013644726	-0.00010930263
0.16	1.16	0	0	0	1	0	0	0	0.98432727	1.1418196	0.0013824443	1.9374091e-06	-4.4250635e-06	1.5398127e-06	0.0001080535	-6.6950924e-07	-3.6523513e-06	-6.9924936e-07	-1.0955718e-07	-0.00049679608	0.00010864282	0.0013824573	0.0013823085	-0.00010767085
0.162	1.162	0	0	0	1	0	0	0	0.9840886	1.1435109	0.0014002849	1.9407362e-06	-4.4692608e-06	1.5379109e-06	0.00010941958	-6.7816564e-07	-3.6838188e-06	-7.1030799e-07	-1.1340203e-07	-0.00050319701	0.00011142528	0.0014002985	0.00140015	-0.0001060444
0.164	1.164	0	0	0	1	0	0	0	0.98384768	1.1451987	0.0014181308	1.9438225e-06	-4.5136843e-06	1.535813e-06	0.00011078402	-6.8684282e-07	-3.7154e-06	-7.2144559e-07	-1.1732133e-07	-0.00050959918	0.00011424342	0.001418145	0.001417997	-0.00010442276
0.166	1.166	0	0	0	1	0	0	0	0.98360438	1.1468827	0.001435982	1.9466706e-06	-4.5583415e-06	1.5335223e-06	0.00011214678	-6.9554109e-07	-3.7471012e-06	-7.3266381e-07	-1.2131659e-07	-0.0005160025	0.00011709727	0.0014359969	0.0014358493	-0.00010280546
0.168	1.168	0	0	0	1	0	0	0	0.98335857	1.1485628	0.0014538383	1.9492829e-06	-4.6032396e-06	1.531042e-06	0.0001135078	-7.0426068e-07	-3.7789289e-06	-7.4396429e-07	-1.2538938e-07	-0.00052240691	0.00011998682	0.0014538538	0.0014537067	-0.00010119203
0.17	1.17	0	0	0	1	0	0	0	0.98311011	1.1502388	0.0014716995	1.9516617e-06	-4.6483857e-06	1.5283751e-06	0.000114867	-7.1300166e-07	-3.810889e-06	-7.5534855e-07	-1.2954134e-07	-0.00052881233	0.00012291209	0.0014717157	0.0014715692	-9.9582023e-05
0.172	1.172	0	0	0	1	0	0	0	0.98285884	1.1519106	0.0014895655	1.9538092e-06	-4.6937864e-06	1.5255245e-06	0.00011622433	-7.2176399e-07	-3.8429873e-06	-7.6681807e-07	-1.3377416e-07	-0.00053521868	0.0001258731	0.0014895824	0.0014894364	-9.7975049e-05
0.174	1.174	0	0	0	1	0	0	0	0.9826046	1.1535778	0.001507436	1.9557276e-06	-4.7394483e-06	1.5224932e-06	0.00011757971	-7.3054744e-07	-3.8752292e-06	-7.7837421e-07	-1.380896e-07	-0.00054162587	0.00012886984	0.0015074536	0.0015073084	-9.6370728e-05
0.176	1.176	0	0	0	1	0	0	0	0.98234719	1.1552403	0.0015253109	1.9574186e-06	-4.7853774e-06	1.5192836e-06	0.00011893305	-7.3935165e-07	-3.90762e-06	-7.9001824e-07	-1.4248946e-07	-0.00054803381	0.00013190233	0.0015253293	0.0015251848	-9.4768726e-05
0.178	1.178	0	0	0	1	0	0	0	0.98208643	1.1568978	0.00154319	1.9588843e-06	-4.8315794e-06	1.5158986e-06	0.00012028429	-7.4817605e-07	-3.9401643e-06	-8.017513e-07	-1.469756e-07	-0.00055444242	0.00013497058	0.0015432093	0.0015430655	-9.3168744e-05
0.18	1.18	0	0	0	1	0	0	0	0.98182212	1.1585501	0.001561073	1.9601263e-06	-4.8780597e-06	1.5123404e-06	0.00012163331	-7.5701991e-07	-3.9728667e-06	-8.135744e-07	-1.5154995e-07	-0.0005608516	0.00013807459	0.0015610932	0.0015609503	-9.1570531e-05
0.182	1.182	0	0	0	1	0	0	0	0.98155402	1.1601968	0.0015789599	1.9611463e-06	-4.9248231e-06	1.5086114e-06	0.00012298004	-7.6588226e-07	-4.0057311e-06	-8.2548839e-07	-1.5621446e-07	-0.00056726123	0.00014121438	0.001578981	0.0015788389	-8.9973886e-05
0.184	1.184	0	0	0	1	0	0	0	0.98128189	1.1618378	0.0015968503	1.9619457e-06	-4.9718739e-06	1.504714e-06	0.00012432437	-7.747619e-07	-4.038761e-06	-8.3749393e-07	-1.6097115e-07	-0.00057367122	0.00014438995	0.0015968723	0.0015967312	-8.8378665e-05
0.186	1.186	0	0	0	1	0	0	0	0.98100548	1.1634725	0.0016147439	1.9625261e-06	-5.019216e-06	1.5006504e-06	0.00012566619	-7.8365739e-07	-4.0719593e-06	-8.4959148e-07	-1.6582207e-07	-0.00058008144	0.0001476013	0.001614767	0.0016146269	-8.6784791e-05
0.188	1.188	0	0	0	1	0	0	0	0.98072449	1.1651007	0.0016326407	1.9628888e-06	-5.0668526e-06	1.4964225e-06	0.00012700538	-7.92567e-07	-4.1053283e-06	-8.6178126e-07	-1.7076932e-07	-0.00058649176	0.00015084845	0.0016326649	0.0016325258	-8.5192258e-05
0.19	1.19	0	0	0	1	0	0	0	0.98043864	1.166722	0.0016505402	1.963035e-06	-5.1147859e-06	1.4920325e-06	0.00012834182	-8.0148868e-07	-4.1388697e-06	-8.7406322e-07	-1.75815e-07	-0.00059290207	0.00015413141	0.0016505656	0.0016504276	-8.3601147e-05
0.192	1.192	0	0	0	1	0	0	0	0.98014758	1.1683359	0.0016684422	1.9629659e-06	-5.1630178e-06	1.4874822e-06	0.00012967536	-8.1042009e-07	-4.1725843e-06	-8.8643699e-07	-1.8096124e-07	-0.00059931221	0.00015745017	0.0016684688	0.001668332	-8.2011633e-05
0.194	1.194	0	0	0	1	0	0	0	0.97985096	1.1699421	0.0016863465	1.9626824e-06	-5.2115489e-06	1.4827736e-06	0.00013100588	-8.1935847e-07	-4.2064722e-06	-8.9890186e-07	-1.862102e-07	-0.00060572204	0.00016080473	0.0016863744	0.0016862387	-8.0424001e-05
0.196	1.196	0	0	0	1	0	0	0	0.97954841	1.1715399	0.0017042526	1.9621858e-06	-5.2603792e-06	1.4779084e-06	0.0001323332	-8.2830068e-07	-4.2405323e-06	-9.1145671e-07	-1.9156399e-07	-0.0006121314	0.00016419512	0.0017042819	0.0017041475	-7.883866e-05
0.198	1.198	0	0	0	1	0	0	0	0.9792395	1.1731289	0.0017221602	1.9614767e-06	-5.3095072e-06	1.4728883e-06	0.00013365716	-8.3724315e-07	-4.2747626e-06	-9.2409997e-07	-1.9702471e-07	-0.00061854012	0.00016762132	0.001722191	0.0017220579	-7.725616e-05
0.2	1.2	0	0	0	1	0	0	0	0.97892378	1.1747085	0.001740069	1.9605561e-06	-5.3589306e-06	1.4677151e-06	0.00013497759	-8.461818e-07	-4.30916e-06	-9.3682954e-07	-2.0259442e-07	-0.00062494801	0.00017108335	0.0017401014	0.0017399697	-7.5677211e-05
0.202	1.202	0	0	0	1	0	0	0	0.97860078	1.1762781	0.0017579786	1.9594248e-06	-5.4086454e-06	1.4623904e-06	0.00013629428	-8.5511203e-07	-4.3437198e-06	-9.4964275e-07	-2.0827509e-07	-0.00063135487	0.0001745812	0.0017580127	0.0017578824	-7.4102702e-05
0.204	1.204	0	0	0	1	0	0	0	0.97826997	1.177837	0.0017758886	1.9580833e-06	-5.4586465e-06	1.4569158e-06	0.00013760702	-8.6402866e-07	-4.3784359e-06	-9.6253628e-07	-2.1406862e-07	-0.00063776051	0.00017811488	0.0017759244	0.0017757956	-7.2533726e-05
0.206	1.206	0	0	0	1	0	0	0	0.97793079	1.1793845	0.0017937984	1.9565323e-06	-5.5089268e-06	1.4512929e-06	0.0001389156	-8.7292587e-07	-4.4133007e-06	-9.7550604e-07	-2.1997674e-07	-0.00064416469	0.00018168439	0.0017938362	0.0017937089	-7.0971602e-05
0.208	1.208	0	0	0	1	0	0	0	0.97758263	1.1809198	0.0018117078	1.9547724e-06	-5.5594777e-06	1.4455231e-06	0.00014021977	-8.8179718e-07	-4.4483045e-06	-9.8854713e-07	-2.2600104e-07	-0.00065056718	0.00018528972	0.0018117476	0.0018116219	-6.9417901e-05
0.21	1.21	0	0	0	1	0	0	0	0.97722483	1.182442	0.001829616	1.952804e-06	-5.6102885e-06	1.4396081e-06	0.00014151928	-8.9063533e-07	-4.483436e-06	-1.0016537e-06	-2.3214287e-07	-0.00065696771	0.00018893087	0.0018296581	0.001829534	-6.7874474e-05
0.212	1.212	0	0	0	1	0	0	0	0.97685669	1.1839503	0.0018475226	1.9506275e-06	-5.6613464e-06	1.4335493e-06	0.00014281384	-8.9943227e-07	-4.5186813e-06	-1.014819e-06	-2.3840332e-07	-0.00066336603	0.00019260785	0.0018475672	0.0018474446	-6.634348e-05
0.214	1.214	0	0	0	1	0	0	0	0.97647745	1.1854436	0.0018654271	1.9482434e-06	-5.7126363e-06	1.4273483e-06	0.00014410317	-9.0817909e-07	-4.5540243e-06	-1.0280349e-06	-2.4478316e-07	-0.00066976183	0.00019632065	0.0018654743	0.0018653533	-6.4827408e-05
0.216	1.216	0	0	0	1	0	0	0	0.97608631	1.186921	0.0018833288	1.9456519e-06	-5.7641406e-06	1.4210066e-06	0.00014538693	-9.1686594e-07	-4.5894463e-06	-1.0412921e-06	-2.5128278e-07	-0.00067615481	0.00020006927	0.0018833787	0.0018832594	-6.3329105e-05
0.218	1.218	0	0	0	1	0	0	0	0.9756824	1.1883812	0.001901227	1.9428532e-06	-5.8158389e-06	1.4145257e-06	0.00014666481	-9.2548201e-07	-4.6249256e-06	-1.0545802e-06	-2.579021e-07	-0.00068254463	0.00020385369	0.0019012799	0.0019011624	-6.1851799e-05
0.22	1.22	0	0	0	1	0	0	0	0.97526479	1.189823	0.0019191211	1.9398477e-06	-5.8677082e-06	1.4079073e-06	0.00014793644	-9.3401543e-07	-4.6604379e-06	-1.0678868e-06	-2.6464051e-07	-0.00068893095	0.00020767392	0.0019191773	0.0019190614	-6.0399111e-05
0.222	1.222	0	0	0	1	0	0	0	0.9748325	1.1912453	0.0019370103	1.9366353e-06	-5.9197224e-06	1.4011528e-06	0.00014920145	-9.4245326e-07	-4.6959551e-06	-1.0811982e-06	-2.7149678e-07	-0.0006953134	0.00021152994	0.00193707	0.0019369558	-5.8975064e-05
0.224	1.224	0	0	0	1	0	0	0	0.9743845	1.1926466	0.0019548938	1.9332163e-06	-5.9718522e-06	1.394264e-06	0.00015045943	-9.5078144e-07	-4.7314463e-06	-1.094499e-06	-2.7846898e-07	-0.0007016916	0.00021542174	0.0019549574	0.0019548448	-5.7584082e-05
0.226	1.226	0	0	0	1	0	0	0	0.9739197	1.1940256	0.0019727709	1.9295907e-06	-6.0240651e-06	1.3872426e-06	0.00015170998	-9.5898476e-07	-4.7668767e-06	-1.1077717e-06	-2.8555438e-07	-0.00070806513	0.00021934931	0.0019728386	0.0019727277	-5.6230973e-05
0.228	1.228	0	0	0	1	0	0	0	0.97343694	1.1953806	0.0019906408	1.9257585e-06	-6.0763255e-06	1.3800903e-06	0.00015295267	-9.6704686e-07	-4.8022081e-06	-1.1209972e-06	-2.9274936e-07	-0.00071443357	0.00022331265	0.0019907129	0.0019906035	-5.4920894e-05
0.23	1.23	0	0	0	1	0	0	0	0.97293505	1.1967101	0.0020085025	1.9217197e-06	-6.1285944e-06	1.372809e-06	0.00015418703	-9.7495026e-07	-4.8373987e-06	-1.1341541e-06	-3.0004931e-07	-0.00072079649	0.00022731173	0.0020085793	0.0020084715	-5.3659297e-05
0.232	1.232	0	0	0	1	0	0	0	0.97241279	1.1980126	0.0020263552	1.9174742e-06	-6.1808299e-06	1.3654005e-06	0.00015541263	-9.8267639e-07	-4.8724031e-06	-1.147219e-06	-3.0744858e-07	-0.00072715345	0.00023134654	0.0020264371	0.0020263308	-5.2451853e-05
0.234	1.234	0	0	0	1	0	0	0	0.97186891	1.1992862	0.0020441979	1.9130219e-06	-6.2329869e-06	1.3578668e-06	0.00015662899	-9.9020564e-07	-4.9071723e-06	-1.1601668e-06	-3.1494035e-07	-0.00073350398	0.00023541705	0.0020442853	0.0020441805	-5.1304346e-05
0.236	1.236	0	0	0	1	0	0	0	0.97130213	1.2005294	0.0020620297	1.9083626e-06	-6.2850177e-06	1.3502099e-06	0.00015783564	-9.9751753e-07	-4.9416545e-06	-1.1729701e-06	-3.2251663e-07	-0.00073984762	0.00023952326	0.0020621231	0.0020620195	-5.0222547e-05
0.238	1.238	0	0	0	1	0	0	0	0.97071118	1.2017404	0.0020798498	1.9034959e-06	-6.3368723e-06	1.3424318e-06	0.00015903213	-1.0045908e-06	-4.9757948e-06	-1.1855998e-06	-3.3016817e-07	-0.00074618392	0.00024366513	0.0020799495	0.0020798471	-4.9212054e-05
0.24	1.24	0	0	0	1	0	0	0	0.97009478	1.2029175	0.0020976572	1.8984217e-06	-6.3884991e-06	1.3345347e-06	0.000160218	-1.0114036e-06	-5.0095359e-06	-1.1980251e-06	-3.3788448e-07	-0.00075251244	0.00024784265	0.0020977636	0.0020976623	-4.827812e-05
0.242	1.242	0	0	0	1	0	0	0	0.96945172	1.204059	0.002115451	1.8931394e-06	-6.439845e-06	1.3265205e-06	0.00016139281	-1.0179337e-06	-5.0428191e-06	-1.2102137e-06	-3.4565387e-07	-0.00075883273	0.00025205578	0.0021155646	0.0021154642	-4.7425454e-05
0.244	1.244	0	0	0	1	0	0	0	0.9687808	1.2051633	0.0021332304	1.8876486e-06	-6.4908568e-06	1.3183915e-06	0.00016255616	-1.0241588e-06	-5.0755845e-06	-1.2221323e-06	-3.5346345e-07	-0.00076514438	0.0002563045	0.0021333516	0.002133252	-4.6658021e-05
0.246	1.246	0	0	0	1	0	0	0	0.96808092	1.2062288	0.0021509947	1.8819485e-06	-6.5414813e-06	1.3101495e-06	0.00016370767	-1.0300569e-06	-5.107772e-06	-1.2337469e-06	-3.6129931e-07	-0.00077144702	0.00026058879	0.0021511238	0.0021510249	-4.5978839e-05
0.248	1.248	0	0	0	1	0	0	0	0.96735107	1.2072541	0.002168743	1.8760384e-06	-6.5916668e-06	1.3017965e-06	0.00016484702	-1.0356062e-06	-5.1393225e-06	-1.245023e-06	-3.6914658e-07	-0.00077774029	0.0002649086	0.0021688806	0.0021687821	-4.5389799e-05
0.25	1.25	0	0	0	1	0	0	0	0.96659035	1.2082379	0.0021864748	1.8699175e-06	-6.6413636e-06	1.2933343e-06	0.00016597391	-1.0407859e-06	-5.1701787e-06	-1.2559264e-06	-3.7698969e-07	-0.00078402391	0.00026926392	0.0021866212	0.002186523	-4.4891504e-05
0.252	1.252	0	0	0	1	0	0	0	0.96579799	1.2091791	0.0022041896	1.8635845e-06	-6.6905249e-06	1.2847644e-06	0.00016708814	-1.0455762e-06	-5.2002861e-06	-1.2664238e-06	-3.8481255e-07	-0.00079029763	0.00027365469	0.0022043451	0.0022042471	-4.4483157e-05
0.254	1.254	0	0	0	1	0	0	0	0.96497339	1.2100766	0.0022218868	1.8570382e-06	-6.7391082e-06	1.2760884e-06	0.00016818953	-1.0499588e-06	-5.2295938e-06	-1.2764828e-06	-3.9259881e-07	-0.00079656126	0.0002780809	0.0022220519	0.0022219538	-4.4162498e-05
0.256	1.256	0	0	0	1	0	0	0	0.96411609	1.2109298	0.0022395663	1.850277e-06	-6.7870751e-06	1.2673073e-06	0.000169278	-1.0539169e-06	-5.2580559e-06	-1.2860729e-06	-4.0033211e-07	-0.00080281466	0.00028254251	0.0022397412	0.0022396428	-4.3925798e-05
0.258	1.258	0	0	0	1	0	0	0	0.96322582	1.2117381	0.0022572278	1.8432993e-06	-6.834393e-06	1.258422e-06	0.00017035353	-1.0574356e-06	-5.285632e-06	-1.2951657e-06	-4.0799641e-07	-0.00080905778	0.00028703948	0.0022574128	0.002257314	-4.3767924e-05
0.26	1.26	0	0	0	1	0	0	0	0.96230247	1.2125011	0.0022748713	1.836103e-06	-6.881035e-06	1.2494329e-06	0.00017141616	-1.060502e-06	-5.3122879e-06	-1.3037354e-06	-4.155762e-07	-0.00081529062	0.00029157177	0.0022750666	0.0022749672	-4.3682453e-05
0.262	1.262	0	0	0	1	0	0	0	0.96134613	1.2132188	0.0022924968	1.8286858e-06	-6.9269801e-06	1.2403402e-06	0.00017246603	-1.0631053e-06	-5.3379958e-06	-1.3117592e-06	-4.2305682e-07	-0.00082151325	0.00029613934	0.0022927025	0.0022926024	-4.3661851e-05
0.264	1.264	0	0	0	1	0	0	0	0.96035704	1.2138913	0.0023101045	1.8210453e-06	-6.9722139e-06	1.2311436e-06	0.00017350331	-1.0652368e-06	-5.3627353e-06	-1.3192173e-06	-4.3042462e-07	-0.00082772579	0.00030074218	0.0023103208	0.0023102199	-4.3697682e-05
0.266	1.266	0	0	0	1	0	0	0	0.9593356	1.2145189	0.0023276947	1.8131787e-06	-7.0167283e-06	1.2218424e-06	0.00017452827	-1.0668898e-06	-5.3864925e-06	-1.3260932e-06	-4.3766721e-07	-0.00083392842	0.00030538022	0.0023279217	0.0023278198	-4.3780855e-05
0.268	1.268	0	0	0	1	0	0	0	0.95828238	1.2151021	0.0023452678	1.8050828e-06	-7.060521e-06	1.2124355e-06	0.00017554121	-1.0680596e-06	-5.4092609e-06	-1.3323739e-06	-4.4477359e-07	-0.0008401214	0.00031005345	0.0023455054	0.0023454025	-4.3901879e-05
0.27	1.27	0	0	0	1	0	0	0	0.95719804	1.2156415	0.0023628242	1.7967543e-06	-7.1035957e-06	1.2029215e-06	0.00017654248	-1.0687433e-06	-5.4310403e-06	-1.3380495e-06	-4.5173424e-07	-0.00084630499	0.00031476183	0.0023630726	0.0023629685	-4.4051116e-05
0.272	1.272	0	0	0	1	0	0	0	0.95608341	1.2161381	0.0023803646	1.7881896e-06	-7.1459613e-06	1.1932984e-06	0.00017753249	-1.0689397e-06	-5.4518368e-06	-1.3431131e-06	-4.5854119e-07	-0.00085247953	0.00031950533	0.0023806236	0.0023805183	-4.4219019e-05
0.274	1.274	0	0	0	1	0	0	0	0.95493936	1.2165927	0.0023978896	1.7793845e-06	-7.1876314e-06	1.1835639e-06	0.00017851167	-1.068649e-06	-5.471662e-06	-1.347561e-06	-4.6518803e-07	-0.00085864536	0.00032428391	0.002398159	0.0023980525	-4.4396342e-05
0.276	1.276	0	0	0	1	0	0	0	0.95376687	1.2170065	0.0024153998	1.770335e-06	-7.2286239e-06	1.1737152e-06	0.00017948048	-1.0678725e-06	-5.4905328e-06	-1.3513919e-06	-4.7166985e-07	-0.00086480285	0.00032909754	0.0024156795	0.0024155718	-4.4574319e-05
0.278	1.278	0	0	0	1	0	0	0	0.95256695	1.2173806	0.0024328959	1.7610364e-06	-7.26896e-06	1.1637494e-06	0.00018043939	-1.0666125e-06	-5.5084702e-06	-1.3546071e-06	-4.7798325e-07	-0.00087095242	0.00033394619	0.0024331858	0.0024330769	-4.4744805e-05
0.28	1.28	0	0	0	1	0	0	0	0.95134069	1.2177161	0.0024503786	1.7514839e-06	-7.3086642e-06	1.1536631e-06	0.0001813889	-1.0648721e-06	-5.525499e-06	-1.3572097e-06	-4.8412619e-07	-0.00087709445	0.00033882985	0.0024506785	0.0024505685	-4.4900377e-05
0.282	1.282	0	0	0	1	0	0	0	0.95008915	1.2180143	0.0024678487	1.7416725e-06	-7.3477628e-06	1.1434525e-06	0.00018232949	-1.0626548e-06	-5.5416471e-06	-1.3592046e-06	-4.9009789e-07	-0.00088322936	0.00034374847	0.0024681584	0.0024680472	-4.50344e-05
0.284	1.284	0	0	0	1	0	0	0	0.94881343	1.2182764	0.0024853069	1.7315967e-06	-7.3862844e-06	1.1331136e-06	0.00018326166	-1.0599644e-06	-5.5569446e-06	-1.3605983e-06	-4.9589875e-07	-0.00088935756	0.00034870204	0.0024856261	0.0024855139	-4.5141061e-05
0.286	1.286	0	0	0	1	0	0	0	0.94751463	1.2185038	0.002502754	1.7212508e-06	-7.4242586e-06	1.1226422e-06	0.0001841859	-1.0568048e-06	-5.5714236e-06	-1.3613981e-06	-5.0153019e-07	-0.00089547945	0.00035369052	0.0025030824	0.0025029693	-4.521537e-05
0.288	1.288	0	0	0	1	0	0	0	0.94619383	1.2186977	0.0025201906	1.7106288e-06	-7.4617159e-06	1.1120335e-06	0.00018510268	-1.0531798e-06	-5.5851174e-06	-1.3616123e-06	-5.0699453e-07	-0.00090159542	0.00035871391	0.002520528	0.002520414	-4.5253148e-05
0.29	1.29	0	0	0	1	0	0	0	0.94485207	1.2188592	0.0025376174	1.6997246e-06	-7.4986872e-06	1.1012829e-06	0.00018601245	-1.0490929e-06	-5.5980602e-06	-1.3612497e-06	-5.1229486e-07	-0.00090770585	0.00036377218	0.0025379636	0.0025378488	-4.5250986e-05
0.292	1.292	0	0	0	1	0	0	0	0.94349038	1.2189896	0.0025550351	1.6885314e-06	-7.5352036e-06	1.0903853e-06	0.00018691568	-1.0445474e-06	-5.6102864e-06	-1.3603193e-06	-5.1743496e-07	-0.00091381111	0.00036886531	0.0025553898	0.0025552743	-4.5206203e-05
0.294	1.294	0	0	0	1	0	0	0	0.94210976	1.21909	0.0025724443	1.6770424e-06	-7.571296e-06	1.0793353e-06	0.00018781279	-1.039546e-06	-5.6218306e-06	-1.3588303e-06	-5.2241912e-07	-0.00091991156	0.00037399328	0.0025728073	0.0025726912	-4.5116786e-05
0.296	1.296	0	0	0	1	0	0	0	0.94071116	1.2191617	0.0025898456	1.6652505e-06	-7.606995e-06	1.0681275e-06	0.00018870419	-1.034091e-06	-5.6327273e-06	-1.3567919e-06	-5.2725212e-07	-0.00092600752	0.00037915607	0.0025902166	0.0025901001	-4.4981336e-05
0.298	1.298	0	0	0	1	0	0	0	0.93929548	1.2192055	0.0026072396	1.6531481e-06	-7.6423306e-06	1.056756e-06	0.00018959028	-1.0281839e-06	-5.6430103e-06	-1.3542129e-06	-5.3193905e-07	-0.00093209931	0.00038435368	0.0026076183	0.0026075014	-4.4799004e-05
0.3	1.3	0	0	0	1	0	0	0	0.9378636	1.2192227	0.0026246267	1.6407273e-06	-7.6773323e-06	1.0452149e-06	0.00019047142	-1.0218255e-06	-5.6527129e-06	-1.3511018e-06	-5.3648532e-07	-0.00093818722	0.00038958608	inf	inf	inf
