lambda	F11	F12	F13	F21	F22	F23	F31	F32	F33	J	P11	P12	P13	P21	P22	P23	P31	P32	P33	p	StrEn	t(1)	t(2)	d
0	1	0	0	0	1	0	0	0	1	1	0	0	0	0	0	0	0	0	0	-0	0	inf	inf	inf
0.002	1.002	0	0	0	0.99938491	0	0	0	0.99937578	1.0007586	1.2506793e-05	9.0272002e-08	4.8385581e-08	8.3008359e-08	-5.3591638e-09	2.8228247e-08	3.8276256e-08	3.3316586e-08	-8.3290665e-10	-4.166867e-06	1.245174e-08	1.250872e-05	1.2520177e-05	0.00091508172
0.004	1.004	0	0	0	0.99875764	0	0	0	0.99873879	1.001488	2.5186572e-05	1.7438893e-07	9.7071804e-08	1.5977257e-07	-1.0371458e-08	5.557719e-08	7.3037165e-08	6.4521975e-08	-2.3543849e-09	-8.3912822e-06	5.0080709e-08	2.5190624e-05	2.5168444e-05	-0.00088126152
0.006	1.006	0	0	0	0.99811544	0	0	0	0.99808407	1.0021803	3.7932885e-05	2.5795055e-07	1.4410785e-07	2.3583103e-07	-1.516942e-08	8.3932531e-08	1.0429051e-07	9.5792091e-08	-4.5651436e-09	-1.2637717e-05	1.1312552e-07	3.7939357e-05	3.7886361e-05	-0.0013988174
0.008	1.008	0	0	0	0.99745271	0	0	0	0.99740435	1.0028226	5.0651054e-05	3.4106408e-07	1.883164e-07	3.1127795e-07	-1.9756146e-08	1.1602729e-07	1.3162836e-07	1.2988883e-07	-7.3831339e-09	-1.6874638e-05	2.0162615e-07	5.0660292e-05	5.0580977e-05	-0.0015680745
0.01	1.01	0	0	0	0.99676493	0	0	0	0.9966931	1.0034034	6.3268857e-05	4.2304427e-07	2.2936288e-07	3.8548701e-07	-2.4049039e-08	1.5366401e-07	1.5529365e-07	1.6859042e-07	-1.0511787e-08	-2.1078099e-05	3.1544942e-07	6.3281092e-05	6.3185433e-05	-0.0015139359
0.012	1.012	0	0	0	0.9960536	0	0	0	0.99594939	1.0039232	7.5769181e-05	5.0377009e-07	2.6764223e-07	4.5840512e-07	-2.7974993e-08	1.9579322e-07	1.7620435e-07	2.1088499e-07	-1.3548855e-08	-2.5242552e-05	4.5436789e-07	7.5784388e-05	7.5679489e-05	-0.001386103
0.014	1.014	0	0	0	0.99532497	0	0	0	0.99517657	1.0043914	8.8177018e-05	5.8372135e-07	3.0378618e-07	5.3051023e-07	-3.1542411e-08	2.3984095e-07	1.953076e-07	2.5429279e-07	-1.6239662e-08	-2.9376412e-05	6.1816738e-07	8.8194979e-05	8.808053e-05	-0.0012993649
0.016	1.016	0	0	0	0.99458543	0	0	0	0.9943771	1.0048169	0.00010051836	6.6344359e-07	3.38261e-07	6.0228624e-07	-3.4809944e-08	2.8382541e-07	2.131817e-07	2.9691925e-07	-1.8508193e-08	-3.3488348e-05	8.0669001e-07	0.00010053881	0.00010041173	-0.0012655813
0.018	1.018	0	0	0	0.9938398	0	0	0	0.99355024	1.0052035	0.0001128025	7.4331004e-07	3.7129936e-07	6.7402645e-07	-3.7839892e-08	3.2667482e-07	2.3008476e-07	3.3775968e-07	-2.0351871e-08	-3.7581435e-05	1.0198143e-06	0.0001128252	0.00011268258	-0.0012657225
0.02	1.02	0	0	0	0.99309171	0	0	0	0.99269185	1.0055507	0.00012502177	8.2352737e-07	4.0293123e-07	7.4586134e-07	-4.0681025e-08	3.6778352e-07	2.4606237e-07	3.7627566e-07	-2.1773518e-08	-4.1653106e-05	1.2574203e-06	0.00012504654	0.00012488596	-0.0012858059
0.022	1.022	0	0	0	0.99234413	0	0	0	0.99179455	1.0058539	0.00013715396	9.0416757e-07	4.3298828e-07	8.1780034e-07	-4.3365019e-08	4.0664459e-07	2.609833e-07	4.1205044e-07	-2.2760307e-08	-4.5695945e-05	1.5193582e-06	0.00013718063	0.00013700013	-0.0013175388
0.024	1.024	0	0	0	0.99159933	0	0	0	0.99084839	1.0061052	0.00014916405	9.8516159e-07	4.6108754e-07	8.8973682e-07	-4.5902228e-08	4.4266173e-07	2.7453264e-07	4.4461363e-07	-2.3286575e-08	-4.9698286e-05	1.8054208e-06	0.00014919247	0.00014899084	-0.0013532547
0.026	1.026	0	0	0	0.9908579	0	0	0	0.9898426	1.006294	0.00016100726	1.0662483e-06	4.8663853e-07	9.6141824e-07	-4.827e-08	4.7513e-07	2.8621509e-07	4.734105e-07	-2.3331495e-08	-5.3645218e-05	2.1153215e-06	0.00016103728	0.00016081483	-0.0013832374
0.028	1.028	0	0	0	0.99011605	0	0	0	0.98876981	1.0064088	0.000172635	1.1468749e-06	5.0891935e-07	1.0323822e-06	-5.03902e-08	5.034201e-07	2.9541574e-07	4.9793444e-07	-2.2906566e-08	-5.7520567e-05	2.4486801e-06	0.00017266651	0.00017242544	-0.001398132
0.03	1.03	0	0	0	0.98936109	0	0	0	0.98763229	1.0064387	0.00018400181	1.2260323e-06	5.2721124e-07	1.101838e-06	-5.210131e-08	5.2735965e-07	3.0151869e-07	5.1802674e-07	-2.2079829e-08	-6.1309209e-05	2.8050233e-06	0.00018403481	0.00018377863	-0.0013939156
0.032	1.032	0	0	0	0.98856683	0	0	0	0.98644729	1.0063745	0.00019506822	1.3020592e-06	5.4090928e-07	1.1684914e-06	-5.3159075e-08	5.4761581e-07	3.0401424e-07	5.3422245e-07	-2.0979592e-08	-6.4998029e-05	3.1837947e-06	0.00019510287	0.00019483651	-0.0013671017
0.034	1.034	0	0	0	0.98769639	0	0	0	0.98524529	1.0062094	0.00020580496	1.3727916e-06	5.4962844e-07	1.2305847e-06	-5.3347646e-08	5.6563897e-07	3.0259101e-07	5.4781461e-07	-1.9770626e-08	-6.8577281e-05	3.5843693e-06	0.00020584138	0.00020557369	-0.0013021643
0.036	1.036	0	0	0	0.98672277	0	0	0	0.98405478	1.0059449	0.00021621539	1.4367143e-06	5.5348947e-07	1.286748e-06	-5.2705911e-08	5.8280076e-07	2.9734731e-07	5.6023209e-07	-1.8602317e-08	-7.2048026e-05	4.0060894e-06	0.00021625333	0.00021599516	-0.0011952356
0.038	1.038	0	0	0	0.98565016	0	0	0	0.98288515	1.0055946	0.00022635361	1.4942098e-06	5.5330107e-07	1.3370978e-06	-5.1565661e-08	5.9948292e-07	2.8892188e-07	5.7214878e-07	-1.7554496e-08	-7.5428163e-05	4.4483499e-06	0.00022639241	0.00022614765	-0.0010823198
0.04	1.04	0	0	0	0.98450438	0	0	0	0.9817296	1.0051778	0.00023629704	1.5469777e-06	5.5016246e-07	1.3829239e-06	-5.0286851e-08	6.1530993e-07	2.7818543e-07	5.8346246e-07	-1.6638835e-08	-7.8743371e-05	4.91068e-06	0.00023633604	0.00023610115	-0.0009948714
0.042	1.042	0	0	0	0.98331117	0	0	0	0.98057825	1.0047105	0.00024611066	1.5967117e-06	5.4499356e-07	1.4256251e-06	-4.9082409e-08	6.2984388e-07	2.6587454e-07	5.9385612e-07	-1.5839298e-08	-8.2015244e-05	5.3927545e-06	0.00024614943	0.00024591944	-0.00093523344
0.044	1.044	0	0	0	0.98208819	0	0	0	0.97942413	1.0042036	0.00025583816	1.6445956e-06	5.3842596e-07	1.4662314e-06	-4.8038297e-08	6.4284709e-07	2.5250255e-07	6.0310312e-07	-1.5137995e-08	-8.5258329e-05	5.8943578e-06	0.00025587653	0.00025564775	-0.00089490627
0.046	1.046	0	0	0	0.98084603	0	0	0	0.97826339	1.0036639	0.00026550723	1.691367e-06	5.3087463e-07	1.5054128e-06	-4.7175022e-08	6.5425159e-07	2.3841252e-07	6.1109988e-07	-1.4521581e-08	-8.8481845e-05	6.4153455e-06	0.00026554514	0.00026531525	-0.00086651085
0.048	1.048	0	0	0	0.97959091	0	0	0	0.97709416	1.0030959	0.00027513558	1.7374768e-06	5.226184e-07	1.5435951e-06	-4.6485979e-08	6.6408457e-07	2.238389e-07	6.1782556e-07	-1.3980764e-08	-9.1691703e-05	6.9556188e-06	0.00027517306	0.00027494061	-0.00084546225
0.05	1.05	0	0	0	0.97832644	0	0	0	0.97591569	1.0025023	0.00028473493	1.7832048e-06	5.1385268e-07	1.5810518e-06	-4.5955196e-08	6.7241768e-07	2.0894846e-07	6.2330499e-07	-1.3508878e-08	-9.4891823e-05	7.515108e-06	0.00028477206	0.00028453615	-0.00082909954
0.052	1.052	0	0	0	0.97705477	0	0	0	0.97472785	1.0018853	0.00029431339	1.8287292e-06	5.0472036e-07	1.6179638e-06	-4.5564692e-08	6.7933938e-07	1.9386466e-07	6.2758537e-07	-1.3100817e-08	-9.8084908e-05	8.0937634e-06	0.00029435024	0.00029411029	-0.0008158633
0.054	1.054	0	0	0	0.9757772	0	0	0	0.97353074	1.0012464	0.00030387672	1.8741672e-06	4.9532986e-07	1.6544535e-06	-4.5297302e-08	6.8494119e-07	1.7868197e-07	6.3072329e-07	-1.2752413e-08	-0.00010127289	8.6915491e-06	0.00030391338	0.00030366898	-0.00080480698
0.056	1.056	0	0	0	0.97449449	0	0	0	0.97232465	1.0005864	0.00031342918	1.9195978e-06	4.8576603e-07	1.6906061e-06	-4.5137612e-08	6.893111e-07	1.6347469e-07	6.3277766e-07	-1.2460077e-08	-0.00010445719	9.3084393e-06	0.00031346572	0.00031321661	-0.00079533175
0.058	1.058	0	0	0	0.97320713	0	0	0	0.97110988	0.99990634	0.00032297398	1.9650756e-06	4.7609696e-07	1.7264824e-06	-4.5072135e-08	6.9253082e-07	1.483025e-07	6.3380614e-07	-1.2220606e-08	-0.00010763889	9.9444156e-06	0.00032301049	0.00032275646	-0.00078704314
0.06	1.06	0	0	0	0.97191538	0	0	0	0.96988676	0.99920673	0.00033251358	2.0106393e-06	4.663784e-07	1.7621265e-06	-4.508919e-08	6.9467486e-07	1.3321413e-07	6.338633e-07	-1.2031082e-08	-0.00011081882	1.0599465e-05	0.00033255013	0.00033229106	-0.0007796715
0.062	1.062	0	0	0	0.97061941	0	0	0	0.9686556	0.99848808	0.00034204994	2.0563169e-06	4.5665678e-07	1.7975711e-06	-4.5178689e-08	6.9581049e-07	1.1824994e-07	6.329999e-07	-1.1888806e-08	-0.00011399763	1.127358e-05	0.00034208661	0.00034182237	-0.0007730264
0.064	1.064	0	0	0	0.9693193	0	0	0	0.96741669	0.99775075	0.00035158461	2.1021292e-06	4.4697127e-07	1.8328411e-06	-4.5331916e-08	6.9599817e-07	1.0344365e-07	6.3126267e-07	-1.1791265e-08	-0.00011717583	1.1966755e-05	0.00035162145	0.00035135197	-0.00076696938
0.066	1.066	0	0	0	0.96801509	0	0	0	0.96617027	0.99699504	0.00036111883	2.1480915e-06	4.3735535e-07	1.8679552e-06	-4.5541318e-08	6.9529211e-07	8.8823692e-08	6.2869436e-07	-1.1736109e-08	-0.00012035385	1.2678988e-05	0.00036115591	0.00036088114	-0.0007613973
0.068	1.068	0	0	0	0.96670676	0	0	0	0.96491659	0.99622121	0.00037065363	2.1942161e-06	4.2783785e-07	1.9029281e-06	-4.5800323e-08	6.9374088e-07	7.4414166e-08	6.2533395e-07	-1.1721135e-08	-0.00012353204	1.3410279e-05	0.000370691	0.00037041089	-0.00075623155
0.07	1.07	0	0	0	0.96539432	0	0	0	0.96365583	0.99542942	0.00038018984	2.2405122e-06	4.184438e-07	1.9377716e-06	-4.6103194e-08	6.9138801e-07	6.0235578e-08	6.2121694e-07	-1.1744278e-08	-0.00012671067	1.4160631e-05	0.00038022757	0.00037994208	-0.00075141109
0.072	1.072	0	0	0	0.96407773	0	0	0	0.96238819	0.99461984	0.00038972817	2.2869876e-06	4.0919507e-07	1.9724947e-06	-4.6444896e-08	6.8827256e-07	4.6305416e-08	6.1637559e-07	-1.1803594e-08	-0.00012988998	1.4930048e-05	0.0003897663	0.0003894754	-0.00074688774
0.074	1.074	0	0	0	0.96275694	0	0	0	0.96111382	0.9937926	0.00039926921	2.3336485e-06	4.0011083e-07	2.0071049e-06	-4.6820993e-08	6.8442956e-07	3.26386e-08	6.1083925e-07	-1.1897261e-08	-0.00013307016	1.5718533e-05	0.00039930778	0.00039901147	-0.00074262284
0.076	1.076	0	0	0	0.96143191	0	0	0	0.95983284	0.99294778	0.00040881344	2.3805002e-06	3.9120797e-07	2.0416085e-06	-4.7227561e-08	6.7989052e-07	1.9247839e-08	6.046346e-07	-1.2023564e-08	-0.0001362514	1.6526093e-05	0.0004088525	0.00040855075	-0.00073858498
0.078	1.078	0	0	0	0.96010259	0	0	0	0.95854539	0.99208546	0.00041836128	2.4275473e-06	3.8250137e-07	2.0760106e-06	-4.7661116e-08	6.7468374e-07	6.143921e-09	5.977859e-07	-1.2180892e-08	-0.00013943381	1.7352736e-05	0.00041840087	0.00041809368	-0.00073474833
0.08	1.08	0	0	0	0.95876894	0	0	0	0.95725155	0.9912057	0.00042791309	2.4747941e-06	3.7400416e-07	2.1103155e-06	-4.8118547e-08	6.6883467e-07	-6.664055e-09	5.9031518e-07	-1.2367729e-08	-0.00014261754	1.8198468e-05	0.00042795325	0.00042764061	-0.00073109141
0.082	1.082	0	0	0	0.95743091	0	0	0	0.95595142	0.99030855	0.00043746918	2.5222443e-06	3.6572792e-07	2.1445268e-06	-4.8597075e-08	6.6236622e-07	-1.9168487e-08	5.8224251e-07	-1.258265e-08	-0.00014580267	1.9063298e-05	0.00043750994	0.00043719184	-0.00072759617
0.084	1.084	0	0	0	0.95608843	0	0	0	0.95464508	0.98939403	0.00044702979	2.5699016e-06	3.5768281e-07	2.178648e-06	-4.9094203e-08	6.5529897e-07	-3.1363111e-08	5.7358607e-07	-1.2824312e-08	-0.00014898929	1.9947235e-05	0.0004470712	0.00044674764	-0.00072424733
0.086	1.086	0	0	0	0.95474147	0	0	0	0.95333258	0.98846216	0.00045659517	2.6177694e-06	3.4987774e-07	2.212682e-06	-4.9607682e-08	6.4765141e-07	-4.324287e-08	5.6436241e-07	-1.3091454e-08	-0.00015217749	2.0850289e-05	0.00045663725	0.00045630823	-0.00072103182
0.088	1.088	0	0	0	0.95338997	0	0	0	0.95201398	0.98751295	0.00046616549	2.6658511e-06	3.4232047e-07	2.2466313e-06	-5.0135481e-08	6.3944009e-07	-5.4803803e-08	5.545865e-07	-1.3382886e-08	-0.00015536732	2.1772468e-05	0.00046620827	0.0004658738	-0.00071793839
0.09	1.09	0	0	0	0.95203388	0	0	0	0.95068933	0.98654641	0.00047574093	2.7141502e-06	3.3501764e-07	2.2804985e-06	-5.0675762e-08	6.3067983e-07	-6.6042954e-08	5.442719e-07	-1.3697487e-08	-0.00015855885	2.2713784e-05	0.00047578444	0.00047544452	-0.00071495728
0.092	1.092	0	0	0	0.95067315	0	0	0	0.94935866	0.98556252	0.00048532164	2.7626701e-06	3.2797494e-07	2.3142858e-06	-5.1226854e-08	6.2138383e-07	-7.6958293e-08	5.3343084e-07	-1.4034202e-08	-0.00016175213	2.3674246e-05	0.00048536591	0.00048502054	-0.00071207998
0.094	1.094	0	0	0	0.94930773	0	0	0	0.948022	0.98456129	0.00049490773	2.8114142e-06	3.2119708e-07	2.3479956e-06	-5.1787239e-08	6.1156379e-07	-8.7548647e-08	5.2207433e-07	-1.4392036e-08	-0.00016494718	2.4653866e-05	0.00049495279	0.00049460197	-0.00070929901
0.096	1.096	0	0	0	0.94793757	0	0	0	0.94667938	0.98354267	0.00050449932	2.8603863e-06	3.146879e-07	2.3816299e-06	-5.235553e-08	6.0122998e-07	-9.7813651e-08	5.1021221e-07	-1.4770051e-08	-0.00016814407	2.5652654e-05	0.00050454519	0.00050418893	-0.00070660776
0.098	1.098	0	0	0	0.94656262	0	0	0	0.94533082	0.98250667	0.00051409651	2.9095901e-06	3.0845038e-07	2.415191e-06	-5.2930462e-08	5.9039137e-07	-1.0775369e-07	4.9785322e-07	-1.5167362e-08	-0.0001713428	2.6670622e-05	0.00051414321	0.00051378151	-0.00070400037
0.1	1.1	0	0	0	0.94518283	0	0	0	0.94397633	0.98145324	0.00052369937	2.9590294e-06	3.0248667e-07	2.448681e-06	-5.3510875e-08	5.790557e-07	-1.1736987e-07	4.850051e-07	-1.5583137e-08	-0.00017454343	2.770778e-05	0.00052374693	0.00052337979	-0.00070147159
0.102	1.102	0	0	0	0.94379816	0	0	0	0.94261591	0.98038236	0.00053330798	3.0087085e-06	2.9679815e-07	2.4821022e-06	-5.4095705e-08	5.6722947e-07	-1.2666396e-07	4.7167458e-07	-1.6016589e-08	-0.00017774596	2.8764141e-05	0.00053335641	0.00053298385	-0.00069901673
0.104	1.104	0	0	0	0.94240856	0	0	0	0.94124957	0.97929398	0.0005429224	3.0586316e-06	2.913854e-07	2.5154567e-06	-5.4683977e-08	5.5491807e-07	-1.356384e-07	4.5786745e-07	-1.6466978e-08	-0.00018095041	2.9839716e-05	0.00054297173	0.00054259374	-0.00069663157
0.106	1.106	0	0	0	0.94101397	0	0	0	0.93987731	0.97818807	0.00055254268	3.1088032e-06	2.8624828e-07	2.5487471e-06	-5.5274791e-08	5.4212575e-07	-1.4429624e-07	4.4358858e-07	-1.6933606e-08	-0.00018415682	3.0934516e-05	0.00055259293	0.00055220953	-0.00069431227
0.108	1.108	0	0	0	0.93961435	0	0	0	0.93849913	0.97706459	0.00056216887	3.1592282e-06	2.813859e-07	2.5819756e-06	-5.586732e-08	5.2885569e-07	-1.5264112e-07	4.2884194e-07	-1.7415815e-08	-0.00018736519	3.2048554e-05	0.00056222006	0.00056183124	-0.00069205536
0.11	1.11	0	0	0	0.93820965	0	0	0	0.93711502	0.97592349	0.00057180101	3.2099116e-06	2.7679662e-07	2.615145e-06	-5.64608e-08	5.1510998e-07	-1.6067726e-07	4.1363063e-07	-1.7912988e-08	-0.00019057554	3.3181841e-05	0.00057185316	0.00057145893	-0.00068985768
0.112	1.112	0	0	0	0.93679982	0	0	0	0.93572497	0.97476472	0.00058143913	3.2608589e-06	2.7247813e-07	2.648258e-06	-5.7054524e-08	5.0088961e-07	-1.6840944e-07	3.9795687e-07	-1.8424543e-08	-0.00019378788	3.433439e-05	0.00058149226	0.00058109263	-0.00068771632
0.114	1.114	0	0	0	0.93538481	0	0	0	0.93432897	0.97358823	0.00059108327	3.3120757e-06	2.6842738e-07	2.6813175e-06	-5.764784e-08	4.8619453e-07	-1.7584299e-07	3.8182202e-07	-1.8949936e-08	-0.00019700222	3.5506212e-05	0.00059113739	0.00059073236	-0.00068562862
0.116	1.116	0	0	0	0.93396457	0	0	0	0.93292699	0.97239396	0.00060073344	3.3635683e-06	2.6464064e-07	2.7143267e-06	-5.8240144e-08	4.7102357e-07	-1.8298376e-07	3.6522652e-07	-1.9488655e-08	-0.00020021857	3.6697319e-05	0.00060078857	0.00060037815	-0.00068359214
0.118	1.118	0	0	0	0.93253906	0	0	0	0.93151902	0.97118186	0.00061038967	3.4153431e-06	2.6111346e-07	2.747289e-06	-5.8830876e-08	4.5537442e-07	-1.8983808e-07	3.4816995e-07	-2.0040224e-08	-0.00020343693	3.7907724e-05	0.00061044582	0.00061003002	-0.0006816046
0.12	1.12	0	0	0	0.93110821	0	0	0	0.93010505	0.96995187	0.00062005198	3.4674071e-06	2.5784074e-07	2.7802079e-06	-5.9419514e-08	4.3924362e-07	-1.9641281e-07	3.3065096e-07	-2.0604198e-08	-0.00020665732	3.9137439e-05	0.00062010917	0.00061968799	-0.00067966391
0.122	1.122	0	0	0	0.92967199	0	0	0	0.92868504	0.96870392	0.00062972037	3.5197677e-06	2.5481668e-07	2.8130874e-06	-6.0005576e-08	4.2262649e-07	-2.0271527e-07	3.1266722e-07	-2.1180165e-08	-0.00020987973	4.0386476e-05	0.00062977862	0.00062935206	-0.00067776812
0.124	1.124	0	0	0	0.92823034	0	0	0	0.92725898	0.96743795	0.00063939486	3.572433e-06	2.5203483e-07	2.8459317e-06	-6.0588612e-08	4.0551708e-07	-2.0875321e-07	2.9421543e-07	-2.1767745e-08	-0.00021310417	4.1654847e-05	0.00063945417	0.00063902225	-0.0006759154
0.126	1.126	0	0	0	0.92678321	0	0	0	0.92582683	0.9661539	0.00064907546	3.6254115e-06	2.494881e-07	2.8787455e-06	-6.1168205e-08	3.8790807e-07	-2.1453486e-07	2.7529123e-07	-2.2366588e-08	-0.00021633064	4.2942565e-05	0.00064913585	0.00064869856	-0.00067410405
0.128	1.128	0	0	0	0.92533054	0	0	0	0.92438856	0.96485168	0.00065876217	3.6787126e-06	2.4716874e-07	2.9115338e-06	-6.1743963e-08	3.697907e-07	-2.2006883e-07	2.5588914e-07	-2.2976377e-08	-0.00021955915	4.4249642e-05	0.00065882366	0.00065838101	-0.00067233248
0.13	1.13	0	0	0	0.92387229	0	0	0	0.92294414	0.96353125	0.00066845499	3.7323461e-06	2.4506842e-07	2.9443021e-06	-6.2315524e-08	3.5115465e-07	-2.2536412e-07	2.3600248e-07	-2.3596828e-08	-0.00022278969	4.5576089e-05	0.00066851759	0.00066806958	-0.0006705992
0.132	1.132	0	0	0	0.9224084	0	0	0	0.92149355	0.96219251	0.00067815392	3.7863228e-06	2.4317821e-07	2.9770562e-06	-6.2882545e-08	3.3198792e-07	-2.3043008e-07	2.156233e-07	-2.4227688e-08	-0.00022602227	4.692192e-05	0.00067821765	0.00067776429	-0.00066890278
0.134	1.134	0	0	0	0.9209388	0	0	0	0.92003673	0.9608354	0.00068785898	3.8406543e-06	2.4148867e-07	3.0098027e-06	-6.344471e-08	3.1227666e-07	-2.3527639e-07	1.9474225e-07	-2.4868739e-08	-0.00022925689	4.8287146e-05	0.00068792384	0.00068746513	-0.0006672419
0.136	1.136	0	0	0	0.91946346	0	0	0	0.91857366	0.95945983	0.00069757014	3.8953532e-06	2.3998982e-07	3.0425488e-06	-6.4001719e-08	2.9200503e-07	-2.3991297e-07	1.7334845e-07	-2.5519797e-08	-0.00023249354	4.9671781e-05	0.00069763615	0.00069717211	-0.00066561531
0.138	1.138	0	0	0	0.91798231	0	0	0	0.9171043	0.95806573	0.00070728741	3.9504331e-06	2.3867129e-07	3.0753021e-06	-6.4553292e-08	2.7115493e-07	-2.4434999e-07	1.5142937e-07	-2.6180717e-08	-0.00023573223	5.1075835e-05	0.00070735459	0.0007068852	-0.00066402181
0.14	1.14	0	0	0	0.91649529	0	0	0	0.9156286	0.95665301	0.00071701079	4.0059087e-06	2.3752233e-07	3.1080713e-06	-6.5099166e-08	2.4970585e-07	-2.4859775e-07	1.2897062e-07	-2.685139e-08	-0.00023897295	5.2499321e-05	0.00071707914	0.00071660442	-0.00066246026
0.142	1.142	0	0	0	0.91500235	0	0	0	0.91414653	0.95522158	0.00072674026	4.061796e-06	2.3653192e-07	3.1408657e-06	-6.563909e-08	2.2763449e-07	-2.5266663e-07	1.0595576e-07	-2.7531754e-08	-0.0002422157	5.3942252e-05	0.0007268098	0.00072632975	-0.00066092961
0.144	1.144	0	0	0	0.91350342	0	0	0	0.91265803	0.95377137	0.00073647582	4.1181125e-06	2.3568888e-07	3.1736955e-06	-6.6172831e-08	2.049145e-07	-2.5656701e-07	8.2366074e-08	-2.8221788e-08	-0.00024546048	5.540464e-05	0.00073654656	0.00073606118	-0.00065942883
0.146	1.146	0	0	0	0.91199844	0	0	0	0.91116306	0.95230227	0.00074621746	4.1748772e-06	2.3498202e-07	3.206572e-06	-6.6700163e-08	1.8151608e-07	-2.6030913e-07	5.8180287e-08	-2.8921524e-08	-0.00024870728	5.6886497e-05	0.00074628942	0.00074579871	-0.00065795694
0.148	1.148	0	0	0	0.91048735	0	0	0	0.90966157	0.95081419	0.00075596517	4.2321106e-06	2.3440031e-07	3.2395076e-06	-6.7220875e-08	1.5740553e-07	-2.6390296e-07	3.3374224e-08	-2.9631049e-08	-0.0002519561	5.8387835e-05	0.00075603835	0.00075554233	-0.00065651304
0.15	1.15	0	0	0	0.90897009	0	0	0	0.90815352	0.94930704	0.00076571893	4.2898354e-06	2.3393308e-07	3.2725159e-06	-6.7734761e-08	1.3254469e-07	-2.6735808e-07	7.9204439e-09	-3.0350512e-08	-0.00025520695	5.9908667e-05	0.00076579336	0.00076529202	-0.00065509625
0.152	1.152	0	0	0	0.90744659	0	0	0	0.90663884	0.94778072	0.00077547874	4.3480762e-06	2.335703e-07	3.3056119e-06	-6.8241625e-08	1.0689038e-07	-2.7068341e-07	-1.8212223e-08	-3.1080129e-08	-0.00025845981	6.1449003e-05	0.00077555442	0.00077504777	-0.00065370573
0.154	1.154	0	0	0	0.90591678	0	0	0	0.90511748	0.94623512	0.00078524458	4.4068598e-06	2.3330287e-07	3.3388119e-06	-6.8741277e-08	8.0393588e-08	-2.7388706e-07	-4.5059208e-08	-3.1820199e-08	-0.00026171467	6.3008858e-05	0.00078532153	0.00078480956	-0.00065234072
0.156	1.156	0	0	0	0.90438058	0	0	0	0.90358939	0.94467013	0.00079501643	4.4662158e-06	2.3312304e-07	3.3721342e-06	-6.923353e-08	5.2998654e-08	-2.7697599e-07	-7.2660838e-08	-3.2571107e-08	-0.00026497154	6.4588242e-05	0.00079509466	0.00079457739	-0.00065100048
0.158	1.158	0	0	0	0.90283794	0	0	0	0.9020545	0.94308565	0.00080479428	4.5261763e-06	2.3302488e-07	3.4055987e-06	-6.97182e-08	2.4642178e-08	-2.7995565e-07	-1.010631e-07	-3.3333346e-08	-0.00026823041	6.6187167e-05	0.0008048738	0.00080435123	-0.00064968433
0.16	1.16	0	0	0	0.90128876	0	0	0	0.90051275	0.94148154	0.0008145781	4.5867767e-06	2.3300488e-07	3.4392274e-06	-7.0195106e-08	-4.7482209e-09	-2.828296e-07	-1.3031854e-07	-3.4107525e-08	-0.00027149127	6.7805646e-05	0.00081465894	0.00081413107	-0.00064839165
0.162	1.162	0	0	0	0.89973298	0	0	0	0.89896408	0.9398577	0.00082436788	4.6480558e-06	2.3306267e-07	3.4730447e-06	-7.0664063e-08	-3.5255433e-08	-2.8559897e-07	-1.6048738e-07	-3.4894399e-08	-0.00027475411	6.9443691e-05	0.00082445005	0.00082391688	-0.00064712189
0.164	1.164	0	0	0	0.8981705	0	0	0	0.89740841	0.93821399	0.0008341636	4.7100561e-06	2.3320197e-07	3.5070771e-06	-7.1124883e-08	-6.6974701e-08	-2.8826178e-07	-1.9163882e-07	-3.5694887e-08	-0.00027801893	7.1101314e-05	0.00083424711	0.00083370864	-0.00064587455
0.166	1.166	0	0	0	0.89660125	0	0	0	0.89584567	0.93655027	0.00084396522	4.7728245e-06	2.3343166e-07	3.5413544e-06	-7.1577374e-08	-1.0001588e-07	-2.9081222e-07	-2.238527e-07	-3.6510105e-08	-0.00028128571	7.2778526e-05	0.0008440501	0.00084350633	-0.00064464925
0.168	1.168	0	0	0	0.89502513	0	0	0	0.89427579	0.93486639	0.00085377272	4.8364121e-06	2.3376727e-07	3.575909e-06	-7.2021333e-08	-1.3450619e-07	-2.9323959e-07	-2.5722143e-07	-3.7341408e-08	-0.00028455445	7.4475339e-05	0.00085385898	0.00085330992	-0.00064344569
0.17	1.17	0	0	0	0.89344204	0	0	0	0.89269868	0.9331622	0.00086358606	4.9008756e-06	2.342327e-07	3.610777e-06	-7.2456544e-08	-1.7059369e-07	-2.9552711e-07	-2.918525e-07	-3.8190435e-08	-0.00028782514	7.6191766e-05	0.00086367373	0.00086311938	-0.00064226372
0.172	1.172	0	0	0	0.89185188	0	0	0	0.89111425	0.93143752	0.00087340522	4.9662769e-06	2.3486251e-07	3.6459979e-06	-7.2882774e-08	-2.0845151e-07	-2.9765036e-07	-3.2787153e-07	-3.9059171e-08	-0.00029109776	7.7927817e-05	0.00087349431	0.00087293467	-0.00064110334
0.174	1.174	0	0	0	0.89025453	0	0	0	0.8895224	0.92969218	0.00088323013	5.0326842e-06	2.3570475e-07	3.6816157e-06	-7.3299767e-08	-2.4828327e-07	-2.9957529e-07	-3.6542606e-07	-3.9950026e-08	-0.00029437229	7.9683504e-05	0.00088332068	0.00088275575	-0.00063996476
0.176	1.176	0	0	0	0.88864986	0	0	0	0.88792303	0.92792595	0.00089306076	5.1001723e-06	2.3682461e-07	3.7176784e-06	-7.3707241e-08	-2.9032993e-07	-3.012558e-07	-4.0469049e-07	-4.0865934e-08	-0.00029764873	8.145884e-05	0.00089315279	0.00089258257	-0.00063884849
0.178	1.178	0	0	0	0.88703775	0	0	0	0.88631601	0.9261386	0.00090289704	5.168823e-06	2.3830913e-07	3.754239e-06	-7.4104873e-08	-3.3487851e-07	-3.0263045e-07	-4.4587221e-07	-4.1810482e-08	-0.00030092704	8.3253835e-05	0.00090299059	0.00090241507	-0.00063775536
0.18	1.18	0	0	0	0.88541803	0	0	0	0.88470122	0.92432988	0.00091273889	5.2387258e-06	2.4027332e-07	3.7913556e-06	-7.4492296e-08	-3.8227344e-07	-3.0361835e-07	-4.8921966e-07	-4.2788081e-08	-0.0003042072	8.50685e-05	0.00091283399	0.00091225317	-0.00063668672
0.182	1.182	0	0	0	0.88379052	0	0	0	0.88307849	0.92249946	0.00092258622	5.3099778e-06	2.4286812e-07	3.8290914e-06	-7.4869081e-08	-4.3293138e-07	-3.0411374e-07	-5.3503268e-07	-4.3804187e-08	-0.00030748918	8.6902847e-05	0.00092268293	0.0009220968	-0.00063564454
0.184	1.184	0	0	0	0.88215501	0	0	0	0.88144765	0.92064698	0.00093243892	5.3826834e-06	2.4629104e-07	3.8675149e-06	-7.5234724e-08	-4.8736083e-07	-3.0397884e-07	-5.8367631e-07	-4.4865601e-08	-0.00031077294	8.8756887e-05	0.00093253727	0.00093194583	-0.00063463172
0.186	1.186	0	0	0	0.88051126	0	0	0	0.87980849	0.918772	0.00094229683	5.4569535e-06	2.5080018e-07	3.9066988e-06	-7.5588622e-08	-5.4618831e-07	-3.0303435e-07	-6.3559901e-07	-4.5980876e-08	-0.00031405842	9.0630631e-05	0.0009423969	0.00094180013	-0.00063365239
0.188	1.188	0	0	0	0.87885895	0	0	0	0.87816074	0.91687396	0.00095215977	5.532903e-06	2.5673333e-07	3.9467192e-06	-7.5930047e-08	-6.1019395e-07	-3.0104668e-07	-6.913573e-07	-4.7160876e-08	-0.00031734556	9.2524088e-05	0.00095226163	0.0009516595	-0.0006327125
0.19	1.19	0	0	0	0.8771977	0	0	0	0.87650407	0.91495215	0.00096202747	5.6106461e-06	2.6453377e-07	3.987652e-06	-7.6258105e-08	-6.8036029e-07	-2.9771062e-07	-7.5164931e-07	-4.841955e-08	-0.00032063426	9.4437269e-05	0.00096213121	0.0009615237	-0.00063182056
0.192	1.192	0	0	0	0.87552702	0	0	0	0.87483804	0.91300565	0.00097189958	5.6902871e-06	2.7478578e-07	4.0295671e-06	-7.6571684e-08	-7.5794009e-07	-2.9262572e-07	-8.1736103e-07	-4.9775043e-08	-0.00032392441	9.6370183e-05	0.00097200533	0.00097139239	-0.00063098898
0.194	1.194	0	0	0	0.87384622	0	0	0	0.8731621	0.91103323	0.00098177563	5.7719036e-06	2.8826364e-07	4.0725176e-06	-7.6869382e-08	-8.4455185e-07	-2.8526368e-07	-8.8963062e-07	-5.1251288e-08	-0.00032721584	9.8322838e-05	0.00098188352	0.0009812651	-0.00063023598
0.196	1.196	0	0	0	0.87215442	0	0	0	0.87147544	0.90903314	0.00099165491	5.855516e-06	3.0599931e-07	4.116519e-06	-7.7149405e-08	-9.4231543e-07	-2.749237e-07	-9.699385e-07	-5.2880333e-08	-0.00033050829	0.00010029524	0.00099176516	0.00099114115	-0.00062958877
0.198	1.198	0	0	0	0.8704503	0	0	0	0.86977693	0.90700291	0.0010015364	5.9410295e-06	3.2937523e-07	4.1615114e-06	-7.7409418e-08	-1.0540456e-06	-2.6067167e-07	-1.060233e-06	-5.4705808e-08	-0.00033380143	0.0001022874	0.0010016493	0.0010010196	-0.00062908873
0.2	1.2	0	0	0	0.86873196	0	0	0	0.86806488	0.90493885	0.0010114186	6.028128e-06	3.6024728e-07	4.2072867e-06	-7.7646326e-08	-1.1835257e-06	-2.4126064e-07	-1.1631028e-06	-5.6788104e-08	-0.00033709472	0.00010429932	0.0010115345	0.0010108988	-0.0006287996
0.202	1.202	0	0	0	0.86699647	0	0	0	0.86633671	0.90283526	0.0010212991	6.1160714e-06	4.0109412e-07	4.2533526e-06	-7.7855953e-08	-1.3358817e-06	-2.1503679e-07	-1.2819986e-06	-5.9212091e-08	-0.00034038734	0.000106331	0.0010214185	0.0010207766	-0.00062881979
0.204	1.204	0	0	0	0.86523923	0	0	0	0.86458828	0.90068314	0.0010311741	6.2033112e-06	4.5515252e-07	4.2986697e-06	-7.8032558e-08	-1.5180386e-06	-1.7986116e-07	-1.4214714e-06	-6.2098201e-08	-0.00034367798	0.00010838243	0.0010312979	0.0010306493	-0.00062929606
0.206	1.206	0	0	0	0.86345279	0	0	0	0.86281283	0.89846776	0.0010410374	6.2867737e-06	5.2638697e-07	4.3411607e-06	-7.816812e-08	-1.7390883e-06	-1.3315559e-07	-1.5872608e-06	-6.5616493e-08	-0.00034696453	0.0001104536	0.0010411669	0.0010405109	-0.00063041792
0.208	1.208	0	0	0	0.86162501	0	0	0	0.86099924	0.89616504	0.0010508788	6.3606268e-06	6.1884733e-07	4.3768585e-06	-7.8251404e-08	-2.009905e-06	-7.2382482e-08	-1.7856895e-06	-6.9997444e-08	-0.00035024351	0.00011254447	0.0010510159	0.0010503518	-0.00063230685
0.21	1.21	0	0	0	0.85973703	0	0	0	0.85912993	0.89373724	0.0010606824	6.4146796e-06	7.3443824e-07	4.3987903e-06	-7.8267164e-08	-2.3401727e-06	3.3820805e-09	-2.021013e-06	-7.5514926e-08	-0.00035350954	0.000114655	0.00106083	0.0010601573	-0.00063458801
0.212	1.212	0	0	0	0.85776368	0	0	0	0.857181	0.89113358	0.0010704271	6.4341807e-06	8.682213e-07	4.3968068e-06	-7.8197051e-08	-2.729955e-06	9.0243635e-08	-2.2889621e-06	-8.2385737e-08	-0.00035675551	0.0001167851	0.0010705888	0.0010699087	-0.00063565362
0.214	1.214	0	0	0	0.85568223	0	0	0	0.85513004	0.88830757	0.0010800941	6.4053679e-06	1.0043411e-06	4.3613873e-06	-7.8025155e-08	-3.1579519e-06	1.76907e-07	-2.5691495e-06	-9.0561738e-08	-0.00035997517	0.00011893464	0.0010802728	0.0010795892	-0.00063318582
0.216	1.216	0	0	0	0.8534881	0	0	0	0.85297108	0.88524881	0.0010896804	6.3265486e-06	1.1216905e-06	4.2913402e-06	-7.7747058e-08	-3.5829738e-06	2.4892037e-07	-2.8289616e-06	-9.96132e-08	-0.00036316769	0.00012110346	0.0010898774	0.0010891943	-0.00062716387
0.218	1.218	0	0	0	0.85119879	0	0	0	0.85071916	0.88199171	0.0010992023	6.2111419e-06	1.2077055e-06	4.1959963e-06	-7.7371947e-08	-3.9670711e-06	2.9818452e-07	-3.0422481e-06	-1.0895451e-07	-0.00036633865	0.00012329141	0.0010994168	0.0010987351	-0.00062035638
0.22	1.22	0	0	0	0.84884003	0	0	0	0.84839794	0.87858804	0.0011086828	6.0774632e-06	1.2628023e-06	4.0881436e-06	-7.6914296e-08	-4.2931244e-06	3.2562561e-07	-3.2005634e-06	-1.1815784e-07	-0.00036949592	0.0001254984	0.0011089131	0.0011082316	-0.00061493504
0.222	1.222	0	0	0	0.84643333	0	0	0	0.84602774	0.87508163	0.0011181414	5.9395236e-06	1.2939446e-06	3.9775913e-06	-7.6386085e-08	-4.5613495e-06	3.3648794e-07	-3.3081905e-06	-1.2702218e-07	-0.00037264601	0.00012772434	0.0011183856	0.0011177024	-0.00061129388
0.224	1.224	0	0	0	0.84399312	0	0	0	0.84362247	0.87150215	0.0011275911	5.805356e-06	1.3086453e-06	3.8699703e-06	-7.5794842e-08	-4.7794e-06	3.3618242e-07	-3.3738857e-06	-1.3549055e-07	-0.00037579326	0.00012996921	0.0011278478	0.0011271614	-0.00060904523
0.226	1.226	0	0	0	0.84152836	0	0	0	0.84119095	0.86786828	0.0011370399	5.6787373e-06	1.3128023e-06	3.7679256e-06	-7.5144553e-08	-4.9563063e-06	3.2886817e-07	-3.4064329e-06	-1.4357087e-07	-0.0003789404	0.00013223299	0.0011373082	0.0011366174	-0.0006077414
0.228	1.228	0	0	0	0.83904454	0	0	0	0.83873869	0.86419164	0.0011464931	5.5610182e-06	1.3105627e-06	3.6723958e-06	-7.4436755e-08	-5.1001777e-06	3.1742306e-07	-3.4132178e-06	-1.5129397e-07	-0.00038208912	0.00013451568	0.001146772	0.0011460762	-0.00060705932
0.23	1.23	0	0	0	0.8365451	0	0	0	0.8362692	0.86047958	0.0011559538	5.452308e-06	1.3047367e-06	3.5834455e-06	-7.3671104e-08	-5.2176711e-06	3.0376663e-07	-3.4000735e-06	-1.5869556e-07	-0.00038524049	0.00013681729	0.0011562427	0.0011555415	-0.00060679429
0.232	1.232	0	0	0	0.8340322	0	0	0	0.83378472	0.85673687	0.0011654243	5.3521362e-06	1.2972224e-06	3.5007317e-06	-7.2845381e-08	-5.3140747e-06	2.8917306e-07	-3.3715085e-06	-1.6580949e-07	-0.00038839522	0.00013913784	0.0011657226	0.0011650156	-0.0006068245
0.234	1.234	0	0	0	0.83150727	0	0	0	0.83128678	0.85296672	0.001174906	5.2598023e-06	1.2893283e-06	3.4237505e-06	-7.1954939e-08	-5.3935474e-06	2.7450281e-07	-3.3309907e-06	-1.7266565e-07	-0.00039155379	0.00014147735	0.0011752132	0.0011745002	-0.0006070848
0.236	1.236	0	0	0	0.82897125	0	0	0	0.82877639	0.84917131	0.0011843999	5.17456e-06	1.2820011e-06	3.3519666e-06	-7.0991409e-08	-5.459359e-06	2.6036398e-07	-3.281194e-06	-1.7928956e-07	-0.00039471654	0.00014383584	0.0011847157	0.0011839963	-0.00060755427
0.238	1.238	0	0	0	0.82642478	0	0	0	0.82625425	0.84535219	0.0011939069	5.0957213e-06	1.2759951e-06	3.284887e-06	-6.9940068e-08	-5.5140892e-06	2.4723024e-07	-3.2241916e-06	-1.8570251e-07	-0.00039788374	0.00014621334	0.0011942308	0.0011935048	-0.00060825899
0.24	1.24	0	0	0	0.82386829	0	0	0	0.82372081	0.84151045	0.0012034274	5.0227379e-06	1.2720249e-06	3.2221162e-06	-6.8774328e-08	-5.5597802e-06	2.3554488e-07	-3.1616002e-06	-1.9192177e-07	-0.00040105558	0.00014860986	0.0012037591	0.0012030261	-0.00060930009
0.242	1.242	0	0	0	0.82130205	0	0	0	0.8211764	0.83764685	0.001212962	4.9553142e-06	1.2709665e-06	3.1634336e-06	-6.7443085e-08	-5.5980456e-06	2.2585542e-07	-3.0946855e-06	-1.9796018e-07	-0.00040423221	0.00015102544	0.0012133011	0.0012125603	-0.00061094896
0.244	1.244	0	0	0	0.81872622	0	0	0	0.81862113	0.83376187	0.001222511	4.8936749e-06	1.2742716e-06	3.1089729e-06	-6.5837317e-08	-5.6301282e-06	2.19088e-07	-3.0244304e-06	-2.0382459e-07	-0.00040741379	0.0001534601	0.0012228569	0.0012221066	-0.00061399268
0.246	1.246	0	0	0	0.81614069	0	0	0	0.81605487	0.82985542	0.0012320744	4.839423e-06	1.285218e-06	3.0597997e-06	-6.368169e-08	-5.6568565e-06	2.1737259e-07	-2.9515383e-06	-2.0951024e-07	-0.00041060041	0.00015591387	0.0012324264	0.001231661	-0.00062143841
0.248	1.248	0	0	0	0.81354415	0	0	0	0.81347613	0.82592484	0.001241651	4.7994595e-06	1.3145516e-06	3.0205436e-06	-6.0041633e-08	-5.6781445e-06	2.2776437e-07	-2.8760836e-06	-2.1498207e-07	-0.00041379199	0.00015838675	0.0012420085	0.0012411955	-0.00065503376
0.25	1.25	0	0	0	0.81091296	0	0	0	0.81086251	0.82192365	0.0012512187	4.8216972e-06	1.433397e-06	3.0233512e-06	-4.8818221e-08	-5.6868917e-06	2.9705476e-07	-2.7900839e-06	-2.2023725e-07	-0.00041698323	0.00016087865	0.0012516454	0.001250474	-0.00093677709
0.252	1.252	0	0	0	0.80701547	0	0	0	0.80717421	0.8155554	0.0012596903	5.149364e-06	2.1653985e-06	3.2342328e-06	1.1317216e-08	-5.5248297e-06	7.5262105e-07	-2.2902017e-06	-2.5174438e-07	-0.00041981663	0.00016338864	0.0012601176	0.001259348	-0.00061110998
0.254	1.254	0	0	0	0.80334588	0	0	0	0.80373302	0.80967721	0.0012683849	5.0788926e-06	2.3254153e-06	3.1800235e-06	2.5149618e-08	-5.4214827e-06	8.2450851e-07	-1.8806036e-06	-2.8264139e-07	-0.00042270913	0.00016591604	0.0012688066	0.0012681422	-0.00052390268
0.256	1.256	0	0	0	0.80001602	0	0	0	0.80058267	0.80444158	0.001277397	4.9623396e-06	2.3873538e-06	3.0942446e-06	3.017847e-08	-5.3653259e-06	8.3607042e-07	-1.5938128e-06	-3.0441931e-07	-0.00042570758	0.00016846121	0.0012778205	0.0012771199	-0.00054859981
0.258	1.258	0	0	0	0.7967901	0	0	0	0.79751772	0.79940142	0.0012865187	4.8327489e-06	2.4329029e-06	3.0001324e-06	3.2922308e-08	-5.3302882e-06	8.3808777e-07	-1.3541274e-06	-3.225616e-07	-0.00042874301	0.00017102452	0.0012869583	0.0012862286	-0.00056734119
0.26	1.26	0	0	0	0.79359805	0	0	0	0.79447621	0.79442341	0.0012956865	4.6932434e-06	2.4775591e-06	2.9003305e-06	3.4700481e-08	-5.3111232e-06	8.3962297e-07	-1.1411185e-06	-3.3877707e-07	-0.00043179413	0.00017360613	0.001296147	0.0012953915	-0.00058320533
0.262	1.262	0	0	0	0.79040469	0	0	0	0.79142581	0.78943991	0.0013048666	4.5441038e-06	2.5260325e-06	2.7954214e-06	3.6012908e-08	-5.3072035e-06	8.431928e-07	-9.4646342e-07	-3.5389694e-07	-0.00043484958	0.00017620609	0.0013053513	0.001304573	-0.00059661388
0.264	1.264	0	0	0	0.78718854	0	0	0	0.78834547	0.78440872	0.0013140368	4.3865175e-06	2.5788137e-06	2.6864692e-06	3.7123847e-08	-5.3195624e-06	8.489099e-07	-7.6653075e-07	-3.6840411e-07	-0.00043790183	0.00017882442	0.0013145481	0.0013137513	-0.00060651992
0.266	1.266	0	0	0	0.78393814	0	0	0	0.78522273	0.77930662	0.0013231835	4.2243103e-06	2.6334654e-06	2.576097e-06	3.8214533e-08	-5.3493077e-06	8.5536971e-07	-6.0006666e-07	-3.8256632e-07	-0.00044094637	0.00018146109	0.0013237226	0.0013229138	-0.0006113299
0.268	1.268	0	0	0	0.78065341	0	0	0	0.78205577	0.77413239	0.0013323047	4.0644335e-06	2.6854601e-06	2.4687056e-06	3.942465e-08	-5.3960632e-06	8.6021268e-07	-4.4691283e-07	-3.9646218e-07	-0.00044398256	0.00018411608	0.001332871	0.001332058	-0.00061031961
0.27	1.27	0	0	0	0.7773452	0	0	0	0.77885401	0.76890681	0.0013414112	3.9152489e-06	2.7299431e-06	2.369337e-06	4.0847782e-08	-5.456993e-06	8.6108817e-07	-3.068652e-07	-4.1001455e-07	-0.00044701403	0.00018678933	0.0013420019	0.0013411907	-0.00060481759
0.272	1.272	0	0	0	0.77402974	0	0	0	0.77563339	0.76366213	0.0013505212	3.7833103e-06	2.7638218e-06	2.2817159e-06	4.2519067e-08	-5.5273969e-06	8.566685e-07	-1.78918e-07	-4.2308013e-07	-0.00045004689	0.00018948084	0.0013511325	0.0013503256	-0.00059753548
0.274	1.274	0	0	0	0.77072107	0	0	0	0.77240886	0.75842721	0.0013596522	3.671375e-06	2.7865611e-06	2.2071544e-06	4.4423292e-08	-5.6024329e-06	8.469325e-07	-6.1291835e-08	-4.355479e-07	-0.00045308702	0.00019219063	0.0013602804	0.0013594773	-0.00059075391
0.276	1.276	0	0	0	0.76742732	0	0	0	0.76919016	0.75321966	0.0013688159	3.5788723e-06	2.7994438e-06	2.1449624e-06	4.651954e-08	-5.6784192e-06	8.3270518e-07	4.8044903e-08	-4.4737998e-07	-0.00045613836	0.00019491875	0.0013694584	0.0013686571	-0.00058548601
0.278	1.278	0	0	0	0.76415125	0	0	0	0.76598167	0.74804644	0.0013780184	3.5034848e-06	2.8044425e-06	2.0934687e-06	4.8762761e-08	-5.7530984e-06	8.1507207e-07	1.509291e-07	-4.585984e-07	-0.00045920286	0.00019766526	0.0013786732	0.0013778715	-0.00058182267
0.28	1.28	0	0	0	0.76089227	0	0	0	0.76278428	0.74290772	0.0013872614	3.4424273e-06	2.8034941e-06	2.0508011e-06	5.1114223e-08	-5.8253131e-06	7.9503516e-07	2.4882861e-07	-4.6925659e-07	-0.00046228108	0.00020043023	0.0013879273	0.0013871235	-0.00057948883
0.282	1.282	0	0	0	0.75764821	0	0	0	0.75959697	0.73780033	0.0013965445	3.3930948e-06	2.7982173e-06	2.0152604e-06	5.3543972e-08	-5.8945941e-06	7.733976e-07	3.4284891e-07	-4.7941794e-07	-0.00046537288	0.00020321375	0.0013972209	0.0013964135	-0.00057815625
0.284	1.284	0	0	0	0.75441638	0	0	0	0.75641793	0.73271983	0.0014058663	3.3532817e-06	2.7898728e-06	1.9854338e-06	5.6029889e-08	-5.9608553e-06	7.5076286e-07	4.3380387e-07	-4.8914436e-07	-0.00046847774	0.00020601589	0.0014065527	0.0014057408	-0.00057755066
0.286	1.286	0	0	0	0.75119407	0	0	0	0.75324514	0.7276616	0.0014152252	3.3211999e-06	2.7794126e-06	1.9601908e-06	5.8555912e-08	-6.0242053e-06	7.2757103e-07	5.2229099e-07	-4.9849159e-07	-0.00047159509	0.00020883671	0.0014159213	0.0014151041	-0.00057746768
0.288	1.288	0	0	0	0.74797881	0	0	0	0.75007663	0.72262135	0.0014246194	3.2954252e-06	2.7675477e-06	1.9386393e-06	6.1110406e-08	-6.0848414e-06	7.0413892e-07	6.0875228e-07	-5.0750794e-07	-0.00047472434	0.0002116763	0.001425325	0.0014245019	-0.00057776119
0.29	1.29	0	0	0	0.74476838	0	0	0	0.74691061	0.71759527	0.0014340474	3.2748282e-06	2.754808e-06	1.9200779e-06	6.3684893e-08	-6.1429936e-06	6.806933e-07	6.9351891e-07	-5.162346e-07	-0.00047786494	0.00021453472	0.0014347623	0.001433933	-0.00057832783
0.292	1.292	0	0	0	0.74156089	0	0	0	0.74374547	0.71258007	0.0014435077	3.2585116e-06	2.7415897e-06	1.9039532e-06	6.6273139e-08	-6.1988952e-06	6.573961e-07	7.7684275e-07	-5.2470647e-07	-0.00048101644	0.00021741204	0.0014442319	0.0014433961	-0.00057909434
0.294	1.294	0	0	0	0.7383547	0	0	0	0.74057983	0.70757292	0.0014529994	3.2457584e-06	2.7281909e-06	1.8898262e-06	6.8870501e-08	-6.2527684e-06	6.3436257e-07	8.5891844e-07	-5.3295312e-07	-0.00048417843	0.00022030831	0.0014537328	0.0014528901	-0.00058000823
0.296	1.296	0	0	0	0.73514841	0	0	0	0.73741247	0.70257146	0.0014625213	3.2359918e-06	2.7148371e-06	1.8773456e-06	7.1473477e-08	-6.3048191e-06	6.1167428e-07	9.3989879e-07	-5.4099965e-07	-0.00048735058	0.0002232236	0.0014632638	0.0014624141	-0.00058103143
0.298	1.298	0	0	0	0.73194081	0	0	0	0.73424235	0.69757368	0.0014720727	3.228744e-06	2.7016999e-06	1.8662284e-06	7.4079387e-08	-6.3552338e-06	5.8938841e-07	1.0199057e-06	-5.488675e-07	-0.00049053263	0.00022615796	0.0014728243	0.0014719674	-0.00058213591
0.3	1.3	0	0	0	0.72873088	0	0	0	0.73106854	0.69257789	0.0014816529	3.2236325e-06	2.6889106e-06	1.8562443e-06	7.6686148e-08	-6.4041806e-06	5.6754431e-07	1.0990377e-06	-5.5657505e-07	-0.00049372435	0.00022911147	inf	inf	inf
