lambda	F11	F12	F13	F21	F22	F23	F31	F32	F33	J	P11	P12	P13	P21	P22	P23	P31	P32	P33	p	StrEn	t(1)	t(2)	d
0	1	0	0	0	1	0	0	0	1	1	0	0	0	0	0	0	0	0	0	-0	0	inf	inf	inf
-0.002	0.998	0	0	0	0.99934	0	-0	-0	1.0004829	0.99782297	-7.5531839e-06	-2.7199101e-07	7.4570023e-08	-2.7985768e-07	-3.2462656e-06	-2.2241304e-08	3.9223662e-08	-1.0791591e-08	-1.6852169e-09	3.6003782e-06	8.9486746e-09	-8.6240586e-06	-8.3817626e-06	-0.028907522
-0.004	0.996	0	0	0	0.99868	0	-0	-0	1.0009327	0.99561301	-1.3882656e-05	-6.2631114e-07	2.0158834e-07	-6.4107697e-07	-5.6910577e-06	-5.5431044e-08	1.436333e-07	-1.8915279e-08	-1.9791354e-09	6.5252309e-06	3.352705e-08	-1.5760306e-05	-1.5539427e-05	-0.014214142
-0.006	0.994	0	0	0	0.99802	0	-0	-0	1.0012887	0.99331028	-1.8992044e-05	-7.4912517e-07	4.2458506e-07	-7.6623895e-07	-7.8559044e-06	-9.2112431e-08	3.5403536e-07	-3.7851389e-08	-1.2389501e-09	8.949729e-06	7.1106381e-08	-2.1584314e-05	-2.1303967e-05	-0.013159378
-0.008	0.992	0	0	0	0.99736	0	-0	-0	1.0015083	0.99087342	-2.2493972e-05	-8.0083458e-07	6.7367039e-07	-8.1480297e-07	-9.9822053e-06	-1.4124217e-07	5.997879e-07	-7.1270672e-08	6.4183208e-10	1.0825178e-05	1.1874292e-07	-2.5788161e-05	-2.5545424e-05	-0.0095021633
-0.01	0.99	0	0	0	0.9967	0	-0	-0	1.0016725	0.98838332	-2.4578708e-05	-8.3058862e-07	8.6609324e-07	-8.3788698e-07	-1.2063222e-05	-1.9959964e-07	7.9386052e-07	-1.1616709e-07	2.3618127e-09	1.2213189e-05	1.7328808e-07	-2.8559754e-05	-2.8412722e-05	-0.0051748846
-0.012	0.988	0	0	0	0.99604	0	-0	-0	1.0018191	0.98587766	-2.5785716e-05	-8.5061517e-07	1.0065479e-06	-8.496405e-07	-1.4085858e-05	-2.6482288e-07	9.3812817e-07	-1.6966824e-07	3.8067127e-09	1.3289256e-05	2.3239381e-07	-3.043432e-05	-3.0358637e-05	-0.0024929602
-0.014	0.986	0	0	0	0.99538	0	-0	-0	1.0019571	0.9833655	-2.6539194e-05	-8.6463132e-07	1.1107115e-06	-8.5494271e-07	-1.6044214e-05	-3.3569529e-07	1.0469158e-06	-2.3013618e-07	5.000095e-09	1.4192803e-05	2.9472263e-07	-3.1834121e-05	-3.1791623e-05	-0.0013367834
-0.016	0.984	0	0	0	0.99472	0	-0	-0	1.0020885	0.9808487	-2.7054448e-05	-8.7442148e-07	1.1890767e-06	-8.5595132e-07	-1.7926428e-05	-4.1143295e-07	1.1302677e-06	-2.9654073e-07	5.9713926e-09	1.4991635e-05	3.595603e-07	-3.297055e-05	-3.2940986e-05	-0.0008974725
-0.018	0.982	0	0	0	0.99406	0	-0	-0	1.0022119	0.97832611	-2.743376e-05	-8.8103976e-07	1.2476842e-06	-8.5375972e-07	-1.9711946e-05	-4.9097378e-07	1.1941074e-06	-3.6766433e-07	6.7695184e-09	1.5712979e-05	4.2648657e-07	-3.3939099e-05	-3.3913009e-05	-0.00076930104
-0.02	0.98	0	0	0	0.9934	0	-0	-0	1.0023228	0.9757933	-2.7728868e-05	-8.8519118e-07	1.2900997e-06	-8.4902064e-07	-2.1368631e-05	-5.7191462e-07	1.2419943e-06	-4.4097522e-07	7.4829359e-09	1.6363339e-05	4.9521233e-07	-3.4780891e-05	-3.4753559e-05	-0.00078646102
-0.022	0.978	0	0	0	0.99274	0	-0	-0	1.0024122	0.97324171	-2.7968101e-05	-8.8746967e-07	1.3187304e-06	-8.4230415e-07	-2.285199e-05	-6.4938565e-07	1.2763555e-06	-5.1145375e-07	8.2527964e-09	1.6937279e-05	5.6550081e-07	-3.5509567e-05	-3.5479387e-05	-0.00085063844
-0.024	0.976	0	0	0	0.99208	0	-0	-0	1.0024729	0.97066453	-2.8168023e-05	-8.8848664e-07	1.3356743e-06	-8.3428444e-07	-2.4124624e-05	-7.180148e-07	1.2992406e-06	-5.7359072e-07	9.1895602e-09	1.7427819e-05	6.3712988e-07	-3.6129373e-05	-3.6097085e-05	-0.0008944681
-0.026	0.974	0	0	0	0.99142	0	-0	-0	1.0025097	0.96806652	-2.8338926e-05	-8.8881502e-07	1.3431347e-06	-8.2565251e-07	-2.5184096e-05	-7.7685928e-07	1.3126935e-06	-6.2640778e-07	1.0272851e-08	1.7837583e-05	7.0988915e-07	-3.6649829e-05	-3.6615386e-05	-0.00094067224
-0.028	0.972	0	0	0	0.99076	0	-0	-0	1.0025322	0.96545729	-2.8487689e-05	-8.8895316e-07	1.3435705e-06	-8.1706077e-07	-2.6047802e-05	-8.2775885e-07	1.3189988e-06	-6.7173389e-07	1.1455466e-08	1.8174679e-05	7.8359143e-07	-3.7083571e-05	-3.7046341e-05	-0.0010049556
-0.03	0.97	0	0	0	0.9901	0	-0	-0	1.002547	0.96284317	-2.8619221e-05	-8.8933565e-07	1.3395797e-06	-8.0913477e-07	-2.6735922e-05	-8.7199555e-07	1.3206214e-06	-7.1078112e-07	1.2733418e-08	1.844747e-05	8.5807451e-07	-3.7442156e-05	-3.7402129e-05	-0.0010701752
-0.032	0.968	0	0	0	0.98944	0	-0	-0	1.0025575	0.9602274	-2.873717e-05	-8.9027237e-07	1.3334666e-06	-8.0236312e-07	-2.7272379e-05	-9.1028897e-07	1.3197805e-06	-7.4415917e-07	1.4117042e-08	1.8665144e-05	9.3319994e-07	-3.7737119e-05	-3.7694734e-05	-0.0011244314
-0.034	0.966	0	0	0	0.98878	0	-0	-0	1.0025651	0.95761161	-2.8844294e-05	-8.9189528e-07	1.3268276e-06	-7.9698699e-07	-2.7684912e-05	-9.4337544e-07	1.3180401e-06	-7.7249705e-07	1.560557e-08	1.8837867e-05	1.0088534e-06	-3.7980367e-05	-3.793612e-05	-0.0011663574
-0.036	0.964	0	0	0	0.98812	0	-0	-0	1.002571	0.95499666	-2.8942672e-05	-8.9417715e-07	1.3204578e-06	-7.9300044e-07	-2.800143e-05	-9.7211982e-07	1.3162083e-06	-7.9658167e-07	1.7183442e-08	1.897564e-05	1.0849444e-06	-3.8183188e-05	-3.8137436e-05	-0.0011996711
-0.038	0.962	0	0	0	0.98746	0	-0	-0	1.0025755	0.95238308	-2.9033867e-05	-8.9700095e-07	1.3145566e-06	-7.9024105e-07	-2.8246291e-05	-9.9738071e-07	1.3145243e-06	-8.1722759e-07	1.8827405e-08	1.908711e-05	1.1614032e-06	-3.8355181e-05	-3.8308119e-05	-0.0012285189
-0.04	0.96	0	0	0	0.9868	0	-0	-0	1.002579	0.94977119	-2.911906e-05	-9.0022703e-07	1.309013e-06	-7.8849139e-07	-2.8438625e-05	-1.0198891e-06	1.3129245e-06	-8.3514699e-07	2.0514091e-08	1.9179057e-05	1.2381769e-06	-3.8503838e-05	-3.8455551e-05	-0.0012556663
-0.042	0.958	0	0	0	0.98614	0	-0	-0	1.0025818	0.94716121	-2.919916e-05	-9.0373127e-07	1.3036111e-06	-7.8754311e-07	-2.8592517e-05	-1.0402111e-06	1.3112376e-06	-8.5090139e-07	2.2224007e-08	1.9256484e-05	1.3152254e-06	-3.8634718e-05	-3.858523e-05	-0.0012825524
-0.044	0.956	0	0	0	0.98548	0	-0	-0	1.002584	0.94455329	-2.9274882e-05	-9.074177e-07	1.2981341e-06	-7.8722274e-07	-2.8718007e-05	-1.0587647e-06	1.3092843e-06	-8.649105e-07	2.394246e-08	1.9322982e-05	1.3925178e-06	-3.8751848e-05	-3.8701156e-05	-0.00130982
-0.046	0.954	0	0	0	0.98482	0	-0	-0	1.0025857	0.94194756	-2.9346799e-05	-9.1121786e-07	1.2924017e-06	-7.8739548e-07	-2.8822189e-05	-1.075853e-06	1.3069136e-06	-8.7748125e-07	2.5658997e-08	1.938111e-05	1.47003e-06	-3.8858141e-05	-3.8806229e-05	-0.0013377239
-0.048	0.952	0	0	0	0.98416	0	-0	-0	1.002587	0.9393441	-2.9415379e-05	-9.1508559e-07	1.2862752e-06	-7.8796006e-07	-2.8910091e-05	-1.0916956e-06	1.3040099e-06	-8.8883702e-07	2.7366445e-08	1.9432701e-05	1.5477427e-06	-3.8955725e-05	-3.890257e-05	-0.0013663539
-0.05	0.95	0	0	0	0.9835	0	-0	-0	1.0025879	0.93674298	-2.9481007e-05	-9.1899146e-07	1.2796522e-06	-7.8884175e-07	-2.898532e-05	-1.1064529e-06	1.3004886e-06	-8.9914105e-07	2.9060016e-08	1.9479089e-05	1.6256403e-06	-3.9046175e-05	-3.8991752e-05	-0.0013957385
-0.052	0.948	0	0	0	0.98284	0	-0	-0	1.0025887	0.93414426	-2.9544003e-05	-9.2291816e-07	1.2724584e-06	-7.8998592e-07	-2.90505e-05	-1.1202428e-06	1.2962888e-06	-9.0851337e-07	3.0736604e-08	1.9521255e-05	1.7037097e-06	-3.9130677e-05	-3.9074961e-05	-0.0014258905
-0.054	0.946	0	0	0	0.98218	0	-0	-0	1.0025892	0.93154798	-2.9604638e-05	-9.2685701e-07	1.26464e-06	-7.9135302e-07	-2.9107571e-05	-1.133153e-06	1.2913671e-06	-9.1704268e-07	3.2394273e-08	1.9559938e-05	1.7819401e-06	-3.9210143e-05	-3.9153104e-05	-0.0014568252
-0.056	0.944	0	0	0	0.98152	0	-0	-0	1.0025895	0.92895418	-2.9663137e-05	-9.3080552e-07	1.2561579e-06	-7.9291474e-07	-2.9157991e-05	-1.1452489e-06	1.2856923e-06	-9.2479464e-07	3.4031895e-08	1.9595699e-05	1.8603222e-06	-3.9285278e-05	-3.9226887e-05	-0.0014885667
-0.058	0.942	0	0	0	0.98086	0	-0	-0	1.0025897	0.92636288	-2.9719694e-05	-9.3476568e-07	1.2469831e-06	-7.9465128e-07	-2.9202867e-05	-1.1565792e-06	1.2792418e-06	-9.3181762e-07	3.5648893e-08	1.9628971e-05	1.9388477e-06	-3.9356642e-05	-3.9296866e-05	-0.0015211496
-0.06	0.94	0	0	0	0.9802	0	-0	-0	1.0025897	0.92377412	-2.977447e-05	-9.3874269e-07	1.2370943e-06	-7.9654937e-07	-2.9243057e-05	-1.1671801e-06	1.2719985e-06	-9.381468e-07	3.7245075e-08	1.9660094e-05	2.0175096e-06	-3.9424679e-05	-3.9363484e-05	-0.0015546187
-0.062	0.938	0	0	0	0.97954	0	-0	-0	1.0025896	0.92118791	-2.9827604e-05	-9.4274425e-07	1.2264749e-06	-7.986008e-07	-2.9279228e-05	-1.1770776e-06	1.2639494e-06	-9.4380703e-07	3.8820499e-08	1.9689337e-05	2.0963016e-06	-3.9489747e-05	-3.9427096e-05	-0.001589028
-0.064	0.936	0	0	0	0.97888	0	-0	-0	1.0025895	0.91860426	-2.9879211e-05	-9.4677988e-07	1.2151121e-06	-8.008014e-07	-2.9311907e-05	-1.1862901e-06	1.255084e-06	-9.4881506e-07	4.0375399e-08	1.9716914e-05	2.175218e-06	-3.9552136e-05	-3.948799e-05	-0.0016244386
-0.066	0.934	0	0	0	0.97822	0	-0	-0	1.0025893	0.9160232	-2.9929388e-05	-9.5086059e-07	1.202996e-06	-8.0315031e-07	-2.9341513e-05	-1.1948298e-06	1.2453941e-06	-9.5318116e-07	4.1910118e-08	1.9742997e-05	2.2542536e-06	-3.9612083e-05	-3.9546399e-05	-0.001660918
-0.068	0.932	0	0	0	0.97756	0	-0	-0	1.002589	0.91344474	-2.9978218e-05	-9.549986e-07	1.1901186e-06	-8.0564941e-07	-2.9368382e-05	-1.2027038e-06	1.2348728e-06	-9.5691037e-07	4.342507e-08	1.9767725e-05	2.3334036e-06	-3.9669778e-05	-3.9602512e-05	-0.0016985376
-0.07	0.93	0	0	0	0.9769	0	-0	-0	1.0025887	0.91086888	-3.0025767e-05	-9.5920711e-07	1.1764745e-06	-8.0830294e-07	-2.9392783e-05	-1.2099152e-06	1.223515e-06	-9.6000364e-07	4.4920709e-08	1.979121e-05	2.4126636e-06	-3.9725378e-05	-3.965648e-05	-0.0017373714
-0.072	0.928	0	0	0	0.97624	0	-0	-0	1.0025884	0.90829564	-3.0072088e-05	-9.6350017e-07	1.16206e-06	-8.1111719e-07	-2.9414932e-05	-1.2164641e-06	1.2113173e-06	-9.6245867e-07	4.6397511e-08	1.9813541e-05	2.4920295e-06	-3.9779007e-05	-3.9708425e-05	-0.0017774933
-0.074	0.926	0	0	0	0.97558	0	-0	-0	1.002588	0.90572502	-3.0117223e-05	-9.6789253e-07	1.1468741e-06	-8.1410025e-07	-2.9435007e-05	-1.2223482e-06	1.1982784e-06	-9.6427083e-07	4.7855958e-08	1.9834791e-05	2.5714973e-06	-3.9830766e-05	-3.9758446e-05	-0.0018189752
-0.076	0.924	0	0	0	0.97492	0	-0	-0	1.0025876	0.90315704	-3.0161203e-05	-9.7239953e-07	1.1309187e-06	-8.1726183e-07	-2.9453148e-05	-1.2275639e-06	1.1843997e-06	-9.6543395e-07	4.9296531e-08	1.9855018e-05	2.6510633e-06	-3.9880732e-05	-3.9806617e-05	-0.0018618836
-0.078	0.922	0	0	0	0.97426	0	-0	-0	1.0025872	0.90059168	-3.020405e-05	-9.7703695e-07	1.1141994e-06	-8.2061307e-07	-2.9469471e-05	-1.2321068e-06	1.1696861e-06	-9.6594116e-07	5.0719708e-08	1.9874267e-05	2.7307238e-06	-3.9928965e-05	-3.9852994e-05	-0.0019062761
-0.08	0.92	0	0	0	0.9736	0	-0	-0	1.0025867	0.89802897	-3.0245777e-05	-9.8182088e-07	1.0967258e-06	-8.2416634e-07	-2.9484066e-05	-1.2359727e-06	1.1541467e-06	-9.6578572e-07	5.2125959e-08	1.9892572e-05	2.8104753e-06	-3.9975507e-05	-3.9897619e-05	-0.0019521981
-0.082	0.918	0	0	0	0.97294	0	-0	-0	1.0025863	0.89546891	-3.0286387e-05	-9.8676746e-07	1.0785127e-06	-8.2793508e-07	-2.9497008e-05	-1.2391583e-06	1.1377956e-06	-9.6496195e-07	5.3515748e-08	1.990996e-05	2.8903143e-06	-4.0020388e-05	-3.994052e-05	-0.0019996775
-0.084	0.916	0	0	0	0.97228	0	-0	-0	1.0025859	0.89291149	-3.0325878e-05	-9.9189273e-07	1.0595812e-06	-8.3193353e-07	-2.9508357e-05	-1.2416622e-06	1.1206534e-06	-9.634661e-07	5.4889536e-08	1.9926449e-05	2.9702374e-06	-4.0063624e-05	-3.9981713e-05	-0.0020487202
-0.086	0.914	0	0	0	0.97162	0	-0	-0	1.0025855	0.89035672	-3.0364241e-05	-9.9721231e-07	1.039959e-06	-8.3617649e-07	-2.9518162e-05	-1.2434859e-06	1.1027474e-06	-9.612974e-07	5.6247787e-08	1.9942052e-05	3.0502411e-06	-4.0105223e-05	-4.0021206e-05	-0.0020993055
-0.088	0.912	0	0	0	0.97096	0	-0	-0	1.002585	0.88780461	-3.0401463e-05	-1.0027411e-06	1.0196818e-06	-8.4067899e-07	-2.9526462e-05	-1.2446347e-06	1.0841134e-06	-9.5845892e-07	5.759097e-08	1.9956778e-05	3.1303222e-06	-4.0145183e-05	-4.0059001e-05	-0.0021513804
-0.09	0.91	0	0	0	0.9703	0	-0	-0	1.0025846	0.88525515	-3.0437525e-05	-1.0084928e-06	9.9879359e-07	-8.4545591e-07	-2.9533293e-05	-1.2451183e-06	1.0647957e-06	-9.5495855e-07	5.8919567e-08	1.9970633e-05	3.2104771e-06	-4.0183499e-05	-4.0095095e-05	-0.0022048561
-0.092	0.908	0	0	0	0.96964	0	-0	-0	1.0025842	0.88270834	-3.0472406e-05	-1.0144797e-06	9.7734744e-07	-8.505216e-07	-2.9538685e-05	-1.2449519e-06	1.0448483e-06	-9.5080981e-07	6.0234079e-08	1.9983619e-05	3.2907026e-06	-4.022016e-05	-4.0129483e-05	-0.0022596046
-0.094	0.906	0	0	0	0.96898	0	-0	-0	1.0025838	0.88016419	-3.0506087e-05	-1.0207123e-06	9.5540546e-07	-8.558894e-07	-2.9542669e-05	-1.2441567e-06	1.0243346e-06	-9.4603248e-07	6.1535031e-08	1.999574e-05	3.3709951e-06	-4.0255155e-05	-4.0162161e-05	-0.0023154572
-0.096	0.904	0	0	0	0.96832	0	-0	-0	1.0025834	0.87762269	-3.0538544e-05	-1.0271985e-06	9.3303861e-07	-8.6157117e-07	-2.9545277e-05	-1.2427602e-06	1.0033277e-06	-9.4065301e-07	6.2822977e-08	2.0006999e-05	3.4513512e-06	-4.0288473e-05	-4.0193127e-05	-0.0023722058
-0.098	0.902	0	0	0	0.96766	0	-0	-0	1.002583	0.87508385	-3.056976e-05	-1.0339437e-06	9.1032598e-07	-8.6757686e-07	-2.9546542e-05	-1.2407967e-06	9.8190925e-07	-9.3470472e-07	6.4098505e-08	2.0017401e-05	3.5317676e-06	-4.0320107e-05	-4.0222382e-05	-0.0024296059
-0.1	0.9	0	0	0	0.967	0	-0	-0	1.0025826	0.87254766	-3.059972e-05	-1.0409506e-06	8.8735361e-07	-8.7391408e-07	-2.9546504e-05	-1.2383063e-06	9.6016859e-07	-9.2822751e-07	6.5362234e-08	2.0026954e-05	3.6122407e-06	-4.0350054e-05	-4.0249937e-05	-0.0024873835
-0.102	0.898	0	0	0	0.96634	0	-0	-0	1.0025822	0.87001412	-3.0628413e-05	-1.0482183e-06	8.6421281e-07	-8.8058775e-07	-2.9545206e-05	-1.2353352e-06	9.382009e-07	-9.212673e-07	6.6614818e-08	2.0035668e-05	3.6927673e-06	-4.0378318e-05	-4.0275806e-05	-0.0025452442
-0.104	0.896	0	0	0	0.96568	0	-0	-0	1.0025819	0.86748324	-3.0655835e-05	-1.055743e-06	8.4099806e-07	-8.8759988e-07	-2.9542698e-05	-1.2319343e-06	9.161051e-07	-9.1387511e-07	6.785694e-08	2.0043559e-05	3.773344e-06	-4.0404913e-05	-4.0300016e-05	-0.0026028837
-0.106	0.894	0	0	0	0.96502	0	-0	-0	1.0025815	0.864955	-3.068199e-05	-1.0635179e-06	8.1780474e-07	-8.9494943e-07	-2.9539034e-05	-1.2281578e-06	8.9398143e-07	-9.0610584e-07	6.9089304e-08	2.0050645e-05	3.8539674e-06	-4.0429859e-05	-4.0322601e-05	-0.0026600003
-0.108	0.892	0	0	0	0.96436	0	-0	-0	1.0025811	0.86242942	-3.070689e-05	-1.0715332e-06	7.9472661e-07	-9.0263239e-07	-2.9534276e-05	-1.2240626e-06	8.7192891e-07	-8.9801676e-07	7.0312635e-08	2.0056951e-05	3.9346344e-06	-4.0453188e-05	-4.0343602e-05	-0.0027163068
-0.11	0.89	0	0	0	0.9637	0	-0	-0	1.0025807	0.85990648	-3.0730553e-05	-1.0797766e-06	7.7185348e-07	-9.1064192e-07	-2.9528488e-05	-1.2197057e-06	8.5004278e-07	-8.8966604e-07	7.1527661e-08	2.0062505e-05	4.0153418e-06	-4.0474941e-05	-4.0363073e-05	-0.0027715417
-0.112	0.888	0	0	0	0.96304	0	-0	-0	1.0025804	0.8573862	-3.0753006e-05	-1.0882339e-06	7.4926904e-07	-9.1896863e-07	-2.9521741e-05	-1.2151438e-06	8.2841233e-07	-8.8111113e-07	7.2735112e-08	2.0067337e-05	4.0960867e-06	-4.0495167e-05	-4.0381071e-05	-0.0028254773
-0.114	0.886	0	0	0	0.96238	0	-0	-0	1.00258	0.85486856	-3.0774282e-05	-1.0968891e-06	7.270491e-07	-9.2760099e-07	-2.9514104e-05	-1.2104312e-06	8.071189e-07	-8.7240741e-07	7.3935703e-08	2.0071484e-05	4.1768661e-06	-4.0513923e-05	-4.0397661e-05	-0.0028779261
-0.116	0.884	0	0	0	0.96172	0	-0	-0	1.0025796	0.85235357	-3.0794421e-05	-1.1057255e-06	7.0526029e-07	-9.3652578e-07	-2.9505652e-05	-1.2056188e-06	7.8623459e-07	-8.636069e-07	7.5130135e-08	2.0074981e-05	4.2576773e-06	-4.0531272e-05	-4.0412913e-05	-0.0029287434
-0.118	0.882	0	0	0	0.96106	0	-0	-0	1.0025792	0.84984123	-3.0813466e-05	-1.1147258e-06	6.839593e-07	-9.4572856e-07	-2.9496454e-05	-1.2007535e-06	7.6582128e-07	-8.5475741e-07	7.6319079e-08	2.0077867e-05	4.3385177e-06	-4.0547282e-05	-4.0426897e-05	-0.0029778273
-0.12	0.88	0	0	0	0.9604	0	-0	-0	1.0025789	0.84733154	-3.0831465e-05	-1.1238727e-06	6.6319254e-07	-9.5519413e-07	-2.9486583e-05	-1.1958772e-06	7.4593034e-07	-8.4590183e-07	7.7503177e-08	2.0080182e-05	4.4193849e-06	-4.0562023e-05	-4.0439688e-05	-0.0030251166
-0.122	0.878	0	0	0	0.95974	0	-0	-0	1.0025785	0.8448245	-3.0848468e-05	-1.1331492e-06	6.4299636e-07	-9.6490694e-07	-2.9476105e-05	-1.1910268e-06	7.2660271e-07	-8.3707779e-07	7.8683033e-08	2.0081963e-05	4.5002765e-06	-4.0575568e-05	-4.0451359e-05	-0.0030705863
-0.124	0.876	0	0	0	0.95908	0	-0	-0	1.0025781	0.84232011	-3.0864526e-05	-1.1425391e-06	6.2339747e-07	-9.7485152e-07	-2.9465085e-05	-1.1862339e-06	7.0786934e-07	-8.2831756e-07	7.9859218e-08	2.0083251e-05	4.5811903e-06	-4.0587989e-05	-4.0461981e-05	-0.0031142422
-0.126	0.874	0	0	0	0.95842	0	-0	-0	1.0025778	0.83981837	-3.087969e-05	-1.1520272e-06	6.0441375e-07	-9.8501273e-07	-2.9453583e-05	-1.1815248e-06	6.89752e-07	-8.1964819e-07	8.103226e-08	2.008408e-05	4.6621244e-06	-4.0599358e-05	-4.0471624e-05	-0.0031561159
-0.128	0.872	0	0	0	0.95776	0	-0	-0	1.0025774	0.83731927	-3.0894011e-05	-1.1615993e-06	5.860552e-07	-9.9537604e-07	-2.9441656e-05	-1.1769212e-06	6.7226417e-07	-8.1109176e-07	8.2202652e-08	2.0084488e-05	4.7430768e-06	-4.0609742e-05	-4.0480357e-05	-0.0031962585
-0.13	0.87	0	0	0	0.9571	0	-0	-0	1.002577	0.83482284	-3.0907538e-05	-1.1712427e-06	5.6832491e-07	-1.0059277e-06	-2.9429355e-05	-1.1724404e-06	6.554121e-07	-8.0266578e-07	8.337085e-08	2.0084507e-05	4.8240458e-06	-4.061921e-05	-4.0488241e-05	-0.0032347354
-0.132	0.868	0	0	0	0.95644	0	-0	-0	1.0025767	0.83232905	-3.0920319e-05	-1.1809455e-06	5.5122015e-07	-1.0166548e-06	-2.9416726e-05	-1.1680955e-06	6.3919585e-07	-7.9438366e-07	8.4537274e-08	2.0084169e-05	4.9050298e-06	-4.0627823e-05	-4.0495338e-05	-0.0032716221
-0.134	0.866	0	0	0	0.95578	0	-0	-0	1.0025763	0.82983791	-3.0932399e-05	-1.1906975e-06	5.3473333e-07	-1.0275454e-06	-2.9403812e-05	-1.1638962e-06	6.2361033e-07	-7.862552e-07	8.5702313e-08	2.0083503e-05	4.9860272e-06	-4.0635641e-05	-4.0501702e-05	-0.0033070001
-0.136	0.864	0	0	0	0.95512	0	-0	-0	1.002576	0.82734943	-3.0943821e-05	-1.2004893e-06	5.1885294e-07	-1.0385886e-06	-2.9390651e-05	-1.1598491e-06	6.0864624e-07	-7.7828707e-07	8.6866325e-08	2.0082535e-05	5.0670366e-06	-4.0642721e-05	-4.0507387e-05	-0.0033409536
-0.138	0.862	0	0	0	0.95446	0	-0	-0	1.0025756	0.8248636	-3.0954625e-05	-1.210313e-06	5.035644e-07	-1.0497745e-06	-2.9377278e-05	-1.1559583e-06	5.9429098e-07	-7.7048329e-07	8.802964e-08	2.0081291e-05	5.1480567e-06	-4.0649112e-05	-4.0512441e-05	-0.0033735673
-0.14	0.86	0	0	0	0.9538	0	-0	-0	1.0025753	0.82238042	-3.096485e-05	-1.2201615e-06	4.8885082e-07	-1.0610939e-06	-2.9363722e-05	-1.1522258e-06	5.8052937e-07	-7.6284566e-07	8.9192565e-08	2.0079793e-05	5.2290864e-06	-4.0654864e-05	-4.0516907e-05	-0.0034049246
-0.142	0.858	0	0	0	0.95314	0	-0	-0	1.002575	0.8198999	-3.0974531e-05	-1.2300286e-06	4.7469358e-07	-1.0725389e-06	-2.9350011e-05	-1.1486516e-06	5.6734431e-07	-7.5537413e-07	9.0355382e-08	2.0078062e-05	5.3101244e-06	-4.066002e-05	-4.0520827e-05	-0.0034351061
-0.144	0.856	0	0	0	0.95248	0	-0	-0	1.0025746	0.81742203	-3.09837e-05	-1.2399093e-06	4.6107292e-07	-1.0841021e-06	-2.9336169e-05	-1.1452345e-06	5.5471741e-07	-7.480672e-07	9.1518353e-08	2.0076117e-05	5.3911697e-06	-4.0664621e-05	-4.0524238e-05	-0.0034641888
-0.146	0.854	0	0	0	0.95182	0	-0	-0	1.0025743	0.81494681	-3.0992388e-05	-1.249799e-06	4.4796834e-07	-1.095777e-06	-2.9322216e-05	-1.1419721e-06	5.4262935e-07	-7.4092219e-07	9.2681722e-08	2.0073974e-05	5.4722213e-06	-4.0668705e-05	-4.0527174e-05	-0.0034922458
-0.148	0.852	0	0	0	0.95116	0	-0	-0	1.002574	0.81247425	-3.1000623e-05	-1.259694e-06	4.3535901e-07	-1.1075579e-06	-2.9308172e-05	-1.1388609e-06	5.3106038e-07	-7.3393549e-07	9.3845714e-08	2.007165e-05	5.5532784e-06	-4.0672305e-05	-4.0529667e-05	-0.0035193455
-0.15	0.85	0	0	0	0.9505	0	-0	-0	1.0025737	0.81000435	-3.1008431e-05	-1.2695912e-06	4.2322404e-07	-1.1194396e-06	-2.9294052e-05	-1.135897e-06	5.1999053e-07	-7.2710279e-07	9.5010542e-08	2.0069157e-05	5.63434e-06	-4.0675454e-05	-4.0531746e-05	-0.0035455521
-0.152	0.848	0	0	0	0.94984	0	-0	-0	1.0025734	0.80753709	-3.1015836e-05	-1.2794878e-06	4.1154268e-07	-1.1314177e-06	-2.9279871e-05	-1.1330759e-06	5.0939991e-07	-7.2041928e-07	9.6176402e-08	2.006651e-05	5.7154054e-06	-4.0678179e-05	-4.0533437e-05	-0.0035709251
-0.154	0.846	0	0	0	0.94918	0	-0	-0	1.0025731	0.80507249	-3.1022859e-05	-1.2893818e-06	4.0029458e-07	-1.143488e-06	-2.9265642e-05	-1.1303927e-06	4.9926889e-07	-7.1387978e-07	9.734348e-08	2.0063719e-05	5.7964737e-06	-4.0680507e-05	-4.0534763e-05	-0.0035955198
-0.156	0.844	0	0	0	0.94852	0	-0	-0	1.0025728	0.80261055	-3.1029522e-05	-1.2992714e-06	3.8945982e-07	-1.1556472e-06	-2.9251375e-05	-1.1278423e-06	4.8957824e-07	-7.0747889e-07	9.8511948e-08	2.0060795e-05	5.8775444e-06	-4.0682462e-05	-4.0535748e-05	-0.0036193874
-0.158	0.842	0	0	0	0.94786	0	-0	-0	1.0025725	0.80015126	-3.1035844e-05	-1.3091552e-06	3.7901909e-07	-1.167892e-06	-2.9237081e-05	-1.1254194e-06	4.8030924e-07	-7.0121104e-07	9.9681968e-08	2.0057748e-05	5.9586167e-06	-4.0684067e-05	-4.053641e-05	-0.003642575
-0.16	0.84	0	0	0	0.9472	0	-0	-0	1.0025723	0.79769462	-3.1041841e-05	-1.319032e-06	3.6895372e-07	-1.1802199e-06	-2.9222768e-05	-1.1231187e-06	4.7144376e-07	-6.9507064e-07	1.0085369e-07	2.0054585e-05	6.03969e-06	-4.0685341e-05	-4.0536769e-05	-0.0036651264
-0.162	0.838	0	0	0	0.94654	0	-0	-0	1.002572	0.79524064	-3.104753e-05	-1.3289009e-06	3.5924576e-07	-1.1926284e-06	-2.9208443e-05	-1.120935e-06	4.6296431e-07	-6.8905209e-07	1.0202727e-07	2.0051315e-05	6.1207638e-06	-4.0686303e-05	-4.0536841e-05	-0.0036870817
-0.164	0.836	0	0	0	0.94588	0	-0	-0	1.0025718	0.79278931	-3.1052926e-05	-1.3387614e-06	3.4987794e-07	-1.2051155e-06	-2.9194114e-05	-1.118863e-06	4.5485409e-07	-6.8314985e-07	1.0320283e-07	2.0047946e-05	6.2018374e-06	-4.0686971e-05	-4.0536641e-05	-0.003708478
-0.166	0.834	0	0	0	0.94522	0	-0	-0	1.0025715	0.79034064	-3.1058043e-05	-1.3486128e-06	3.4083377e-07	-1.2176794e-06	-2.9179785e-05	-1.1168974e-06	4.4709697e-07	-6.7735849e-07	1.043805e-07	2.0044482e-05	6.2829104e-06	-4.0687359e-05	-4.0536185e-05	-0.0037293496
-0.168	0.832	0	0	0	0.94456	0	-0	-0	1.0025713	0.78789462	-3.1062893e-05	-1.358455e-06	3.3209747e-07	-1.2303186e-06	-2.9165462e-05	-1.1150334e-06	4.3967754e-07	-6.716727e-07	1.0556041e-07	2.0040931e-05	6.3639822e-06	-4.0687483e-05	-4.0535486e-05	-0.0037497279
-0.17	0.83	0	0	0	0.9439	0	-0	-0	1.002571	0.78545126	-3.1067488e-05	-1.3682877e-06	3.23654e-07	-1.2430316e-06	-2.9151149e-05	-1.1132659e-06	4.3258109e-07	-6.6608733e-07	1.0674265e-07	2.0037298e-05	6.4450523e-06	-4.0687356e-05	-4.0534555e-05	-0.0037696423
-0.172	0.828	0	0	0	0.94324	0	-0	-0	1.0025708	0.78301054	-3.1071841e-05	-1.3781108e-06	3.1548903e-07	-1.2558175e-06	-2.9136851e-05	-1.1115902e-06	4.2579356e-07	-6.6059738e-07	1.0792735e-07	2.0033588e-05	6.5261204e-06	-4.068699e-05	-4.0533404e-05	-0.0037891195
-0.174	0.826	0	0	0	0.94258	0	-0	-0	1.0025706	0.78057249	-3.1075959e-05	-1.3879244e-06	3.0758895e-07	-1.2686752e-06	-2.912257e-05	-1.1100018e-06	4.193016e-07	-6.5519804e-07	1.091146e-07	2.0029805e-05	6.6071859e-06	-4.0686396e-05	-4.0532043e-05	-0.0038081846
-0.176	0.824	0	0	0	0.94192	0	-0	-0	1.0025704	0.77813708	-3.1079855e-05	-1.3977285e-06	2.9994079e-07	-1.2816038e-06	-2.910831e-05	-1.1084961e-06	4.1309248e-07	-6.4988468e-07	1.103045e-07	2.0025953e-05	6.6882485e-06	-4.0685586e-05	-4.0530482e-05	-0.0038268606
-0.178	0.822	0	0	0	0.94126	0	-0	-0	1.0025702	0.77570433	-3.1083536e-05	-1.4075233e-06	2.9253225e-07	-1.2946028e-06	-2.9094073e-05	-1.1070689e-06	4.0715412e-07	-6.4465286e-07	1.1149713e-07	2.0022037e-05	6.7693078e-06	-4.0684569e-05	-4.052873e-05	-0.003845169
-0.18	0.82	0	0	0	0.9406	0	-0	-0	1.00257	0.77327424	-3.1087011e-05	-1.417309e-06	2.8535165e-07	-1.3076714e-06	-2.9079862e-05	-1.1057163e-06	4.0147501e-07	-6.3949831e-07	1.1269258e-07	2.001806e-05	6.8503635e-06	-4.0683355e-05	-4.0526795e-05	-0.0038631297
-0.182	0.818	0	0	0	0.93994	0	-0	-0	1.0025698	0.7708468	-3.1090288e-05	-1.4270859e-06	2.783879e-07	-1.3208093e-06	-2.9065678e-05	-1.1044342e-06	3.9604424e-07	-6.3441696e-07	1.1389093e-07	2.0014025e-05	6.931415e-06	-4.0681951e-05	-4.0524685e-05	-0.003880761
-0.184	0.816	0	0	0	0.93928	0	-0	-0	1.0025697	0.76842201	-3.1093373e-05	-1.4368542e-06	2.7163048e-07	-1.334016e-06	-2.9051524e-05	-1.1032189e-06	3.9085144e-07	-6.2940491e-07	1.1509224e-07	2.0009935e-05	7.0124622e-06	-4.0680367e-05	-4.0522407e-05	-0.0038980803
-0.186	0.814	0	0	0	0.93862	0	-0	-0	1.0025695	0.76599987	-3.1096275e-05	-1.4466142e-06	2.6506942e-07	-1.3472913e-06	-2.9037401e-05	-1.1020669e-06	3.8588677e-07	-6.2445847e-07	1.162966e-07	2.0005793e-05	7.0935047e-06	-4.0678608e-05	-4.0519968e-05	-0.0039151036
-0.188	0.812	0	0	0	0.93796	0	-0	-0	1.0025693	0.76358039	-3.1099e-05	-1.4563663e-06	2.5869526e-07	-1.360635e-06	-2.902331e-05	-1.1009747e-06	3.8114087e-07	-6.1957408e-07	1.1750405e-07	2.0001602e-05	7.1745421e-06	-4.0676683e-05	-4.0517375e-05	-0.0039318458
-0.19	0.81	0	0	0	0.9373	0	-0	-0	1.0025692	0.76116356	-3.1101554e-05	-1.4661108e-06	2.5249901e-07	-1.3740469e-06	-2.9009252e-05	-1.0999391e-06	3.7660487e-07	-6.1474839e-07	1.1871467e-07	1.9997364e-05	7.2555742e-06	-4.0674598e-05	-4.0514633e-05	-0.0039483209
-0.192	0.808	0	0	0	0.93664	0	-0	-0	1.002569	0.75874939	-3.1103942e-05	-1.4758481e-06	2.4647218e-07	-1.3875269e-06	-2.899523e-05	-1.098957e-06	3.7227034e-07	-6.0997817e-07	1.199285e-07	1.9993081e-05	7.3366006e-06	-4.0672359e-05	-4.0511749e-05	-0.0039645421
-0.194	0.806	0	0	0	0.93598	0	-0	-0	1.0025689	0.75633787	-3.110617e-05	-1.4855785e-06	2.4060669e-07	-1.401075e-06	-2.8981242e-05	-1.0980254e-06	3.6812927e-07	-6.0526038e-07	1.2114559e-07	1.9988756e-05	7.4176212e-06	-4.0669972e-05	-4.0508726e-05	-0.0039805216
-0.196	0.804	0	0	0	0.93532	0	-0	-0	1.0025688	0.753929	-3.1108244e-05	-1.4953024e-06	2.3489488e-07	-1.4146912e-06	-2.8967291e-05	-1.0971414e-06	3.6417407e-07	-6.0059212e-07	1.22366e-07	1.998439e-05	7.4986355e-06	-4.0667442e-05	-4.0505571e-05	-0.003996271
-0.198	0.802	0	0	0	0.93466	0	-0	-0	1.0025687	0.75152278	-3.1110167e-05	-1.5050202e-06	2.293295e-07	-1.4283755e-06	-2.8953377e-05	-1.0963025e-06	3.603975e-07	-5.9597063e-07	1.2358977e-07	1.9979985e-05	7.5796434e-06	-4.0664774e-05	-4.0502287e-05	-0.0040118009
-0.2	0.8	0	0	0	0.934	0	-0	-0	1.0025686	0.74911922	-3.1111946e-05	-1.5147322e-06	2.2390366e-07	-1.4421282e-06	-2.8939501e-05	-1.0955061e-06	3.567927e-07	-5.913933e-07	1.2481692e-07	1.9975543e-05	7.6606447e-06	-4.0661974e-05	-4.049888e-05	-0.0040271218
-0.202	0.798	0	0	0	0.93334	0	-0	-0	1.0025684	0.74671831	-3.1113583e-05	-1.5244388e-06	2.1861082e-07	-1.4559492e-06	-2.8925662e-05	-1.0947496e-06	3.5335316e-07	-5.8685764e-07	1.2604751e-07	1.9971066e-05	7.741639e-06	-4.0659046e-05	-4.0495353e-05	-0.0040422431
-0.204	0.796	0	0	0	0.93268	0	-0	-0	1.0025684	0.74432006	-3.1115084e-05	-1.5341404e-06	2.1344478e-07	-1.4698387e-06	-2.8911863e-05	-1.0940308e-06	3.5007265e-07	-5.8236129e-07	1.2728156e-07	1.9966555e-05	7.8226261e-06	-4.0655993e-05	-4.0491711e-05	-0.0040571739
-0.206	0.794	0	0	0	0.93202	0	-0	-0	1.0025683	0.74192446	-3.1116453e-05	-1.5438372e-06	2.0839967e-07	-1.483797e-06	-2.8898102e-05	-1.0933474e-06	3.4694528e-07	-5.7790203e-07	1.2851909e-07	1.9962012e-05	7.9036058e-06	-4.0652821e-05	-4.0487957e-05	-0.0040719227
-0.208	0.792	0	0	0	0.93136	0	-0	-0	1.0025682	0.73953151	-3.1117692e-05	-1.5535298e-06	2.0346989e-07	-1.4978243e-06	-2.8884381e-05	-1.0926974e-06	3.4396545e-07	-5.7347771e-07	1.2976013e-07	1.9957438e-05	7.9845779e-06	-4.0649533e-05	-4.0484095e-05	-0.0040864977
-0.21	0.79	0	0	0	0.9307	0	-0	-0	1.0025681	0.73714121	-3.1118806e-05	-1.5632184e-06	1.9865016e-07	-1.5119208e-06	-2.8870699e-05	-1.0920787e-06	3.4112779e-07	-5.6908635e-07	1.310047e-07	1.9952834e-05	8.0655422e-06	-4.0646132e-05	-4.0480127e-05	-0.0041009065
-0.212	0.788	0	0	0	0.93004	0	-0	-0	1.002568	0.73475357	-3.1119798e-05	-1.5729033e-06	1.9393543e-07	-1.5260867e-06	-2.8857057e-05	-1.0914895e-06	3.3842723e-07	-5.6472602e-07	1.3225282e-07	1.9948201e-05	8.1464984e-06	-4.0642623e-05	-4.0476058e-05	-0.0041151564
-0.214	0.786	0	0	0	0.92938	0	-0	-0	1.002568	0.73236858	-3.1120672e-05	-1.5825848e-06	1.8932093e-07	-1.5403224e-06	-2.8843456e-05	-1.0909278e-06	3.3585891e-07	-5.6039493e-07	1.3350451e-07	1.9943541e-05	8.2274464e-06	-4.0639009e-05	-4.047189e-05	-0.0041292541
-0.216	0.784	0	0	0	0.92872	0	-0	-0	1.0025679	0.72998624	-3.1121429e-05	-1.5922634e-06	1.8480213e-07	-1.5546282e-06	-2.8829895e-05	-1.0903919e-06	3.3341823e-07	-5.5609137e-07	1.3475976e-07	1.9938855e-05	8.308386e-06	-4.0635292e-05	-4.0467626e-05	-0.0041432063
-0.218	0.782	0	0	0	0.92806	0	-0	-0	1.0025679	0.72760656	-3.1122074e-05	-1.6019392e-06	1.8037473e-07	-1.5690044e-06	-2.8816374e-05	-1.0898803e-06	3.3110079e-07	-5.5181372e-07	1.3601859e-07	1.9934143e-05	8.3893169e-06	-4.0631475e-05	-4.0463269e-05	-0.0041570192
-0.22	0.78	0	0	0	0.9274	0	-0	-0	1.0025679	0.72522952	-3.112261e-05	-1.6116126e-06	1.7603463e-07	-1.5834513e-06	-2.8802894e-05	-1.0893913e-06	3.2890238e-07	-5.4756045e-07	1.3728101e-07	1.9929407e-05	8.470239e-06	-4.0627563e-05	-4.0458821e-05	-0.0041706986
-0.222	0.778	0	0	0	0.92674	0	-0	-0	1.0025678	0.72285514	-3.1123037e-05	-1.6212839e-06	1.7177795e-07	-1.5979692e-06	-2.8789454e-05	-1.0889233e-06	3.2681901e-07	-5.4333013e-07	1.38547e-07	1.9924648e-05	8.5511522e-06	-4.0623556e-05	-4.0454285e-05	-0.0041842502
-0.224	0.776	0	0	0	0.92608	0	-0	-0	1.0025678	0.72048342	-3.1123361e-05	-1.6309533e-06	1.6760102e-07	-1.6125585e-06	-2.8776056e-05	-1.0884751e-06	3.2484686e-07	-5.3912137e-07	1.3981658e-07	1.9919867e-05	8.6320562e-06	-4.0619458e-05	-4.0449663e-05	-0.0041976793
-0.226	0.774	0	0	0	0.92542	0	-0	-0	1.0025678	0.71811435	-3.1123582e-05	-1.6406211e-06	1.6350033e-07	-1.6272197e-06	-2.8762698e-05	-1.0880451e-06	3.2298229e-07	-5.349329e-07	1.4108974e-07	1.9915063e-05	8.7129508e-06	-4.0615272e-05	-4.0444958e-05	-0.004210991
-0.228	0.772	0	0	0	0.92476	0	-0	-0	1.0025678	0.71574793	-3.1123703e-05	-1.6502876e-06	1.5947256e-07	-1.6419529e-06	-2.8749381e-05	-1.0876322e-06	3.2122182e-07	-5.3076349e-07	1.4236646e-07	1.9910239e-05	8.793836e-06	-4.0610999e-05	-4.0440172e-05	-0.0042241902
-0.23	0.77	0	0	0	0.9241	0	-0	-0	1.0025678	0.71338416	-3.1123726e-05	-1.6599529e-06	1.5551456e-07	-1.6567588e-06	-2.8736105e-05	-1.087235e-06	3.1956213e-07	-5.2661201e-07	1.4364674e-07	1.9905395e-05	8.8747115e-06	-4.0606641e-05	-4.0435306e-05	-0.0042372814
-0.232	0.768	0	0	0	0.92344	0	-0	-0	1.0025678	0.71102304	-3.1123653e-05	-1.6696174e-06	1.5162333e-07	-1.6716376e-06	-2.872287e-05	-1.0868525e-06	3.1800005e-07	-5.2247738e-07	1.4493056e-07	1.9900531e-05	8.9555772e-06	-4.0602202e-05	-4.0430362e-05	-0.0042502692
-0.234	0.766	0	0	0	0.92278	0	-0	-0	1.0025679	0.70866458	-3.1123487e-05	-1.6792812e-06	1.4779604e-07	-1.6865897e-06	-2.8709676e-05	-1.0864834e-06	3.1653255e-07	-5.1835857e-07	1.4621792e-07	1.9895648e-05	9.036433e-06	-4.0597682e-05	-4.0425343e-05	-0.0042631577
-0.236	0.764	0	0	0	0.92212	0	-0	-0	1.0025679	0.70630877	-3.1123229e-05	-1.6889445e-06	1.4402999e-07	-1.7016156e-06	-2.8696522e-05	-1.0861268e-06	3.1515672e-07	-5.1425464e-07	1.4750878e-07	1.9890748e-05	9.1172786e-06	-4.0593085e-05	-4.042025e-05	-0.004275951
-0.238	0.762	0	0	0	0.92146	0	-0	-0	1.002568	0.70395561	-3.1122882e-05	-1.6986075e-06	1.4032261e-07	-1.7167157e-06	-2.868341e-05	-1.0857815e-06	3.138698e-07	-5.1016468e-07	1.4880314e-07	1.988583e-05	9.198114e-06	-4.058841e-05	-4.0415084e-05	-0.0042886529
-0.24	0.76	0	0	0	0.9208	0	-0	-0	1.002568	0.70160511	-3.1122445e-05	-1.7082705e-06	1.3667149e-07	-1.7318903e-06	-2.8670339e-05	-1.0854467e-06	3.1266914e-07	-5.0608787e-07	1.5010096e-07	1.9880894e-05	9.278939e-06	-4.0583662e-05	-4.0409848e-05	-0.004301267
-0.242	0.758	0	0	0	0.92014	0	-0	-0	1.0025681	0.69925726	-3.1121923e-05	-1.7179336e-06	1.3307433e-07	-1.74714e-06	-2.8657309e-05	-1.0851214e-06	3.1155221e-07	-5.0202341e-07	1.5140222e-07	1.9875943e-05	9.3597534e-06	-4.0578839e-05	-4.0404542e-05	-0.004313797
-0.244	0.756	0	0	0	0.91948	0	-0	-0	1.0025681	0.69691206	-3.1121315e-05	-1.7275969e-06	1.2952894e-07	-1.7624651e-06	-2.8644319e-05	-1.0848048e-06	3.1051657e-07	-4.9797058e-07	1.5270689e-07	1.9870976e-05	9.4405571e-06	-4.0573946e-05	-4.0399169e-05	-0.0043262462
-0.246	0.754	0	0	0	0.91882	0	-0	-0	1.0025682	0.69456951	-3.1120624e-05	-1.7372606e-06	1.2603327e-07	-1.7778662e-06	-2.863137e-05	-1.084496e-06	3.095599e-07	-4.9392868e-07	1.5401495e-07	1.9865993e-05	9.5213501e-06	-4.0568982e-05	-4.0393729e-05	-0.0043386178
-0.248	0.752	0	0	0	0.91816	0	-0	-0	1.0025683	0.69222962	-3.111985e-05	-1.7469248e-06	1.2258534e-07	-1.7933435e-06	-2.8618462e-05	-1.0841943e-06	3.0867998e-07	-4.8989707e-07	1.5532636e-07	1.9860995e-05	9.602132e-06	-4.056395e-05	-4.0388224e-05	-0.0043509148
-0.25	0.75	0	0	0	0.9175	0	-0	-0	1.0025684	0.68989238	-3.1118995e-05	-1.7565897e-06	1.1918332e-07	-1.8088976e-06	-2.8605595e-05	-1.0838989e-06	3.0787469e-07	-4.8587518e-07	1.5664108e-07	1.9855983e-05	9.6829029e-06	-4.055885e-05	-4.0382655e-05	-0.0043631402
-0.252	0.748	0	0	0	0.91684	0	-0	-0	1.0025685	0.68755779	-3.1118061e-05	-1.7662554e-06	1.1582544e-07	-1.8245288e-06	-2.8592769e-05	-1.0836091e-06	3.0714197e-07	-4.8186244e-07	1.5795909e-07	1.9850957e-05	9.7636627e-06	-4.0553684e-05	-4.0377022e-05	-0.0043752967
-0.254	0.746	0	0	0	0.91618	0	-0	-0	1.0025686	0.68522585	-3.1117049e-05	-1.7759219e-06	1.1251005e-07	-1.8402378e-06	-2.8579983e-05	-1.0833242e-06	3.0647989e-07	-4.7785834e-07	1.5928034e-07	1.9845917e-05	9.844411e-06	-4.0548453e-05	-4.0371328e-05	-0.0043873871
-0.256	0.744	0	0	0	0.91552	0	-0	-0	1.0025687	0.68289657	-3.1115959e-05	-1.7855894e-06	1.0923557e-07	-1.8560248e-06	-2.8567237e-05	-1.0830437e-06	3.0588656e-07	-4.7386243e-07	1.606048e-07	1.9840864e-05	9.925148e-06	-4.0543157e-05	-4.0365573e-05	-0.0043994139
-0.258	0.742	0	0	0	0.91486	0	-0	-0	1.0025689	0.68056994	-3.1114793e-05	-1.795258e-06	1.0600053e-07	-1.8718903e-06	-2.8554532e-05	-1.0827668e-06	3.0536019e-07	-4.6987427e-07	1.6193242e-07	1.9835797e-05	1.0005873e-05	-4.0537799e-05	-4.0359757e-05	-0.0044113795
-0.26	0.74	0	0	0	0.9142	0	-0	-0	1.002569	0.67824596	-3.1113551e-05	-1.8049277e-06	1.0280352e-07	-1.8878348e-06	-2.8541867e-05	-1.0824932e-06	3.0489906e-07	-4.6589346e-07	1.6326316e-07	1.9830719e-05	1.0086587e-05	-4.0532379e-05	-4.0353883e-05	-0.0044232863
-0.262	0.738	0	0	0	0.91354	0	-0	-0	1.0025692	0.67592463	-3.1112235e-05	-1.8145986e-06	9.9643222e-08	-1.9038587e-06	-2.8529243e-05	-1.0822222e-06	3.0450153e-07	-4.6191965e-07	1.6459699e-07	1.9825627e-05	1.0167289e-05	-4.0526898e-05	-4.034795e-05	-0.0044351364
-0.264	0.736	0	0	0	0.91288	0	-0	-0	1.0025693	0.67360596	-3.1110846e-05	-1.8242707e-06	9.651839e-08	-1.9199625e-06	-2.8516659e-05	-1.0819533e-06	3.0416599e-07	-4.5795251e-07	1.6593385e-07	1.9820524e-05	1.0247979e-05	-4.0521357e-05	-4.0341959e-05	-0.004446932
-0.266	0.734	0	0	0	0.91222	0	-0	-0	1.0025695	0.67128994	-3.1109384e-05	-1.833944e-06	9.3427847e-08	-1.9361466e-06	-2.8504115e-05	-1.0816861e-06	3.0389096e-07	-4.5399174e-07	1.6727369e-07	1.9815408e-05	1.0328657e-05	-4.0515756e-05	-4.0335911e-05	-0.004458675
-0.268	0.732	0	0	0	0.91156	0	-0	-0	1.0025697	0.66897657	-3.1107849e-05	-1.8436187e-06	9.0370486e-08	-1.9524115e-06	-2.8491611e-05	-1.0814202e-06	3.0367495e-07	-4.5003709e-07	1.6861648e-07	1.9810281e-05	1.0409322e-05	-4.0510097e-05	-4.0329808e-05	-0.0044703673
-0.27	0.73	0	0	0	0.9109	0	-0	-0	1.0025699	0.66666585	-3.1106244e-05	-1.8532947e-06	8.7345264e-08	-1.9687576e-06	-2.8479147e-05	-1.0811551e-06	3.0351658e-07	-4.460883e-07	1.6996216e-07	1.9805143e-05	1.0489976e-05	-4.0504379e-05	-4.0323648e-05	-0.0044820108
-0.272	0.728	0	0	0	0.91024	0	-0	-0	1.0025701	0.66435778	-3.1104568e-05	-1.862972e-06	8.4351201e-08	-1.9851853e-06	-2.8466723e-05	-1.0808904e-06	3.0341452e-07	-4.4214519e-07	1.7131069e-07	1.9799993e-05	1.0570617e-05	-4.0498604e-05	-4.0317433e-05	-0.0044936072
-0.274	0.726	0	0	0	0.90958	0	-0	-0	1.0025703	0.66205237	-3.1102821e-05	-1.8726506e-06	8.1387376e-08	-2.0016951e-06	-2.8454338e-05	-1.0806259e-06	3.0336746e-07	-4.3820755e-07	1.7266201e-07	1.9794832e-05	1.0651246e-05	-4.0492771e-05	-4.0311163e-05	-0.004505158
-0.276	0.724	0	0	0	0.90892	0	-0	-0	1.0025705	0.65974961	-3.1101005e-05	-1.8823304e-06	7.8452923e-08	-2.0182875e-06	-2.8441993e-05	-1.0803611e-06	3.0337418e-07	-4.3427525e-07	1.7401608e-07	1.9789661e-05	1.0731862e-05	-4.0486883e-05	-4.0304839e-05	-0.0045166649
-0.278	0.722	0	0	0	0.90826	0	-0	-0	1.0025707	0.6574495	-3.109912e-05	-1.8920116e-06	7.5547031e-08	-2.0349629e-06	-2.8429688e-05	-1.0800957e-06	3.0343349e-07	-4.3034813e-07	1.7537284e-07	1.9784478e-05	1.0812465e-05	-4.0480938e-05	-4.0298461e-05	-0.0045281292
-0.28	0.72	0	0	0	0.9076	0	-0	-0	1.002571	0.65515205	-3.1097167e-05	-1.901694e-06	7.2668939e-08	-2.0517217e-06	-2.8417422e-05	-1.0798296e-06	3.0354426e-07	-4.2642609e-07	1.7673225e-07	1.9779285e-05	1.0893056e-05	-4.0474937e-05	-4.029203e-05	-0.0045395523
-0.282	0.718	0	0	0	0.90694	0	-0	-0	1.0025712	0.65285724	-3.1095145e-05	-1.9113775e-06	6.9817936e-08	-2.0685644e-06	-2.8405195e-05	-1.0795624e-06	3.0370538e-07	-4.2250904e-07	1.7809425e-07	1.9774082e-05	1.0973633e-05	-4.0468882e-05	-4.0285545e-05	-0.0045509356
-0.284	0.716	0	0	0	0.90628	0	-0	-0	1.0025715	0.65056509	-3.1093055e-05	-1.9210622e-06	6.6993355e-08	-2.0854914e-06	-2.8393007e-05	-1.0792938e-06	3.0391582e-07	-4.1859691e-07	1.7945879e-07	1.9768868e-05	1.1054198e-05	-4.0462771e-05	-4.0279007e-05	-0.0045622803
-0.286	0.714	0	0	0	0.90562	0	-0	-0	1.0025717	0.64827559	-3.1090897e-05	-1.9307479e-06	6.4194575e-08	-2.1025031e-06	-2.8380859e-05	-1.0790237e-06	3.0417457e-07	-4.1468964e-07	1.8082582e-07	1.9763643e-05	1.1134749e-05	-4.0456605e-05	-4.0272416e-05	-0.0045735874
-0.288	0.712	0	0	0	0.90496	0	-0	-0	1.002572	0.64598874	-3.1088672e-05	-1.9404346e-06	6.1421014e-08	-2.1196001e-06	-2.8368749e-05	-1.0787519e-06	3.0448065e-07	-4.107872e-07	1.8219529e-07	1.9758409e-05	1.1215287e-05	-4.0450385e-05	-4.0265772e-05	-0.004584858
-0.29	0.71	0	0	0	0.9043	0	-0	-0	1.0025723	0.64370454	-3.108638e-05	-1.9501222e-06	5.8672131e-08	-2.1367826e-06	-2.8356678e-05	-1.0784781e-06	3.0483314e-07	-4.0688958e-07	1.8356715e-07	1.9753164e-05	1.1295812e-05	-4.0444111e-05	-4.0259076e-05	-0.0045960932
-0.292	0.708	0	0	0	0.90364	0	-0	-0	1.0025726	0.641423	-3.1084021e-05	-1.9598106e-06	5.5947423e-08	-2.1540513e-06	-2.8344646e-05	-1.0782023e-06	3.0523114e-07	-4.0299676e-07	1.8494134e-07	1.9747909e-05	1.1376324e-05	-4.0437782e-05	-4.0252328e-05	-0.0046072939
-0.294	0.706	0	0	0	0.90298	0	-0	-0	1.0025729	0.6391441	-3.1081595e-05	-1.9694997e-06	5.3246421e-08	-2.1714064e-06	-2.8332652e-05	-1.0779242e-06	3.056738e-07	-3.9910877e-07	1.8631781e-07	1.9742643e-05	1.1456822e-05	-4.04314e-05	-4.0245527e-05	-0.004618461
-0.296	0.704	0	0	0	0.90232	0	-0	-0	1.0025732	0.63686786	-3.1079103e-05	-1.9791893e-06	5.0568689e-08	-2.1888484e-06	-2.8320697e-05	-1.0776438e-06	3.0616029e-07	-3.9522563e-07	1.8769651e-07	1.9737368e-05	1.1537306e-05	-4.0424963e-05	-4.0238674e-05	-0.0046295952
-0.298	0.702	0	0	0	0.90166	0	-0	-0	1.0025735	0.63459427	-3.1076543e-05	-1.9888794e-06	4.7913825e-08	-2.2063778e-06	-2.830878e-05	-1.077361e-06	3.0668983e-07	-3.9134737e-07	1.890774e-07	1.9732082e-05	1.1617776e-05	-4.0418472e-05	-4.0231768e-05	-0.0046406973
-0.3	0.7	0	0	0	0.901	0	-0	-0	1.0025739	0.63232333	-3.1073917e-05	-1.9985697e-06	4.5281455e-08	-2.223995e-06	-2.82969e-05	-1.0770755e-06	3.0726164e-07	-3.8747405e-07	1.9046042e-07	1.9726786e-05	1.1698233e-05	inf	inf	inf
