lambda	F11	F12	F13	F21	F22	F23	F31	F32	F33	J	P11	P12	P13	P21	P22	P23	P31	P32	P33	p	StrEn	t(1)	t(2)	d
0	1	0	0	0	1	0	0	0	1	1	0	0	0	0	0	0	0	0	0	-0	0	inf	inf	inf
-0.002	0.998	0	0	0	0.99934	0	-0	-0	1.001925	0.99926124	-8.4025391e-07	2.2100646e-09	2.1366414e-09	7.0032282e-09	-6.1180074e-07	7.3495075e-09	2.7484517e-09	4.8718601e-09	-1.8335107e-09	4.8462939e-07	1.0969479e-09	-1.0404225e-06	-1.0251634e-06	-0.014884533
-0.004	0.996	0	0	0	0.99868	0	-0	-0	1.0037647	0.99843002	-1.575079e-06	5.4942429e-09	8.7087056e-09	1.3215721e-08	-1.1665883e-06	1.9095303e-08	9.8853497e-09	1.5513868e-08	-2.7587826e-09	9.1480872e-07	4.1006536e-09	-1.9575519e-06	-1.9515355e-06	-0.0030828737
-0.006	0.994	0	0	0	0.99802	0	-0	-0	1.0055518	0.9975394	-2.2855935e-06	1.1693155e-08	1.8680586e-08	2.0829125e-08	-1.7088769e-06	3.929018e-08	1.9760828e-08	3.5146771e-08	-3.5221836e-09	1.3326642e-06	8.90309e-09	-2.8464182e-06	-2.8401162e-06	-0.0022189104
-0.008	0.992	0	0	0	0.99736	0	-0	-0	1.0072907	0.99659436	-2.9821118e-06	2.3283878e-08	3.0959406e-08	3.306141e-08	-2.2353965e-06	7.3329844e-08	3.1499515e-08	6.8966831e-08	-4.3996947e-09	1.740636e-06	1.5461118e-08	-3.7160337e-06	-3.7070538e-06	-0.0024223595
-0.01	0.99	0	0	0	0.9967	0	-0	-0	1.0089693	0.99558331	-3.6584798e-06	4.6619376e-08	4.34667e-08	5.6649871e-08	-2.740748e-06	1.2960504e-07	4.314908e-08	1.2545954e-07	-5.5437721e-09	2.1349239e-06	2.3731305e-08	-4.5584107e-06	-4.544716e-06	-0.0030133087
-0.012	0.988	0	0	0	0.99604	0	-0	-0	1.0105491	0.99446873	-4.2952015e-06	9.585375e-08	4.9813361e-08	1.059827e-07	-3.2122425e-06	2.2077342e-07	4.8163138e-08	2.1757131e-07	-7.1273885e-09	2.5048571e-06	3.3639983e-08	-5.3499512e-06	-5.3274507e-06	-0.0042235048
-0.014	0.986	0	0	0	0.99538	0	-0	-0	1.0119383	0.99316144	-4.8492489e-06	1.8759166e-07	3.2472251e-08	1.9770526e-07	-3.6224557e-06	3.5237827e-07	2.8264236e-08	3.5119897e-07	-9.4692231e-09	2.8270579e-06	4.5041108e-08	-6.0389874e-06	-5.9991634e-06	-0.0066382508
-0.016	0.984	0	0	0	0.99472	0	-0	-0	1.012945	0.99147509	-5.2344283e-06	2.5689771e-07	-4.2666315e-08	2.6551815e-07	-3.9176001e-06	4.5910702e-07	-5.2428613e-08	4.6039921e-07	-1.3050855e-08	3.0550264e-06	5.7636636e-08	-6.5220764e-06	-6.4772004e-06	-0.0069282916
-0.018	0.982	0	0	0	0.99406	0	-0	-0	1.0135198	0.98936447	-5.4298087e-06	2.5134573e-07	-1.3940066e-07	2.5718521e-07	-4.0869538e-06	4.6333363e-07	-1.5611635e-07	4.6571225e-07	-1.7295029e-08	3.1780192e-06	7.094991e-08	-6.7744014e-06	-6.752848e-06	-0.0031917469
-0.02	0.98	0	0	0	0.9934	0	-0	-0	1.0138937	0.98705797	-5.5382692e-06	2.4523701e-07	-1.8892247e-07	2.4885e-07	-4.2014535e-06	4.386545e-07	-2.1091933e-07	4.41439e-07	-2.1411094e-08	3.2537112e-06	8.4648028e-08	-6.9212536e-06	-6.9090781e-06	-0.0017622474
-0.022	0.978	0	0	0	0.99274	0	-0	-0	1.0141727	0.98466003	-5.6063946e-06	2.4239333e-07	-2.0642712e-07	2.4428752e-07	-4.2917758e-06	4.1487665e-07	-2.3232886e-07	4.1792402e-07	-2.5124656e-08	3.307765e-06	9.8586223e-08	-7.019499e-06	-7.011227e-06	-0.0011798229
-0.024	0.976	0	0	0	0.99208	0	-0	-0	1.0144002	0.9822134	-5.6531822e-06	2.4040053e-07	-2.1004079e-07	2.4092443e-07	-4.3693612e-06	3.9521555e-07	-2.3906508e-07	3.9849133e-07	-2.8410861e-08	3.3503181e-06	1.1269294e-07	-7.0920633e-06	-7.0855433e-06	-0.0009201789
-0.026	0.974	0	0	0	0.99142	0	-0	-0	1.0145963	0.97973786	-5.6875225e-06	2.3869262e-07	-2.0797049e-07	2.3810049e-07	-4.4391522e-06	3.7900374e-07	-2.3965789e-07	3.8249722e-07	-3.1330116e-08	3.3860016e-06	1.269284e-07	-7.1495396e-06	-7.1438151e-06	-0.00080131267
-0.028	0.972	0	0	0	0.99076	0	-0	-0	1.0147709	0.97724336	-5.713969e-06	2.3715252e-07	-2.0360284e-07	2.3564014e-07	-4.5035277e-06	3.6540383e-07	-2.3765715e-07	3.6911121e-07	-3.394835e-08	3.4171484e-06	1.412682e-07	-7.1973036e-06	-7.1919209e-06	-0.00074843739
-0.03	0.97	0	0	0	0.9901	0	-0	-0	1.0149296	0.97473539	-5.7350708e-06	2.3574034e-07	-1.9838096e-07	2.334643e-07	-4.5637597e-06	3.538072e-07	-2.3459425e-07	3.5772737e-07	-3.6319672e-08	3.44505e-06	1.5569608e-07	-7.238343e-06	-7.2330699e-06	-0.00072902678
-0.032	0.968	0	0	0	0.98944	0	-0	-0	1.0150758	0.97221718	-5.7523663e-06	2.3443034e-07	-1.9294555e-07	2.3151961e-07	-4.6205898e-06	3.4379221e-07	-2.3116184e-07	3.479253e-07	-3.8485959e-08	3.4704807e-06	1.7020048e-07	-7.2744506e-06	-7.2691603e-06	-0.00072776797
-0.034	0.966	0	0	0	0.98878	0	-0	-0	1.0152114	0.96969078	-5.7668428e-06	2.3320205e-07	-1.8758672e-07	2.2976531e-07	-4.6744818e-06	3.3505921e-07	-2.2768295e-07	3.3940594e-07	-4.0479411e-08	3.4939347e-06	1.8477272e-07	-7.3067717e-06	-7.3013915e-06	-0.00073686902
-0.036	0.964	0	0	0	0.98812	0	-0	-0	1.0153377	0.96715754	-5.7791656e-06	2.3203903e-07	-1.8243329e-07	2.2816958e-07	-4.7257428e-06	3.2738697e-07	-2.2430853e-07	3.3194837e-07	-4.2324997e-08	3.5157445e-06	1.9940604e-07	-7.3360758e-06	-7.3305626e-06	-0.00075208721
-0.038	0.962	0	0	0	0.98746	0	-0	-0	1.0154556	0.96461841	-5.7898018e-06	2.3092832e-07	-1.77537e-07	2.2670752e-07	-4.7745867e-06	3.2060625e-07	-2.2110597e-07	3.2538344e-07	-4.4042323e-08	3.5361436e-06	2.1409497e-07	-7.3629018e-06	-7.3572295e-06	-0.00077097483
-0.04	0.96	0	0	0	0.9868	0	-0	-0	1.015566	0.96207407	-5.7990903e-06	2.2985983e-07	-1.7291203e-07	2.2535951e-07	-4.8211702e-06	3.1458367e-07	-2.1810089e-07	3.1957784e-07	-4.5646984e-08	3.5553025e-06	2.2883496e-07	-7.3876408e-06	-7.3817941e-06	-0.00079204713
-0.042	0.958	0	0	0	0.98614	0	-0	-0	1.0156691	0.95952505	-5.807284e-06	2.2882577e-07	-1.6855434e-07	2.2411005e-07	-4.8656143e-06	3.0921167e-07	-2.1529789e-07	3.14424e-07	-4.7151533e-08	3.57335e-06	2.4362215e-07	-7.4105857e-06	-7.4045557e-06	-0.0008143624
-0.044	0.956	0	0	0	0.98548	0	-0	-0	1.0157654	0.95697177	-5.8145764e-06	2.2782012e-07	-1.6445138e-07	2.2294671e-07	-4.908017e-06	3.0440185e-07	-2.126911e-07	3.0983354e-07	-4.8566192e-08	3.5903865e-06	2.5845318e-07	-7.4319617e-06	-7.4257442e-06	-0.00083729856
-0.046	0.954	0	0	0	0.98482	0	-0	-0	1.0158552	0.95441457	-5.8211183e-06	2.2683822e-07	-1.6058706e-07	2.2185949e-07	-4.9484621e-06	3.0008058e-07	-2.102697e-07	3.0573286e-07	-4.9899371e-08	3.6064933e-06	2.7332512e-07	-7.4519467e-06	-7.4455404e-06	-0.00086042905
-0.048	0.952	0	0	0	0.98416	0	-0	-0	1.0159389	0.95185378	-5.8270291e-06	2.2587651e-07	-1.5694434e-07	2.208402e-07	-4.987025e-06	2.9618579e-07	-2.0802086e-07	3.0205993e-07	-5.115806e-08	3.6217374e-06	2.8823534e-07	-7.4706844e-06	-7.4640902e-06	-0.00088345138
-0.05	0.95	0	0	0	0.9835	0	-0	-0	1.0160165	0.94928966	-5.832405e-06	2.2493221e-07	-1.5350648e-07	2.1988211e-07	-5.0237762e-06	2.9266471e-07	-2.059313e-07	2.9876209e-07	-5.234813e-08	3.6361764e-06	3.0318148e-07	-7.4882931e-06	-7.4815138e-06	-0.00090614475
-0.052	0.948	0	0	0	0.98284	0	-0	-0	1.0160885	0.94672249	-5.8373242e-06	2.240032e-07	-1.5025768e-07	2.1897957e-07	-5.0587838e-06	2.8947219e-07	-2.0398809e-07	2.957943e-07	-5.347456e-08	3.6498608e-06	3.181614e-07	-7.5048728e-06	-7.4979122e-06	-0.00092834438
-0.054	0.946	0	0	0	0.98218	0	-0	-0	1.0161549	0.94415251	-5.8418512e-06	2.2308787e-07	-1.4718331e-07	2.1812786e-07	-5.0921149e-06	2.865694e-07	-2.02179e-07	2.9311785e-07	-5.4541622e-08	3.6628359e-06	3.3317313e-07	-7.5205091e-06	-7.5133719e-06	-0.00094992563
-0.056	0.944	0	0	0	0.98152	0	-0	-0	1.0162161	0.94157999	-5.8460391e-06	2.22185e-07	-1.4426999e-07	2.1732295e-07	-5.123837e-06	2.8392277e-07	-2.0049271e-07	2.9069935e-07	-5.5553024e-08	3.6751431e-06	3.4821489e-07	-7.5352764e-06	-7.5279683e-06	-0.00097079399
-0.058	0.942	0	0	0	0.98086	0	-0	-0	1.0162722	0.93900517	-5.8499324e-06	2.2129367e-07	-1.4150551e-07	2.1656134e-07	-5.1540178e-06	2.815032e-07	-1.9891886e-07	2.8850987e-07	-5.6512021e-08	3.6868207e-06	3.6328501e-07	-7.5492408e-06	-7.5417678e-06	-0.00099087851
-0.06	0.94	0	0	0	0.9802	0	-0	-0	1.0163235	0.93642829	-5.8535682e-06	2.2041322e-07	-1.3887881e-07	2.1584005e-07	-5.1827256e-06	2.7928542e-07	-1.9744797e-07	2.865243e-07	-5.7421508e-08	3.6979051e-06	3.7838196e-07	-7.562461e-06	-7.5548297e-06	-0.0010101275
-0.062	0.938	0	0	0	0.97954	0	-0	-0	1.0163702	0.93384961	-5.8569778e-06	2.1954316e-07	-1.3637981e-07	2.151564e-07	-5.2100293e-06	2.7724741e-07	-1.9607145e-07	2.8472082e-07	-5.8284089e-08	3.7084304e-06	3.9350433e-07	-7.5749903e-06	-7.5672074e-06	-0.0010285055
-0.064	0.936	0	0	0	0.97888	0	-0	-0	1.0164125	0.93126937	-5.8601874e-06	2.1868316e-07	-1.3399938e-07	2.1450806e-07	-5.2359975e-06	2.7536995e-07	-1.9478151e-07	2.8308039e-07	-5.9102136e-08	3.718429e-06	4.0865079e-07	-7.586877e-06	-7.5789495e-06	-0.0010459906
-0.066	0.934	0	0	0	0.97822	0	-0	-0	1.0164507	0.9286878	-5.8632192e-06	2.1783296e-07	-1.3172915e-07	2.1389293e-07	-5.2606991e-06	2.7363626e-07	-1.9357107e-07	2.8158639e-07	-5.9877834e-08	3.727932e-06	4.2382012e-07	-7.5981654e-06	-7.5901004e-06	-0.0010625732
-0.068	0.932	0	0	0	0.97756	0	-0	-0	1.016485	0.92610516	-5.866092e-06	2.1699243e-07	-1.2956152e-07	2.1330911e-07	-5.2842018e-06	2.7203165e-07	-1.9243371e-07	2.8022427e-07	-6.061321e-08	3.736969e-06	4.3901119e-07	-7.6088962e-06	-7.6007007e-06	-0.0010782535
-0.07	0.93	0	0	0	0.9769	0	-0	-0	1.0165155	0.92352166	-5.8688215e-06	2.1616145e-07	-1.2748951e-07	2.1275487e-07	-5.3065725e-06	2.7054323e-07	-1.9136363e-07	2.7898131e-07	-6.1310165e-08	3.7455681e-06	4.5422293e-07	-7.6191067e-06	-7.6107878e-06	-0.0010930406
-0.072	0.928	0	0	0	0.97624	0	-0	-0	1.0165426	0.92093753	-5.8714211e-06	2.1533996e-07	-1.2550672e-07	2.1222863e-07	-5.3278763e-06	2.6915971e-07	-1.9035552e-07	2.7784632e-07	-6.1970493e-08	3.753756e-06	4.6945434e-07	-7.6288316e-06	-7.6203962e-06	-0.0011069511
-0.074	0.926	0	0	0	0.97558	0	-0	-0	1.0165665	0.918353	-5.8739021e-06	2.145279e-07	-1.2360727e-07	2.1172894e-07	-5.3481765e-06	2.6787115e-07	-1.8940459e-07	2.7680947e-07	-6.2595893e-08	3.7615582e-06	4.8470451e-07	-7.6381028e-06	-7.6295576e-06	-0.0011200072
-0.076	0.924	0	0	0	0.97492	0	-0	-0	1.0165872	0.91576827	-5.8762739e-06	2.1372524e-07	-1.2178573e-07	2.1125444e-07	-5.367534e-06	2.6666882e-07	-1.8850645e-07	2.7586208e-07	-6.3187983e-08	3.7689986e-06	4.9997257e-07	-7.6469497e-06	-7.6383013e-06	-0.0011322361
-0.078	0.922	0	0	0	0.97426	0	-0	-0	1.0166051	0.91318355	-5.8785446e-06	2.1293194e-07	-1.200371e-07	2.1080388e-07	-5.3860074e-06	2.6554498e-07	-1.8765712e-07	2.7499652e-07	-6.3748305e-08	3.7761001e-06	5.1525772e-07	-7.6553996e-06	-7.6466544e-06	-0.0011436689
-0.08	0.92	0	0	0	0.9736	0	-0	-0	1.0166203	0.91059901	-5.8807209e-06	2.1214794e-07	-1.1835675e-07	2.1037606e-07	-5.4036525e-06	2.6449284e-07	-1.8685297e-07	2.74206e-07	-6.4278336e-08	3.7828839e-06	5.3055919e-07	-7.6634777e-06	-7.6546416e-06	-0.0011543389
-0.082	0.918	0	0	0	0.97294	0	-0	-0	1.016633	0.90801484	-5.8828085e-06	2.1137321e-07	-1.1674039e-07	2.099699e-07	-5.4205223e-06	2.6350635e-07	-1.8609067e-07	2.7348451e-07	-6.4779487e-08	3.7893701e-06	5.4587628e-07	-7.6712071e-06	-7.6622861e-06	-0.0011642817
-0.084	0.916	0	0	0	0.97228	0	-0	-0	1.0166434	0.90543122	-5.8848123e-06	2.1060768e-07	-1.1518407e-07	2.0958434e-07	-5.4366669e-06	2.6258016e-07	-1.853672e-07	2.728267e-07	-6.5253109e-08	3.7955774e-06	5.6120833e-07	-7.6786094e-06	-7.6696089e-06	-0.0011735334
-0.086	0.914	0	0	0	0.97162	0	-0	-0	1.0166516	0.9028483	-5.8867362e-06	2.0985125e-07	-1.1368409e-07	2.092184e-07	-5.4521337e-06	2.617095e-07	-1.8467978e-07	2.722278e-07	-6.5700494e-08	3.8015235e-06	5.7655472e-07	-7.6857042e-06	-7.6766294e-06	-0.0011821309
-0.088	0.912	0	0	0	0.97096	0	-0	-0	1.0166578	0.90026622	-5.8885837e-06	2.0910385e-07	-1.1223703e-07	2.0887116e-07	-5.466967e-06	2.6089013e-07	-1.8402586e-07	2.7168353e-07	-6.6122882e-08	3.8072245e-06	5.9191485e-07	-7.6925098e-06	-7.6833657e-06	-0.0011901107
-0.09	0.91	0	0	0	0.9703	0	-0	-0	1.0166621	0.89768514	-5.8903577e-06	2.0836537e-07	-1.1083973e-07	2.0854174e-07	-5.4812083e-06	2.6011824e-07	-1.8340312e-07	2.7119006e-07	-6.6521453e-08	3.8126958e-06	6.0728818e-07	-7.6990428e-06	-7.6898341e-06	-0.001197509
-0.092	0.908	0	0	0	0.96964	0	-0	-0	1.0166646	0.89510518	-5.8920607e-06	2.0763568e-07	-1.0948923e-07	2.0822931e-07	-5.4948966e-06	2.5939043e-07	-1.8280943e-07	2.7074392e-07	-6.6897339e-08	3.8179515e-06	6.2267419e-07	-7.7053187e-06	-7.6960499e-06	-0.0012043606
-0.094	0.906	0	0	0	0.96898	0	-0	-0	1.0166655	0.89252646	-5.8936947e-06	2.0691466e-07	-1.0818278e-07	2.0793309e-07	-5.508068e-06	2.5870364e-07	-1.8224283e-07	2.7034202e-07	-6.7251619e-08	3.8230048e-06	6.3807238e-07	-7.7113518e-06	-7.7020269e-06	-0.0012106996
-0.096	0.904	0	0	0	0.96832	0	-0	-0	1.0166649	0.8899491	-5.8952615e-06	2.0620216e-07	-1.0691782e-07	2.0765232e-07	-5.5207563e-06	2.5805509e-07	-1.8170152e-07	2.6998151e-07	-6.7585323e-08	3.8278677e-06	6.534823e-07	-7.717155e-06	-7.7077781e-06	-0.0012165584
-0.098	0.902	0	0	0	0.96766	0	-0	-0	1.0166629	0.88737319	-5.8967626e-06	2.0549803e-07	-1.0569197e-07	2.0738631e-07	-5.5329929e-06	2.574423e-07	-1.8118383e-07	2.6965982e-07	-6.7899433e-08	3.8325517e-06	6.6890349e-07	-7.7227405e-06	-7.713315e-06	-0.001221968
-0.1	0.9	0	0	0	0.967	0	-0	-0	1.0166596	0.88479885	-5.8981993e-06	2.0480213e-07	-1.04503e-07	2.0713437e-07	-5.544807e-06	2.56863e-07	-1.8068825e-07	2.6937462e-07	-6.8194885e-08	3.837067e-06	6.8433556e-07	-7.7281192e-06	-7.7186488e-06	-0.001226958
-0.102	0.898	0	0	0	0.96634	0	-0	-0	1.0166551	0.88222615	-5.8995728e-06	2.0411426e-07	-1.0334885e-07	2.0689587e-07	-5.5562254e-06	2.5631512e-07	-1.8021337e-07	2.6912377e-07	-6.847257e-08	3.8414236e-06	6.9977809e-07	-7.7333014e-06	-7.7237892e-06	-0.0012315561
-0.104	0.896	0	0	0	0.96568	0	-0	-0	1.0166494	0.87965518	-5.900884e-06	2.0343428e-07	-1.0222758e-07	2.0667021e-07	-5.5672733e-06	2.5579677e-07	-1.797579e-07	2.6890529e-07	-6.8733335e-08	3.8456302e-06	7.1523071e-07	-7.7382966e-06	-7.7287455e-06	-0.0012357886
-0.106	0.894	0	0	0	0.96502	0	-0	-0	1.0166427	0.87708601	-5.9021337e-06	2.02762e-07	-1.0113738e-07	2.0645681e-07	-5.5779739e-06	2.5530624e-07	-1.7932064e-07	2.6871738e-07	-6.897799e-08	3.8496952e-06	7.3069307e-07	-7.7431132e-06	-7.7335261e-06	-0.0012396801
-0.108	0.892	0	0	0	0.96436	0	-0	-0	1.016635	0.87451872	-5.9033228e-06	2.0209725e-07	-1.0007656e-07	2.0625511e-07	-5.5883488e-06	2.5484194e-07	-1.7890049e-07	2.6855838e-07	-6.92073e-08	3.8536263e-06	7.4616482e-07	-7.7477595e-06	-7.738139e-06	-0.0012432537
-0.11	0.89	0	0	0	0.9637	0	-0	-0	1.0166264	0.87195338	-5.9044519e-06	2.0143984e-07	-9.9043549e-08	2.0606461e-07	-5.5984178e-06	2.5440242e-07	-1.7849642e-07	2.6842674e-07	-6.9421997e-08	3.8574306e-06	7.6164563e-07	-7.7522426e-06	-7.7425912e-06	-0.001246531
-0.112	0.888	0	0	0	0.96304	0	-0	-0	1.016617	0.86939004	-5.9055215e-06	2.0078959e-07	-9.8036867e-08	2.0588481e-07	-5.6081994e-06	2.5398633e-07	-1.7810749e-07	2.6832104e-07	-6.9622773e-08	3.8611146e-06	7.7713518e-07	-7.7565695e-06	-7.7468896e-06	-0.0012495321
-0.114	0.886	0	0	0	0.96238	0	-0	-0	1.0166068	0.86682876	-5.9065323e-06	2.0014633e-07	-9.7055129e-08	2.0571522e-07	-5.6177109e-06	2.5359243e-07	-1.7773282e-07	2.6823994e-07	-6.981029e-08	3.8646845e-06	7.9263318e-07	-7.7607465e-06	-7.7510401e-06	-0.0012522758
-0.116	0.884	0	0	0	0.96172	0	-0	-0	1.0165958	0.86426959	-5.9074847e-06	1.9950986e-07	-9.6097038e-08	2.0555541e-07	-5.6269679e-06	2.5321956e-07	-1.773716e-07	2.6818221e-07	-6.9985173e-08	3.8681459e-06	8.0813934e-07	-7.7647794e-06	-7.7550486e-06	-0.0012547796
-0.118	0.882	0	0	0	0.96106	0	-0	-0	1.0165842	0.86171259	-5.9083792e-06	1.9888002e-07	-9.516138e-08	2.0540494e-07	-5.6359852e-06	2.5286665e-07	-1.7702307e-07	2.6814668e-07	-7.0148018e-08	3.8715041e-06	8.2365338e-07	-7.7686736e-06	-7.7589202e-06	-0.0012570598
-0.12	0.88	0	0	0	0.9604	0	-0	-0	1.0165719	0.85915778	-5.9092161e-06	1.9825661e-07	-9.4247012e-08	2.0526341e-07	-5.6447765e-06	2.5253271e-07	-1.7668653e-07	2.6813229e-07	-7.0299393e-08	3.874764e-06	8.3917502e-07	-7.7724342e-06	-7.76266e-06	-0.0012591314
-0.122	0.878	0	0	0	0.95974	0	-0	-0	1.016559	0.85660523	-5.9099959e-06	1.9763947e-07	-9.3352865e-08	2.0513043e-07	-5.6533544e-06	2.5221679e-07	-1.7636133e-07	2.6813802e-07	-7.0439834e-08	3.87793e-06	8.5470402e-07	-7.7760658e-06	-7.7662724e-06	-0.0012610085
-0.124	0.876	0	0	0	0.95908	0	-0	-0	1.0165456	0.85405495	-5.9107189e-06	1.9702841e-07	-9.2477929e-08	2.0500562e-07	-5.6617307e-06	2.5191803e-07	-1.7604685e-07	2.681629e-07	-7.0569855e-08	3.8810065e-06	8.7024011e-07	-7.7795726e-06	-7.7697617e-06	-0.0012627041
-0.126	0.874	0	0	0	0.95842	0	-0	-0	1.0165317	0.851507	-5.9113855e-06	1.9642326e-07	-9.162126e-08	2.0488863e-07	-5.6699162e-06	2.5163561e-07	-1.7574254e-07	2.6820606e-07	-7.0689941e-08	3.8839972e-06	8.8578306e-07	-7.7829589e-06	-7.7731319e-06	-0.0012642304
-0.128	0.872	0	0	0	0.95776	0	-0	-0	1.0165173	0.8489614	-5.911996e-06	1.9582386e-07	-9.0781965e-08	2.0477913e-07	-5.6779211e-06	2.5136875e-07	-1.7544787e-07	2.6826664e-07	-7.0800555e-08	3.8869059e-06	9.0133264e-07	-7.7862282e-06	-7.7763865e-06	-0.0012655986
-0.13	0.87	0	0	0	0.9571	0	-0	-0	1.0165024	0.84641818	-5.9125508e-06	1.9523004e-07	-8.9959206e-08	2.0467678e-07	-5.6857549e-06	2.5111673e-07	-1.7516233e-07	2.6834384e-07	-7.0902137e-08	3.8897359e-06	9.1688861e-07	-7.7893842e-06	-7.779529e-06	-0.0012668191
-0.132	0.868	0	0	0	0.95644	0	-0	-0	1.0164871	0.84387737	-5.91305e-06	1.9464162e-07	-8.915219e-08	2.0458129e-07	-5.6934262e-06	2.5087886e-07	-1.7488546e-07	2.6843692e-07	-7.0995105e-08	3.8924905e-06	9.3245076e-07	-7.7924301e-06	-7.7825626e-06	-0.0012679015
-0.134	0.866	0	0	0	0.95578	0	-0	-0	1.0164715	0.84133899	-5.9134942e-06	1.9405846e-07	-8.8360174e-08	2.0449235e-07	-5.7009434e-06	2.5065451e-07	-1.7461684e-07	2.6854516e-07	-7.1079858e-08	3.8951725e-06	9.4801886e-07	-7.795369e-06	-7.7854903e-06	-0.001268855
-0.136	0.864	0	0	0	0.95512	0	-0	-0	1.0164554	0.83880308	-5.9138834e-06	1.9348039e-07	-8.7582451e-08	2.0440968e-07	-5.7083139e-06	2.5044307e-07	-1.7435605e-07	2.6866789e-07	-7.1156775e-08	3.8977847e-06	9.6359272e-07	-7.7982036e-06	-7.7883149e-06	-0.0012696877
-0.138	0.862	0	0	0	0.95446	0	-0	-0	1.016439	0.83626965	-5.914218e-06	1.9290726e-07	-8.6818357e-08	2.0433302e-07	-5.715545e-06	2.5024394e-07	-1.7410273e-07	2.6880446e-07	-7.1226217e-08	3.9003297e-06	9.7917212e-07	-7.8009368e-06	-7.791039e-06	-0.0012704076
-0.14	0.86	0	0	0	0.9538	0	-0	-0	1.0164223	0.83373872	-5.9144983e-06	1.9233891e-07	-8.6067264e-08	2.0426209e-07	-5.7226432e-06	2.500566e-07	-1.738565e-07	2.6895427e-07	-7.1288527e-08	3.90281e-06	9.9475687e-07	-7.803571e-06	-7.7936651e-06	-0.0012710216
-0.142	0.858	0	0	0	0.95314	0	-0	-0	1.0164053	0.83121032	-5.9147246e-06	1.9177521e-07	-8.5328577e-08	2.0419666e-07	-5.7296147e-06	2.4988051e-07	-1.7361703e-07	2.6911673e-07	-7.1344034e-08	3.9052278e-06	1.0103468e-06	-7.8061085e-06	-7.7961954e-06	-0.0012715366
-0.144	0.856	0	0	0	0.95248	0	-0	-0	1.0163881	0.82868446	-5.9148971e-06	1.91216e-07	-8.4601733e-08	2.0413648e-07	-5.7364653e-06	2.4971519e-07	-1.7338401e-07	2.6929129e-07	-7.1393048e-08	3.9075851e-06	1.0259417e-06	-7.8085517e-06	-7.7986322e-06	-0.0012719588
-0.146	0.854	0	0	0	0.95182	0	-0	-0	1.0163706	0.82616115	-5.915016e-06	1.9066115e-07	-8.38862e-08	2.0408133e-07	-5.7432004e-06	2.4956017e-07	-1.7315714e-07	2.6947744e-07	-7.1435867e-08	3.9098841e-06	1.0415413e-06	-7.8109026e-06	-7.8009774e-06	-0.0012722938
-0.148	0.852	0	0	0	0.95116	0	-0	-0	1.0163528	0.82364042	-5.9150817e-06	1.9011052e-07	-8.3181472e-08	2.0403098e-07	-5.7498251e-06	2.4941498e-07	-1.7293614e-07	2.6967466e-07	-7.1472775e-08	3.9121265e-06	1.0571456e-06	-7.8131631e-06	-7.8032331e-06	-0.0012725471
-0.15	0.85	0	0	0	0.9505	0	-0	-0	1.0163348	0.82112228	-5.9150945e-06	1.8956397e-07	-8.2487071e-08	2.0398523e-07	-5.7563442e-06	2.4927922e-07	-1.7272075e-07	2.6988248e-07	-7.1504043e-08	3.9143142e-06	1.0727542e-06	-7.8153352e-06	-7.8054011e-06	-0.0012727237
-0.152	0.848	0	0	0	0.94984	0	-0	-0	1.0163166	0.81860674	-5.9150544e-06	1.8902137e-07	-8.1802543e-08	2.0394387e-07	-5.762762e-06	2.4915248e-07	-1.7251071e-07	2.7010045e-07	-7.1529928e-08	3.9164488e-06	1.0883672e-06	-7.8174206e-06	-7.807483e-06	-0.0012728282
-0.154	0.846	0	0	0	0.94918	0	-0	-0	1.0162982	0.81609381	-5.9149619e-06	1.8848259e-07	-8.1127455e-08	2.039067e-07	-5.7690828e-06	2.4903435e-07	-1.723058e-07	2.7032812e-07	-7.1550676e-08	3.9185318e-06	1.1039842e-06	-7.8194209e-06	-7.8094805e-06	-0.0012728648
-0.156	0.844	0	0	0	0.94852	0	-0	-0	1.0162796	0.81358352	-5.9148172e-06	1.8794751e-07	-8.0461397e-08	2.0387355e-07	-5.7753104e-06	2.4892448e-07	-1.7210578e-07	2.7056507e-07	-7.1566523e-08	3.9205647e-06	1.1196051e-06	-7.8213378e-06	-7.8113951e-06	-0.0012728378
-0.158	0.842	0	0	0	0.94786	0	-0	-0	1.0162608	0.81107586	-5.9146204e-06	1.8741601e-07	-7.980398e-08	2.0384422e-07	-5.7814487e-06	2.488225e-07	-1.7191044e-07	2.7081092e-07	-7.1577694e-08	3.9225489e-06	1.1352298e-06	-7.8231727e-06	-7.8132284e-06	-0.0012727507
-0.16	0.84	0	0	0	0.9472	0	-0	-0	1.0162419	0.80857084	-5.9143719e-06	1.8688797e-07	-7.9154834e-08	2.0381854e-07	-5.7875009e-06	2.4872807e-07	-1.7171959e-07	2.7106526e-07	-7.1584403e-08	3.9244857e-06	1.150858e-06	-7.824927e-06	-7.8149816e-06	-0.001272607
-0.162	0.838	0	0	0	0.94654	0	-0	-0	1.0162228	0.80606849	-5.9140719e-06	1.8636327e-07	-7.8513604e-08	2.0379635e-07	-5.7934704e-06	2.4864087e-07	-1.7153304e-07	2.7132775e-07	-7.1586855e-08	3.9263764e-06	1.1664897e-06	-7.8266021e-06	-7.8166561e-06	-0.0012724101
-0.164	0.836	0	0	0	0.94588	0	-0	-0	1.0162036	0.8035688	-5.9137207e-06	1.8584179e-07	-7.7879955e-08	2.0377748e-07	-5.7993602e-06	2.4856059e-07	-1.713506e-07	2.7159801e-07	-7.1585246e-08	3.9282221e-06	1.1821246e-06	-7.8281992e-06	-7.8182531e-06	-0.0012721629
-0.166	0.834	0	0	0	0.94522	0	-0	-0	1.0161843	0.80107179	-5.9133184e-06	1.8532344e-07	-7.7253566e-08	2.0376178e-07	-5.8051733e-06	2.4848692e-07	-1.711721e-07	2.7187571e-07	-7.1579764e-08	3.9300238e-06	1.1977627e-06	-7.8297196e-06	-7.8197739e-06	-0.0012718684
-0.168	0.832	0	0	0	0.94456	0	-0	-0	1.0161649	0.79857746	-5.9128653e-06	1.8480809e-07	-7.6634132e-08	2.037491e-07	-5.8109123e-06	2.4841957e-07	-1.7099738e-07	2.7216054e-07	-7.1570588e-08	3.9317827e-06	1.2134037e-06	-7.8311645e-06	-7.8212196e-06	-0.001271529
-0.17	0.83	0	0	0	0.9439	0	-0	-0	1.0161453	0.79608582	-5.9123617e-06	1.8429564e-07	-7.6021361e-08	2.0373928e-07	-5.8165798e-06	2.4835826e-07	-1.7082628e-07	2.7245216e-07	-7.1557889e-08	3.9334998e-06	1.2290476e-06	-7.8325349e-06	-7.8225912e-06	-0.0012711473
-0.172	0.828	0	0	0	0.94324	0	-0	-0	1.0161256	0.79359688	-5.9118078e-06	1.83786e-07	-7.5414975e-08	2.0373219e-07	-5.8221783e-06	2.4830274e-07	-1.7065866e-07	2.7275028e-07	-7.1541833e-08	3.935176e-06	1.2446941e-06	-7.8338318e-06	-7.8238898e-06	-0.0012707255
-0.174	0.826	0	0	0	0.94258	0	-0	-0	1.0161059	0.79111064	-5.9112038e-06	1.8327905e-07	-7.4814709e-08	2.0372769e-07	-5.82771e-06	2.4825273e-07	-1.7049438e-07	2.7305462e-07	-7.1522576e-08	3.9368121e-06	1.2603431e-06	-7.8350563e-06	-7.8251164e-06	-0.0012702659
-0.176	0.824	0	0	0	0.94192	0	-0	-0	1.016086	0.78862711	-5.9105499e-06	1.827747e-07	-7.4220308e-08	2.0372565e-07	-5.8331771e-06	2.48208e-07	-1.7033329e-07	2.7336489e-07	-7.1500269e-08	3.9384091e-06	1.2759946e-06	-7.8362094e-06	-7.8262718e-06	-0.0012697703
-0.178	0.822	0	0	0	0.94126	0	-0	-0	1.0160661	0.7861463	-5.9098464e-06	1.8227285e-07	-7.3631529e-08	2.0372593e-07	-5.8385816e-06	2.481683e-07	-1.7017527e-07	2.7368082e-07	-7.1475057e-08	3.9399677e-06	1.2916482e-06	-7.8372919e-06	-7.8273571e-06	-0.0012692407
-0.18	0.82	0	0	0	0.9406	0	-0	-0	1.0160461	0.78366821	-5.9090934e-06	1.8177341e-07	-7.3048141e-08	2.0372843e-07	-5.8439254e-06	2.481334e-07	-1.700202e-07	2.7400215e-07	-7.1447077e-08	3.9414886e-06	1.307304e-06	-7.8383048e-06	-7.8283731e-06	-0.0012686788
-0.182	0.818	0	0	0	0.93994	0	-0	-0	1.016026	0.78119285	-5.9082913e-06	1.8127629e-07	-7.246992e-08	2.03733e-07	-5.8492105e-06	2.4810308e-07	-1.6986795e-07	2.7432863e-07	-7.1416464e-08	3.9429728e-06	1.3229617e-06	-7.8392488e-06	-7.8293206e-06	-0.0012680862
-0.184	0.816	0	0	0	0.93928	0	-0	-0	1.0160059	0.77872021	-5.9074402e-06	1.8078139e-07	-7.1896654e-08	2.0373954e-07	-5.8544385e-06	2.4807713e-07	-1.6971842e-07	2.7466002e-07	-7.1383343e-08	3.9444207e-06	1.3386213e-06	-7.8401248e-06	-7.8302003e-06	-0.0012674645
-0.186	0.814	0	0	0	0.93862	0	-0	-0	1.0159857	0.77625031	-5.9065404e-06	1.8028863e-07	-7.1328139e-08	2.0374794e-07	-5.8596111e-06	2.4805533e-07	-1.6957149e-07	2.7499608e-07	-7.1347838e-08	3.9458331e-06	1.3542825e-06	-7.8409336e-06	-7.8310131e-06	-0.0012668151
-0.188	0.812	0	0	0	0.93796	0	-0	-0	1.0159654	0.77378315	-5.905592e-06	1.7979791e-07	-7.076418e-08	2.0375807e-07	-5.8647299e-06	2.4803749e-07	-1.6942706e-07	2.7533659e-07	-7.1310064e-08	3.9472107e-06	1.3699453e-06	-7.8416758e-06	-7.8317598e-06	-0.0012661392
-0.19	0.81	0	0	0	0.9373	0	-0	-0	1.0159451	0.77131873	-5.9045953e-06	1.7930916e-07	-7.0204588e-08	2.0376984e-07	-5.8697963e-06	2.4802342e-07	-1.6928503e-07	2.7568133e-07	-7.1270136e-08	3.9485539e-06	1.3856096e-06	-7.8423523e-06	-7.8324408e-06	-0.0012654381
-0.192	0.808	0	0	0	0.93664	0	-0	-0	1.0159248	0.76885706	-5.9035505e-06	1.7882229e-07	-6.9649184e-08	2.0378313e-07	-5.8748117e-06	2.4801291e-07	-1.6914531e-07	2.7603009e-07	-7.122816e-08	3.9498635e-06	1.4012751e-06	-7.8429637e-06	-7.8330571e-06	-0.0012647131
-0.194	0.806	0	0	0	0.93598	0	-0	-0	1.0159044	0.76639814	-5.9024578e-06	1.7833721e-07	-6.9097795e-08	2.0379785e-07	-5.8797775e-06	2.480058e-07	-1.6900779e-07	2.7638266e-07	-7.1184241e-08	3.9511398e-06	1.4169418e-06	-7.8435106e-06	-7.8336092e-06	-0.0012639651
-0.196	0.804	0	0	0	0.93532	0	-0	-0	1.015884	0.76394197	-5.9013174e-06	1.7785385e-07	-6.8550256e-08	2.0381389e-07	-5.8846949e-06	2.4800191e-07	-1.6887239e-07	2.7673885e-07	-7.1138478e-08	3.9523836e-06	1.4326095e-06	-7.8439937e-06	-7.8340977e-06	-0.0012631951
-0.198	0.802	0	0	0	0.93466	0	-0	-0	1.0158635	0.76148856	-5.9001295e-06	1.7737213e-07	-6.8006406e-08	2.0383116e-07	-5.8895651e-06	2.4800106e-07	-1.6873902e-07	2.7709845e-07	-7.1090968e-08	3.9535952e-06	1.4482782e-06	-7.8444135e-06	-7.8345232e-06	-0.0012624041
-0.2	0.8	0	0	0	0.934	0	-0	-0	1.015843	0.75903791	-5.8988943e-06	1.7689197e-07	-6.7466093e-08	2.0384955e-07	-5.8943893e-06	2.4800308e-07	-1.686076e-07	2.7746129e-07	-7.1041802e-08	3.9547752e-06	1.4639476e-06	-7.8447708e-06	-7.8348863e-06	-0.001261593
-0.202	0.798	0	0	0	0.93334	0	-0	-0	1.0158225	0.75659002	-5.897612e-06	1.7641329e-07	-6.6929169e-08	2.0386899e-07	-5.8991686e-06	2.4800782e-07	-1.6847805e-07	2.7782718e-07	-7.0991068e-08	3.9559239e-06	1.4796177e-06	-7.845066e-06	-7.8351877e-06	-0.0012607625
-0.204	0.796	0	0	0	0.93268	0	-0	-0	1.015802	0.75414489	-5.8962828e-06	1.7593601e-07	-6.6395492e-08	2.0388936e-07	-5.9039041e-06	2.4801512e-07	-1.6835029e-07	2.7819594e-07	-7.0938853e-08	3.9570419e-06	1.4952884e-06	-7.8452996e-06	-7.8354277e-06	-0.0012599135
-0.206	0.794	0	0	0	0.93202	0	-0	-0	1.0157814	0.75170253	-5.8949069e-06	1.7546007e-07	-6.5864926e-08	2.039106e-07	-5.9085966e-06	2.4802482e-07	-1.6822423e-07	2.7856741e-07	-7.0885238e-08	3.9581296e-06	1.5109594e-06	-7.8454723e-06	-7.8356069e-06	-0.0012590466
-0.208	0.792	0	0	0	0.93136	0	-0	-0	1.0157609	0.74926293	-5.8934844e-06	1.7498539e-07	-6.533734e-08	2.039326e-07	-5.9132471e-06	2.4803677e-07	-1.6809981e-07	2.7894141e-07	-7.0830301e-08	3.9591873e-06	1.5266308e-06	-7.8455845e-06	-7.8357259e-06	-0.0012581624
-0.21	0.79	0	0	0	0.9307	0	-0	-0	1.0157403	0.74682611	-5.8920157e-06	1.745119e-07	-6.4812606e-08	2.0395527e-07	-5.9178566e-06	2.4805084e-07	-1.6797696e-07	2.7931778e-07	-7.077412e-08	3.9602155e-06	1.5423023e-06	-7.8456367e-06	-7.8357851e-06	-0.0012572617
-0.212	0.788	0	0	0	0.93004	0	-0	-0	1.0157197	0.74439205	-5.8905007e-06	1.7403953e-07	-6.4290602e-08	2.0397855e-07	-5.9224259e-06	2.4806687e-07	-1.678556e-07	2.7969637e-07	-7.0716768e-08	3.9612145e-06	1.5579739e-06	-7.8456293e-06	-7.8357849e-06	-0.0012563448
-0.214	0.786	0	0	0	0.92938	0	-0	-0	1.0156991	0.74196077	-5.8889398e-06	1.735682e-07	-6.377121e-08	2.0400233e-07	-5.9269558e-06	2.4808474e-07	-1.6773567e-07	2.8007702e-07	-7.0658314e-08	3.9621846e-06	1.5736455e-06	-7.8455629e-06	-7.8357259e-06	-0.0012554123
-0.216	0.784	0	0	0	0.92872	0	-0	-0	1.0156785	0.73953227	-5.887333e-06	1.7309785e-07	-6.3254318e-08	2.0402655e-07	-5.9314471e-06	2.481043e-07	-1.6761709e-07	2.8045958e-07	-7.0598827e-08	3.9631263e-06	1.5893168e-06	-7.8454379e-06	-7.8356084e-06	-0.0012544648
-0.218	0.782	0	0	0	0.92806	0	-0	-0	1.0156579	0.73710654	-5.8856806e-06	1.726284e-07	-6.2739814e-08	2.0405111e-07	-5.9359005e-06	2.4812542e-07	-1.6749981e-07	2.808439e-07	-7.0538373e-08	3.9640398e-06	1.6049879e-06	-7.8452546e-06	-7.8354328e-06	-0.0012535025
-0.22	0.78	0	0	0	0.9274	0	-0	-0	1.0156373	0.73468359	-5.8839828e-06	1.721598e-07	-6.2227593e-08	2.0407594e-07	-5.9403167e-06	2.4814797e-07	-1.6738376e-07	2.8122983e-07	-7.0477014e-08	3.9649255e-06	1.6206586e-06	-7.8450135e-06	-7.8351997e-06	-0.001252526
-0.222	0.778	0	0	0	0.92674	0	-0	-0	1.0156167	0.73226342	-5.8822396e-06	1.7169198e-07	-6.1717552e-08	2.0410095e-07	-5.9446964e-06	2.4817183e-07	-1.6726888e-07	2.8161725e-07	-7.0414812e-08	3.9657836e-06	1.6363287e-06	-7.8447149e-06	-7.8349093e-06	-0.0012515354
-0.224	0.776	0	0	0	0.92608	0	-0	-0	1.0155961	0.72984602	-5.8804513e-06	1.7122486e-07	-6.1209592e-08	2.0412608e-07	-5.9490403e-06	2.4819688e-07	-1.671551e-07	2.8200599e-07	-7.0351825e-08	3.9666145e-06	1.6519982e-06	-7.8443593e-06	-7.834562e-06	-0.0012505313
-0.226	0.774	0	0	0	0.92542	0	-0	-0	1.0155755	0.72743141	-5.878618e-06	1.7075838e-07	-6.0703618e-08	2.0415124e-07	-5.953349e-06	2.4822299e-07	-1.6704237e-07	2.8239595e-07	-7.0288111e-08	3.9674183e-06	1.6676669e-06	-7.8439471e-06	-7.8341582e-06	-0.0012495138
-0.228	0.772	0	0	0	0.92476	0	-0	-0	1.0155549	0.72501959	-5.8767398e-06	1.7029248e-07	-6.0199535e-08	2.0417636e-07	-5.9576229e-06	2.4825003e-07	-1.6693062e-07	2.8278696e-07	-7.0223724e-08	3.9681955e-06	1.6833348e-06	-7.8434784e-06	-7.8336982e-06	-0.0012484831
-0.23	0.77	0	0	0	0.9241	0	-0	-0	1.0155343	0.72261054	-5.874817e-06	1.6982709e-07	-5.9697255e-08	2.0420136e-07	-5.9618628e-06	2.482779e-07	-1.6681981e-07	2.8317892e-07	-7.0158717e-08	3.9689462e-06	1.6990017e-06	-7.8429538e-06	-7.8331824e-06	-0.0012474396
-0.232	0.768	0	0	0	0.92344	0	-0	-0	1.0155137	0.72020428	-5.8728496e-06	1.6936216e-07	-5.919669e-08	2.0422617e-07	-5.9660691e-06	2.4830648e-07	-1.6670986e-07	2.8357169e-07	-7.0093142e-08	3.9696706e-06	1.7146676e-06	-7.8423735e-06	-7.8326111e-06	-0.0012463833
-0.234	0.766	0	0	0	0.92278	0	-0	-0	1.0154931	0.7178008	-5.8708377e-06	1.688976e-07	-5.8697756e-08	2.0425071e-07	-5.9702424e-06	2.4833565e-07	-1.6660073e-07	2.8396514e-07	-7.0027049e-08	3.9703691e-06	1.7303322e-06	-7.8417378e-06	-7.8319845e-06	-0.0012453144
-0.236	0.764	0	0	0	0.92212	0	-0	-0	1.0154726	0.71540011	-5.8687816e-06	1.6843337e-07	-5.820037e-08	2.0427491e-07	-5.9743831e-06	2.4836531e-07	-1.6649235e-07	2.8435914e-07	-6.9960484e-08	3.9710417e-06	1.7459955e-06	-7.841047e-06	-7.8313031e-06	-0.001244233
-0.238	0.762	0	0	0	0.92146	0	-0	-0	1.015452	0.71300221	-5.8666813e-06	1.6796939e-07	-5.7704452e-08	2.0429869e-07	-5.9784917e-06	2.4839533e-07	-1.6638468e-07	2.8475358e-07	-6.9893495e-08	3.9716888e-06	1.7616574e-06	-7.8403014e-06	-7.830567e-06	-0.0012431392
-0.24	0.76	0	0	0	0.9208	0	-0	-0	1.0154315	0.71060709	-5.864537e-06	1.6750562e-07	-5.7209926e-08	2.0432197e-07	-5.9825686e-06	2.4842561e-07	-1.6627765e-07	2.8514834e-07	-6.9826126e-08	3.9723106e-06	1.7773178e-06	-7.8395013e-06	-7.8297765e-06	-0.0012420331
-0.242	0.758	0	0	0	0.92014	0	-0	-0	1.015411	0.70821476	-5.8623488e-06	1.6704197e-07	-5.6716717e-08	2.043447e-07	-5.9866143e-06	2.4845605e-07	-1.6617121e-07	2.8554328e-07	-6.9758421e-08	3.9729072e-06	1.7929765e-06	-7.8386469e-06	-7.8289319e-06	-0.0012409145
-0.244	0.756	0	0	0	0.91948	0	-0	-0	1.0153905	0.70582522	-5.8601167e-06	1.6657839e-07	-5.6224749e-08	2.0436679e-07	-5.9906291e-06	2.4848652e-07	-1.6606531e-07	2.859383e-07	-6.9690423e-08	3.9734787e-06	1.8086335e-06	-7.8377385e-06	-7.8280334e-06	-0.0012397836
-0.246	0.754	0	0	0	0.91882	0	-0	-0	1.01537	0.70343846	-5.8578409e-06	1.6611482e-07	-5.5733954e-08	2.0438816e-07	-5.9946134e-06	2.4851693e-07	-1.659599e-07	2.8633327e-07	-6.9622171e-08	3.9740255e-06	1.8242886e-06	-7.8367762e-06	-7.8270813e-06	-0.0012386403
-0.248	0.752	0	0	0	0.91816	0	-0	-0	1.0153495	0.7010545	-5.8555215e-06	1.6565119e-07	-5.524426e-08	2.0440876e-07	-5.9985676e-06	2.4854718e-07	-1.6585491e-07	2.8672808e-07	-6.9553707e-08	3.9745476e-06	1.8399418e-06	-7.8357604e-06	-7.8260757e-06	-0.0012374844
-0.25	0.75	0	0	0	0.9175	0	-0	-0	1.0153291	0.69867332	-5.8531585e-06	1.6518745e-07	-5.4755601e-08	2.0442849e-07	-6.0024921e-06	2.4857714e-07	-1.657503e-07	2.8712261e-07	-6.9485067e-08	3.9750452e-06	1.8555929e-06	-7.8346911e-06	-7.8250169e-06	-0.0012363159
-0.252	0.748	0	0	0	0.91684	0	-0	-0	1.0153086	0.69629493	-5.8507521e-06	1.6472352e-07	-5.4267909e-08	2.0444729e-07	-6.0063872e-06	2.4860672e-07	-1.65646e-07	2.8751674e-07	-6.941629e-08	3.9755185e-06	1.8712419e-06	-7.8335687e-06	-7.8239051e-06	-0.0012351345
-0.254	0.746	0	0	0	0.91618	0	-0	-0	1.0152882	0.69391933	-5.8483023e-06	1.6425935e-07	-5.3781121e-08	2.0446509e-07	-6.0102531e-06	2.4863581e-07	-1.6554197e-07	2.8791035e-07	-6.9347413e-08	3.9759676e-06	1.8868886e-06	-7.8323932e-06	-7.8227404e-06	-0.0012339401
-0.256	0.744	0	0	0	0.91552	0	-0	-0	1.0152678	0.69154652	-5.8458091e-06	1.6379487e-07	-5.3295173e-08	2.0448181e-07	-6.0140901e-06	2.4866431e-07	-1.6543815e-07	2.8830334e-07	-6.927847e-08	3.9763926e-06	1.9025329e-06	-7.8311649e-06	-7.821523e-06	-0.0012327324
-0.258	0.742	0	0	0	0.91486	0	-0	-0	1.0152475	0.6891765	-5.8432727e-06	1.6333002e-07	-5.2810004e-08	2.0449737e-07	-6.0178986e-06	2.4869211e-07	-1.6533449e-07	2.8869558e-07	-6.9209496e-08	3.9767936e-06	1.9181747e-06	-7.8298838e-06	-7.8202531e-06	-0.0012315112
-0.26	0.74	0	0	0	0.9142	0	-0	-0	1.0152271	0.68680927	-5.840693e-06	1.6286474e-07	-5.2325552e-08	2.045117e-07	-6.0216789e-06	2.487191e-07	-1.6523092e-07	2.8908696e-07	-6.9140524e-08	3.9771708e-06	1.9338139e-06	-7.8285501e-06	-7.8189307e-06	-0.0012302761
-0.262	0.738	0	0	0	0.91354	0	-0	-0	1.0152068	0.68444483	-5.8380702e-06	1.6239895e-07	-5.1841758e-08	2.0452471e-07	-6.025431e-06	2.4874518e-07	-1.651274e-07	2.8947736e-07	-6.9071588e-08	3.9775243e-06	1.9494504e-06	-7.8271639e-06	-7.817556e-06	-0.0012290267
-0.264	0.736	0	0	0	0.91288	0	-0	-0	1.0151865	0.68208318	-5.8354041e-06	1.619326e-07	-5.1358564e-08	2.0453635e-07	-6.0291553e-06	2.4877024e-07	-1.6502386e-07	2.8986666e-07	-6.9002719e-08	3.977854e-06	1.9650841e-06	-7.8257254e-06	-7.816129e-06	-0.0012277626
-0.266	0.734	0	0	0	0.91222	0	-0	-0	1.0151662	0.67972432	-5.8326948e-06	1.6146562e-07	-5.0875911e-08	2.0454652e-07	-6.0328521e-06	2.4879418e-07	-1.6492025e-07	2.9025475e-07	-6.8933949e-08	3.9781603e-06	1.9807149e-06	-7.8242345e-06	-7.81465e-06	-0.0012264834
-0.268	0.732	0	0	0	0.91156	0	-0	-0	1.015146	0.67736824	-5.8299424e-06	1.6099794e-07	-5.0393745e-08	2.0455514e-07	-6.0365214e-06	2.4881687e-07	-1.6481651e-07	2.9064149e-07	-6.8865307e-08	3.978443e-06	1.9963427e-06	-7.8226914e-06	-7.8131189e-06	-0.0012251885
-0.27	0.73	0	0	0	0.9109	0	-0	-0	1.0151257	0.67501496	-5.8271467e-06	1.605295e-07	-4.9912009e-08	2.0456214e-07	-6.0401635e-06	2.4883822e-07	-1.6471257e-07	2.9102679e-07	-6.8796824e-08	3.9787023e-06	2.0119674e-06	-7.8210961e-06	-7.8115358e-06	-0.0012238773
-0.272	0.728	0	0	0	0.91024	0	-0	-0	1.0151055	0.67266447	-5.8243078e-06	1.6006022e-07	-4.9430647e-08	2.0456743e-07	-6.0437785e-06	2.4885811e-07	-1.6460839e-07	2.914105e-07	-6.8728529e-08	3.9789383e-06	2.0275888e-06	-7.8194487e-06	-7.8099007e-06	-0.0012225493
-0.274	0.726	0	0	0	0.90958	0	-0	-0	1.0150853	0.67031676	-5.8214256e-06	1.5959005e-07	-4.8949606e-08	2.0457094e-07	-6.0473666e-06	2.4887643e-07	-1.645039e-07	2.917925e-07	-6.8660452e-08	3.9791509e-06	2.043207e-06	-7.817749e-06	-7.8082136e-06	-0.0012212036
-0.276	0.724	0	0	0	0.90892	0	-0	-0	1.0150652	0.66797185	-5.8185001e-06	1.591189e-07	-4.8468831e-08	2.0457257e-07	-6.050928e-06	2.4889306e-07	-1.6439902e-07	2.9217268e-07	-6.8592619e-08	3.9793402e-06	2.0588217e-06	-7.8159971e-06	-7.8064745e-06	-0.0012198395
-0.278	0.722	0	0	0	0.90826	0	-0	-0	1.0150451	0.66562973	-5.8155311e-06	1.5864671e-07	-4.7988269e-08	2.0457223e-07	-6.0544627e-06	2.4890788e-07	-1.6429371e-07	2.925509e-07	-6.8525059e-08	3.9795063e-06	2.0744329e-06	-7.8141931e-06	-7.8046834e-06	-0.0012184561
-0.28	0.72	0	0	0	0.9076	0	-0	-0	1.015025	0.66329039	-5.8125185e-06	1.581734e-07	-4.7507867e-08	2.0456985e-07	-6.057971e-06	2.4892078e-07	-1.6418789e-07	2.9292703e-07	-6.84578e-08	3.9796491e-06	2.0900404e-06	-7.8123367e-06	-7.8028402e-06	-0.0012170526
-0.282	0.718	0	0	0	0.90694	0	-0	-0	1.0150049	0.66095384	-5.8094623e-06	1.576989e-07	-4.7027573e-08	2.0456532e-07	-6.0614528e-06	2.4893164e-07	-1.640815e-07	2.9330093e-07	-6.8390868e-08	3.9797686e-06	2.1056442e-06	-7.8104279e-06	-7.8009448e-06	-0.0012156278
-0.284	0.716	0	0	0	0.90628	0	-0	-0	1.0149848	0.65862008	-5.8063623e-06	1.5722313e-07	-4.6547333e-08	2.0455856e-07	-6.0649082e-06	2.4894032e-07	-1.6397445e-07	2.9367247e-07	-6.832429e-08	3.9798649e-06	2.1212442e-06	-7.8084666e-06	-7.7989972e-06	-0.0012141808
-0.286	0.714	0	0	0	0.90562	0	-0	-0	1.0149648	0.65628911	-5.8032182e-06	1.5674602e-07	-4.6067094e-08	2.0454948e-07	-6.0683374e-06	2.4894671e-07	-1.6386669e-07	2.9404151e-07	-6.8258092e-08	3.9799379e-06	2.1368402e-06	-7.8064526e-06	-7.7969971e-06	-0.0012127102
-0.288	0.712	0	0	0	0.90496	0	-0	-0	1.0149448	0.65396093	-5.80003e-06	1.5626748e-07	-4.5586805e-08	2.0453796e-07	-6.0717403e-06	2.4895066e-07	-1.6375814e-07	2.944079e-07	-6.8192302e-08	3.9799875e-06	2.1524322e-06	-7.8043857e-06	-7.7949444e-06	-0.0012112147
-0.29	0.71	0	0	0	0.9043	0	-0	-0	1.0149248	0.65163553	-5.7967973e-06	1.5578744e-07	-4.5106412e-08	2.0452392e-07	-6.075117e-06	2.4895205e-07	-1.6364871e-07	2.947715e-07	-6.8126944e-08	3.9800138e-06	2.16802e-06	-7.8022659e-06	-7.7928389e-06	-0.001209693
-0.292	0.708	0	0	0	0.90364	0	-0	-0	1.0149049	0.64931292	-5.79352e-06	1.5530581e-07	-4.4625862e-08	2.0450725e-07	-6.0784675e-06	2.4895073e-07	-1.6353834e-07	2.9513215e-07	-6.8062046e-08	3.9800165e-06	2.1836035e-06	-7.8000927e-06	-7.7906804e-06	-0.0012081435
-0.294	0.706	0	0	0	0.90298	0	-0	-0	1.014885	0.6469931	-5.7901977e-06	1.548225e-07	-4.4145102e-08	2.0448785e-07	-6.0817918e-06	2.4894656e-07	-1.6342693e-07	2.9548969e-07	-6.7997633e-08	3.9799957e-06	2.1991827e-06	-7.7978658e-06	-7.7884685e-06	-0.0012065644
-0.296	0.704	0	0	0	0.90232	0	-0	-0	1.0148651	0.64467607	-5.7868301e-06	1.5433743e-07	-4.3664078e-08	2.0446559e-07	-6.0850899e-06	2.4893939e-07	-1.633144e-07	2.9584395e-07	-6.7933731e-08	3.9799512e-06	2.2147574e-06	-7.7955851e-06	-7.7862031e-06	-0.001204954
-0.298	0.702	0	0	0	0.90166	0	-0	-0	1.0148452	0.64236182	-5.7834168e-06	1.538505e-07	-4.3182734e-08	2.0444037e-07	-6.0883617e-06	2.4892907e-07	-1.6320066e-07	2.9619478e-07	-6.7870367e-08	3.979883e-06	2.2303275e-06	-7.79325e-06	-7.7838836e-06	-0.0012033102
-0.3	0.7	0	0	0	0.901	0	-0	-0	1.0148254	0.64005035	-5.7799575e-06	1.5336161e-07	-4.2701016e-08	2.0441208e-07	-6.0916072e-06	2.4891544e-07	-1.6308562e-07	2.9654199e-07	-6.7807567e-08	3.9797908e-06	2.245893e-06	inf	inf	inf
