lambda	F11	F12	F13	F21	F22	F23	F31	F32	F33	J	P11	P12	P13	P21	P22	P23	P31	P32	P33	p	StrEn	t(1)	t(2)	d
0	1	0	0	0	1	0	0	0	1	1	0	0	0	0	0	0	0	0	0	-0	0	inf	inf	inf
-0.002	0.998	-0.0016	0	0	1.0003237	0	0	0	1.0003432	0.99866567	-7.982666e-06	-1.466648e-06	-2.4078871e-07	-1.4676622e-06	2.762002e-10	-1.6437944e-07	-2.3567947e-07	-1.690815e-07	-4.0341978e-09	2.6621413e-06	9.425168e-09	-9.1553756e-06	-8.9521457e-06	-0.022701805
-0.004	0.996	-0.0032	0	0	1.0005605	0	0	0	1.000642	0.99719804	-1.5065585e-05	-2.5166876e-06	-6.6738878e-07	-2.5262034e-06	1.3635143e-09	-3.5659999e-07	-6.6239716e-07	-3.7034383e-07	-6.8271205e-09	5.0236828e-06	3.5808583e-08	-1.7078118e-05	-1.6944035e-05	-0.0079133062
-0.006	0.994	-0.0048	0	0	1.0007627	0	0	0	1.0009096	0.99566297	-2.1420227e-05	-3.4034235e-06	-1.1134154e-06	-3.4205614e-06	2.8257306e-09	-5.5802674e-07	-1.1086469e-06	-5.7811196e-07	-8.0741339e-09	7.1418251e-06	7.7201306e-08	-2.414224e-05	-2.3977006e-05	-0.0068913467
-0.008	0.992	-0.0064	0	0	1.0009214	0	0	0	1.0011278	0.99403383	-2.6843586e-05	-4.088872e-06	-1.5125518e-06	-4.1131407e-06	4.899285e-09	-6.8730435e-07	-1.5058297e-06	-7.1024337e-07	-5.6774288e-09	8.9481213e-06	1.3171661e-07	-3.011448e-05	-2.99005e-05	-0.0071564051
-0.01	0.99	-0.008	0	0	1.0010056	0	0	0	1.0012621	0.99224623	-3.1094627e-05	-4.4492025e-06	-1.75075e-06	-4.4770129e-06	8.4723748e-09	-6.0704607e-07	-1.7358909e-06	-6.291918e-07	1.4595687e-09	1.0361565e-05	1.9680331e-07	-3.4654314e-05	-3.4490828e-05	-0.0047399841
-0.012	0.988	-0.0096	0	0	1.0010382	0	0	0	1.0013393	0.99035029	-3.4288447e-05	-4.6014221e-06	-1.874096e-06	-4.6295705e-06	1.3109446e-08	-4.0821493e-07	-1.8478175e-06	-4.289052e-07	8.476221e-09	1.1422287e-05	2.6967992e-07	-3.7970002e-05	-3.7867076e-05	-0.002718087
-0.014	0.986	-0.0112	0	0	1.0010495	0	0	0	1.0013914	0.9884082	-3.6689269e-05	-4.6768322e-06	-1.9661417e-06	-4.7045748e-06	1.7937141e-08	-1.9366177e-07	-1.9280953e-06	-2.1293477e-07	1.39797e-08	1.2219118e-05	3.4827161e-07	-4.04311e-05	-4.0358881e-05	-0.0017894038
-0.016	0.984	-0.0128	0	0	1.0010497	0	0	0	1.0014288	0.98644031	-3.8512116e-05	-4.7124716e-06	-2.0499481e-06	-4.7400003e-06	2.2626338e-08	1.3110027e-08	-2.000575e-06	-4.6772666e-09	1.8379759e-08	1.2823703e-05	4.3111544e-07	-4.2282354e-05	-4.2225567e-05	-0.0013448448
-0.018	0.982	-0.0144	0	0	1.0010427	0	0	0	1.0014567	0.98445587	-3.9924992e-05	-4.7218821e-06	-2.1318176e-06	-4.749646e-06	2.7048491e-08	2.0749118e-07	-2.0718699e-06	1.9125997e-07	2.2118178e-08	1.3291942e-05	5.1717388e-07	-4.3702643e-05	-4.3650458e-05	-0.0011955268
-0.02	0.98	-0.016	0	0	1.0010307	0	0	0	1.0014784	0.98246036	-4.1048734e-05	-4.7123033e-06	-2.213402e-06	-4.7408137e-06	3.115278e-08	3.8926753e-07	-2.1437609e-06	3.7464178e-07	2.5522196e-08	1.366402e-05	6.0571728e-07	-4.4818611e-05	-4.4763878e-05	-0.001222697
-0.022	0.978	-0.0176	0	0	1.0010149	0	0	0	1.001496	0.98045715	-4.1966023e-05	-4.6883771e-06	-2.2943672e-06	-4.7181554e-06	3.4924908e-08	5.5926549e-07	-2.2159308e-06	5.4630071e-07	2.8799437e-08	1.3967433e-05	6.9622939e-07	-4.5716657e-05	-4.5655266e-05	-0.0013446575
-0.024	0.976	-0.0192	0	0	1.0009962	0	0	0	1.0015107	0.97844823	-4.2732667e-05	-4.6533786e-06	-2.3734779e-06	-4.6849364e-06	3.8366977e-08	7.1832112e-07	-2.2870959e-06	7.0709855e-07	3.2072795e-08	1.4220742e-05	7.8833834e-07	-4.6455205e-05	-4.6385113e-05	-0.0015110926
-0.026	0.974	-0.0208	0	0	1.0009748	0	0	0	1.0015234	0.97643473	-4.3386542e-05	-4.6098165e-06	-2.4491285e-06	-4.6436457e-06	4.1487561e-08	8.6693298e-07	-2.3555689e-06	8.5756466e-07	3.5415333e-08	1.4436546e-05	8.8176985e-07	-4.7074136e-05	-4.6994567e-05	-0.0016931427
-0.028	0.972	-0.0224	0	0	1.000951	0	0	0	1.0015344	0.97441716	-4.3953667e-05	-4.5597967e-06	-2.5195675e-06	-4.5963666e-06	4.4297873e-08	1.005156e-06	-2.4195018e-06	9.9778144e-07	3.8871586e-08	1.4623499e-05	9.7631661e-07	-4.7601145e-05	-4.7512067e-05	-0.0018748552
-0.03	0.97	-0.024	0	0	1.0009246	0	0	0	1.0015437	0.97239565	-4.4452125e-05	-4.5052614e-06	-2.5830087e-06	-4.5450207e-06	4.6811738e-08	1.1326038e-06	-2.4770074e-06	1.1273815e-06	4.2467388e-08	1.4787615e-05	1.0718181e-06	-4.8055867e-05	-4.7957662e-05	-0.002047736
-0.032	0.968	-0.0256	0	0	1.0008956	0	0	0	1.0015514	0.97037004	-4.4894624e-05	-4.4481308e-06	-2.6377626e-06	-4.4915088e-06	4.9047821e-08	1.2485394e-06	-2.526295e-06	1.2456346e-06	4.6212633e-08	1.4933121e-05	1.1681473e-06	-4.8452539e-05	-4.8345807e-05	-0.0022076816
-0.034	0.966	-0.0272	0	0	1.0008637	0	0	0	1.0015574	0.96834002	-4.5290232e-05	-4.3903322e-06	-2.6824481e-06	-4.4377361e-06	5.103258e-08	1.3520724e-06	-2.5658878e-06	1.3516405e-06	5.010072e-08	1.5063033e-05	1.2652013e-06	-4.8801769e-05	-4.8687191e-05	-0.00235335
-0.036	0.964	-0.0288	0	0	1.0008286	0	0	0	1.0015615	0.96630528	-4.5645651e-05	-4.3337034e-06	-2.7162616e-06	-4.3855104e-06	5.28019e-08	1.4424541e-06	-2.5948966e-06	1.444623e-06	5.4108216e-08	1.517958e-05	1.362896e-06	-4.9111729e-05	-4.8989976e-05	-0.0024852693
-0.038	0.962	-0.0304	0	0	1.0007901	0	0	0	1.0015638	0.96426562	-4.5966158e-05	-4.2798026e-06	-2.7391906e-06	-4.3363471e-06	5.4399603e-08	1.5193909e-06	-2.6132395e-06	1.5242462e-06	5.8197589e-08	1.528452e-05	1.4611612e-06	-4.9388946e-05	-4.9260613e-05	-0.0026051992
-0.04	0.96	-0.032	0	0	1.0007481	0	0	0	1.0015644	0.96222105	-4.6256243e-05	-4.2297192e-06	-2.7520389e-06	-4.2912817e-06	5.5872689e-08	1.5832412e-06	-2.6216707e-06	1.5908187e-06	6.2323691e-08	1.5379349e-05	1.5599385e-06	-4.9638789e-05	-4.9504361e-05	-0.0027154871
-0.042	0.958	-0.0336	0	0	1.0007024	0	0	0	1.0015635	0.96017178	-4.6519946e-05	-4.1839915e-06	-2.7562282e-06	-4.2507923e-06	5.7265373e-08	1.635005e-06	-2.6215815e-06	1.6452925e-06	6.6441801e-08	1.5465413e-05	1.6591787e-06	-4.9865732e-05	-4.9725583e-05	-0.0028184455
-0.044	0.956	-0.0352	0	0	1.0006533	0	0	0	1.0015613	0.95811814	-4.6760944e-05	-4.1426646e-06	-2.7534745e-06	-4.214865e-06	5.8614606e-08	1.6761337e-06	-2.6146718e-06	1.6890794e-06	7.0514046e-08	1.5543939e-05	1.7588408e-06	-5.0073494e-05	-4.9927907e-05	-0.0029159334
-0.046	0.954	-0.0368	0	0	1.0006008	0	0	0	1.0015582	0.95606057	-4.6982527e-05	-4.1054383e-06	-2.7454838e-06	-4.1831466e-06	5.9948354e-08	1.7082761e-06	-2.6026408e-06	1.7238e-06	7.4512456e-08	1.5616022e-05	1.8588903e-06	-5.0265126e-05	-5.0114321e-05	-0.003009232
-0.048	0.952	-0.0384	0	0	1.000545	0	0	0	1.0015544	0.95399945	-4.7187557e-05	-4.0718278e-06	-2.7337574e-06	-4.1551082e-06	6.1286145e-08	1.7330623e-06	-2.5869862e-06	1.7510673e-06	7.8419005e-08	1.5682617e-05	1.9592981e-06	-5.0443103e-05	-5.0287256e-05	-0.0030991323
-0.05	0.95	-0.04	0	0	1.0004861	0	0	0	1.0015501	0.95193513	-4.7378459e-05	-4.041289e-06	-2.7195104e-06	-4.1301713e-06	6.2640733e-08	1.751969e-06	-2.5689206e-06	1.7723496e-06	8.2223982e-08	1.5744531e-05	2.0600393e-06	-5.0609415e-05	-5.044868e-05	-0.0031860949
-0.052	0.948	-0.0416	0	0	1.0004243	0	0	0	1.0015454	0.9498679	-4.7557252e-05	-4.0132966e-06	-2.7036709e-06	-4.1077838e-06	6.4019924e-08	1.7662609e-06	-2.5493678e-06	1.7889093e-06	8.5923855e-08	1.5802436e-05	2.1610928e-06	-5.0765658e-05	-5.0600175e-05	-0.00327039
-0.054	0.946	-0.0432	0	0	1.0003595	0	0	0	1.0015406	0.94779797	-4.77256e-05	-3.9873817e-06	-2.6869172e-06	-4.087457e-06	6.5428121e-08	1.7769815e-06	-2.5290006e-06	1.8017918e-06	8.951933e-08	1.5856884e-05	2.26244e-06	-5.0913118e-05	-5.0743018e-05	-0.0033521914
-0.056	0.944	-0.0448	0	0	1.0002919	0	0	0	1.0015355	0.9457255	-4.7884867e-05	-3.9631457e-06	-2.6697286e-06	-4.0687774e-06	6.6867486e-08	1.7849718e-06	-2.5082911e-06	1.8118427e-06	9.3013802e-08	1.5908328e-05	2.3640649e-06	-5.1052841e-05	-5.0878245e-05	-0.0034316296
-0.058	0.942	-0.0464	0	0	1.0002215	0	0	0	1.0015304	0.94365063	-4.8036174e-05	-3.9402587e-06	-2.6524333e-06	-4.0514041e-06	6.8338735e-08	1.7908994e-06	-2.4875593e-06	1.819735e-06	9.6412243e-08	1.5957141e-05	2.465953e-06	-5.1185681e-05	-5.1006708e-05	-0.0035088172
-0.06	0.94	-0.048	0	0	1.0001484	0	0	0	1.0015252	0.94157343	-4.8180448e-05	-3.9184526e-06	-2.6352486e-06	-4.0350608e-06	6.9841688e-08	1.7952889e-06	-2.4670135e-06	1.8259999e-06	9.9720439e-08	1.6003629e-05	2.5680917e-06	-5.131235e-05	-5.1129111e-05	-0.0035838611
-0.062	0.938	-0.0496	0	0	1.0000726	0	0	0	1.00152	0.93949397	-4.8318457e-05	-3.8975115e-06	-2.6183128e-06	-4.0195254e-06	7.1375625e-08	1.7985505e-06	-2.4467824e-06	1.8310539e-06	1.0294448e-07	1.6048046e-05	2.6704695e-06	-5.1433443e-05	-5.1246043e-05	-0.003656866
-0.064	0.936	-0.0512	0	0	0.99999417	0	0	0	1.0015147	0.93741228	-4.8450846e-05	-3.8772625e-06	-2.6017085e-06	-4.0046203e-06	7.2939518e-08	1.801004e-06	-2.4269392e-06	1.8352232e-06	1.0609045e-07	1.6090605e-05	2.7730759e-06	-5.1549465e-05	-5.1358006e-05	-0.0037279354
-0.066	0.934	-0.0528	0	0	0.99991303	0	0	0	1.0015094	0.93532841	-4.8578157e-05	-3.8575675e-06	-2.58548e-06	-3.9902037e-06	7.4532186e-08	1.8028981e-06	-2.4075187e-06	1.8387623e-06	1.0916424e-07	1.6131487e-05	2.8759015e-06	-5.1660848e-05	-5.1465425e-05	-0.0037971711
-0.068	0.932	-0.0544	0	0	0.99982923	0	0	0	1.0015041	0.93324238	-4.8700855e-05	-3.8383159e-06	-2.5696455e-06	-3.9761623e-06	7.6152388e-08	1.8044261e-06	-2.3885298e-06	1.8418704e-06	1.1217141e-07	1.6170844e-05	2.9789376e-06	-5.1767966e-05	-5.156867e-05	-0.0038646727
-0.07	0.93	-0.056	0	0	0.99974277	0	0	0	1.0014987	0.9311542	-4.8819335e-05	-3.8194194e-06	-2.554206e-06	-3.9624052e-06	7.7798891e-08	1.8057385e-06	-2.3699647e-06	1.8447031e-06	1.151172e-07	1.6208806e-05	3.0821762e-06	-5.1871146e-05	-5.1668063e-05	-0.0039305366
-0.072	0.928	-0.0576	0	0	0.99965366	0	0	0	1.0014933	0.92906389	-4.8933941e-05	-3.8008068e-06	-2.5391514e-06	-3.9488593e-06	7.9470502e-08	1.8069524e-06	-2.3518045e-06	1.8473823e-06	1.1800643e-07	1.6245488e-05	3.1856098e-06	-5.1970673e-05	-5.1763883e-05	-0.0039948561
-0.074	0.926	-0.0592	0	0	0.99956191	0	0	0	1.0014878	0.92697146	-4.9044971e-05	-3.7824208e-06	-2.5244645e-06	-3.9354655e-06	8.1166093e-08	1.8081589e-06	-2.3340239e-06	1.8500036e-06	1.2084358e-07	1.6280987e-05	3.2892317e-06	-5.2066799e-05	-5.1856381e-05	-0.0040577208
-0.076	0.924	-0.0608	0	0	0.99946749	0	0	0	1.0014823	0.92487691	-4.9152688e-05	-3.764215e-06	-2.5101244e-06	-3.9221758e-06	8.2884615e-08	1.8094291e-06	-2.3165938e-06	1.8526422e-06	1.2363275e-07	1.631539e-05	3.3930354e-06	-5.215975e-05	-5.1945774e-05	-0.0041192166
-0.078	0.922	-0.0624	0	0	0.99937043	0	0	0	1.0014768	0.92278026	-4.9257321e-05	-3.7461514e-06	-2.4961078e-06	-3.9089508e-06	8.46251e-08	1.8108182e-06	-2.2994836e-06	1.8553569e-06	1.2637772e-07	1.6348773e-05	3.4970148e-06	-5.2249725e-05	-5.203226e-05	-0.0041794258
-0.08	0.92	-0.064	0	0	0.9992707	0	0	0	1.0014711	0.9206815	-4.9359075e-05	-3.728199e-06	-2.4823911e-06	-3.8957582e-06	8.6386667e-08	1.8123693e-06	-2.2826623e-06	1.8581942e-06	1.2908195e-07	1.6381202e-05	3.6011644e-06	-5.2336903e-05	-5.2116013e-05	-0.0042384268
-0.082	0.918	-0.0656	0	0	0.99916832	0	0	0	1.0014654	0.91858066	-4.9458131e-05	-3.7103323e-06	-2.4689505e-06	-3.882571e-06	8.8168518e-08	1.8141161e-06	-2.2660993e-06	1.861191e-06	1.3174861e-07	1.6412738e-05	3.7054789e-06	-5.2421445e-05	-5.2197191e-05	-0.0042962947
-0.084	0.916	-0.0672	0	0	0.99906327	0	0	0	1.0014596	0.91647772	-4.9554651e-05	-3.6925301e-06	-2.4557633e-06	-3.8693667e-06	8.9969933e-08	1.8160845e-06	-2.2497651e-06	1.864376e-06	1.3438062e-07	1.6443433e-05	3.8099532e-06	-5.2503497e-05	-5.2275934e-05	-0.0043531012
-0.086	0.914	-0.0688	0	0	0.99895555	0	0	0	1.0014537	0.91437271	-4.964878e-05	-3.6747746e-06	-2.4428077e-06	-3.8561262e-06	9.1790272e-08	1.8182951e-06	-2.2336316e-06	1.8677723e-06	1.3698065e-07	1.6473336e-05	3.9145826e-06	-5.2583188e-05	-5.2352371e-05	-0.0044089147
-0.088	0.912	-0.0704	0	0	0.99884516	0	0	0	1.0014478	0.91226562	-4.974065e-05	-3.6570507e-06	-2.4300633e-06	-3.8428331e-06	9.3628964e-08	1.8207634e-06	-2.2176722e-06	1.8713979e-06	1.3955118e-07	1.650249e-05	4.0193626e-06	-5.2660639e-05	-5.2426617e-05	-0.0044638004
-0.09	0.91	-0.072	0	0	0.99873209	0	0	0	1.0014417	0.91015646	-4.9830379e-05	-3.6393458e-06	-2.417511e-06	-3.8294734e-06	9.5485509e-08	1.8235017e-06	-2.2018619e-06	1.8752673e-06	1.4209446e-07	1.6530933e-05	4.1242891e-06	-5.2735957e-05	-5.2498777e-05	-0.0045178208
-0.092	0.908	-0.0736	0	0	0.99861634	0	0	0	1.0014355	0.90804525	-4.9918073e-05	-3.6216488e-06	-2.4051331e-06	-3.8160346e-06	9.7359467e-08	1.8265194e-06	-2.1861773e-06	1.879392e-06	1.446126e-07	1.65587e-05	4.2293578e-06	-5.2809239e-05	-5.2568945e-05	-0.0045710354
-0.094	0.906	-0.0752	0	0	0.99849791	0	0	0	1.0014292	0.90593197	-5.0003829e-05	-3.6039503e-06	-2.3929133e-06	-3.802506e-06	9.9250459e-08	1.829824e-06	-2.1705964e-06	1.8837811e-06	1.4710753e-07	1.6585824e-05	4.3345648e-06	-5.2880575e-05	-5.2637207e-05	-0.0046235013
-0.096	0.904	-0.0768	0	0	0.99837678	0	0	0	1.0014227	0.90381666	-5.0087735e-05	-3.586242e-06	-2.3808367e-06	-3.7888778e-06	1.0115816e-07	1.8334209e-06	-2.1550991e-06	1.888442e-06	1.4958105e-07	1.6612332e-05	4.4399066e-06	-5.2950047e-05	-5.2703643e-05	-0.004675273
-0.098	0.902	-0.0784	0	0	0.99825295	0	0	0	1.0014161	0.9016993	-5.0169872e-05	-3.5685165e-06	-2.3688896e-06	-3.775141e-06	1.0308229e-07	1.8373147e-06	-2.1396664e-06	1.8933807e-06	1.5203482e-07	1.6638251e-05	4.5453794e-06	-5.3017729e-05	-5.2768324e-05	-0.0047264025
-0.1	0.9	-0.08	0	0	0.99812643	0	0	0	1.0014094	0.89957991	-5.0250312e-05	-3.5507672e-06	-2.3570596e-06	-3.7612877e-06	1.0502263e-07	1.8415086e-06	-2.1242807e-06	1.8986019e-06	1.5447039e-07	1.6663606e-05	4.6509799e-06	-5.3083687e-05	-5.2831315e-05	-0.0047769398
-0.102	0.898	-0.0816	0	0	0.9979972	0	0	0	1.0014026	0.89745849	-5.0329123e-05	-3.5329881e-06	-2.3453354e-06	-3.7473103e-06	1.0697899e-07	1.8460054e-06	-2.1089258e-06	1.9041098e-06	1.5688919e-07	1.6688418e-05	4.7567047e-06	-5.3147986e-05	-5.2892676e-05	-0.0048269326
-0.104	0.896	-0.0832	0	0	0.99786525	0	0	0	1.0013956	0.89533506	-5.0406365e-05	-3.5151739e-06	-2.3337068e-06	-3.7332019e-06	1.0895122e-07	1.8508071e-06	-2.0935865e-06	1.9099078e-06	1.5929258e-07	1.6712707e-05	4.8625506e-06	-5.321068e-05	-5.2952461e-05	-0.0048764268
-0.106	0.894	-0.0848	0	0	0.99773059	0	0	0	1.0013885	0.89320962	-5.0482095e-05	-3.4973195e-06	-2.3221644e-06	-3.7189557e-06	1.1093923e-07	1.8559155e-06	-2.0782488e-06	1.9159986e-06	1.616818e-07	1.6736491e-05	4.9685145e-06	-5.3271822e-05	-5.301072e-05	-0.0049254661
-0.108	0.892	-0.0864	0	0	0.99759321	0	0	0	1.0013812	0.89108218	-5.0556364e-05	-3.4794202e-06	-2.3107e-06	-3.7045655e-06	1.1294293e-07	1.861332e-06	-2.0628997e-06	1.9223848e-06	1.6405802e-07	1.6759788e-05	5.0745935e-06	-5.333146e-05	-5.3067497e-05	-0.0049740927
-0.11	0.89	-0.088	0	0	0.99745309	0	0	0	1.0013737	0.88895275	-5.0629219e-05	-3.4614717e-06	-2.299306e-06	-3.6900252e-06	1.149623e-07	1.8670578e-06	-2.0475272e-06	1.9290688e-06	1.6642233e-07	1.6782611e-05	5.1807845e-06	-5.3389636e-05	-5.3122835e-05	-0.0050223467
-0.112	0.888	-0.0896	0	0	0.99731025	0	0	0	1.0013661	0.88682133	-5.0700702e-05	-3.4434699e-06	-2.2879758e-06	-3.675329e-06	1.1699732e-07	1.8730941e-06	-2.0321199e-06	1.9360525e-06	1.6877577e-07	1.6804976e-05	5.2870848e-06	-5.3446392e-05	-5.3176771e-05	-0.0050702669
-0.114	0.886	-0.0912	0	0	0.99716466	0	0	0	1.0013583	0.88468794	-5.0770855e-05	-3.4254107e-06	-2.2767034e-06	-3.6604712e-06	1.19048e-07	1.879442e-06	-2.0166675e-06	1.9433379e-06	1.711193e-07	1.6826896e-05	5.3934916e-06	-5.3501762e-05	-5.322934e-05	-0.0051178903
-0.116	0.884	-0.0928	0	0	0.99701633	0	0	0	1.0013503	0.88255258	-5.0839712e-05	-3.4072903e-06	-2.2654836e-06	-3.6454462e-06	1.2111441e-07	1.8861025e-06	-2.0011605e-06	1.9509268e-06	1.7345382e-07	1.6848381e-05	5.5000022e-06	-5.355578e-05	-5.3280573e-05	-0.0051652523
-0.118	0.882	-0.0944	0	0	0.99686525	0	0	0	1.0013422	0.88041527	-5.0907308e-05	-3.3891052e-06	-2.2543117e-06	-3.6302486e-06	1.231966e-07	1.8930767e-06	-1.9855899e-06	1.9588212e-06	1.7578017e-07	1.6869444e-05	5.6066139e-06	-5.3608477e-05	-5.3330498e-05	-0.0052123872
-0.12	0.88	-0.096	0	0	0.99671141	0	0	0	1.0013339	0.878276	-5.0973672e-05	-3.3708519e-06	-2.2431837e-06	-3.614873e-06	1.2529468e-07	1.9003657e-06	-1.9699473e-06	1.9670229e-06	1.7809916e-07	1.6890093e-05	5.7133242e-06	-5.3659881e-05	-5.3379142e-05	-0.0052593275
-0.122	0.878	-0.0976	0	0	0.9965548	0	0	0	1.0013254	0.8761348	-5.1038834e-05	-3.3525268e-06	-2.2320961e-06	-3.5993141e-06	1.2740875e-07	1.9079706e-06	-1.9542253e-06	1.9755335e-06	1.8041154e-07	1.6910338e-05	5.8201305e-06	-5.3710015e-05	-5.3426529e-05	-0.0053061045
-0.124	0.876	-0.0992	0	0	0.99639542	0	0	0	1.0013167	0.87399167	-5.1102819e-05	-3.3341267e-06	-2.2210461e-06	-3.5835667e-06	1.2953896e-07	1.9158927e-06	-1.9384167e-06	1.9843551e-06	1.8271801e-07	1.6930187e-05	5.9270303e-06	-5.3758905e-05	-5.3472679e-05	-0.0053527482
-0.126	0.874	-0.1008	0	0	0.99623327	0	0	0	1.0013078	0.87184661	-5.1165651e-05	-3.3156482e-06	-2.2100311e-06	-3.5676257e-06	1.3168545e-07	1.9241332e-06	-1.922515e-06	1.9934894e-06	1.8501923e-07	1.6949649e-05	6.0340212e-06	-5.3806571e-05	-5.3517614e-05	-0.0053992873
-0.128	0.872	-0.1024	0	0	0.99606833	0	0	0	1.0012988	0.86969965	-5.1227351e-05	-3.2970883e-06	-2.1990491e-06	-3.551486e-06	1.338484e-07	1.9326935e-06	-1.9065144e-06	2.0029383e-06	1.8731584e-07	1.6968729e-05	6.1411007e-06	-5.3853031e-05	-5.3561349e-05	-0.0054457492
-0.13	0.87	-0.104	0	0	0.9959006	0	0	0	1.0012895	0.86755078	-5.1287939e-05	-3.2784438e-06	-2.1880986e-06	-3.5351425e-06	1.3602799e-07	1.941575e-06	-1.8904092e-06	2.0127038e-06	1.8960841e-07	1.6987434e-05	6.2482666e-06	-5.3898303e-05	-5.3603902e-05	-0.0054921603
-0.132	0.868	-0.1056	0	0	0.99573008	0	0	0	1.00128	0.86540002	-5.1347434e-05	-3.2597117e-06	-2.1771785e-06	-3.5185902e-06	1.3822443e-07	1.9507792e-06	-1.8741944e-06	2.0227878e-06	1.918975e-07	1.7005771e-05	6.3555163e-06	-5.3942403e-05	-5.3645286e-05	-0.0055385455
-0.134	0.866	-0.1072	0	0	0.99555675	0	0	0	1.0012703	0.86324737	-5.1405853e-05	-3.2408889e-06	-2.1662879e-06	-3.5018241e-06	1.4043793e-07	1.9603077e-06	-1.8578656e-06	2.0331922e-06	1.9418363e-07	1.7023744e-05	6.4628477e-06	-5.3985345e-05	-5.3685515e-05	-0.0055849288
-0.136	0.864	-0.1088	0	0	0.9953806	0	0	0	1.0012605	0.86109286	-5.146321e-05	-3.2219726e-06	-2.1554265e-06	-3.4848394e-06	1.4266872e-07	1.9701619e-06	-1.8414186e-06	2.0439191e-06	1.9646728e-07	1.7041358e-05	6.5702584e-06	-5.4027142e-05	-5.3724601e-05	-0.0056313329
-0.138	0.862	-0.1104	0	0	0.99520164	0	0	0	1.0012504	0.85893648	-5.1519519e-05	-3.20296e-06	-2.1445942e-06	-3.4676313e-06	1.4491704e-07	1.9803435e-06	-1.8248497e-06	2.0549704e-06	1.9874891e-07	1.7058618e-05	6.6777461e-06	-5.4067805e-05	-5.3762554e-05	-0.0056777794
-0.14	0.86	-0.112	0	0	0.99501985	0	0	0	1.0012401	0.85677825	-5.1574794e-05	-3.1838482e-06	-2.1337914e-06	-3.4501949e-06	1.4718315e-07	1.9908543e-06	-1.8081554e-06	2.0663482e-06	2.0102894e-07	1.7075527e-05	6.7853086e-06	-5.4107346e-05	-5.3799382e-05	-0.0057242891
-0.142	0.858	-0.1136	0	0	0.99483522	0	0	0	1.0012296	0.85461818	-5.1629046e-05	-3.1646345e-06	-2.1230185e-06	-3.4325256e-06	1.4946729e-07	2.0016957e-06	-1.791333e-06	2.0780543e-06	2.0330778e-07	1.709209e-05	6.8929436e-06	-5.4145772e-05	-5.3835096e-05	-0.0057708812
-0.144	0.856	-0.1152	0	0	0.99464775	0	0	0	1.0012189	0.85245627	-5.1682285e-05	-3.1453164e-06	-2.1122765e-06	-3.4146187e-06	1.5176974e-07	2.0128694e-06	-1.7743799e-06	2.0900908e-06	2.0558578e-07	1.710831e-05	7.000649e-06	-5.4183092e-05	-5.3869701e-05	-0.0058175742
-0.146	0.854	-0.1168	0	0	0.99445743	0	0	0	1.001208	0.85029255	-5.1734521e-05	-3.1258912e-06	-2.1015666e-06	-3.3964697e-06	1.5409077e-07	2.0243772e-06	-1.7572938e-06	2.1024595e-06	2.0786329e-07	1.7124189e-05	7.1084224e-06	-5.4219315e-05	-5.3903206e-05	-0.0058643854
-0.148	0.852	-0.1184	0	0	0.99426426	0	0	0	1.0011969	0.84812701	-5.1785763e-05	-3.1063565e-06	-2.0908902e-06	-3.3780741e-06	1.5643067e-07	2.0362206e-06	-1.7400728e-06	2.1151622e-06	2.1014063e-07	1.7139731e-05	7.2162618e-06	-5.4254446e-05	-5.3935615e-05	-0.005911331
-0.15	0.85	-0.12	0	0	0.99406821	0	0	0	1.0011855	0.84595968	-5.1836019e-05	-3.0867099e-06	-2.0802489e-06	-3.3594276e-06	1.5878972e-07	2.048401e-06	-1.7227156e-06	2.1282009e-06	2.124181e-07	1.7154937e-05	7.3241649e-06	-5.4288491e-05	-5.3966933e-05	-0.0059584263
-0.152	0.848	-0.1216	0	0	0.99386929	0	0	0	1.0011739	0.84379056	-5.1885295e-05	-3.066949e-06	-2.0696448e-06	-3.3405259e-06	1.6116821e-07	2.0609201e-06	-1.7052209e-06	2.1415771e-06	2.1469596e-07	1.716981e-05	7.4321295e-06	-5.4321456e-05	-5.3997166e-05	-0.0060056854
-0.154	0.846	-0.1232	0	0	0.99366749	0	0	0	1.0011622	0.84161967	-5.19336e-05	-3.0470718e-06	-2.05908e-06	-3.3213649e-06	1.6356644e-07	2.0737793e-06	-1.6875878e-06	2.1552925e-06	2.1697445e-07	1.7184353e-05	7.5401536e-06	-5.4353346e-05	-5.4026318e-05	-0.0060531215
-0.156	0.844	-0.1248	0	0	0.99346279	0	0	0	1.0011502	0.83944701	-5.1980937e-05	-3.0270762e-06	-2.0485568e-06	-3.3019405e-06	1.659847e-07	2.0869797e-06	-1.6698157e-06	2.1693485e-06	2.1925379e-07	1.7198566e-05	7.6482348e-06	-5.4384164e-05	-5.4054392e-05	-0.0061007466
-0.158	0.842	-0.1264	0	0	0.9932552	0	0	0	1.001138	0.8372726	-5.2027313e-05	-3.00696e-06	-2.0380779e-06	-3.2822488e-06	1.6842329e-07	2.1005227e-06	-1.6519046e-06	2.1837466e-06	2.215342e-07	1.7212452e-05	7.7563711e-06	-5.4413914e-05	-5.408139e-05	-0.0061485719
-0.16	0.84	-0.128	0	0	0.9930447	0	0	0	1.0011256	0.83509645	-5.2072733e-05	-2.9867215e-06	-2.027646e-06	-3.2622861e-06	1.7088252e-07	2.1144093e-06	-1.6338544e-06	2.1984879e-06	2.2381583e-07	1.7226012e-05	7.8645604e-06	-5.4442599e-05	-5.4107317e-05	-0.0061966073
-0.162	0.838	-0.1296	0	0	0.99283128	0	0	0	1.0011129	0.83291857	-5.2117201e-05	-2.9663589e-06	-2.0172641e-06	-3.2420489e-06	1.7336267e-07	2.1286405e-06	-1.6156654e-06	2.2135734e-06	2.2609885e-07	1.7239247e-05	7.9728004e-06	-5.4470223e-05	-5.4132175e-05	-0.0062448618
-0.164	0.836	-0.1312	0	0	0.99261493	0	0	0	1.0011001	0.83073899	-5.2160722e-05	-2.9458705e-06	-2.0069353e-06	-3.2215335e-06	1.7586403e-07	2.1432169e-06	-1.5973384e-06	2.2290041e-06	2.2838339e-07	1.7252158e-05	8.0810891e-06	-5.4496788e-05	-5.4155966e-05	-0.0062933435
-0.166	0.834	-0.1328	0	0	0.99239565	0	0	0	1.0010871	0.8285577	-5.2203298e-05	-2.9252549e-06	-1.996663e-06	-3.2007368e-06	1.7838692e-07	2.1581393e-06	-1.5788742e-06	2.2447807e-06	2.3066956e-07	1.7264747e-05	8.1894243e-06	-5.4522297e-05	-5.4178692e-05	-0.0063420594
-0.168	0.832	-0.1344	0	0	0.99217343	0	0	0	1.0010738	0.82637472	-5.2244934e-05	-2.9045107e-06	-1.9864504e-06	-3.1796557e-06	1.809316e-07	2.1734079e-06	-1.560274e-06	2.2609036e-06	2.3295746e-07	1.7277015e-05	8.2978039e-06	-5.4546751e-05	-5.4200356e-05	-0.0063910153
-0.17	0.83	-0.136	0	0	0.99194825	0	0	0	1.0010604	0.82419008	-5.2285633e-05	-2.8836367e-06	-1.9763013e-06	-3.1582872e-06	1.8349837e-07	2.1890229e-06	-1.5415393e-06	2.277373e-06	2.3524716e-07	1.7288963e-05	8.4062257e-06	-5.4570154e-05	-5.4220959e-05	-0.0064402164
-0.172	0.828	-0.1376	0	0	0.99172012	0	0	0	1.0010467	0.82200378	-5.2325398e-05	-2.8626316e-06	-1.9662193e-06	-3.1366285e-06	1.860875e-07	2.2049844e-06	-1.5226718e-06	2.2941892e-06	2.3753872e-07	1.7300591e-05	8.5146877e-06	-5.4592506e-05	-5.4240503e-05	-0.0064896665
-0.174	0.826	-0.1392	0	0	0.99148902	0	0	0	1.0010329	0.81981583	-5.2364232e-05	-2.8414947e-06	-1.9562082e-06	-3.1146772e-06	1.8869926e-07	2.2212921e-06	-1.5036734e-06	2.3113517e-06	2.3983217e-07	1.73119e-05	8.6231877e-06	-5.4613811e-05	-5.4258991e-05	-0.0065393687
-0.176	0.824	-0.1408	0	0	0.99125494	0	0	0	1.0010188	0.81762625	-5.2402137e-05	-2.8202252e-06	-1.9462719e-06	-3.0924309e-06	1.9133392e-07	2.2379454e-06	-1.4845464e-06	2.3288603e-06	2.4212752e-07	1.7322892e-05	8.7317237e-06	-5.463407e-05	-5.4276425e-05	-0.0065893251
-0.178	0.822	-0.1424	0	0	0.99101787	0	0	0	1.0010046	0.81543507	-5.2439117e-05	-2.7988222e-06	-1.9364144e-06	-3.0698875e-06	1.9399172e-07	2.2549436e-06	-1.4652931e-06	2.346714e-06	2.4442478e-07	1.7333567e-05	8.8402934e-06	-5.4653285e-05	-5.4292806e-05	-0.0066395366
-0.18	0.82	-0.144	0	0	0.99077781	0	0	0	1.0009902	0.81324228	-5.2475173e-05	-2.7772855e-06	-1.9266397e-06	-3.047045e-06	1.9667293e-07	2.2722855e-06	-1.4459161e-06	2.364912e-06	2.4672393e-07	1.7343925e-05	8.9488949e-06	-5.4671458e-05	-5.4308137e-05	-0.0066900035
-0.182	0.818	-0.1456	0	0	0.99053475	0	0	0	1.0009756	0.81104792	-5.251031e-05	-2.7556146e-06	-1.916952e-06	-3.0239018e-06	1.9937776e-07	2.28997e-06	-1.4264184e-06	2.3834529e-06	2.4902493e-07	1.7353969e-05	9.057526e-06	-5.4688593e-05	-5.432242e-05	-0.0067407248
-0.184	0.816	-0.1472	0	0	0.99028868	0	0	0	1.0009608	0.80885199	-5.2544528e-05	-2.7338094e-06	-1.9073554e-06	-3.0004563e-06	2.0210645e-07	2.3079953e-06	-1.406803e-06	2.4023352e-06	2.5132773e-07	1.7363698e-05	9.1661846e-06	-5.4704691e-05	-5.4335659e-05	-0.006791699
-0.186	0.814	-0.1488	0	0	0.99003959	0	0	0	1.0009459	0.80665452	-5.2577832e-05	-2.7118699e-06	-1.8978542e-06	-2.9767075e-06	2.048592e-07	2.3263596e-06	-1.3870731e-06	2.4215569e-06	2.5363227e-07	1.7373114e-05	9.2748686e-06	-5.4719754e-05	-5.4347856e-05	-0.0068429233
-0.188	0.812	-0.1504	0	0	0.98978747	0	0	0	1.0009308	0.80445552	-5.2610224e-05	-2.6897962e-06	-1.8884526e-06	-2.9526542e-06	2.0763622e-07	2.3450605e-06	-1.3672322e-06	2.4411159e-06	2.5593846e-07	1.7382216e-05	9.383576e-06	-5.4733786e-05	-5.4359014e-05	-0.0068943942
-0.19	0.81	-0.152	0	0	0.98953231	0	0	0	1.0009155	0.80225501	-5.2641706e-05	-2.6675887e-06	-1.8791548e-06	-2.9282957e-06	2.1043768e-07	2.3640956e-06	-1.3472838e-06	2.4610096e-06	2.5824621e-07	1.7391007e-05	9.4923046e-06	-5.474679e-05	-5.4369137e-05	-0.0069461074
-0.192	0.808	-0.1536	0	0	0.98927412	0	0	0	1.0009001	0.800053	-5.2672283e-05	-2.6452479e-06	-1.8699651e-06	-2.9036314e-06	2.1326377e-07	2.3834621e-06	-1.3272317e-06	2.4812352e-06	2.605554e-07	1.7399488e-05	9.6010525e-06	-5.475877e-05	-5.4378228e-05	-0.0069980577
-0.194	0.806	-0.1552	0	0	0.98901287	0	0	0	1.0008846	0.79784952	-5.2701956e-05	-2.6227743e-06	-1.8608877e-06	-2.8786611e-06	2.1611464e-07	2.4031566e-06	-1.3070797e-06	2.5017895e-06	2.6286592e-07	1.7407659e-05	9.7098176e-06	-5.4769728e-05	-5.4386291e-05	-0.007050239
-0.196	0.804	-0.1568	0	0	0.98874857	0	0	0	1.0008689	0.79564458	-5.273073e-05	-2.6001689e-06	-1.851927e-06	-2.8533846e-06	2.1899043e-07	2.4231758e-06	-1.286832e-06	2.5226691e-06	2.6517762e-07	1.7415521e-05	9.8185977e-06	-5.4779668e-05	-5.4393332e-05	-0.0071026447
-0.198	0.802	-0.1584	0	0	0.98848121	0	0	0	1.0008531	0.79343821	-5.2758607e-05	-2.5774326e-06	-1.8430869e-06	-2.8278023e-06	2.2189128e-07	2.4435157e-06	-1.2664926e-06	2.5438701e-06	2.6749037e-07	1.7423075e-05	9.9273909e-06	-5.4788596e-05	-5.4399354e-05	-0.0071552672
-0.2	0.8	-0.16	0	0	0.98821077	0	0	0	1.0008371	0.79123042	-5.2785593e-05	-2.5545665e-06	-1.8343718e-06	-2.8019144e-06	2.2481728e-07	2.4641724e-06	-1.2460659e-06	2.5653885e-06	2.6980399e-07	1.7430324e-05	1.0036195e-05	-5.4796515e-05	-5.4404363e-05	-0.0072080982
-0.202	0.798	-0.1616	0	0	0.98793725	0	0	0	1.0008211	0.78902124	-5.2811689e-05	-2.531572e-06	-1.8257857e-06	-2.7757216e-06	2.2776854e-07	2.4851412e-06	-1.2255561e-06	2.5872198e-06	2.7211833e-07	1.7437267e-05	1.0145008e-05	-5.480343e-05	-5.4408364e-05	-0.0072611287
-0.204	0.796	-0.1632	0	0	0.98766065	0	0	0	1.0008049	0.78681068	-5.2836901e-05	-2.5084504e-06	-1.8173325e-06	-2.7492249e-06	2.3074514e-07	2.5064174e-06	-1.2049678e-06	2.6093593e-06	2.7443319e-07	1.7443908e-05	1.0253829e-05	-5.4809347e-05	-5.4411363e-05	-0.0073143493
-0.206	0.794	-0.1648	0	0	0.98738096	0	0	0	1.0007886	0.78459877	-5.2861234e-05	-2.4852034e-06	-1.8090164e-06	-2.7224252e-06	2.3374713e-07	2.5279959e-06	-1.1843055e-06	2.6318018e-06	2.767484e-07	1.7450246e-05	1.0362654e-05	-5.4814271e-05	-5.4413367e-05	-0.0073677496
-0.208	0.792	-0.1664	0	0	0.98709818	0	0	0	1.0007723	0.78238552	-5.288469e-05	-2.4618328e-06	-1.8008411e-06	-2.695324e-06	2.3677457e-07	2.5498713e-06	-1.1635737e-06	2.6545421e-06	2.7906376e-07	1.7456284e-05	1.0471482e-05	-5.4818207e-05	-5.4414381e-05	-0.007421319
-0.21	0.79	-0.168	0	0	0.98681229	0	0	0	1.0007559	0.78017097	-5.2907276e-05	-2.4383403e-06	-1.7928104e-06	-2.6679227e-06	2.3982747e-07	2.572038e-06	-1.1427771e-06	2.6775746e-06	2.8137907e-07	1.7462023e-05	1.0580311e-05	-5.4821163e-05	-5.4414413e-05	-0.0074750459
-0.212	0.788	-0.1696	0	0	0.98652329	0	0	0	1.0007394	0.77795512	-5.2928996e-05	-2.4147281e-06	-1.7849279e-06	-2.6402231e-06	2.4290586e-07	2.5944898e-06	-1.1219205e-06	2.7008931e-06	2.8369411e-07	1.7467465e-05	1.068914e-05	-5.4823145e-05	-5.4413471e-05	-0.0075289187
-0.214	0.786	-0.1712	0	0	0.98623118	0	0	0	1.0007228	0.77573801	-5.2949856e-05	-2.3909982e-06	-1.7771974e-06	-2.6122272e-06	2.4600973e-07	2.6172206e-06	-1.1010084e-06	2.7244916e-06	2.8600867e-07	1.7472613e-05	1.0797965e-05	-5.482416e-05	-5.4411561e-05	-0.0075829249
-0.216	0.784	-0.1728	0	0	0.98593595	0	0	0	1.0007062	0.77351966	-5.2969861e-05	-2.3671531e-06	-1.7696221e-06	-2.5839372e-06	2.4913906e-07	2.6402238e-06	-1.0800456e-06	2.7483636e-06	2.8832253e-07	1.7477466e-05	1.0906786e-05	-5.4824214e-05	-5.4408692e-05	-0.0076370518
-0.218	0.782	-0.1744	0	0	0.9856376	0	0	0	1.0006895	0.77130008	-5.2989017e-05	-2.343195e-06	-1.7622055e-06	-2.5553552e-06	2.522938e-07	2.6634925e-06	-1.0590369e-06	2.7725022e-06	2.9063546e-07	1.7482029e-05	1.10156e-05	-5.4823317e-05	-5.4404873e-05	-0.0076912863
-0.22	0.78	-0.176	0	0	0.98533613	0	0	0	1.0006728	0.7690793	-5.3007329e-05	-2.3191264e-06	-1.7549507e-06	-2.526484e-06	2.554739e-07	2.6870197e-06	-1.0379869e-06	2.7969006e-06	2.9294725e-07	1.7486303e-05	1.1124405e-05	-5.4821474e-05	-5.4400112e-05	-0.0077456148
-0.222	0.778	-0.1776	0	0	0.98503152	0	0	0	1.0006561	0.76685735	-5.3024805e-05	-2.2949501e-06	-1.7478608e-06	-2.4973261e-06	2.5867929e-07	2.7107982e-06	-1.0169004e-06	2.8215516e-06	2.9525765e-07	1.7490289e-05	1.12332e-05	-5.4818696e-05	-5.4394418e-05	-0.0078000236
-0.224	0.776	-0.1792	0	0	0.98472378	0	0	0	1.0006394	0.76463425	-5.304145e-05	-2.2706688e-06	-1.7409387e-06	-2.4678845e-06	2.6190988e-07	2.7348204e-06	-9.95782e-07	2.8464477e-06	2.9756643e-07	1.7493991e-05	1.1341983e-05	-5.481499e-05	-5.4387802e-05	-0.0078544984
-0.226	0.774	-0.1808	0	0	0.9844129	0	0	0	1.0006227	0.76241002	-5.3057271e-05	-2.2462851e-06	-1.7341872e-06	-2.4381621e-06	2.6516557e-07	2.7590785e-06	-9.746364e-07	2.8715812e-06	2.9987336e-07	1.7497411e-05	1.1450752e-05	-5.4810366e-05	-5.4380271e-05	-0.0079090251
-0.228	0.772	-0.1824	0	0	0.98409888	0	0	0	1.000606	0.76018469	-5.3072276e-05	-2.2218022e-06	-1.7276088e-06	-2.4081621e-06	2.6844625e-07	2.7835647e-06	-9.5346818e-07	2.8969444e-06	3.0217821e-07	1.750055e-05	1.1559504e-05	-5.4804832e-05	-5.4371837e-05	-0.007963589
-0.23	0.77	-0.184	0	0	0.98378171	0	0	0	1.0005893	0.75795828	-5.308647e-05	-2.1972229e-06	-1.7212062e-06	-2.3778878e-06	2.7175177e-07	2.8082709e-06	-9.3228186e-07	2.9225294e-06	3.0448074e-07	1.7503413e-05	1.1668239e-05	-5.4798398e-05	-5.436251e-05	-0.0080181755
-0.232	0.768	-0.1856	0	0	0.9834614	0	0	0	1.0005726	0.75573082	-5.3099862e-05	-2.1725503e-06	-1.7149815e-06	-2.3473427e-06	2.7508199e-07	2.8331887e-06	-9.1108193e-07	2.9483279e-06	3.0678073e-07	1.7506e-05	1.1776954e-05	-5.4791074e-05	-5.4352301e-05	-0.0080727697
-0.234	0.766	-0.1872	0	0	0.98313794	0	0	0	1.0005559	0.75350232	-5.3112459e-05	-2.1477876e-06	-1.7089369e-06	-2.3165302e-06	2.7843675e-07	2.8583098e-06	-8.8987278e-07	2.9743317e-06	3.0907792e-07	1.7508315e-05	1.1885648e-05	-5.4782869e-05	-5.4341219e-05	-0.0081273566
-0.236	0.764	-0.1888	0	0	0.98281133	0	0	0	1.0005393	0.75127282	-5.3124268e-05	-2.1229379e-06	-1.7030745e-06	-2.2854541e-06	2.8181588e-07	2.8836256e-06	-8.6865874e-07	3.0005324e-06	3.1137211e-07	1.751036e-05	1.1994319e-05	-5.4773794e-05	-5.4329276e-05	-0.0081819214
-0.238	0.762	-0.1904	0	0	0.98248156	0	0	0	1.0005228	0.74904233	-5.3135297e-05	-2.0980045e-06	-1.6973961e-06	-2.254118e-06	2.8521918e-07	2.9091274e-06	-8.4744405e-07	3.0269215e-06	3.1366306e-07	1.7512138e-05	1.2102965e-05	-5.4763859e-05	-5.4316484e-05	-0.0082364489
-0.24	0.76	-0.192	0	0	0.98214864	0	0	0	1.0005063	0.7468109	-5.3145554e-05	-2.0729907e-06	-1.6919033e-06	-2.2225258e-06	2.8864647e-07	2.9348065e-06	-8.2623284e-07	3.0534903e-06	3.1595054e-07	1.7513652e-05	1.2211585e-05	-5.4753074e-05	-5.4302854e-05	-0.0082909242
-0.242	0.758	-0.1936	0	0	0.98181257	0	0	0	1.0004899	0.74457853	-5.3155048e-05	-2.0478997e-06	-1.6865977e-06	-2.1906814e-06	2.9209752e-07	2.9606541e-06	-8.0502918e-07	3.0802303e-06	3.1823434e-07	1.7514905e-05	1.2320177e-05	-5.4741451e-05	-5.4288396e-05	-0.0083453324
-0.244	0.756	-0.1952	0	0	0.98147334	0	0	0	1.0004736	0.74234525	-5.3163785e-05	-2.0227351e-06	-1.6814807e-06	-2.1585889e-06	2.9557212e-07	2.9866612e-06	-7.8383701e-07	3.1071326e-06	3.2051425e-07	1.75159e-05	1.2428739e-05	-5.4728999e-05	-5.4273124e-05	-0.0083996584
-0.246	0.754	-0.1968	0	0	0.98113095	0	0	0	1.0004574	0.74011109	-5.3171776e-05	-1.9975e-06	-1.6765534e-06	-2.1262521e-06	2.9907004e-07	3.0128188e-06	-7.6266018e-07	3.1341885e-06	3.2279004e-07	1.7516639e-05	1.2537269e-05	-5.4715731e-05	-5.4257048e-05	-0.0084538875
-0.248	0.752	-0.1984	0	0	0.98078541	0	0	0	1.0004412	0.73787607	-5.3179027e-05	-1.972198e-06	-1.671817e-06	-2.0936752e-06	3.0259103e-07	3.039118e-06	-7.415024e-07	3.1613891e-06	3.2506152e-07	1.7517125e-05	1.2645767e-05	-5.4701656e-05	-5.424018e-05	-0.0085080049
-0.25	0.75	-0.2	0	0	0.98043671	0	0	0	1.0004252	0.73564022	-5.3185547e-05	-1.9468325e-06	-1.6672722e-06	-2.0608624e-06	3.0613485e-07	3.0655496e-06	-7.2036731e-07	3.1887256e-06	3.2732849e-07	1.7517361e-05	1.275423e-05	-5.4686787e-05	-5.4222534e-05	-0.0085619962
-0.252	0.748	-0.2016	0	0	0.98008485	0	0	0	1.0004094	0.73340357	-5.3191345e-05	-1.9214069e-06	-1.6629198e-06	-2.0278178e-06	3.0970123e-07	3.0921046e-06	-6.9925839e-07	3.2161892e-06	3.2959074e-07	1.7517351e-05	1.2862657e-05	-5.4671133e-05	-5.4204119e-05	-0.0086158468
-0.254	0.746	-0.2032	0	0	0.97972983	0	0	0	1.0003936	0.73116613	-5.319643e-05	-1.8959246e-06	-1.6587605e-06	-1.9945456e-06	3.1328992e-07	3.118774e-06	-6.7817904e-07	3.243771e-06	3.318481e-07	1.7517097e-05	1.2971046e-05	-5.4654708e-05	-5.4184949e-05	-0.0086695426
-0.256	0.744	-0.2048	0	0	0.97937166	0	0	0	1.000378	0.72892793	-5.320081e-05	-1.870389e-06	-1.6547946e-06	-1.96105e-06	3.1690063e-07	3.1455487e-06	-6.5713252e-07	3.2714622e-06	3.3410038e-07	1.7516603e-05	1.3079397e-05	-5.4637521e-05	-5.4165036e-05	-0.0087230695
-0.258	0.742	-0.2064	0	0	0.97901033	0	0	0	1.0003625	0.726689	-5.3204493e-05	-1.8448036e-06	-1.6510225e-06	-1.9273351e-06	3.2053308e-07	3.1724198e-06	-6.3612196e-07	3.2992541e-06	3.3634741e-07	1.7515871e-05	1.3187707e-05	-5.4619585e-05	-5.4144391e-05	-0.0087764138
-0.26	0.74	-0.208	0	0	0.97864585	0	0	0	1.0003472	0.72444936	-5.3207488e-05	-1.8191719e-06	-1.6474443e-06	-1.8934053e-06	3.24187e-07	3.1993781e-06	-6.1515038e-07	3.3271378e-06	3.3858901e-07	1.7514904e-05	1.3295974e-05	-5.460091e-05	-5.4123027e-05	-0.0088295618
-0.262	0.738	-0.2096	0	0	0.97827821	0	0	0	1.000332	0.72220903	-5.3209805e-05	-1.793497e-06	-1.6440601e-06	-1.8592646e-06	3.2786209e-07	3.226415e-06	-5.9422067e-07	3.3551046e-06	3.4082503e-07	1.7513706e-05	1.3404199e-05	-5.4581508e-05	-5.4100956e-05	-0.0088825003
-0.264	0.736	-0.2112	0	0	0.97790742	0	0	0	1.000317	0.71996805	-5.321145e-05	-1.7677826e-06	-1.6408698e-06	-1.8249174e-06	3.3155805e-07	3.2535213e-06	-5.7333561e-07	3.3831461e-06	3.4305531e-07	1.7512279e-05	1.3512378e-05	-5.456139e-05	-5.407819e-05	-0.0089352162
-0.266	0.734	-0.2128	0	0	0.97753348	0	0	0	1.0003022	0.71772642	-5.3212434e-05	-1.7420318e-06	-1.637873e-06	-1.7903677e-06	3.3527459e-07	3.2806885e-06	-5.5249784e-07	3.4112536e-06	3.4527972e-07	1.7510627e-05	1.3620511e-05	-5.4540568e-05	-5.4054741e-05	-0.0089876966
-0.268	0.732	-0.2144	0	0	0.97715639	0	0	0	1.0002876	0.71548419	-5.3212765e-05	-1.716248e-06	-1.6350695e-06	-1.7556197e-06	3.390114e-07	3.3079078e-06	-5.3170988e-07	3.4394187e-06	3.474981e-07	1.7508752e-05	1.3728597e-05	-5.4519053e-05	-5.403062e-05	-0.0090399291
-0.27	0.73	-0.216	0	0	0.97677615	0	0	0	1.0002732	0.71324136	-5.3212451e-05	-1.6904345e-06	-1.6324588e-06	-1.7206775e-06	3.4276818e-07	3.3351705e-06	-5.1097415e-07	3.4676331e-06	3.4971034e-07	1.7506658e-05	1.3836634e-05	-5.4496855e-05	-5.4005839e-05	-0.0090919014
-0.272	0.728	-0.2176	0	0	0.97639276	0	0	0	1.0002589	0.71099798	-5.3211501e-05	-1.6645945e-06	-1.6300404e-06	-1.6855452e-06	3.4654461e-07	3.3624681e-06	-4.9029292e-07	3.4958883e-06	3.519163e-07	1.7504347e-05	1.394462e-05	-5.4473986e-05	-5.3980411e-05	-0.0091436016
-0.274	0.726	-0.2192	0	0	0.97600623	0	0	0	1.0002449	0.70875404	-5.3209923e-05	-1.6387313e-06	-1.6278134e-06	-1.6502269e-06	3.5034039e-07	3.3897924e-06	-4.6966836e-07	3.5241765e-06	3.5411587e-07	1.7501822e-05	1.4052556e-05	-5.4450457e-05	-5.3954346e-05	-0.0091950182
-0.276	0.724	-0.2208	0	0	0.97561656	0	0	0	1.0002311	0.7065096	-5.3207725e-05	-1.612848e-06	-1.625777e-06	-1.6147265e-06	3.5415521e-07	3.4171348e-06	-4.4910252e-07	3.5524893e-06	3.5630895e-07	1.7499087e-05	1.4160438e-05	-5.4426279e-05	-5.3927657e-05	-0.0092461397
-0.278	0.722	-0.2224	0	0	0.97522374	0	0	0	1.0002174	0.70426465	-5.3204917e-05	-1.5869476e-06	-1.6239305e-06	-1.5790479e-06	3.5798874e-07	3.4444874e-06	-4.2859733e-07	3.5808191e-06	3.5849544e-07	1.7496144e-05	1.4268266e-05	-5.4401463e-05	-5.3900353e-05	-0.0092969553
-0.28	0.72	-0.224	0	0	0.97482779	0	0	0	1.0002041	0.70201923	-5.3201505e-05	-1.5610334e-06	-1.6222728e-06	-1.5431951e-06	3.6184069e-07	3.471842e-06	-4.0815463e-07	3.6091579e-06	3.6067525e-07	1.7492996e-05	1.4376039e-05	-5.4376018e-05	-5.3872448e-05	-0.0093474541
-0.282	0.718	-0.2256	0	0	0.97442871	0	0	0	1.0001909	0.69977337	-5.3197498e-05	-1.5351083e-06	-1.6208027e-06	-1.5071719e-06	3.6571074e-07	3.4991907e-06	-3.8777612e-07	3.6374982e-06	3.6284828e-07	1.7489646e-05	1.4483756e-05	-5.4349956e-05	-5.3843951e-05	-0.0093976258
-0.284	0.716	-0.2272	0	0	0.97402649	0	0	0	1.000178	0.69752707	-5.3192905e-05	-1.5091753e-06	-1.6195192e-06	-1.4709821e-06	3.6959856e-07	3.5265257e-06	-3.6746343e-07	3.6658324e-06	3.6501448e-07	1.7486097e-05	1.4591415e-05	-5.4323287e-05	-5.3814873e-05	-0.0094474604
-0.286	0.714	-0.2288	0	0	0.97362113	0	0	0	1.0001653	0.69528038	-5.3187732e-05	-1.4832373e-06	-1.6184209e-06	-1.4346294e-06	3.7350386e-07	3.5538394e-06	-3.4721805e-07	3.694153e-06	3.6717377e-07	1.7482352e-05	1.4699015e-05	-5.4296021e-05	-5.3785226e-05	-0.0094969481
-0.288	0.712	-0.2304	0	0	0.97321266	0	0	0	1.0001528	0.6930333	-5.3181989e-05	-1.4572972e-06	-1.6175065e-06	-1.3981174e-06	3.7742632e-07	3.5811242e-06	-3.2704141e-07	3.722453e-06	3.6932609e-07	1.7478412e-05	1.4806556e-05	-5.4268168e-05	-5.3755019e-05	-0.0095460795
-0.29	0.71	-0.232	0	0	0.97280105	0	0	0	1.0001406	0.69078585	-5.3175681e-05	-1.4313578e-06	-1.6167747e-06	-1.3614497e-06	3.8136563e-07	3.6083729e-06	-3.069348e-07	3.7507252e-06	3.7147139e-07	1.7474281e-05	1.4914036e-05	-5.4239739e-05	-5.3724263e-05	-0.0095948455
-0.292	0.708	-0.2336	0	0	0.97238632	0	0	0	1.0001286	0.68853807	-5.3168818e-05	-1.4054219e-06	-1.6162239e-06	-1.3246298e-06	3.8532148e-07	3.6355782e-06	-2.8689945e-07	3.7789626e-06	3.7360962e-07	1.7469962e-05	1.5021453e-05	-5.4210742e-05	-5.3692968e-05	-0.0096432373
-0.294	0.706	-0.2352	0	0	0.97196848	0	0	0	1.0001169	0.68628998	-5.3161406e-05	-1.3794923e-06	-1.6158525e-06	-1.2876612e-06	3.8929357e-07	3.6627331e-06	-2.669365e-07	3.8071585e-06	3.7574076e-07	1.7465457e-05	1.5128807e-05	-5.4181187e-05	-5.3661144e-05	-0.0096912464
-0.296	0.704	-0.2368	0	0	0.97154751	0	0	0	1.0001055	0.68404158	-5.3153452e-05	-1.3535714e-06	-1.6156591e-06	-1.2505473e-06	3.932816e-07	3.6898306e-06	-2.4704699e-07	3.8353062e-06	3.7786476e-07	1.7460769e-05	1.5236098e-05	-5.4151084e-05	-5.36288e-05	-0.0097388646
-0.298	0.702	-0.2384	0	0	0.97112343	0	0	0	1.0000943	0.68179291	-5.3144964e-05	-1.327662e-06	-1.6156419e-06	-1.2132913e-06	3.9728525e-07	3.716864e-06	-2.272319e-07	3.8633991e-06	3.7998162e-07	1.7455899e-05	1.5343323e-05	-5.4120442e-05	-5.3595947e-05	-0.0097860841
-0.3	0.7	-0.24	0	0	0.97069624	0	0	0	1.0000833	0.67954399	-5.3135948e-05	-1.3017666e-06	-1.6157992e-06	-1.1758965e-06	4.0130425e-07	3.7438267e-06	-2.0749209e-07	3.8914311e-06	3.8209131e-07	1.7450851e-05	1.5450481e-05	inf	inf	inf
