lambda	F11	F12	F13	F21	F22	F23	F31	F32	F33	J	P11	P12	P13	P21	P22	P23	P31	P32	P33	p	StrEn	t(1)	t(2)	d
0	1	0	0	0	1	0	0	0	1	1	0	0	0	0	0	0	0	0	0	-0	0	inf	inf	inf
-0.002	0.998	0	0	0	1.000488	0	0	0	1.0005251	0.99901125	-1.443742e-05	-9.8407165e-09	1.6696794e-07	-1.6863997e-08	-1.9130385e-09	-1.9078185e-08	1.5343102e-07	-9.6529471e-09	-1.0402718e-09	4.8134577e-06	1.4515273e-08	-1.4436723e-05	-1.4236296e-05	-0.014078556
-0.004	0.996	0	0	0	1.0009175	0	0	0	1.0009937	0.99790448	-2.7531947e-05	-2.4028891e-07	2.9899495e-07	-1.8950856e-07	-4.4350005e-10	-6.6022297e-08	2.6508195e-07	1.386457e-08	-5.2976886e-09	9.1792293e-06	5.6945184e-08	-2.7530754e-05	-2.7252244e-05	-0.010219689
-0.006	0.994	0	0	0	1.0012872	0	0	0	1.0013589	0.99663199	-3.8846876e-05	-3.8121396e-07	4.2436929e-07	-2.6307045e-07	8.4442258e-10	-1.2188984e-07	3.826905e-07	2.6557558e-08	-8.2226779e-09	1.2951418e-05	1.2352425e-07	-3.884555e-05	-3.8755826e-05	-0.0023151048
-0.008	0.992	0	0	0	1.0016377	0	0	0	1.0017129	0.99532655	-4.9399675e-05	-4.9952516e-07	5.9795195e-07	-3.394427e-07	1.2820985e-09	-1.7279974e-07	5.4800245e-07	2.6951111e-08	-1.0424606e-08	1.6469606e-05	2.1196849e-07	-4.9398067e-05	-4.9286288e-05	-0.0022679649
-0.01	0.99	0	0	0	1.00198	0	0	0	1.0020611	0.99400468	-5.9040763e-05	-6.1559863e-07	7.9115143e-07	-4.2588655e-07	1.3163251e-09	-2.2065055e-07	7.3283042e-07	2.1506464e-08	-1.2446753e-08	1.9683965e-05	3.206694e-07	-5.9038836e-05	-5.8890534e-05	-0.0025182674
-0.012	0.988	0	0	0	1.002316	0	0	0	1.002404	0.99266888	-6.7493885e-05	-7.3066927e-07	9.9889812e-07	-5.1865614e-07	1.1612338e-09	-2.6685145e-07	9.3273026e-07	1.2181704e-08	-1.4457323e-08	2.2502394e-05	4.4753062e-07	-6.7491619e-05	-6.7332302e-05	-0.002366134
-0.014	0.986	0	0	0	1.0026461	0	0	0	1.0027415	0.99131929	-7.4616214e-05	-8.447082e-07	1.2188156e-06	-6.1487012e-07	9.2573852e-10	-3.1201483e-07	1.1460413e-06	9.4342146e-11	-1.6532424e-08	2.4877274e-05	5.8999861e-07	-7.4613601e-05	-7.4485721e-05	-0.0017168361
-0.016	0.984	0	0	0	1.0029698	0	0	0	1.003073	0.98995515	-8.0511402e-05	-9.5824074e-07	1.4495432e-06	-7.1320158e-07	6.5668663e-10	-3.5546506e-07	1.3720342e-06	-1.3007677e-08	-1.8703905e-08	2.684315e-05	7.4547351e-07	-8.0508439e-05	-8.0435134e-05	-0.00091134548
-0.018	0.982	0	0	0	1.0032865	0	0	0	1.0033977	0.98857484	-8.5435003e-05	-1.0725689e-06	1.6902567e-06	-8.1387219e-07	3.6987185e-10	-3.9503503e-07	1.6102356e-06	-2.4204787e-08	-2.0983516e-08	2.8485206e-05	9.1173915e-07	-8.54317e-05	-8.5409175e-05	-0.00026372353
-0.02	0.98	0	0	0	1.0035948	0	0	0	1.0037138	0.9871755	-8.9642065e-05	-1.1896235e-06	1.9392141e-06	-9.1822441e-07	7.3365231e-11	-4.271901e-07	1.8589959e-06	-2.9373724e-08	-2.3375891e-08	2.9888456e-05	1.0871102e-06	-8.9638447e-05	-8.9652096e-05	0.00015225199
-0.022	0.978	0	0	0	1.0038923	0	0	0	1.0040187	0.98575219	-9.331754e-05	-1.3122095e-06	2.1910978e-06	-1.0286753e-06	-2.2268702e-10	-4.4706641e-07	2.1128977e-06	-2.3117434e-08	-2.5880334e-08	3.1114548e-05	1.2703475e-06	-9.3313666e-05	-9.3348887e-05	0.00037730462
-0.024	0.976	0	0	0	1.0041745	0	0	0	1.0043076	0.98429607	-9.6569943e-05	-1.4446427e-06	2.4321912e-06	-1.1491581e-06	-5.0403993e-10	-4.4852919e-07	2.3578597e-06	1.2699591e-09	-2.8485883e-08	3.2199644e-05	1.4605058e-06	-9.6565931e-05	-9.661016e-05	0.00045780774
-0.026	0.974	0	0	0	1.0044337	0	0	0	1.0045724	0.98279168	-9.9439392e-05	-1.5925576e-06	2.6326121e-06	-1.2848254e-06	-7.5208948e-10	-4.2494515e-07	2.5630813e-06	5.1088762e-08	-3.1168153e-08	3.3157104e-05	1.6567882e-06	-9.9435457e-05	-9.9478475e-05	0.00043243196
-0.028	0.972	0	0	0	1.0046582	0	0	0	1.004801	0.98121606	-0.00010190866	-1.7574022e-06	2.7436149e-06	-1.436557e-06	-9.4310441e-10	-3.7120021e-07	2.6780165e-06	1.3209725e-07	-3.3912905e-08	3.3981173e-05	1.8584197e-06	-0.00010190509	-0.0001019445	0.00038660995
-0.03	0.97	0	0	0	1.0048374	0	0	0	1.0049826	0.97954869	-0.00010394492	-1.9220085e-06	2.7264669e-06	-1.5866839e-06	-1.0500598e-09	-2.8491679e-07	2.661846e-06	2.4682803e-07	-3.6781633e-08	3.4660917e-05	2.0645662e-06	-0.00010394193	-0.00010398825	0.00044548184
-0.032	0.968	0	0	0	1.0049707	0	0	0	1.0051171	0.97778959	-0.00010556887	-2.0487441e-06	2.5997987e-06	-1.6972094e-06	-1.0474621e-09	-1.6658571e-07	2.5326312e-06	3.9417168e-07	-3.9898518e-08	3.5203272e-05	2.2743727e-06	-0.0001055665	-0.00010563055	0.0006064055
-0.034	0.966	0	0	0	1.0050675	0	0	0	1.0052143	0.97595775	-0.00010686051	-2.110236e-06	2.4227411e-06	-1.740571e-06	-9.0158749e-10	-2.4677844e-08	2.3507131e-06	5.648118e-07	-4.3304231e-08	3.5634906e-05	2.4870884e-06	-0.00010685865	-0.00010694099	0.00076991918
-0.036	0.964	0	0	0	1.0051388	0	0	0	1.0052851	0.97407482	-0.00010790809	-2.1094088e-06	2.2432963e-06	-1.719908e-06	-5.6806833e-10	1.2433111e-07	2.1655751e-06	7.4174209e-07	-4.6923778e-08	3.5985194e-05	2.7021366e-06	-0.00010790662	-0.00010800254	0.00088805519
-0.038	0.962	0	0	0	1.0051927	0	0	0	1.0053378	0.97215695	-0.00010877946	-2.0667683e-06	2.0843736e-06	-1.6562928e-06	-1.729573e-11	2.6553938e-07	2.0010815e-06	9.0986448e-07	-5.065636e-08	3.6276713e-05	2.9190985e-06	-0.00010877829	-0.00010888321	0.00096358499
-0.04	0.96	0	0	0	1.0052345	0	0	0	1.0053776	0.97021466	-0.00010952089	-2.0031289e-06	1.9528542e-06	-1.5711562e-06	7.5026254e-10	3.9102775e-07	1.8645885e-06	1.0612436e-06	-5.4427816e-08	3.6524856e-05	3.1376695e-06	-0.00010951995	-0.00010963082	0.0010113342
-0.042	0.958	0	0	0	1.0052676	0	0	0	1.0054082	0.96825474	-0.00011016352	-1.9328785e-06	1.8483398e-06	-1.4793604e-06	1.7103088e-09	4.9870775e-07	1.7558909e-06	1.1938447e-06	-5.8192877e-08	3.6739999e-05	3.3576218e-06	-0.00011016275	-0.00011027775	0.0010427821
-0.044	0.956	0	0	0	1.0052943	0	0	0	1.0054319	0.96628169	-0.00011072899	-1.8641286e-06	1.7676961e-06	-1.3893174e-06	2.827292e-09	5.8958286e-07	1.6718998e-06	1.3087444e-06	-6.1924974e-08	3.6929364e-05	3.5787805e-06	-0.00011072838	-0.00011084638	0.0010645646
-0.046	0.954	0	0	0	1.0053159	0	0	0	1.0054503	0.96429865	-0.00011123296	-1.8007161e-06	1.7070764e-06	-1.3050274e-06	4.0640515e-09	6.6581305e-07	1.6087399e-06	1.4081766e-06	-6.560843e-08	3.7098169e-05	3.8010073e-06	-0.00011123246	-0.00011135275	0.001080226
-0.048	0.952	0	0	0	1.0053337	0	0	0	1.0054648	0.9623079	-0.00011168708	-1.7440068e-06	1.662774e-06	-1.2279285e-06	5.3870743e-09	7.2973227e-07	1.5626426e-06	1.4945437e-06	-6.9234063e-08	3.7250309e-05	4.0241915e-06	-0.00011168668	-0.00011180874	0.0010917034
-0.05	0.95	0	0	0	1.0053484	0	0	0	1.0054761	0.96031111	-0.00011210023	-1.6940942e-06	1.6315456e-06	-1.1581324e-06	6.7685221e-09	7.8345166e-07	1.530291e-06	1.5700183e-06	-7.2796776e-08	3.7388752e-05	4.2482423e-06	-0.0001120999	-0.00011222337	0.0011001423
-0.052	0.948	0	0	0	1.0053606	0	0	0	1.0054851	0.95830954	-0.00011247929	-1.6504939e-06	1.610689e-06	-1.0951439e-06	8.186417e-09	8.2874877e-07	1.5089096e-06	1.6364331e-06	-7.6294141e-08	3.7515799e-05	4.4730849e-06	-0.00011247903	-0.0001126036	0.0011062851
-0.054	0.946	0	0	0	1.0053708	0	0	0	1.0054921	0.95630414	-0.00011282967	-1.6125125e-06	1.598015e-06	-1.038245e-06	9.6239816e-09	8.6707535e-07	1.496241e-06	1.6952887e-06	-7.9725509e-08	3.7633257e-05	4.6986567e-06	-0.00011282947	-0.00011295492	0.0011106514
-0.056	0.944	0	0	0	1.0053793	0	0	0	1.0054975	0.95429564	-0.00011315567	-1.5794289e-06	1.591777e-06	-9.866839e-07	1.106871e-08	8.9960418e-07	1.4904784e-06	1.747801e-06	-8.3091408e-08	3.7742564e-05	4.9249046e-06	-0.00011315551	-0.00011328166	0.0011136235
-0.058	0.942	0	0	0	1.0053864	0	0	0	1.0055018	0.9522846	-0.00011346074	-1.5505731e-06	1.5905937e-06	-9.3975935e-07	1.2511454e-08	9.2728175e-07	1.4901883e-06	1.7949551e-06	-8.6393132e-08	3.7844874e-05	5.1517834e-06	-0.00011346062	-0.00011358733	0.0011154912
-0.06	0.94	0	0	0	1.0053924	0	0	0	1.005505	0.95027147	-0.00011374769	-1.5253546e-06	1.5933768e-06	-8.9685094e-07	1.3945636e-08	9.5087504e-07	1.4942374e-06	1.8375522e-06	-8.9632464e-08	3.7941127e-05	5.3792539e-06	-0.00011374761	-0.00011387474	0.0011164786
-0.062	0.938	0	0	0	1.0053974	0	0	0	1.0055074	0.9482566	-0.00011401883	-1.5032671e-06	1.59927e-06	-8.5742438e-07	1.5366615e-08	9.7100952e-07	1.5017312e-06	1.8762485e-06	-9.2811475e-08	3.8032091e-05	5.6072823e-06	-0.00011401877	-0.00011414624	0.0011167609
-0.064	0.936	0	0	0	1.0054016	0	0	0	1.0055091	0.94624027	-0.00011427606	-1.4838815e-06	1.6075991e-06	-8.2102542e-07	1.6771192e-08	9.8819901e-07	1.511963e-06	1.911585e-06	-9.5932394e-08	3.8118406e-05	5.8358389e-06	-0.00011427602	-0.00011440375	0.0011164764
-0.066	0.934	0	0	0	1.0054051	0	0	0	1.0055102	0.94422271	-0.00011452097	-1.4668364e-06	1.6178323e-06	-7.8726993e-07	1.8157241e-08	1.0028687e-06	1.5243733e-06	1.9440117e-06	-9.8997515e-08	3.8200603e-05	6.0648973e-06	-0.00011452095	-0.00011464887	0.0011157352
-0.068	0.932	0	0	0	1.0054079	0	0	0	1.0055109	0.94220408	-0.00011475492	-1.4518274e-06	1.6295494e-06	-7.5583326e-07	1.952342e-08	1.0153729e-06	1.5385185e-06	1.973905e-06	-1.0200914e-07	3.8279134e-05	6.2944344e-06	-0.00011475492	-0.00011488297	0.0011146254
-0.07	0.93	0	0	0	1.0054102	0	0	0	1.0055111	0.94018455	-0.00011497904	-1.4385977e-06	1.6424175e-06	-7.2644053e-07	2.0868966e-08	1.0260088e-06	1.5540455e-06	2.0015823e-06	-1.0496953e-07	3.835438e-05	6.5244292e-06	-0.00011497906	-0.0001151072	0.0011132184
-0.072	0.928	0	0	0	1.005412	0	0	0	1.005511	0.93816424	-0.00011519432	-1.42693e-06	1.6561725e-06	-6.988581e-07	2.2193537e-08	1.0350272e-06	1.5706728e-06	2.0273124e-06	-1.0788089e-07	3.8426669e-05	6.7548632e-06	-0.00011519435	-0.00011532254	0.001111572
-0.074	0.926	0	0	0	1.0054134	0	0	0	1.0055106	0.93614325	-0.0001154016	-1.4166395e-06	1.6706041e-06	-6.7288649e-07	2.3497096e-08	1.0426409e-06	1.5881754e-06	2.0513249e-06	-1.1074534e-07	3.8496282e-05	6.9857194e-06	-0.00011540164	-0.00011552985	0.0011097337
-0.076	0.924	0	0	0	1.0054144	0	0	0	1.0055099	0.93412167	-0.00011560161	-1.407568e-06	1.6855451e-06	-6.483545e-07	2.4779824e-08	1.0490314e-06	1.6063732e-06	2.0738164e-06	-1.1356493e-07	3.8563464e-05	7.2169826e-06	-0.00011560166	-0.00011572986	0.0011077426
-0.078	0.922	0	0	0	1.0054151	0	0	0	1.005509	0.93209956	-0.00011579499	-1.3995799e-06	1.7008621e-06	-6.2511439e-07	2.6042057e-08	1.0543539e-06	1.6251217e-06	2.094956e-06	-1.163416e-07	3.8628429e-05	7.4486388e-06	-0.00011579505	-0.00011592322	0.0011056314
-0.08	0.92	0	0	0	1.0054155	0	0	0	1.0055079	0.930077	-0.0001159823	-1.3925579e-06	1.7164486e-06	-6.0303803e-07	2.7284235e-08	1.0587423e-06	1.644305e-06	2.1148903e-06	-1.1907722e-07	3.8691364e-05	7.6806754e-06	-0.00011598237	-0.00011611049	0.0011034271
-0.082	0.918	0	0	0	1.0054156	0	0	0	1.0055067	0.92805403	-0.00011616403	-1.3864e-06	1.7322201e-06	-5.8201365e-07	2.8506872e-08	1.0623118e-06	1.66383e-06	2.1337463e-06	-1.2177354e-07	3.8752433e-05	7.9130808e-06	-0.00011616411	-0.00011629217	0.0011011527
-0.084	0.916	0	0	0	1.0054155	0	0	0	1.0055052	0.92603071	-0.00011634063	-1.3810173e-06	1.7481093e-06	-5.6194326e-07	2.9710523e-08	1.0651624e-06	1.6836222e-06	2.1516349e-06	-1.2443224e-07	3.8811784e-05	8.1458441e-06	-0.00011634072	-0.0001164687	0.0010988274
-0.086	0.914	0	0	0	1.0054151	0	0	0	1.0055037	0.92400706	-0.00011651248	-1.3763319e-06	1.7640629e-06	-5.4274054e-07	3.0895769e-08	1.067381e-06	1.703622e-06	2.1686531e-06	-1.2705493e-07	3.8869547e-05	8.3789556e-06	-0.00011651258	-0.00011664047	0.0010964677
-0.088	0.912	0	0	0	1.0054146	0	0	0	1.005502	0.92198312	-0.00011667993	-1.3722751e-06	1.7800389e-06	-5.2432907e-07	3.2063203e-08	1.0690432e-06	1.7237817e-06	2.1848857e-06	-1.296431e-07	3.8925838e-05	8.612406e-06	-0.00011668003	-0.00011680783	0.0010940877
-0.09	0.91	0	0	0	1.0054138	0	0	0	1.0055003	0.91995893	-0.0001168433	-1.368786e-06	1.7960046e-06	-5.066409e-07	3.3213416e-08	1.0702152e-06	1.7440638e-06	2.2004076e-06	-1.321982e-07	3.898076e-05	8.8461869e-06	-0.0001168434	-0.0001169711	0.0010916994
-0.092	0.908	0	0	0	1.0054129	0	0	0	1.0054984	0.91793451	-0.00011700285	-1.3658106e-06	1.8119345e-06	-4.8961533e-07	3.4346989e-08	1.0709549e-06	1.7644388e-06	2.2152849e-06	-1.3472159e-07	3.9034409e-05	9.0802904e-06	-0.00011700296	-0.00011713056	0.0010893134
-0.094	0.906	0	0	0	1.0054119	0	0	0	1.0054964	0.91590989	-0.00011715885	-1.3633005e-06	1.8278096e-06	-4.7319795e-07	3.5464493e-08	1.0713132e-06	1.7848836e-06	2.229576e-06	-1.3721456e-07	3.9086868e-05	9.3147091e-06	-0.00011715897	-0.00011728645	0.0010869387
-0.096	0.904	0	0	0	1.0054107	0	0	0	1.0054944	0.91388507	-0.00011731153	-1.3612128e-06	1.8436154e-06	-4.5733976e-07	3.6566479e-08	1.0713349e-06	1.8053806e-06	2.2433328e-06	-1.3967833e-07	3.9138215e-05	9.5494362e-06	-0.00011731165	-0.00011743903	0.0010845832
-0.098	0.902	0	0	0	1.0054093	0	0	0	1.0054923	0.91186009	-0.0001174611	-1.3595083e-06	1.8593417e-06	-4.419965e-07	3.765348e-08	1.0710595e-06	1.825917e-06	2.2566012e-06	-1.4211408e-07	3.9188519e-05	9.7844652e-06	-0.00011746122	-0.00011758848	0.0010822539
-0.1	0.9	0	0	0	1.0054079	0	0	0	1.0054902	0.90983496	-0.00011760774	-1.3581522e-06	1.8749815e-06	-4.2712803e-07	3.8726003e-08	1.0705218e-06	1.8464833e-06	2.2694225e-06	-1.4452291e-07	3.9237845e-05	1.001979e-05	-0.00011760786	-0.00011773501	0.0010799569
-0.102	0.898	0	0	0	1.0054063	0	0	0	1.005488	0.90780969	-0.00011775162	-1.3571127e-06	1.8905307e-06	-4.1269784e-07	3.9784536e-08	1.0697527e-06	1.8670732e-06	2.2818332e-06	-1.4690588e-07	3.9286249e-05	1.0255405e-05	-0.00011775176	-0.00011787879	0.0010776976
-0.104	0.896	0	0	0	1.0054046	0	0	0	1.0054857	0.90578429	-0.00011789292	-1.3563609e-06	1.9059873e-06	-3.9867259e-07	4.0829542e-08	1.0687796e-06	1.8876832e-06	2.2938663e-06	-1.4926401e-07	3.9333785e-05	1.0491305e-05	-0.00011789305	-0.00011801998	0.0010754807
-0.106	0.894	0	0	0	1.0054028	0	0	0	1.0054834	0.90375878	-0.00011803177	-1.3558708e-06	1.9213512e-06	-3.8502177e-07	4.186146e-08	1.0676266e-06	1.9083115e-06	2.3055511e-06	-1.5159824e-07	3.9380502e-05	1.0727485e-05	-0.0001180319	-0.00011815873	0.0010733105
-0.108	0.892	0	0	0	1.0054009	0	0	0	1.0054811	0.90173317	-0.0001181683	-1.3556183e-06	1.9366237e-06	-3.7171737e-07	4.2880705e-08	1.0663153e-06	1.9289584e-06	2.3169141e-06	-1.539095e-07	3.9426444e-05	1.096394e-05	-0.00011816844	-0.00011829516	0.0010711909
-0.11	0.89	0	0	0	1.005399	0	0	0	1.0054787	0.89970747	-0.00011830265	-1.3555814e-06	1.9518076e-06	-3.5873358e-07	4.388767e-08	1.064865e-06	1.9496257e-06	2.3279791e-06	-1.5619867e-07	3.9471654e-05	1.1200666e-05	-0.00011830279	-0.00011842941	0.0010691252
-0.112	0.888	0	0	0	1.0053969	0	0	0	1.0054763	0.89768168	-0.00011843492	-1.3557402e-06	1.9669065e-06	-3.4604657e-07	4.4882723e-08	1.0632927e-06	1.9703163e-06	2.3387675e-06	-1.5846657e-07	3.9516169e-05	1.1437658e-05	-0.00011843507	-0.00011856159	0.0010671166
-0.114	0.886	0	0	0	1.0053948	0	0	0	1.0054739	0.89565582	-0.00011856522	-1.3560759e-06	1.9819249e-06	-3.3363428e-07	4.5866213e-08	1.0616136e-06	1.9910341e-06	2.3492987e-06	-1.6071403e-07	3.9560024e-05	1.1674912e-05	-0.00011856537	-0.0001186918	0.0010651678
-0.116	0.884	0	0	0	1.0053926	0	0	0	1.0054715	0.89362988	-0.00011869365	-1.3565716e-06	1.9968682e-06	-3.2147622e-07	4.6838463e-08	1.0598413e-06	2.0117843e-06	2.3595901e-06	-1.6294179e-07	3.9603253e-05	1.1912425e-05	-0.0001186938	-0.00011882014	0.0010632814
-0.118	0.882	0	0	0	1.0053903	0	0	0	1.005469	0.89160388	-0.0001188203	-1.3572113e-06	2.0117422e-06	-3.0955333e-07	4.779978e-08	1.0579879e-06	2.0325724e-06	2.3696576e-06	-1.6515061e-07	3.9645885e-05	1.2150193e-05	-0.00011882045	-0.00011894671	0.0010614597
-0.12	0.88	0	0	0	1.005388	0	0	0	1.0054665	0.88957783	-0.00011894526	-1.3579804e-06	2.0265532e-06	-2.978478e-07	4.8750445e-08	1.0560642e-06	2.0534049e-06	2.3795154e-06	-1.6734118e-07	3.9687949e-05	1.2388212e-05	-0.00011894541	-0.00011907159	0.0010597048
-0.122	0.878	0	0	0	1.0053856	0	0	0	1.005464	0.88755172	-0.00011906859	-1.3588652e-06	2.041308e-06	-2.8634299e-07	4.9690725e-08	1.0540799e-06	2.0742888e-06	2.3891767e-06	-1.695142e-07	3.9729472e-05	1.2626479e-05	-0.00011906875	-0.00011919486	0.0010580187
-0.124	0.876	0	0	0	1.0053831	0	0	0	1.0054614	0.88552557	-0.00011919038	-1.359853e-06	2.0560136e-06	-2.7502328e-07	5.0620863e-08	1.0520435e-06	2.0952314e-06	2.3986531e-06	-1.7167032e-07	3.9770477e-05	1.2864991e-05	-0.00011919054	-0.00011931658	0.0010564032
-0.126	0.874	0	0	0	1.0053806	0	0	0	1.0054589	0.88349937	-0.00011931069	-1.3609318e-06	2.0706774e-06	-2.6387399e-07	5.1541087e-08	1.0499628e-06	2.1162408e-06	2.4079554e-06	-1.7381017e-07	3.9810988e-05	1.3103745e-05	-0.00011931085	-0.00011943684	0.0010548601
-0.128	0.872	0	0	0	1.005378	0	0	0	1.0054563	0.88147314	-0.00011942959	-1.3620905e-06	2.0853071e-06	-2.5288126e-07	5.2451605e-08	1.0478445e-06	2.1373252e-06	2.4170933e-06	-1.7593436e-07	3.9851026e-05	1.3342739e-05	-0.00011942975	-0.00011955569	0.0010533908
-0.13	0.87	0	0	0	1.0053754	0	0	0	1.0054537	0.87944687	-0.00011954714	-1.3633185e-06	2.0999106e-06	-2.4203202e-07	5.3352609e-08	1.0456949e-06	2.1584934e-06	2.4260757e-06	-1.7804348e-07	3.9890611e-05	1.3581968e-05	-0.0001195473	-0.0001196732	0.0010519968
-0.132	0.868	0	0	0	1.0053727	0	0	0	1.0054512	0.87742057	-0.00011966339	-1.3646061e-06	2.1144958e-06	-2.3131387e-07	5.4244274e-08	1.0435194e-06	2.1797544e-06	2.4349107e-06	-1.8013811e-07	3.9929762e-05	1.3821431e-05	-0.00011966355	-0.00011978941	0.0010506797
-0.134	0.866	0	0	0	1.00537	0	0	0	1.0054486	0.87539424	-0.0001197784	-1.3659439e-06	2.1290711e-06	-2.2071504e-07	5.5126758e-08	1.0413227e-06	2.2011175e-06	2.4436055e-06	-1.8221879e-07	3.9968497e-05	1.4061126e-05	-0.00011977856	-0.00011990439	0.0010494407
-0.136	0.864	0	0	0	1.0053673	0	0	0	1.005446	0.87336789	-0.00011989221	-1.3673229e-06	2.1436447e-06	-2.1022432e-07	5.6000204e-08	1.0391093e-06	2.2225925e-06	2.4521668e-06	-1.8428606e-07	4.0006831e-05	1.4301049e-05	-0.00011989237	-0.00012001818	0.0010482811
-0.138	0.862	0	0	0	1.0053645	0	0	0	1.0054434	0.87134152	-0.00012000487	-1.368735e-06	2.1582253e-06	-1.99831e-07	5.6864739e-08	1.0368828e-06	2.2441892e-06	2.4606007e-06	-1.8634045e-07	4.0044782e-05	1.4541199e-05	-0.00012000503	-0.00012013083	0.0010472022
-0.14	0.86	0	0	0	1.0053616	0	0	0	1.0054408	0.86931512	-0.00012011642	-1.370172e-06	2.1728215e-06	-1.8952486e-07	5.7720476e-08	1.0346466e-06	2.2659179e-06	2.4689126e-06	-1.8838246e-07	4.0082362e-05	1.4781572e-05	-0.00012011659	-0.00012024239	0.0010462051
-0.142	0.858	0	0	0	1.0053587	0	0	0	1.0054381	0.86728871	-0.00012022692	-1.3716264e-06	2.1874421e-06	-1.7929605e-07	5.8567512e-08	1.0324037e-06	2.2877891e-06	2.4771077e-06	-1.9041258e-07	4.0119587e-05	1.5022168e-05	-0.00012022708	-0.00012035288	0.001045291
-0.144	0.856	0	0	0	1.0053558	0	0	0	1.0054355	0.86526229	-0.00012033638	-1.3730908e-06	2.2020961e-06	-1.6913514e-07	5.9405929e-08	1.0301566e-06	2.3098138e-06	2.4851903e-06	-1.9243129e-07	4.0156468e-05	1.5262984e-05	-0.00012033654	-0.00012046236	0.0010444612
-0.146	0.854	0	0	0	1.0053528	0	0	0	1.0054329	0.86323585	-0.00012044485	-1.3745583e-06	2.2167926e-06	-1.5903299e-07	6.0235799e-08	1.0279075e-06	2.3320029e-06	2.4931647e-06	-1.9443908e-07	4.0193019e-05	1.5504018e-05	-0.00012044502	-0.00012057086	0.0010437167
-0.148	0.852	0	0	0	1.0053498	0	0	0	1.0054303	0.8612094	-0.00012055237	-1.3760221e-06	2.2315409e-06	-1.4898079e-07	6.1057174e-08	1.0256583e-06	2.354368e-06	2.5010345e-06	-1.9643639e-07	4.0229251e-05	1.5745267e-05	-0.00012055254	-0.00012067841	0.0010430586
-0.15	0.85	0	0	0	1.0053468	0	0	0	1.0054276	0.85918294	-0.00012065897	-1.3774757e-06	2.2463504e-06	-1.3896998e-07	6.1870097e-08	1.0234108e-06	2.3769208e-06	2.508803e-06	-1.9842367e-07	4.0265174e-05	1.5986731e-05	-0.00012065914	-0.00012078505	0.0010424882
-0.152	0.848	0	0	0	1.0053437	0	0	0	1.005425	0.85715648	-0.00012076467	-1.3789128e-06	2.2612308e-06	-1.2899226e-07	6.2674596e-08	1.0211661e-06	2.3996733e-06	2.5164733e-06	-2.0040138e-07	4.0300799e-05	1.6228408e-05	-0.00012076484	-0.00012089081	0.0010420064
-0.154	0.846	0	0	0	1.0053406	0	0	0	1.0054224	0.85513001	-0.00012086951	-1.3803272e-06	2.2761917e-06	-1.190395e-07	6.3470685e-08	1.0189254e-06	2.422638e-06	2.5240479e-06	-2.0236995e-07	4.0336136e-05	1.6470294e-05	-0.00012086968	-0.00012099571	0.0010416145
-0.156	0.844	0	0	0	1.0053375	0	0	0	1.0054197	0.85310353	-0.00012097351	-1.3817131e-06	2.2912432e-06	-1.0910378e-07	6.4258364e-08	1.0166896e-06	2.4458278e-06	2.5315292e-06	-2.043298e-07	4.0371193e-05	1.671239e-05	-0.00012097368	-0.00012109978	0.0010413137
-0.158	0.842	0	0	0	1.0053343	0	0	0	1.0054171	0.85107705	-0.0001210767	-1.3830645e-06	2.3063956e-06	-9.917733e-08	6.5037622e-08	1.0144594e-06	2.4692557e-06	2.5389194e-06	-2.0628136e-07	4.040598e-05	1.6954694e-05	-0.00012107687	-0.00012120305	0.001041105
-0.16	0.84	0	0	0	1.0053311	0	0	0	1.0054145	0.84905056	-0.0001211791	-1.3843758e-06	2.3216591e-06	-8.9252504e-08	6.5808432e-08	1.0122351e-06	2.4929355e-06	2.5462201e-06	-2.0822505e-07	4.0440505e-05	1.7197203e-05	-0.00012117927	-0.00012130554	0.0010409898
-0.162	0.838	0	0	0	1.0053279	0	0	0	1.0054119	0.84702407	-0.00012128073	-1.3856413e-06	2.3370446e-06	-7.932177e-08	6.6570755e-08	1.0100171e-06	2.5168811e-06	2.5534329e-06	-2.1016128e-07	4.0474774e-05	1.7439916e-05	-0.0001212809	-0.00012140728	0.0010409692
-0.164	0.836	0	0	0	1.0053246	0	0	0	1.0054092	0.84499759	-0.00012138162	-1.3868555e-06	2.3525629e-06	-6.9377682e-08	6.7324537e-08	1.0078054e-06	2.541107e-06	2.5605592e-06	-2.1209046e-07	4.0508797e-05	1.7682832e-05	-0.00012138179	-0.00012150829	0.0010410446
-0.166	0.834	0	0	0	1.0053213	0	0	0	1.0054066	0.8429711	-0.00012148179	-1.3880128e-06	2.3682252e-06	-5.941286e-08	6.8069713e-08	1.0056e-06	2.5656283e-06	2.5675999e-06	-2.1401301e-07	4.0542578e-05	1.7925949e-05	-0.00012148196	-0.00012160858	0.0010412172
-0.168	0.832	0	0	0	1.005318	0	0	0	1.005404	0.84094461	-0.00012158125	-1.3891079e-06	2.3840432e-06	-4.941997e-08	6.8806202e-08	1.0034004e-06	2.5904604e-06	2.5745559e-06	-2.1592933e-07	4.0576126e-05	1.8169266e-05	-0.00012158142	-0.00012170818	0.0010414884
-0.17	0.83	0	0	0	1.0053147	0	0	0	1.0054013	0.83891812	-0.00012168003	-1.3901353e-06	2.4000287e-06	-3.9391704e-08	6.9533908e-08	1.0012064e-06	2.6156194e-06	2.5814277e-06	-2.1783982e-07	4.0609445e-05	1.8412782e-05	-0.0001216802	-0.0001218071	0.0010418595
-0.172	0.828	0	0	0	1.0053113	0	0	0	1.0053987	0.83689164	-0.00012177813	-1.3910896e-06	2.4161938e-06	-2.9320761e-08	7.0252724e-08	9.9901733e-07	2.6411221e-06	2.5882158e-06	-2.197449e-07	4.0642542e-05	1.8656494e-05	-0.0001217783	-0.00012190537	0.0010423322
-0.174	0.826	0	0	0	1.0053079	0	0	0	1.0053961	0.83486516	-0.00012187558	-1.3919654e-06	2.4325513e-06	-1.9199828e-08	7.0962525e-08	9.9683237e-07	2.6669858e-06	2.5949202e-06	-2.2164497e-07	4.0675422e-05	1.8900403e-05	-0.00012187575	-0.00012200299	0.0010429078
-0.176	0.824	0	0	0	1.0053045	0	0	0	1.0053935	0.83283867	-0.00012197239	-1.3927571e-06	2.4491141e-06	-9.0215629e-09	7.1663172e-08	9.9465064e-07	2.6932283e-06	2.6015409e-06	-2.2354044e-07	4.070809e-05	1.9144506e-05	-0.00012197256	-0.00012209998	0.001043588
-0.178	0.822	0	0	0	1.005301	0	0	0	1.0053908	0.8308122	-0.00012206857	-1.3934593e-06	2.4658958e-06	1.2214261e-09	7.2354512e-08	9.9247104e-07	2.7198685e-06	2.6080776e-06	-2.2543172e-07	4.074055e-05	1.9388803e-05	-0.00012206874	-0.00012219636	0.0010443745
-0.18	0.82	0	0	0	1.0052975	0	0	0	1.0053882	0.82878572	-0.00012216414	-1.3940666e-06	2.4829102e-06	1.1536597e-08	7.3036375e-08	9.9029233e-07	2.7469259e-06	2.6145297e-06	-2.2731922e-07	4.0772808e-05	1.9633292e-05	-0.00012216431	-0.00012229214	0.0010452689
-0.182	0.818	0	0	0	1.005294	0	0	0	1.0053856	0.82675925	-0.00012225911	-1.3945731e-06	2.5001719e-06	2.1931493e-08	7.3708575e-08	9.881131e-07	2.7744207e-06	2.6208966e-06	-2.2920338e-07	4.0804867e-05	1.9877972e-05	-0.00012225928	-0.00012238733	0.0010462731
-0.184	0.816	0	0	0	1.0052905	0	0	0	1.005383	0.82473278	-0.00012235348	-1.3949734e-06	2.5176959e-06	3.2413761e-08	7.4370907e-08	9.8593176e-07	2.8023741e-06	2.6271772e-06	-2.310846e-07	4.0836731e-05	2.0122841e-05	-0.00012235365	-0.00012248194	0.001047389
-0.186	0.814	0	0	0	1.0052869	0	0	0	1.0053804	0.82270631	-0.00012244727	-1.3952615e-06	2.5354978e-06	4.2991168e-08	7.5023152e-08	9.8374656e-07	2.8308083e-06	2.6333704e-06	-2.3296333e-07	4.0868403e-05	2.0367899e-05	-0.00012244744	-0.00012257598	0.0010486185
-0.188	0.812	0	0	0	1.0052833	0	0	0	1.0053778	0.82067984	-0.00012254049	-1.3954315e-06	2.5535938e-06	5.3671622e-08	7.5665071e-08	9.8155554e-07	2.8597463e-06	2.6394747e-06	-2.3484001e-07	4.0899887e-05	2.0613145e-05	-0.00012254066	-0.00012266946	0.0010499638
-0.19	0.81	0	0	0	1.0052797	0	0	0	1.0053751	0.81865338	-0.00012263314	-1.3954774e-06	2.5720008e-06	6.446319e-08	7.6296404e-08	9.7935658e-07	2.8892124e-06	2.6454885e-06	-2.3671507e-07	4.0931186e-05	2.0858577e-05	-0.00012263331	-0.00012276238	0.0010514271
-0.192	0.808	0	0	0	1.005276	0	0	0	1.0053725	0.81662692	-0.00012272523	-1.3953931e-06	2.5907366e-06	7.5374119e-08	7.6916875e-08	9.7714733e-07	2.919232e-06	2.6514097e-06	-2.3858898e-07	4.0962301e-05	2.1104195e-05	-0.0001227254	-0.00012285477	0.0010530107
-0.194	0.806	0	0	0	1.0052723	0	0	0	1.0053699	0.81460046	-0.00012281677	-1.395172e-06	2.6098196e-06	8.6412852e-08	7.7526184e-08	9.7492525e-07	2.9498314e-06	2.6572361e-06	-2.4046221e-07	4.0993236e-05	2.1349996e-05	-0.00012281694	-0.00012294662	0.001054717
-0.196	0.804	0	0	0	1.0052686	0	0	0	1.0053673	0.812574	-0.00012290776	-1.3948078e-06	2.6292689e-06	9.7588052e-08	7.8124012e-08	9.7268755e-07	2.9810387e-06	2.6629652e-06	-2.4233524e-07	4.1023991e-05	2.1595981e-05	-0.00012290794	-0.00012303793	0.0010565485
-0.198	0.802	0	0	0	1.0052649	0	0	0	1.0053647	0.81054755	-0.00012299821	-1.3942937e-06	2.6491049e-06	1.0890862e-07	7.8710015e-08	9.7043121e-07	3.0128829e-06	2.6685942e-06	-2.4420856e-07	4.105457e-05	2.1842148e-05	-0.00012299839	-0.00012312872	0.001058508
-0.2	0.8	0	0	0	1.0052611	0	0	0	1.005362	0.80852109	-0.00012308812	-1.3936227e-06	2.6693485e-06	1.2038372e-07	7.9283826e-08	9.6815294e-07	3.045395e-06	2.6741198e-06	-2.4608267e-07	4.1084974e-05	2.2088496e-05	-0.00012308829	-0.00012321898	0.0010605983
-0.202	0.798	0	0	0	1.0052573	0	0	0	1.0053594	0.80649463	-0.00012317749	-1.3927876e-06	2.6900219e-06	1.3202279e-07	7.9845053e-08	9.6584919e-07	3.078607e-06	2.6795387e-06	-2.4795812e-07	4.1115202e-05	2.2335024e-05	-0.00012317767	-0.00012330872	0.0010628223
-0.204	0.796	0	0	0	1.0052535	0	0	0	1.0053568	0.80446817	-0.00012326633	-1.391781e-06	2.7111484e-06	1.438356e-07	8.0393276e-08	9.6351608e-07	3.1125531e-06	2.6848468e-06	-2.4983543e-07	4.1145257e-05	2.2581731e-05	-0.0001232665	-0.00012339794	0.0010651832
-0.206	0.794	0	0	0	1.0052496	0	0	0	1.0053541	0.8024417	-0.00012335463	-1.3905952e-06	2.7327524e-06	1.558322e-07	8.0928049e-08	9.6114942e-07	3.147269e-06	2.69004e-06	-2.5171518e-07	4.1175138e-05	2.2828616e-05	-0.0001233548	-0.00012348665	0.0010676843
-0.208	0.792	0	0	0	1.0052457	0	0	0	1.0053515	0.80041523	-0.00012344239	-1.3892222e-06	2.7548594e-06	1.6802305e-07	8.1448895e-08	9.5874466e-07	3.1827925e-06	2.6951135e-06	-2.5359794e-07	4.1204846e-05	2.3075677e-05	-0.00012344257	-0.00012357483	0.001070329
-0.21	0.79	0	0	0	1.0052418	0	0	0	1.0053488	0.79838876	-0.00012352961	-1.3876536e-06	2.7774966e-06	1.8041896e-07	8.1955306e-08	9.5629685e-07	3.2191634e-06	2.700062e-06	-2.5548433e-07	4.123438e-05	2.3322915e-05	-0.00012352979	-0.00012366249	0.0010731211
-0.212	0.788	0	0	0	1.0052378	0	0	0	1.0053462	0.79636227	-0.00012361629	-1.3858809e-06	2.8006924e-06	1.9303113e-07	8.2446739e-08	9.5380064e-07	3.2564237e-06	2.7048799e-06	-2.5737499e-07	4.1263739e-05	2.3570327e-05	-0.00012361647	-0.00012374963	0.0010760643
-0.214	0.786	0	0	0	1.0052339	0	0	0	1.0053435	0.79433578	-0.00012370242	-1.3838949e-06	2.8244767e-06	2.0587123e-07	8.292262e-08	9.5125019e-07	3.2946179e-06	2.7095609e-06	-2.5927058e-07	4.1292923e-05	2.3817914e-05	-0.0001237026	-0.00012383624	0.0010791628
-0.216	0.784	0	0	0	1.0052298	0	0	0	1.0053408	0.79230928	-0.000123788	-1.3816863e-06	2.8488812e-06	2.1895136e-07	8.3382332e-08	9.4863919e-07	3.333793e-06	2.7140982e-06	-2.6117179e-07	4.1321931e-05	2.4065672e-05	-0.00012378819	-0.00012392232	0.0010824208
-0.218	0.782	0	0	0	1.0052258	0	0	0	1.0053381	0.79028276	-0.00012387302	-1.3792453e-06	2.8739392e-06	2.3228413e-07	8.3825222e-08	9.4596074e-07	3.3739985e-06	2.7184842e-06	-2.6307935e-07	4.1350759e-05	2.4313603e-05	-0.00012387321	-0.00012400786	0.0010858428
-0.22	0.78	0	0	0	1.0052217	0	0	0	1.0053354	0.78825622	-0.00012395747	-1.3765616e-06	2.8996861e-06	2.4588264e-07	8.4250593e-08	9.4320734e-07	3.4152871e-06	2.7227107e-06	-2.6499402e-07	4.1379406e-05	2.4561704e-05	-0.00012395766	-0.00012409285	0.0010894335
-0.222	0.778	0	0	0	1.0052175	0	0	0	1.0053326	0.78622967	-0.00012404135	-1.3736246e-06	2.9261591e-06	2.5976057e-07	8.4657704e-08	9.4037084e-07	3.4577145e-06	2.7267687e-06	-2.6691661e-07	4.1407868e-05	2.4809974e-05	-0.00012404154	-0.00012417729	0.001093198
-0.224	0.776	0	0	0	1.0052134	0	0	0	1.0053298	0.78420309	-0.00012412463	-1.3704229e-06	2.9533977e-06	2.7393216e-07	8.5045763e-08	9.3744232e-07	3.5013398e-06	2.7306483e-06	-2.6884797e-07	4.1436143e-05	2.5058413e-05	-0.00012412482	-0.00012426116	0.0010971413
-0.226	0.774	0	0	0	1.0052092	0	0	0	1.005327	0.78217649	-0.0001242073	-1.366945e-06	2.9814437e-06	2.8841228e-07	8.5413929e-08	9.3441207e-07	3.5462256e-06	2.7343387e-06	-2.7078899e-07	4.1464226e-05	2.5307019e-05	-0.0001242075	-0.00012434444	0.0011012692
-0.228	0.772	0	0	0	1.0052049	0	0	0	1.0053242	0.78014986	-0.00012428936	-1.3631786e-06	3.0103412e-06	3.0321641e-07	8.5761307e-08	9.3126947e-07	3.5924384e-06	2.737828e-06	-2.7274061e-07	4.1492113e-05	2.5555791e-05	-0.00012428957	-0.00012442713	0.0011055872
-0.23	0.77	0	0	0	1.0052006	0	0	0	1.0053213	0.7781232	-0.00012437078	-1.3591108e-06	3.0401372e-06	3.1836074e-07	8.6086942e-08	9.2800289e-07	3.6400488e-06	2.7411031e-06	-2.7470382e-07	4.1519798e-05	2.5804727e-05	-0.00012437099	-0.00012450921	0.0011101016
-0.232	0.768	0	0	0	1.0051963	0	0	0	1.0053184	0.7760965	-0.00012445154	-1.3547283e-06	3.0708814e-06	3.3386213e-07	8.6389817e-08	9.2459962e-07	3.6891317e-06	2.7441498e-06	-2.766797e-07	4.1547276e-05	2.6053828e-05	-0.00012445175	-0.00012459065	0.0011148186
-0.234	0.766	0	0	0	1.0051919	0	0	0	1.0053155	0.77406976	-0.00012453162	-1.350017e-06	3.1026265e-06	3.4973821e-07	8.6668849e-08	9.2104572e-07	3.7397668e-06	2.7469525e-06	-2.7866936e-07	4.1574539e-05	2.630309e-05	-0.00012453184	-0.00012467144	0.0011197448
-0.236	0.764	0	0	0	1.0051874	0	0	0	1.0053125	0.77204297	-0.00012461099	-1.3449621e-06	3.1354285e-06	3.6600735e-07	8.6922883e-08	9.1732591e-07	3.7920387e-06	2.7494938e-06	-2.8067398e-07	4.1601579e-05	2.6552513e-05	-0.00012461122	-0.00012475155	0.0011248872
-0.238	0.762	0	0	0	1.0051829	0	0	0	1.0053094	0.77001613	-0.00012468962	-1.3395484e-06	3.1693465e-06	3.826887e-07	8.715069e-08	9.1342339e-07	3.8460374e-06	2.7517549e-06	-2.8269484e-07	4.1628389e-05	2.6802096e-05	-0.00012468987	-0.00012483096	0.0011302532
-0.24	0.76	0	0	0	1.0051784	0	0	0	1.0053063	0.76798922	-0.00012476749	-1.3337596e-06	3.2044437e-06	3.9980225e-07	8.7350961e-08	9.093197e-07	3.9018588e-06	2.753715e-06	-2.8473328e-07	4.1654959e-05	2.7051837e-05	-0.00012476775	-0.00012490962	0.0011358501
-0.242	0.758	0	0	0	1.0051738	0	0	0	1.0053031	0.76596225	-0.00012484456	-1.3275791e-06	3.2407868e-06	4.1736879e-07	8.7522298e-08	9.0499455e-07	3.9596045e-06	2.7553512e-06	-2.8679073e-07	4.1681278e-05	2.7301735e-05	-0.00012484483	-0.00012498752	0.0011416859
-0.244	0.756	0	0	0	1.0051691	0	0	0	1.0052998	0.7639352	-0.00012492079	-1.3209893e-06	3.2784468e-06	4.3540998e-07	8.7663217e-08	9.0042558e-07	4.0193829e-06	2.7566383e-06	-2.8886872e-07	4.1707333e-05	2.7551787e-05	-0.00012492107	-0.00012506462	0.0011477687
-0.246	0.754	0	0	0	1.0051644	0	0	0	1.0052964	0.76190807	-0.00012499614	-1.3139719e-06	3.3174989e-06	4.539483e-07	8.7772132e-08	8.9558814e-07	4.0813089e-06	2.7575485e-06	-2.9096888e-07	4.1733112e-05	2.7801993e-05	-0.00012499643	-0.00012514086	0.001154107
-0.248	0.752	0	0	0	1.0051596	0	0	0	1.0052929	0.75988085	-0.00012507056	-1.3065078e-06	3.3580228e-06	4.730071e-07	8.7847358e-08	8.9045507e-07	4.145505e-06	2.7580514e-06	-2.9309293e-07	4.1758601e-05	2.8052351e-05	-0.00012507086	-0.0001252162	0.0011607093
-0.25	0.75	0	0	0	1.0051548	0	0	0	1.0052893	0.75785352	-0.00012514399	-1.2985773e-06	3.400103e-06	4.9261054e-07	8.7887102e-08	8.8499638e-07	4.212101e-06	2.7581131e-06	-2.9524275e-07	4.1783782e-05	2.8302858e-05	-0.00012514432	-0.0001252906	0.0011675845
-0.252	0.748	0	0	0	1.0051499	0	0	0	1.0052856	0.75582607	-0.00012521638	-1.2901598e-06	3.443829e-06	5.127836e-07	8.7889454e-08	8.7917896e-07	4.281235e-06	2.7576964e-06	-2.9742029e-07	4.1808637e-05	2.8553513e-05	-0.00012521673	-0.000125364	0.0011747418
-0.254	0.746	0	0	0	1.0051449	0	0	0	1.0052817	0.75379849	-0.00012528767	-1.281234e-06	3.4892954e-06	5.3355198e-07	8.7852387e-08	8.7296624e-07	4.3530531e-06	2.7567605e-06	-2.9962767e-07	4.1833148e-05	2.8804314e-05	-0.00012528804	-0.00012543633	0.0011821902
-0.256	0.744	0	0	0	1.0051398	0	0	0	1.0052776	0.75177077	-0.00012535778	-1.2717782e-06	3.5366022e-06	5.5494212e-07	8.7773747e-08	8.6631782e-07	4.4277104e-06	2.75526e-06	-3.0186714e-07	4.1857291e-05	2.9055258e-05	-0.00012535818	-0.00012550753	0.0011899392
-0.258	0.742	0	0	0	1.0051347	0	0	0	1.0052734	0.74974288	-0.00012542664	-1.2617698e-06	3.5858545e-06	5.7698102e-07	8.765125e-08	8.5918905e-07	4.5053707e-06	2.753145e-06	-3.0414109e-07	4.1881043e-05	2.9306344e-05	-0.00012542707	-0.00012557751	0.001197998
-0.26	0.74	0	0	0	1.0051294	0	0	0	1.005269	0.74771482	-0.00012549416	-1.2511858e-06	3.6371631e-06	5.9969618e-07	8.7482478e-08	8.5153059e-07	4.586207e-06	2.7503605e-06	-3.0645207e-07	4.1904376e-05	2.9557568e-05	-0.00012549462	-0.0001256462	0.0012063758
-0.262	0.738	0	0	0	1.0051241	0	0	0	1.0052643	0.74568656	-0.00012556025	-1.2400029e-06	3.6906442e-06	6.2311545e-07	8.7264875e-08	8.4328798e-07	4.6704015e-06	2.7468458e-06	-3.0880281e-07	4.1927261e-05	2.9808929e-05	-0.00012556075	-0.0001257135	0.0012150816
-0.264	0.736	0	0	0	1.0051187	0	0	0	1.0052594	0.74365807	-0.0001256248	-1.2281974e-06	3.7464191e-06	6.4726681e-07	8.6995742e-08	8.3440108e-07	4.7581456e-06	2.742534e-06	-3.1119617e-07	4.1949665e-05	3.0060422e-05	-0.00012562534	-0.00012577931	0.0012241241
-0.266	0.734	0	0	0	1.0051131	0	0	0	1.0052542	0.74162934	-0.0001256877	-1.2157456e-06	3.804614e-06	6.7217819e-07	8.6672244e-08	8.2480359e-07	4.8496393e-06	2.7373516e-06	-3.1363523e-07	4.1971553e-05	3.0312046e-05	-0.00012568829	-0.00012584352	0.0012335118
-0.268	0.732	0	0	0	1.0051075	0	0	0	1.0052487	0.73960034	-0.00012574882	-1.202624e-06	3.8653599e-06	6.9787719e-07	8.6291403e-08	8.144225e-07	4.9450912e-06	2.7312177e-06	-3.161232e-07	4.1992884e-05	3.0563797e-05	-0.00012574948	-0.00012590601	0.0012432522
-0.27	0.73	0	0	0	1.0051017	0	0	0	1.0052428	0.73757104	-0.00012580803	-1.1888094e-06	3.9287915e-06	7.2439079e-07	8.5850107e-08	8.0317756e-07	5.0447177e-06	2.7240437e-06	-3.1866348e-07	4.2013616e-05	3.081567e-05	-0.00012580875	-0.00012596663	0.0012533526
-0.272	0.728	0	0	0	1.0050959	0	0	0	1.0052365	0.73554141	-0.00012586519	-1.1742794e-06	3.9950465e-06	7.51745e-07	8.5345118e-08	7.9098075e-07	5.1487413e-06	2.7157324e-06	-3.2125966e-07	4.2033701e-05	3.1067663e-05	-0.00012586598	-0.00012602525	0.0012638191
-0.274	0.726	0	0	0	1.0050899	0	0	0	1.0052298	0.73351141	-0.00012592012	-1.1590125e-06	4.0642644e-06	7.7996446e-07	8.4773081e-08	7.7773582e-07	5.2573901e-06	2.7061779e-06	-3.2391544e-07	4.2053086e-05	3.1319771e-05	-0.00012592099	-0.0001260817	0.001274657
-0.276	0.724	0	0	0	1.0050838	0	0	0	1.0052226	0.731481	-0.00012597264	-1.1429888e-06	4.136585e-06	8.0907212e-07	8.4130539e-08	7.6333786e-07	5.370895e-06	2.6952652e-06	-3.2663472e-07	4.2071716e-05	3.157199e-05	-0.00012597361	-0.0001261358	0.0012858704
-0.278	0.722	0	0	0	1.0050775	0	0	0	1.0052148	0.72945015	-0.00012602258	-1.1261901e-06	4.2121467e-06	8.3908879e-07	8.3413953e-08	7.4767304e-07	5.4894875e-06	2.6828693e-06	-3.2942148e-07	4.2089529e-05	3.1824314e-05	-0.00012602365	-0.00012618737	0.0012974625
-0.28	0.72	0	0	0	1.0050711	0	0	0	1.0052064	0.7274188	-0.00012606971	-1.1086002e-06	4.2910841e-06	8.7003279e-07	8.2619726e-08	7.3061844e-07	5.6133968e-06	2.6688561e-06	-3.3227982e-07	4.2106457e-05	3.2076739e-05	-0.00012607089	-0.00012623619	0.001309435
-0.282	0.718	0	0	0	1.0050645	0	0	0	1.0051973	0.72538691	-0.00012611381	-1.0902058e-06	4.3735252e-06	9.0191969e-07	8.1744234e-08	7.1204216e-07	5.7428458e-06	2.6530814e-06	-3.3521388e-07	4.2122428e-05	3.2329259e-05	-0.00012611513	-0.00012628205	0.0013217887
-0.284	0.716	0	0	0	1.0050578	0	0	0	1.0051875	0.72335443	-0.00012615465	-1.070996e-06	4.4595889e-06	9.3476218e-07	8.0783853e-08	6.9180363e-07	5.878047e-06	2.6353924e-06	-3.3822782e-07	4.2137365e-05	3.2581868e-05	-0.00012615611	-0.00012632469	0.0013345237
-0.286	0.714	0	0	0	1.005051	0	0	0	1.0051768	0.7213213	-0.00012619196	-1.050963e-06	4.5493807e-06	9.685701e-07	7.9734997e-08	6.6975434e-07	6.0191976e-06	2.6156275e-06	-3.4132578e-07	4.2151183e-05	3.2834558e-05	-0.00012619358	-0.00012636387	0.0013476393
-0.288	0.712	0	0	0	1.0050439	0	0	0	1.0051652	0.71928747	-0.00012622547	-1.030102e-06	4.64299e-06	1.0033509e-06	7.8594151e-08	6.457389e-07	6.1664739e-06	2.5936183e-06	-3.4451177e-07	4.2163795e-05	3.3087323e-05	-0.00012622727	-0.00012639932	0.0013611349
-0.29	0.71	0	0	0	1.0050367	0	0	0	1.0051526	0.71725286	-0.00012625488	-1.0084107e-06	4.7404854e-06	1.0391105e-06	7.7357899e-08	6.1959655e-07	6.320026e-06	2.5691906e-06	-3.4778964e-07	4.2175105e-05	3.3340155e-05	-0.00012625689	-0.00012643073	0.0013750108
-0.292	0.708	0	0	0	1.0050294	0	0	0	1.0051389	0.71521743	-0.0001262799	-9.8588851e-07	4.8419113e-06	1.0758547e-06	7.6022948e-08	5.911632e-07	6.4799716e-06	2.5421669e-06	-3.5116302e-07	4.2185014e-05	3.3593046e-05	-0.00012628213	-0.00012645782	0.0013892687
-0.294	0.706	0	0	0	1.0050218	0	0	0	1.005124	0.7131811	-0.0001263002	-9.6253521e-07	4.9472844e-06	1.1135915e-06	7.4586136e-08	5.6027386e-07	6.646391e-06	2.512369e-06	-3.5463522e-07	4.2193418e-05	3.3845986e-05	-0.00012630269	-0.00012648025	0.0014039137
-0.296	0.704	0	0	0	1.0050141	0	0	0	1.0051077	0.7111438	-0.00012631546	-9.3834915e-07	5.0565905e-06	1.1523343e-06	7.3044408e-08	5.2676557e-07	6.8193218e-06	2.4796208e-06	-3.5820923e-07	4.2200208e-05	3.4098967e-05	-0.00012631822	-0.00012649771	0.0014189551
-0.298	0.702	0	0	0	1.0050063	0	0	0	1.00509	0.70910548	-0.00012632532	-9.1332416e-07	5.1697827e-06	1.1921064e-06	7.1394774e-08	4.9048065e-07	6.9987561e-06	2.4437519e-06	-3.6188761e-07	4.2205272e-05	3.4351977e-05	-0.00012632839	-0.00012650985	0.001434409
-0.3	0.7	0	0	0	1.0049983	0	0	0	1.0050707	0.70706606	-0.00012632944	-8.8744572e-07	5.2867807e-06	1.2329469e-06	6.9634211e-08	4.5127009e-07	7.1846383e-06	2.4046008e-06	-3.6567254e-07	4.2208493e-05	3.4605006e-05	inf	inf	inf
