lambda	F11	F12	F13	F21	F22	F23	F31	F32	F33	J	P11	P12	P13	P21	P22	P23	P31	P32	P33	p	StrEn	t(1)	t(2)	d
0	1	0	0	0	1	0	0	0	1	1	0	0	0	0	0	0	0	0	0	-0	0	inf	inf	inf
0.002	1.002	0	0	0	1.001	0	0	0	0.99867742	1.0016755	5.476456e-06	8.651584e-08	9.9743335e-09	8.7173265e-08	3.7111303e-06	2.4153265e-09	1.5062826e-08	-4.1720364e-09	-1.7261878e-09	-3.0619534e-06	7.2143636e-09	7.3332042e-06	7.3580099e-06	0.0033712632
0.004	1.004	0	0	0	1.002	0	0	0	0.9972587	1.0032502	1.1219836e-05	1.2536662e-07	1.6577017e-08	1.2683678e-07	7.5363471e-06	1.9408587e-09	3.0693412e-08	-1.1200293e-08	-2.6796887e-09	-6.2511677e-06	2.943204e-08	1.4989989e-05	1.4950553e-05	-0.0026377339
0.006	1.006	0	0	0	1.003	0	0	0	0.99572238	1.0047018	1.7039454e-05	1.3839927e-07	2.0385167e-08	1.4124355e-07	1.137484e-05	-1.9676908e-09	4.4952129e-08	-2.1277752e-08	-2.9184943e-09	-9.4704587e-06	6.7016577e-08	2.2729161e-05	2.2675856e-05	-0.0023507748
0.008	1.008	0	0	0	1.004	0	0	0	0.9941243	1.0060856	2.2932834e-05	1.3637786e-07	2.2067704e-08	1.4102082e-07	1.5256506e-05	-7.7430592e-09	5.7355594e-08	-3.3236126e-08	-2.9806529e-09	-1.2728787e-05	1.2013546e-07	3.0563492e-05	3.0495612e-05	-0.0022258738
0.01	1.01	0	0	0	1.005	0	0	0	0.99249573	1.0074328	2.8902383e-05	1.2573164e-07	2.2028613e-08	1.3243044e-07	1.9196451e-05	-1.4271282e-08	6.7766997e-08	-4.5967971e-08	-3.0210808e-09	-1.6031938e-05	1.8899903e-07	3.8503085e-05	3.8418211e-05	-0.0022092012
0.012	1.012	0	0	0	1.006	0	0	0	0.99084558	1.0087521	3.4936828e-05	1.1025068e-07	2.0481122e-08	1.1916071e-07	2.3190804e-05	-2.0612041e-08	7.6217942e-08	-5.8587898e-08	-3.0789332e-09	-1.9374851e-05	2.7380831e-07	4.6534784e-05	4.6433815e-05	-0.0021744709
0.014	1.014	0	0	0	1.007	0	0	0	0.98917635	1.010046	4.1024038e-05	9.2188486e-08	1.7614428e-08	1.0340938e-07	2.7233393e-05	-2.5424202e-08	8.2839034e-08	-6.9889686e-08	-3.1793737e-09	-2.2751417e-05	3.7473429e-07	5.4643404e-05	5.4527588e-05	-0.0021239755
0.016	1.016	0	0	0	1.008	0	0	0	0.98748785	1.011314	4.7152641e-05	7.2900569e-08	1.3643261e-08	8.6502609e-08	3.1319607e-05	-2.6452213e-08	8.7834784e-08	-7.7825085e-08	-3.3456659e-09	-2.6156301e-05	4.9191866e-07	6.2815287e-05	6.2685583e-05	-0.0020691229
0.018	1.018	0	0	0	1.009	0	0	0	0.98577753	1.0125532	5.3310728e-05	5.3206852e-08	8.8078559e-09	6.9241116e-08	3.5447856e-05	-1.9594627e-08	9.1457725e-08	-7.8588385e-08	-3.5961489e-09	-2.9584996e-05	6.2547662e-07	7.1037757e-05	7.0894565e-05	-0.0020197805
0.02	1.02	0	0	0	1.01	0	0	0	0.98403877	1.0137567	5.9482383e-05	3.3619581e-08	3.3406017e-09	5.2105956e-08	3.9622121e-05	3.1253869e-09	9.3972011e-08	-6.4627419e-08	-3.9303873e-09	-3.3033525e-05	7.7549692e-07	7.9296905e-05	7.9139564e-05	-0.0019881393
0.022	1.022	0	0	0	1.011	0	0	0	0.98225512	1.0149072	6.5638764e-05	1.4536878e-08	-2.64585e-09	3.5400977e-08	4.3859005e-05	5.7507637e-08	9.5559807e-08	-2.0734562e-08	-4.291805e-09	-3.6497826e-05	9.4203488e-07	8.7572182e-05	8.7398267e-05	-0.0019899198
0.024	1.024	0	0	0	1.012	0	0	0	0.98038922	1.0159656	7.1721152e-05	-3.503925e-09	-9.4653815e-09	1.9397556e-08	4.8201418e-05	1.6823945e-07	9.6034851e-08	7.7232916e-08	-4.5067442e-09	-3.9972688e-05	1.12509e-06	9.5826209e-05	9.5635312e-05	-0.0019961005
0.026	1.026	0	0	0	1.013	0	0	0	0.97839572	1.0168839	7.7659079e-05	-1.9777298e-08	-1.8003282e-08	4.4243376e-09	5.2702358e-05	3.4132299e-07	9.4589657e-08	2.357489e-07	-4.3772435e-09	-4.3452353e-05	1.3245761e-06	0.00010401475	0.00010381734	-0.0019015291
0.028	1.028	0	0	0	1.014	0	0	0	0.97628417	1.0176708	8.3462381e-05	-3.4101296e-08	-2.8642472e-08	-9.3748251e-09	5.7347612e-05	5.3829362e-07	9.0743091e-08	4.1778368e-07	-3.9776805e-09	-4.6935338e-05	1.5403593e-06	0.00011214046	0.00011194356	-0.0017589155
0.03	1.03	0	0	0	1.015	0	0	0	0.97410018	1.018373	8.9195054e-05	-4.6871744e-08	-4.0936363e-08	-2.2113094e-08	6.2079047e-05	7.2692217e-07	8.4879296e-08	5.9175682e-07	-3.4942869e-09	-5.0423535e-05	1.7723504e-06	0.00012023843	0.00012004007	-0.001652489
0.032	1.032	0	0	0	1.016	0	0	0	0.97187384	1.0190214	9.4899389e-05	-5.8428742e-08	-5.4432969e-08	-3.3918296e-08	6.6858053e-05	8.9929504e-07	7.7487649e-08	7.4971588e-07	-3.0146825e-09	-5.3918143e-05	2.0205196e-06	0.00012833179	0.00012812975	-0.0015768304
0.034	1.034	0	0	0	1.017	0	0	0	0.96961934	1.0196304	0.00010059482	-6.8960218e-08	-6.886809e-08	-4.4871922e-08	7.1665829e-05	1.0562794e-06	6.8894143e-08	8.9238224e-07	-2.5635579e-09	-5.7419362e-05	2.2848694e-06	0.00013643064	0.00013622397	-0.0015171569
0.036	1.036	0	0	0	1.018	0	0	0	0.96734341	1.0202068	0.00010629014	-7.8576194e-08	-8.4088433e-08	-5.5030498e-08	7.6492871e-05	1.2002369e-06	5.9308856e-08	1.0220068e-06	-2.1447972e-09	-6.0926957e-05	2.5654155e-06	0.00014453903	0.00014432741	-0.0014662432
0.038	1.038	0	0	0	1.019	0	0	0	0.96504953	1.0207541	0.00011198954	-8.7352981e-08	-9.9995459e-08	-6.4440894e-08	8.1333825e-05	1.3333426e-06	4.8878093e-08	1.1406924e-06	-1.7563889e-09	-6.4440538e-05	2.862179e-06	0.00015265848	0.00015244188	-0.0014208542
0.04	1.04	0	0	0	1.02	0	0	0	0.96273965	1.0212742	0.0001176951	-9.5351793e-08	-1.1651868e-07	-7.3146507e-08	8.6185341e-05	1.4573399e-06	3.7712265e-08	1.2501372e-06	-1.3949662e-09	-6.7959682e-05	3.175183e-06	0.00016078939	0.0001605679	-0.0013794097
0.042	1.042	0	0	0	1.021	0	0	0	0.96041493	1.0217682	0.00012340785	-1.0262628e-07	-1.3360308e-07	-8.1189287e-08	9.1045138e-05	1.5735895e-06	2.5900091e-08	1.3516729e-06	-1.057163e-09	-7.1483976e-05	3.5044506e-06	0.00016893165	0.00016870541	-0.0013410438
0.044	1.044	0	0	0	1.022	0	0	0	0.95807608	1.0222365	0.00012912828	-1.092256e-07	-1.5120286e-07	-8.8610165e-08	9.5911561e-05	1.6831558e-06	1.351617e-08	1.4463464e-06	-7.3998494e-10	-7.5013034e-05	3.8500046e-06	0.00017708493	0.00017685409	-0.0013052268
0.046	1.046	0	0	0	1.023	0	0	0	0.95572355	1.0226796	0.00013485661	-1.1519562e-07	-1.6927806e-07	-9.5448926e-08	0.00010078335	1.7868812e-06	6.2527093e-10	1.534989e-06	-4.4086829e-10	-7.8546504e-05	4.211867e-06	0.0001852488	0.00018501354	-0.0012716019
0.048	1.048	0	0	0	1.024	0	0	0	0.95335765	1.0230977	0.00014059287	-1.2057945e-07	-1.8779272e-07	-1.0174396e-07	0.00010565949	1.8854414e-06	-1.2715067e-08	1.6182707e-06	-1.5764472e-10	-8.2084066e-05	4.5900588e-06	0.0001934228	0.00019318327	-0.0012399097
0.05	1.05	0	0	0	1.025	0	0	0	0.95097856	1.0234907	0.000146337	-1.2541758e-07	-2.0671368e-07	-1.0753201e-07	0.00011053919	1.9793857e-06	-2.6452884e-08	1.6967381e-06	1.1151688e-10	-8.5625433e-05	4.9846001e-06	0.00020160646	0.00020136282	-0.0012099499
0.052	1.052	0	0	0	1.026	0	0	0	0.94858641	1.0238586	0.00015208892	-1.2974806e-07	-2.2600998e-07	-1.1284801e-07	0.00011542175	2.0691664e-06	-4.0540686e-08	1.7708433e-06	3.6816796e-10	-8.9170345e-05	5.3955101e-06	0.00020979935	0.00020955175	-0.0011815602
0.054	1.054	0	0	0	1.027	0	0	0	0.94618126	1.0242015	0.00015784848	-1.3360647e-07	-2.4565228e-07	-1.1772497e-07	0.00012030661	2.1551603e-06	-5.4934671e-08	1.8409645e-06	6.1363016e-10	-9.2718568e-05	5.8228071e-06	0.00021800105	0.00021774963	-0.0011546053
0.056	1.056	0	0	0	1.028	0	0	0	0.94376313	1.0245191	0.00016361555	-1.3702607e-07	-2.6561267e-07	-1.2219393e-07	0.00012519328	2.2376844e-06	-6.9594162e-08	1.9074217e-06	8.4903661e-10	-9.6269893e-05	6.2665086e-06	0.00022621116	0.00022595606	-0.001128969
0.058	1.058	0	0	0	1.029	0	0	0	0.94133204	1.0248112	0.00016938998	-1.4003786e-07	-2.8586434e-07	-1.2628399e-07	0.00013008133	2.3170081e-06	-8.4481183e-08	1.9704879e-06	1.0753655e-09	-9.982413e-05	6.7266313e-06	0.00023442934	0.00023417069	-0.0011045502
0.06	1.06	0	0	0	1.03	0	0	0	0.93888795	1.0250779	0.00017517164	-1.4267067e-07	-3.0638154e-07	-1.3002229e-07	0.00013497039	2.3933621e-06	-9.9560129e-08	2.0303983e-06	1.2934672e-09	-0.00010338111	7.2031913e-06	0.00024265525	0.00024239316	-0.0010812596
0.062	1.062	0	0	0	1.031	0	0	0	0.93643083	1.0253187	0.00018096038	-1.449513e-07	-3.2713936e-07	-1.3343417e-07	0.00013986014	2.4669456e-06	-1.1479751e-07	2.0873572e-06	1.504086e-09	-0.00010694067	7.696204e-06	0.00025088859	0.00025062318	-0.0010590172
0.064	1.064	0	0	0	1.032	0	0	0	0.93396063	1.0255336	0.00018675607	-1.4690458e-07	-3.4811371e-07	-1.3654314e-07	0.00014475028	2.5379316e-06	-1.3016174e-07	2.1415432e-06	1.7078775e-09	-0.00011050269	8.205684e-06	0.00025912909	0.00025886046	-0.0010377515
0.066	1.066	0	0	0	1.033	0	0	0	0.93147729	1.0257223	0.00019255858	-1.4855359e-07	-3.6928125e-07	-1.3937108e-07	0.00014964057	2.6064713e-06	-1.4562295e-07	2.1931137e-06	1.9054235e-09	-0.00011406702	8.7316458e-06	0.00026737649	0.00026710474	-0.0010173974
0.068	1.068	0	0	0	1.034	0	0	0	0.92898073	1.0258846	0.00019836781	-1.4991966e-07	-3.9061929e-07	-1.4193828e-07	0.00015453076	2.672698e-06	-1.6115287e-07	2.242208e-06	2.0972432e-09	-0.00011763356	9.274103e-06	0.00027563057	0.00027535579	-0.00099789602
0.07	1.07	0	0	0	1.035	0	0	0	0.92647087	1.0260202	0.00020418365	-1.5102259e-07	-4.121058e-07	-1.4426354e-07	0.00015942066	2.7367292e-06	-1.767247e-07	2.2889503e-06	2.2838029e-09	-0.0001212022	9.833069e-06	0.0002838911	0.00028361339	-0.00097919346
0.072	1.072	0	0	0	1.036	0	0	0	0.92394763	1.0261288	0.00021000599	-1.5188071e-07	-4.3371936e-07	-1.463643e-07	0.00016431008	2.7986695e-06	-1.9231299e-07	2.3334517e-06	2.4655241e-09	-0.00012477284	1.0408557e-05	0.00029215791	0.00029187734	-0.0009612404
0.074	1.074	0	0	0	1.037	0	0	0	0.92141091	1.0262103	0.00021583474	-1.5251098e-07	-4.5543914e-07	-1.4825672e-07	0.00016919885	2.858612e-06	-2.0789356e-07	2.3758124e-06	2.6427895e-09	-0.00012834541	1.1000578e-05	0.0003004308	0.00030014747	-0.00094399156
0.076	1.076	0	0	0	1.038	0	0	0	0.91886062	1.0262644	0.00022166982	-1.5292915e-07	-4.7724484e-07	-1.4995575e-07	0.00017408682	2.9166402e-06	-2.2344343e-07	2.416123e-06	2.8159493e-09	-0.00013191982	1.1609146e-05	0.00030870963	0.00030842359	-0.00092740522
0.078	1.078	0	0	0	1.039	0	0	0	0.91629664	1.0262907	0.00022751114	-1.531498e-07	-4.9911672e-07	-1.5147527e-07	0.00017897385	2.9728293e-06	-2.3894074e-07	2.4544659e-06	2.9853251e-09	-0.00013549599	1.2234273e-05	0.00031699423	0.00031670557	-0.0009114429
0.08	1.08	0	0	0	1.04	0	0	0	0.91371887	1.026289	0.00023335864	-1.5318644e-07	-5.2103559e-07	-1.5282814e-07	0.00018385983	3.0272471e-06	-2.5436472e-07	2.4909159e-06	3.151214e-09	-0.00013907387	1.2875969e-05	0.00032528448	0.00032499327	-0.00089606902
0.082	1.082	0	0	0	1.041	0	0	0	0.91112719	1.026259	0.00023921225	-1.5305161e-07	-5.4298274e-07	-1.5402626e-07	0.00018874463	3.079955e-06	-2.6969559e-07	2.525542e-06	3.3138918e-09	-0.0001426534	1.3534246e-05	0.00033358026	0.00033328655	-0.0008812506
0.084	1.084	0	0	0	1.042	0	0	0	0.9085215	1.0262005	0.0002450719	-1.5275696e-07	-5.6494e-07	-1.550807e-07	0.00019362816	3.1310088e-06	-2.8491458e-07	2.5584074e-06	3.4736159e-09	-0.00014623451	1.4209115e-05	0.00034188144	0.0003415853	-0.00086695706
0.086	1.086	0	0	0	1.043	0	0	0	0.90590166	1.026113	0.00025093754	-1.5231332e-07	-5.8688969e-07	-1.560017e-07	0.00019851032	3.1804593e-06	-3.000038e-07	2.5895705e-06	3.6306276e-09	-0.00014981716	1.4900587e-05	0.00035018793	0.00034988942	-0.00085315995
0.088	1.088	0	0	0	1.044	0	0	0	0.90326756	1.0259963	0.00025680913	-1.5173072e-07	-6.0881463e-07	-1.5679878e-07	0.00020339102	3.2283531e-06	-3.1494631e-07	2.6190853e-06	3.7851542e-09	-0.00015340131	1.5608673e-05	0.00035849964	0.00035819881	-0.00083983281
0.09	1.09	0	0	0	1.045	0	0	0	0.90061906	1.0258501	0.0002626866	-1.5101853e-07	-6.3069817e-07	-1.5748079e-07	0.00020827018	3.2747328e-06	-3.2972601e-07	2.6470022e-06	3.9374107e-09	-0.00015698691	1.6333382e-05	0.00036681646	0.00036651337	-0.00082695096
0.092	1.092	0	0	0	1.046	0	0	0	0.89795604	1.0256741	0.00026856993	-1.5018545e-07	-6.5252411e-07	-1.5805593e-07	0.00021314773	3.3196377e-06	-3.4432764e-07	2.6733679e-06	4.0876012e-09	-0.00016057392	1.7074726e-05	0.00037513834	0.00037483304	-0.00081449139
0.094	1.094	0	0	0	1.047	0	0	0	0.89527835	1.0254679	0.00027445907	-1.492396e-07	-6.742768e-07	-1.5853185e-07	0.00021802361	3.3631041e-06	-3.5873676e-07	2.6982263e-06	4.2359206e-09	-0.0001641623	1.7832714e-05	0.00038346519	0.00038315773	-0.00080243255
0.096	1.096	0	0	0	1.048	0	0	0	0.89258587	1.0252313	0.00028035399	-1.4818855e-07	-6.9594106e-07	-1.5891564e-07	0.00022289775	3.4051653e-06	-3.7293971e-07	2.7216186e-06	4.3825553e-09	-0.00016775204	1.8607357e-05	0.00039179695	0.00039148738	-0.00079075432
0.098	1.098	0	0	0	1.049	0	0	0	0.88987845	1.0249638	0.00028625466	-1.4703936e-07	-7.1750223e-07	-1.5921393e-07	0.0002277701	3.4458524e-06	-3.8692361e-07	2.7435836e-06	4.5276848e-09	-0.00017134309	1.9398664e-05	0.00040013356	0.00039982192	-0.00077943783
0.1	1.1	0	0	0	1.05	0	0	0	0.88715594	1.0246651	0.00029216105	-1.4579862e-07	-7.3894617e-07	-1.5943287e-07	0.0002326406	3.4851945e-06	-4.0067633e-07	2.7641578e-06	4.6714821e-09	-0.00017493544	2.0206645e-05	0.00040847497	0.00040816131	-0.00076846538
0.102	1.102	0	0	0	1.051	0	0	0	0.88441821	1.0243349	0.00029807314	-1.4447251e-07	-7.6025925e-07	-1.5957821e-07	0.0002375092	3.5232183e-06	-4.1418649e-07	2.7833758e-06	4.8141146e-09	-0.00017852905	2.1031309e-05	0.00041682113	0.00041650549	-0.00075782035
0.104	1.104	0	0	0	1.052	0	0	0	0.8816651	1.0239729	0.00030399091	-1.430668e-07	-7.8142836e-07	-1.5965531e-07	0.00024237587	3.5599493e-06	-4.2744341e-07	2.8012706e-06	4.9557451e-09	-0.00018212391	2.1872667e-05	0.000425172	0.00042485443	-0.00074748713
0.106	1.106	0	0	0	1.053	0	0	0	0.87889645	1.0235786	0.00030991434	-1.415869e-07	-8.0244092e-07	-1.5966915e-07	0.00024724056	3.5954109e-06	-4.4043712e-07	2.8178735e-06	5.0965323e-09	-0.00018572	2.2730727e-05	0.00043352754	0.00043320808	-0.00073745102
0.108	1.108	0	0	0	1.054	0	0	0	0.87611212	1.0231518	0.00031584342	-1.4003789e-07	-8.2328491e-07	-1.5962441e-07	0.00025210324	3.6296255e-06	-4.5315837e-07	2.8332144e-06	5.2366312e-09	-0.0001893173	2.3605499e-05	0.00044188773	0.0004415664	-0.00072769818
0.11	1.11	0	0	0	1.055	0	0	0	0.87331194	1.022692	0.00032177813	-1.3842452e-07	-8.4394883e-07	-1.5952546e-07	0.00025696387	3.6626141e-06	-4.6559856e-07	2.847322e-06	5.376194e-09	-0.00019291579	2.4496992e-05	0.00045025252	0.00044992937	-0.00071821556
0.112	1.112	0	0	0	1.056	0	0	0	0.87049576	1.0221988	0.00032771848	-1.3675127e-07	-8.6442173e-07	-1.5937636e-07	0.00026182242	3.6943966e-06	-4.7774978e-07	2.8602236e-06	5.5153702e-09	-0.00019651547	2.5405216e-05	0.0004586219	0.00045829697	-0.00070899085
0.114	1.114	0	0	0	1.057	0	0	0	0.86766341	1.0216719	0.00033366444	-1.3502234e-07	-8.8469324e-07	-1.5918094e-07	0.00026667885	3.7249919e-06	-4.8960477e-07	2.8719459e-06	5.6543074e-09	-0.00020011632	2.633018e-05	0.00046699584	0.00046666917	-0.00070001241
0.116	1.116	0	0	0	1.058	0	0	0	0.86481472	1.021111	0.00033961603	-1.3324168e-07	-9.0475355e-07	-1.5894277e-07	0.00027153315	3.7544178e-06	-5.0115694e-07	2.8825142e-06	5.7931515e-09	-0.00020371833	2.7271893e-05	0.00047537433	0.00047504595	-0.00069126925
0.118	1.118	0	0	0	1.059	0	0	0	0.86194952	1.0205155	0.00034557323	-1.3141304e-07	-9.2459342e-07	-1.5866519e-07	0.00027638529	3.7826917e-06	-5.124003e-07	2.8919532e-06	5.9320471e-09	-0.00020732149	2.8230364e-05	0.00048375736	0.0004834273	-0.00068275096
0.12	1.12	0	0	0	1.06	0	0	0	0.85906765	1.0198851	0.00035153606	-1.2953993e-07	-9.442042e-07	-1.5835133e-07	0.00028123525	3.8098298e-06	-5.2332953e-07	2.9002867e-06	6.0711379e-09	-0.00021092579	2.9205602e-05	0.00049214491	0.00049181321	-0.00067444767
0.122	1.122	0	0	0	1.061	0	0	0	0.85616892	1.0192194	0.00035750451	-1.2762566e-07	-9.6357782e-07	-1.5800416e-07	0.000286083	3.835848e-06	-5.339399e-07	2.907538e-06	6.2105669e-09	-0.00021453124	3.0197617e-05	0.00050053698	0.00050020367	-0.00066635005
0.124	1.124	0	0	0	1.062	0	0	0	0.85325316	1.0185181	0.00036347859	-1.2567338e-07	-9.8270682e-07	-1.5762641e-07	0.00029092853	3.8607615e-06	-5.4422729e-07	2.9137296e-06	6.3504771e-09	-0.00021813782	3.1206417e-05	0.00050893357	0.00050859868	-0.00065844922
0.126	1.126	0	0	0	1.063	0	0	0	0.85032018	1.0177805	0.00036945831	-1.2368605e-07	-1.0015843e-06	-1.5722069e-07	0.00029577182	3.8845848e-06	-5.5418819e-07	2.9188834e-06	6.4910113e-09	-0.00022174554	3.2232012e-05	0.00051733468	0.00051699825	-0.00065073676
0.128	1.128	0	0	0	1.064	0	0	0	0.84736981	1.0170065	0.00037544369	-1.2166649e-07	-1.0202041e-06	-1.5678944e-07	0.00030061286	3.9073323e-06	-5.6381967e-07	2.9230209e-06	6.6323125e-09	-0.00022535439	3.327441e-05	0.0005257403	0.00052540236	-0.00064320467
0.13	1.13	0	0	0	1.065	0	0	0	0.84440185	1.0161954	0.00038143473	-1.1961736e-07	-1.0385604e-06	-1.5633493e-07	0.00030545162	3.9290177e-06	-5.7311936e-07	2.926163e-06	6.7745243e-09	-0.00022896438	3.4333621e-05	0.00053415046	0.00053381104	-0.00063584533
0.132	1.132	0	0	0	1.066	0	0	0	0.84141612	1.0153469	0.00038743145	-1.1754118e-07	-1.0566484e-06	-1.5585934e-07	0.00031028811	3.9496544e-06	-5.8208546e-07	2.9283303e-06	6.9177912e-09	-0.00023257549	3.5409654e-05	0.00054256515	0.00054222428	-0.0006286515
0.134	1.134	0	0	0	1.067	0	0	0	0.83841242	1.0144606	0.00039343388	-1.1544037e-07	-1.0744635e-06	-1.5536469e-07	0.0003151223	3.9692556e-06	-5.9071673e-07	2.9295429e-06	7.0622585e-09	-0.00023618775	3.6502518e-05	0.00055098439	0.0005506421	-0.00062161625
0.136	1.136	0	0	0	1.068	0	0	0	0.83539057	1.0135359	0.00039944203	-1.1331719e-07	-1.0920019e-06	-1.5485288e-07	0.00031995419	3.987834e-06	-5.9901244e-07	2.9298205e-06	7.2080726e-09	-0.00023980114	3.7612223e-05	0.0005594082	0.00055906452	-0.000614733
0.138	1.138	0	0	0	1.069	0	0	0	0.83235035	1.0125725	0.00040545592	-1.1117384e-07	-1.1092606e-06	-1.5432573e-07	0.00032478377	4.0054023e-06	-6.0697241e-07	2.9291827e-06	7.3553816e-09	-0.00024341568	3.8738776e-05	0.00056783659	0.00056749156	-0.00060799547
0.14	1.14	0	0	0	1.07	0	0	0	0.82929157	1.0115699	0.00041147559	-1.0901237e-07	-1.126237e-06	-1.5378494e-07	0.00032961103	4.0219727e-06	-6.1459697e-07	2.9276486e-06	7.5043349e-09	-0.00024703137	3.9882189e-05	0.00057626959	0.00057592323	-0.00060139764
0.142	1.142	0	0	0	1.071	0	0	0	0.82621403	1.0105275	0.00041750105	-1.0683477e-07	-1.1429291e-06	-1.532321e-07	0.00033443597	4.0375574e-06	-6.2188691e-07	2.9252371e-06	7.6550836e-09	-0.00025064823	4.1042469e-05	0.00058470722	0.00058435956	-0.00059493377
0.144	1.144	0	0	0	1.072	0	0	0	0.82311751	1.009445	0.00042353235	-1.0464292e-07	-1.1593357e-06	-1.5266873e-07	0.00033925858	4.0521685e-06	-6.2884354e-07	2.9219668e-06	7.8077808e-09	-0.00025426624	4.2219627e-05	0.00059314951	0.00059280059	-0.00058859836
0.146	1.146	0	0	0	1.073	0	0	0	0.82000182	1.0083218	0.00042956951	-1.0243863e-07	-1.1754561e-06	-1.5209628e-07	0.00034407885	4.0658178e-06	-6.3546861e-07	2.9178562e-06	7.9625816e-09	-0.00025788544	4.3413672e-05	0.00060159649	0.00060124634	-0.00058238614
0.148	1.148	0	0	0	1.074	0	0	0	0.81686673	1.0071575	0.00043561257	-1.0022364e-07	-1.1912903e-06	-1.5151609e-07	0.00034889679	4.0785169e-06	-6.4176434e-07	2.9129234e-06	8.1196433e-09	-0.00026150583	4.4624612e-05	0.0006100482	0.00060969684	-0.00057629207
0.15	1.15	0	0	0	1.075	0	0	0	0.81371202	1.0059515	0.00044166158	-9.7999584e-08	-1.2068388e-06	-1.5092945e-07	0.00035371239	4.0902775e-06	-6.4773335e-07	2.9071864e-06	8.2791253e-09	-0.00026512741	4.5852459e-05	0.00061850467	0.00061815213	-0.00057031131
0.152	1.152	0	0	0	1.076	0	0	0	0.81053749	1.0047034	0.00044771656	-9.5768069e-08	-1.2221028e-06	-1.5033757e-07	0.00035852564	4.1011111e-06	-6.5337872e-07	2.9006631e-06	8.4411896e-09	-0.00026875021	4.7097221e-05	0.00062696594	0.00062661225	-0.00056443921
0.154	1.154	0	0	0	1.077	0	0	0	0.80734291	1.0034126	0.00045377756	-9.3530621e-08	-1.237084e-06	-1.4974162e-07	0.00036333656	4.1110292e-06	-6.5870388e-07	2.8933711e-06	8.6060005e-09	-0.00027237424	4.8358908e-05	0.00063543206	0.00063507726	-0.00055867131
0.156	1.156	0	0	0	1.078	0	0	0	0.80412805	1.0020786	0.00045984464	-9.1288711e-08	-1.2517849e-06	-1.4914269e-07	0.00036814514	4.1200431e-06	-6.6371268e-07	2.8853278e-06	8.773725e-09	-0.00027599952	4.963753e-05	0.00064390306	0.00064354718	-0.0005530033
0.158	1.158	0	0	0	1.079	0	0	0	0.8008927	1.000701	0.00046591784	-8.9043755e-08	-1.2662084e-06	-1.4854182e-07	0.00037295139	4.1281641e-06	-6.684093e-07	2.8765507e-06	8.9445327e-09	-0.00027962606	5.0933097e-05	0.00065237902	0.00065202208	-0.00054743106
0.16	1.16	0	0	0	1.08	0	0	0	0.7976366	0.99927913	0.00047199721	-8.6797123e-08	-1.280358e-06	-1.4794001e-07	0.0003777553	4.1354034e-06	-6.7279829e-07	2.8670569e-06	9.1185958e-09	-0.00028325387	5.2245618e-05	0.00066085996	0.000660502	-0.0005419506
0.162	1.162	0	0	0	1.081	0	0	0	0.79435954	0.9978125	0.00047808281	-8.4550136e-08	-1.2942379e-06	-1.4733819e-07	0.00038255687	4.1417723e-06	-6.768845e-07	2.8568635e-06	9.2960894e-09	-0.00028688299	5.3575105e-05	0.00066934596	0.00066898701	-0.00053655809
0.164	1.164	0	0	0	1.082	0	0	0	0.79106128	0.99630055	0.00048417469	-8.2304071e-08	-1.3078526e-06	-1.4673728e-07	0.00038735613	4.1472818e-06	-6.806731e-07	2.8459873e-06	9.4771914e-09	-0.00029051343	5.4921566e-05	0.00067783708	0.00067747717	-0.00053124981
0.166	1.166	0	0	0	1.083	0	0	0	0.78774157	0.99474273	0.00049027293	-8.0060167e-08	-1.3212075e-06	-1.4613812e-07	0.00039215306	4.1519432e-06	-6.8416953e-07	2.8344451e-06	9.6620823e-09	-0.00029414522	5.6285013e-05	0.00068633337	0.00068597253	-0.0005260222
0.168	1.168	0	0	0	1.084	0	0	0	0.78440018	0.99313849	0.00049637757	-7.7819626e-08	-1.3343082e-06	-1.4554155e-07	0.00039694768	4.1557674e-06	-6.8737951e-07	2.8222537e-06	9.8509458e-09	-0.00029777837	5.7665456e-05	0.0006948349	0.00069447317	-0.00052087179
0.17	1.17	0	0	0	1.085	0	0	0	0.78103687	0.99148725	0.0005024887	-7.5583614e-08	-1.3471609e-06	-1.4494835e-07	0.00040173999	4.1587655e-06	-6.9030898e-07	2.8094295e-06	1.0043968e-08	-0.00030141291	5.9062906e-05	0.00070334175	0.00070297916	-0.00051579523
0.172	1.172	0	0	0	1.086	0	0	0	0.77765137	0.98978844	0.00050860639	-7.3353268e-08	-1.3597724e-06	-1.4435927e-07	0.00040653	4.1609485e-06	-6.9296413e-07	2.795989e-06	1.0241339e-08	-0.00030504888	6.0477373e-05	0.00071185399	0.00071149057	-0.00051078929
0.174	1.174	0	0	0	1.087	0	0	0	0.77424345	0.98804149	0.0005147307	-7.1129693e-08	-1.37215e-06	-1.4377505e-07	0.00041131773	4.1623274e-06	-6.9535134e-07	2.7819484e-06	1.0443249e-08	-0.00030868629	6.1908868e-05	0.00072037171	0.00072000749	-0.00050585083
0.176	1.176	0	0	0	1.088	0	0	0	0.77081285	0.98624579	0.00052086172	-6.8913968e-08	-1.3843013e-06	-1.4319637e-07	0.00041610317	4.1629129e-06	-6.9747715e-07	2.7673239e-06	1.0649895e-08	-0.00031232518	6.3357403e-05	0.00072889498	0.00072853	-0.0005009768
0.178	1.178	0	0	0	1.089	0	0	0	0.76735931	0.98440075	0.00052699953	-6.6707148e-08	-1.3962344e-06	-1.4262391e-07	0.00042088635	4.1627159e-06	-6.993483e-07	2.7521315e-06	1.0861473e-08	-0.00031596558	6.4822988e-05	0.00073742389	0.00073705819	-0.00049616424
0.18	1.18	0	0	0	1.09	0	0	0	0.76388258	0.98250577	0.00053314422	-6.4510265e-08	-1.407958e-06	-1.4205832e-07	0.00042566727	4.1617473e-06	-7.0097164e-07	2.7363872e-06	1.1078185e-08	-0.00031960752	6.6305636e-05	0.00074595854	0.00074559214	-0.00049141029
0.182	1.182	0	0	0	1.091	0	0	0	0.76038239	0.98056024	0.00053929588	-6.2324328e-08	-1.4194809e-06	-1.4150022e-07	0.00043044595	4.1600178e-06	-7.0235416e-07	2.7201067e-06	1.1300234e-08	-0.00032325105	6.7805357e-05	0.00075449902	0.00075413197	-0.00048671215
0.184	1.184	0	0	0	1.092	0	0	0	0.75685848	0.97856353	0.00054545461	-6.015033e-08	-1.4308127e-06	-1.4095022e-07	0.00043522241	4.1575379e-06	-7.0350292e-07	2.7033056e-06	1.1527825e-08	-0.00032689618	6.9322164e-05	0.00076304543	0.00076267777	-0.0004820671
0.186	1.186	0	0	0	1.093	0	0	0	0.75331059	0.97651502	0.0005516205	-5.7989244e-08	-1.4419629e-06	-1.404089e-07	0.00043999665	4.1543184e-06	-7.0442508e-07	2.6859996e-06	1.1761166e-08	-0.00033054297	7.0856068e-05	0.00077159789	0.00077122965	-0.00047747249
0.188	1.188	0	0	0	1.094	0	0	0	0.74973845	0.97441407	0.00055779366	-5.5842029e-08	-1.4529416e-06	-1.3987683e-07	0.00044476869	4.1503696e-06	-7.0512785e-07	2.6682039e-06	1.200047e-08	-0.00033419145	7.2407082e-05	0.0007801565	0.00077978772	-0.00047292575
0.19	1.19	0	0	0	1.095	0	0	0	0.74614179	0.97226006	0.0005639742	-5.3709628e-08	-1.4637594e-06	-1.3935457e-07	0.00044953856	4.145702e-06	-7.0561848e-07	2.6499339e-06	1.224595e-08	-0.00033784167	7.3975219e-05	0.00078872138	0.0007883521	-0.00046842435
0.192	1.192	0	0	0	1.096	0	0	0	0.74252033	0.97005232	0.00057016223	-5.1592972e-08	-1.4744269e-06	-1.3884266e-07	0.00045430627	4.1403259e-06	-7.0590424e-07	2.6312046e-06	1.2497822e-08	-0.00034149367	7.5560491e-05	0.00079729266	0.00079692291	-0.00046396584
0.194	1.194	0	0	0	1.097	0	0	0	0.7388738	0.96779021	0.00057635788	-4.949298e-08	-1.484955e-06	-1.3834162e-07	0.00045907183	4.1342515e-06	-7.0599239e-07	2.6120311e-06	1.2756305e-08	-0.00034514749	7.7162911e-05	0.00080587046	0.00080550029	-0.0004595478
0.196	1.196	0	0	0	1.098	0	0	0	0.73520193	0.96547306	0.00058256127	-4.7410561e-08	-1.495355e-06	-1.3785197e-07	0.00046383528	4.1274889e-06	-7.0589018e-07	2.5924281e-06	1.3021619e-08	-0.00034880319	7.8782492e-05	0.00081445492	0.00081408437	-0.0004551679
0.198	1.198	0	0	0	1.099	0	0	0	0.73150443	0.9631002	0.00058877252	-4.5346614e-08	-1.5056385e-06	-1.373742e-07	0.00046859663	4.1200481e-06	-7.0560481e-07	2.5724105e-06	1.3293988e-08	-0.00035246082	8.0419248e-05	0.00082304617	0.00082267529	-0.00045082381
0.2	1.2	0	0	0	1.1	0	0	0	0.72778104	0.96067097	0.00059499178	-4.330203e-08	-1.515817e-06	-1.3690882e-07	0.00047335591	4.1119388e-06	-7.0514343e-07	2.5519927e-06	1.3573637e-08	-0.00035612042	8.2073193e-05	0.00083164438	0.0008312732	-0.00044651329
0.202	1.202	0	0	0	1.101	0	0	0	0.72403146	0.95818468	0.00060121919	-4.1277691e-08	-1.5259025e-06	-1.3645631e-07	0.00047811315	4.1031706e-06	-7.045131e-07	2.5311891e-06	1.3860795e-08	-0.00035978206	8.3744341e-05	0.00084024968	0.00083987826	-0.00044223413
0.204	1.204	0	0	0	1.102	0	0	0	0.72025542	0.95564066	0.00060745489	-3.9274476e-08	-1.535907e-06	-1.3601714e-07	0.00048286836	4.0937532e-06	-7.0372082e-07	2.510014e-06	1.415569e-08	-0.0003634458	8.5432706e-05	0.00084886225	0.00084849062	-0.00043798414
0.206	1.206	0	0	0	1.103	0	0	0	0.71645264	0.95303819	0.00061369905	-3.7293256e-08	-1.5458426e-06	-1.3559178e-07	0.00048762158	4.0836958e-06	-7.0277345e-07	2.4884814e-06	1.4458556e-08	-0.00036711169	8.7138303e-05	0.00085748224	0.00085711046	-0.00043376119
0.208	1.208	0	0	0	1.104	0	0	0	0.71262283	0.9503766	0.00061995182	-3.5334897e-08	-1.5557217e-06	-1.351807e-07	0.00049237283	4.0730075e-06	-7.0167774e-07	2.4666054e-06	1.4769626e-08	-0.00037077981	8.8861148e-05	0.00086610985	0.00086573796	-0.00042956319
0.21	1.21	0	0	0	1.105	0	0	0	0.7087657	0.94765518	0.00062621337	-3.3400262e-08	-1.5655565e-06	-1.3478435e-07	0.00049712215	4.0616973e-06	-7.004403e-07	2.4443997e-06	1.5089137e-08	-0.0003744502	9.0601255e-05	0.00087474524	0.0008743733	-0.00042538807
0.212	1.212	0	0	0	1.106	0	0	0	0.70488099	0.94487323	0.00063248389	-3.1490209e-08	-1.5753595e-06	-1.3440317e-07	0.00050186957	4.0497738e-06	-6.9906758e-07	2.4218779e-06	1.5417327e-08	-0.00037812296	9.2358641e-05	0.00088338862	0.00088301667	-0.00042123379
0.214	1.214	0	0	0	1.107	0	0	0	0.7009684	0.94203003	0.00063876355	-2.9605596e-08	-1.5851431e-06	-1.3403762e-07	0.00050661513	4.0372456e-06	-6.9756587e-07	2.3990536e-06	1.5754438e-08	-0.00038179815	9.4133322e-05	0.00089204019	0.00089166828	-0.00041709834
0.216	1.216	0	0	0	1.108	0	0	0	0.69702766	0.93912488	0.00064505256	-2.7747275e-08	-1.5949198e-06	-1.3368812e-07	0.00051135886	4.0241208e-06	-6.9594127e-07	2.3759399e-06	1.6100711e-08	-0.00038547584	9.5925314e-05	0.00090070015	0.00090032833	-0.00041297975
0.218	1.218	0	0	0	1.109	0	0	0	0.69305848	0.93615705	0.0006513511	-2.5916097e-08	-1.604702e-06	-1.3335512e-07	0.0005161008	4.0104074e-06	-6.941997e-07	2.3525501e-06	1.6456393e-08	-0.00038915612	9.7734635e-05	0.00090936873	0.00090899706	-0.00040887606
0.22	1.22	0	0	0	1.11	0	0	0	0.68906058	0.93312584	0.0006576594	-2.4112912e-08	-1.614502e-06	-1.3303903e-07	0.00052084098	3.996113e-06	-6.9234686e-07	2.3288972e-06	1.6821731e-08	-0.00039283907	9.9561302e-05	0.00091804615	0.00091767469	-0.00040478535
0.222	1.222	0	0	0	1.111	0	0	0	0.6850337	0.93003052	0.00066397767	-2.2338568e-08	-1.6243321e-06	-1.3274028e-07	0.00052557946	3.981245e-06	-6.9038823e-07	2.3049939e-06	1.7196975e-08	-0.00039652478	0.00010140533	0.00092673265	0.00092636145	-0.0004007057
0.224	1.224	0	0	0	1.112	0	0	0	0.68097755	0.92687037	0.00067030614	-2.0593911e-08	-1.6342046e-06	-1.3245929e-07	0.00053031627	3.9658105e-06	-6.8832909e-07	2.280853e-06	1.7582378e-08	-0.00040021333	0.00010326675	0.00093542849	0.00093505762	-0.00039663522
0.226	1.226	0	0	0	1.113	0	0	0	0.67689187	0.92364468	0.00067664506	-1.8879787e-08	-1.6441314e-06	-1.3219646e-07	0.00053505147	3.9498161e-06	-6.8617446e-07	2.256487e-06	1.7978196e-08	-0.00040390483	0.00010514556	0.00094413393	0.00094376343	-0.00039257205
0.228	1.228	0	0	0	1.114	0	0	0	0.67277639	0.92035271	0.00068299466	-1.7197041e-08	-1.6541245e-06	-1.319522e-07	0.00053978509	3.9332681e-06	-6.8392912e-07	2.2319081e-06	1.8384688e-08	-0.00040759938	0.0001070418	0.00095284924	0.00095247918	-0.00038851433
0.23	1.23	0	0	0	1.115	0	0	0	0.66863084	0.91699377	0.00068935522	-1.5546513e-08	-1.6641955e-06	-1.317269e-07	0.00054451719	3.9161724e-06	-6.8159762e-07	2.2071286e-06	1.8802115e-08	-0.00041129707	0.00010895548	0.0009615747	0.00096120515	-0.00038446022
0.232	1.232	0	0	0	1.116	0	0	0	0.66445498	0.91356712	0.000695727	-1.3929047e-08	-1.6743559e-06	-1.3152095e-07	0.00054924783	3.8985344e-06	-6.7918423e-07	2.1821606e-06	1.9230744e-08	-0.00041499802	0.00011088662	0.00097031061	0.00096994164	-0.0003804079
0.234	1.234	0	0	0	1.117	0	0	0	0.66024854	0.91007207	0.00070211029	-1.2345482e-08	-1.6846169e-06	-1.3133474e-07	0.00055397706	3.8803593e-06	-6.7669295e-07	2.1570158e-06	1.9670844e-08	-0.00041870234	0.00011283525	0.00097905729	0.00097868896	-0.00037635557
0.236	1.236	0	0	0	1.118	0	0	0	0.6560113	0.9065079	0.00070850538	-1.0796653e-08	-1.6949893e-06	-1.3116863e-07	0.00055870494	3.8616514e-06	-6.7412754e-07	2.1317059e-06	2.0122689e-08	-0.00042241015	0.00011480138	0.00098781506	0.00098744744	-0.00037230142
0.238	1.238	0	0	0	1.119	0	0	0	0.65174301	0.90287393	0.0007149126	-9.2833978e-09	-1.7054839e-06	-1.3102297e-07	0.00056343153	3.8424148e-06	-6.7149147e-07	2.1062426e-06	2.0586557e-08	-0.00042612157	0.00011678504	0.00099658426	0.00099621741	-0.00036824367
0.24	1.24	0	0	0	1.12	0	0	0	0.64744344	0.89916945	0.00072133225	-7.8065456e-09	-1.7161107e-06	-1.3089812e-07	0.00056815689	3.8226529e-06	-6.6878794e-07	2.0806372e-06	2.1062732e-08	-0.00042983673	0.00011878625	0.0010053652	0.0010049992	-0.00036418055
0.242	1.242	0	0	0	1.121	0	0	0	0.64311238	0.89539379	0.00072776468	-6.3669241e-09	-1.7268797e-06	-1.307944e-07	0.00057288109	3.8023685e-06	-6.6601987e-07	2.0549009e-06	2.1551503e-08	-0.00043355577	0.00012080503	0.0010141584	0.0010137933	-0.00036011031
0.244	1.244	0	0	0	1.122	0	0	0	0.63874962	0.89154628	0.00073421024	-4.9653553e-09	-1.7378002e-06	-1.3071212e-07	0.0005776042	3.7815636e-06	-6.631899e-07	2.0290449e-06	2.2053164e-08	-0.00043727883	0.00012284142	0.0010229641	0.0010226	-0.0003560312
0.246	1.246	0	0	0	1.123	0	0	0	0.63435497	0.88762627	0.0007406693	-3.6026549e-09	-1.748881e-06	-1.3065157e-07	0.0005823263	3.7602396e-06	-6.6030041e-07	2.00308e-06	2.2568017e-08	-0.00044100606	0.00012489543	0.0010317827	0.0010314197	-0.00035194148
0.248	1.248	0	0	0	1.124	0	0	0	0.62992824	0.8836331	0.00074714223	-2.2796311e-09	-1.7601306e-06	-1.3061302e-07	0.00058704747	3.7383972e-06	-6.5735348e-07	1.977017e-06	2.3096369e-08	-0.0004447376	0.0001269671	0.0010406147	0.0010402528	-0.00034783945
0.25	1.25	0	0	0	1.125	0	0	0	0.62546927	0.87956617	0.00075362945	-9.9708299e-10	-1.7715566e-06	-1.305967e-07	0.00059176777	3.7160361e-06	-6.5435094e-07	1.9508666e-06	2.3638536e-08	-0.00044847362	0.00012905645	0.0010494604	0.0010490998	-0.00034372341
0.252	1.252	0	0	0	1.126	0	0	0	0.62097791	0.87542486	0.00076013137	2.4420126e-10	-1.7831663e-06	-1.3060284e-07	0.0005964873	3.6931549e-06	-6.5129433e-07	1.9246392e-06	2.4194839e-08	-0.00045221429	0.0001311635	0.0010583205	0.0010579612	-0.00033959169
0.254	1.254	0	0	0	1.127	0	0	0	0.61645403	0.87120859	0.00076664841	1.4434465e-09	-1.794966e-06	-1.3063158e-07	0.00060120615	3.6697516e-06	-6.4818492e-07	1.898345e-06	2.4765608e-08	-0.00045595978	0.00013328829	0.0010671953	0.0010668374	-0.00033544265
0.256	1.256	0	0	0	1.128	0	0	0	0.6118975	0.8669168	0.00077318105	2.5998928e-09	-1.8069613e-06	-1.3068306e-07	0.0006059244	3.6458226e-06	-6.4502375e-07	1.8719944e-06	2.535118e-08	-0.00045971027	0.00013543085	0.0010760853	0.0010757289	-0.00033127467
0.258	1.258	0	0	0	1.129	0	0	0	0.60730824	0.86254896	0.00077972973	3.7127984e-09	-1.8191571e-06	-1.3075736e-07	0.00061064216	3.6213635e-06	-6.4181157e-07	1.8455971e-06	2.5951901e-08	-0.00046346595	0.00013759121	0.001084991	0.0010846363	-0.00032708621
0.26	1.26	0	0	0	1.13	0	0	0	0.60268617	0.85810456	0.00078629497	4.7814424e-09	-1.8315572e-06	-1.3085449e-07	0.00061535951	3.5963682e-06	-6.3854889e-07	1.8191631e-06	2.6568119e-08	-0.00046722702	0.00013976939	0.0010939131	0.00109356	-0.00032287575
0.262	1.262	0	0	0	1.131	0	0	0	0.59803124	0.85358314	0.00079287726	5.8051285e-09	-1.8441644e-06	-1.3097441e-07	0.00062007658	3.5708293e-06	-6.35236e-07	1.792702e-06	2.7200192e-08	-0.00047099368	0.00014196545	0.001102852	0.0011025007	-0.00031864187
0.264	1.264	0	0	0	1.132	0	0	0	0.59334342	0.84898425	0.00079947715	6.7831888e-09	-1.8569804e-06	-1.3111698e-07	0.00062479345	3.5447377e-06	-6.3187294e-07	1.7662233e-06	2.7848478e-08	-0.00047476615	0.0001441794	0.0011118084	0.0011114589	-0.00031438325
0.266	1.266	0	0	0	1.133	0	0	0	0.58862273	0.84430749	0.00080609518	7.7149878e-09	-1.8700056e-06	-1.31282e-07	0.00062951025	3.5180826e-06	-6.2845953e-07	1.7397362e-06	2.8513335e-08	-0.00047854465	0.00014641128	0.0011207828	0.0011204353	-0.00031009867
0.268	1.268	0	0	0	1.134	0	0	0	0.58386918	0.83955251	0.00081273193	8.5999279e-09	-1.8832391e-06	-1.3146913e-07	0.00063422709	3.4908512e-06	-6.2499541e-07	1.7132498e-06	2.919512e-08	-0.0004823294	0.00014866114	0.0011297758	0.0011294305	-0.0003057871
0.27	1.27	0	0	0	1.135	0	0	0	0.57908285	0.83471897	0.000819388	9.4374543e-09	-1.8966783e-06	-1.3167794e-07	0.00063894409	3.4630285e-06	-6.2147998e-07	1.6867729e-06	2.9894174e-08	-0.00048612066	0.000150929	0.0011387883	0.0011384451	-0.0003014477
0.272	1.272	0	0	0	1.136	0	0	0	0.57426381	0.82980662	0.000826064	1.0227062e-08	-1.910319e-06	-1.3190785e-07	0.00064366138	3.4345973e-06	-6.179125e-07	1.6603142e-06	3.0610826e-08	-0.00048991866	0.00015321492	0.0011478207	0.0011474798	-0.00029707989
0.274	1.274	0	0	0	1.137	0	0	0	0.5694122	0.82481521	0.00083276058	1.09683e-08	-1.9241552e-06	-1.3215811e-07	0.00064837909	3.4055379e-06	-6.1429205e-07	1.633882e-06	3.134537e-08	-0.00049372367	0.00015551892	0.0011568738	0.0011565353	-0.00029268343
0.276	1.276	0	0	0	1.138	0	0	0	0.56452817	0.81974458	0.0008394784	1.1660783e-08	-1.9381785e-06	-1.3242781e-07	0.00065309735	3.3758278e-06	-6.1061753e-07	1.6074844e-06	3.2098058e-08	-0.00049753595	0.00015784106	0.0011659484	0.0011656124	-0.00028825853
0.278	1.278	0	0	0	1.139	0	0	0	0.55961191	0.8145946	0.00084621814	1.2304197e-08	-1.9523786e-06	-1.327158e-07	0.0006578163	3.3454419e-06	-6.0688773e-07	1.5811291e-06	3.2869078e-08	-0.00050135577	0.00016018137	0.0011750452	0.0011747118	-0.00028380591
0.28	1.28	0	0	0	1.14	0	0	0	0.55466365	0.8093652	0.00085298052	1.2898308e-08	-1.9667424e-06	-1.3302072e-07	0.00066253608	3.314352e-06	-6.031013e-07	1.5548235e-06	3.3658529e-08	-0.00050518342	0.00016253991	0.001184165	0.0011838343	-0.00027932696
0.282	1.282	0	0	0	1.141	0	0	0	0.54968365	0.80405636	0.00085976626	1.3442976e-08	-1.9812542e-06	-1.3334093e-07	0.00066725684	3.282527e-06	-5.9925676e-07	1.5285746e-06	3.4466387e-08	-0.00050901919	0.00016491671	0.0011933086	0.0011929807	-0.00027482392
0.284	1.284	0	0	0	1.142	0	0	0	0.54467221	0.79866811	0.00086657611	1.3938164e-08	-1.9958955e-06	-1.336745e-07	0.00067197873	3.2499327e-06	-5.9535252e-07	1.5023891e-06	3.5292471e-08	-0.00051286338	0.00016731183	0.0012024768	0.0012021518	-0.00027030003
0.286	1.286	0	0	0	1.143	0	0	0	0.53962966	0.79320055	0.00087341085	1.4383952e-08	-2.0106443e-06	-1.3401916e-07	0.0006767019	3.2165324e-06	-5.9138687e-07	1.4762729e-06	3.6136387e-08	-0.00051671629	0.00016972532	0.0012116704	0.0012113485	-0.00026575976
0.288	1.288	0	0	0	1.144	0	0	0	0.53455636	0.78765383	0.00088027125	1.4780553e-08	-2.0254759e-06	-1.3437231e-07	0.00068142651	3.1822868e-06	-5.8735798e-07	1.4502318e-06	3.6997476e-08	-0.00052057825	0.00017215722	0.0012208904	0.0012205716	-0.00026120899
0.29	1.29	0	0	0	1.145	0	0	0	0.52945272	0.78202814	0.00088715813	1.5128333e-08	-2.0403622e-06	-1.3473096e-07	0.00068615271	3.1471549e-06	-5.8326385e-07	1.4242708e-06	3.7874739e-08	-0.00052444957	0.0001746076	0.0012301376	0.0012298219	-0.00025665524
0.292	1.292	0	0	0	1.146	0	0	0	0.52431917	0.77632373	0.00089407231	1.5427827e-08	-2.0552719e-06	-1.3509177e-07	0.00069088068	3.1110946e-06	-5.7910228e-07	1.3983943e-06	3.8766766e-08	-0.00052833059	0.00017707651	0.0012394129	0.0012391005	-0.00025210783
0.294	1.294	0	0	0	1.147	0	0	0	0.51915616	0.77054092	0.00090101462	1.5679772e-08	-2.0701713e-06	-1.3545105e-07	0.00069561057	3.0740644e-06	-5.7487086e-07	1.3726063e-06	3.9671653e-08	-0.00053222162	0.00017956401	0.0012487172	0.0012484081	-0.00024757795
0.296	1.296	0	0	0	1.148	0	0	0	0.5139642	0.76468005	0.00090798592	1.5885128e-08	-2.0850242e-06	-1.3580476e-07	0.00070034255	3.0360244e-06	-5.7056681e-07	1.3469103e-06	4.0586918e-08	-0.00053612302	0.00018207014	0.0012580515	0.0012577458	-0.00024307862
0.298	1.298	0	0	0	1.149	0	0	0	0.50874382	0.75874155	0.00091498707	1.6045116e-08	-2.0997934e-06	-1.3614865e-07	0.00070507678	2.9969387e-06	-5.6618695e-07	1.321309e-06	4.1509439e-08	-0.00054003512	0.00018459499	0.0012674168	0.0012671145	-0.00023862448
0.3	1.3	0	0	0	1.15	0	0	0	0.50349558	0.75272589	0.00092201896	1.6161258e-08	-2.1144413e-06	-1.3647833e-07	0.00070981344	2.9567773e-06	-5.6172751e-07	1.2958052e-06	4.2435397e-08	-0.00054395828	0.0001871386	inf	inf	inf
