lambda	F11	F12	F13	F21	F22	F23	F31	F32	F33	J	P11	P12	P13	P21	P22	P23	P31	P32	P33	p	StrEn	t(1)	t(2)	d
0	1	0	0	0	1	0	0	0	1	1	0	0	0	0	0	0	0	0	0	-0	0	inf	inf	inf
-0.002	0.998	0	0	0	0.99934	0	0	0	1.0018346	0.99917103	-1.6650777e-05	6.3868938e-09	4.0163859e-08	1.2308252e-08	-1.1234241e-05	-9.6476666e-08	1.3487019e-08	-1.0813131e-07	-6.2523164e-09	9.2970899e-06	2.0380004e-08	-2.0352357e-05	-2.0288015e-05	-0.003171443
-0.004	0.996	0	0	0	0.99868	0	0	0	1.0036589	0.99832475	-3.2977269e-05	-1.0579473e-08	1.3189873e-07	4.6446886e-10	-2.221856e-05	-1.5020147e-07	-6.5984902e-08	-1.754537e-07	-1.2895905e-08	1.8402908e-05	8.1152059e-08	-4.0297656e-05	-3.9182386e-05	-0.02846355
-0.006	0.994	0	0	0	0.99802	0	0	0	1.0054755	0.99746372	-4.4184597e-05	2.5606926e-07	5.2080369e-07	2.6802341e-07	-2.8149162e-05	2.6962769e-08	-7.7121205e-07	-3.5890284e-08	-2.1317436e-08	2.4118359e-05	1.7710955e-07	-5.3454556e-05	-5.2406265e-05	-0.020003175
-0.008	0.992	0	0	0	0.99736	0	0	0	1.0072737	0.99657759	-5.041039e-05	3.7003068e-07	8.4954112e-07	3.8131452e-07	-2.9145442e-05	1.8204944e-07	-1.4195602e-06	1.3049606e-07	-2.9831651e-08	2.6528554e-05	2.9077712e-07	-6.000166e-05	-5.9922989e-05	-0.0013128764
-0.01	0.99	0	0	0	0.9967	0	0	0	1.009059	0.99567178	-5.6170165e-05	4.526718e-07	1.07839e-06	4.6435396e-07	-2.9704999e-05	3.0324628e-07	-1.8982267e-06	2.5648824e-07	-3.7646417e-08	2.8637603e-05	4.168015e-07	-6.593931e-05	-6.5937911e-05	-2.1215213e-05
-0.012	0.988	0	0	0	0.99604	0	0	0	1.0108336	0.99474876	-6.1795142e-05	5.3445012e-07	1.2577102e-06	5.4720387e-07	-3.016059e-05	4.1665241e-07	-2.298326e-06	3.7194542e-07	-4.5308177e-08	3.0667014e-05	5.5452876e-07	-7.1708044e-05	-7.1725619e-05	0.0002450279
-0.014	0.986	0	0	0	0.99538	0	0	0	1.0125985	0.99380941	-6.7341555e-05	6.1695562e-07	1.4060125e-06	6.3126943e-07	-3.0570166e-05	5.3116661e-07	-2.6524003e-06	4.8737197e-07	-5.3021034e-08	3.2654914e-05	7.0370398e-07	-7.7383047e-05	-7.7408548e-05	0.00032943443
-0.016	0.984	0	0	0	0.99472	0	0	0	1.014354	0.99285421	-7.2826734e-05	6.9968209e-07	1.5323751e-06	7.1595174e-07	-3.0952483e-05	6.5093665e-07	-2.97581e-06	6.076151e-07	-6.0887502e-08	3.4613368e-05	8.6416295e-07	-8.2987751e-05	-8.3017395e-05	0.00035707619
-0.018	0.982	0	0	0	0.99406	0	0	0	1.0161002	0.99188342	-7.8257467e-05	7.8194655e-07	1.6420757e-06	8.0051278e-07	-3.1315546e-05	7.7829738e-07	-3.2771156e-06	7.3539368e-07	-6.8968179e-08	3.6547327e-05	1.0357736e-06	-8.8531537e-05	-8.8563597e-05	0.00036200378
-0.02	0.98	0	0	0	0.9934	0	0	0	1.0178373	0.99089723	-8.3636665e-05	8.6311775e-07	1.7385307e-06	8.8428367e-07	-3.1663328e-05	9.1475674e-07	-3.561605e-06	8.7246811e-07	-7.7302458e-08	3.8459098e-05	1.2184173e-06	-9.4018596e-05	-9.4052147e-05	0.00035673534
-0.022	0.978	0	0	0	0.99274	0	0	0	1.0195654	0.98989578	-8.8965525e-05	9.4262931e-07	1.8241228e-06	9.6666902e-07	-3.1997973e-05	1.0614044e-06	-3.8327766e-06	1.0201181e-06	-8.5917847e-08	4.0349805e-05	1.4119821e-06	-9.9450815e-05	-9.9485311e-05	0.00034674496
-0.024	0.976	0	0	0	0.99208	0	0	0	1.0212844	0.98887915	-9.4244384e-05	1.0199623e-06	1.9006085e-06	1.0471251e-06	-3.2320675e-05	1.2191054e-06	-4.093059e-06	1.1793665e-06	-9.4834859e-08	4.2219965e-05	1.6163586e-06	-0.00010482891	-0.00010486401	0.0003346951
-0.026	0.974	0	0	0	0.99142	0	0	0	1.0229943	0.9878474	-9.9473102e-05	1.0946272e-06	1.9693409e-06	1.1251393e-06	-3.2632077e-05	1.3886012e-06	-4.3441956e-06	1.3510952e-06	-1.0406981e-07	4.406975e-05	1.8314382e-06	-0.00011015295	-0.00011018843	0.00032196813
-0.028	0.972	0	0	0	0.99076	0	0	0	1.0246951	0.98680058	-0.00010465125	1.1661492e-06	2.0313999e-06	1.2002142e-06	-3.2932476e-05	1.5705647e-06	-4.5874674e-06	1.5361084e-06	-1.136365e-07	4.589912e-05	2.0571123e-06	-0.00011542259	-0.0001154583	0.00030930858
-0.03	0.97	0	0	0	0.9901	0	0	0	1.0263867	0.98573867	-0.0001097782	1.2340578e-06	2.0876745e-06	1.2718554e-06	-3.3221931e-05	1.7656321e-06	-4.8238291e-06	1.7351688e-06	-1.2354727e-07	4.7707893e-05	2.2932714e-06	-0.00012063723	-0.00012067309	0.00029712252
-0.032	0.968	0	0	0	0.98944	0	0	0	1.0280689	0.98466168	-0.00011485321	1.2978776e-06	2.1389162e-06	1.3395626e-06	-3.3500323e-05	1.9744203e-06	-5.0539967e-06	1.949018e-06	-1.3381368e-07	4.9495781e-05	2.5398046e-06	-0.00012579608	-0.00012583202	0.0002856285
-0.034	0.966	0	0	0	0.98878	0	0	0	1.0297416	0.98356956	-0.0001198754	1.3571225e-06	2.1857752e-06	1.4028225e-06	-3.3767399e-05	2.197536e-06	-5.278505e-06	2.1783877e-06	-1.4444688e-07	5.1262414e-05	2.7965995e-06	-0.00013089817	-0.00013093417	0.00027493832
-0.036	0.964	0	0	0	0.98812	0	0	0	1.0314048	0.98246225	-0.00012484382	1.4112902e-06	2.228827e-06	1.4611028e-06	-3.402279e-05	2.435579e-06	-5.4977477e-06	2.4240038e-06	-1.5545789e-07	5.3007355e-05	3.0635413e-06	-0.00013594244	-0.00013597849	0.00026510228
-0.038	0.962	0	0	0	0.98746	0	0	0	1.0330582	0.98133969	-0.00012975742	1.4598585e-06	2.2685906e-06	1.5138484e-06	-3.4266025e-05	2.6891408e-06	-5.7120052e-06	2.6865861e-06	-1.6685776e-07	5.4730103e-05	3.3405134e-06	-0.00014092769	-0.0001409638	0.00025613534
-0.04	0.96	0	0	0	0.9868	0	0	0	1.0347016	0.98020177	-0.0001346151	1.5022818e-06	2.3055425e-06	1.5604777e-06	-3.4496545e-05	2.9588e-06	-5.9214646e-06	2.9668434e-06	-1.7865761e-07	5.6430102e-05	3.6273965e-06	-0.00014585262	-0.0001458888	0.00024803279
-0.042	0.958	0	0	0	0.98614	0	0	0	1.0363347	0.97904836	-0.00013941565	1.5379896e-06	2.3401277e-06	1.6003799e-06	-3.4713703e-05	3.2451144e-06	-6.1262348e-06	3.2654659e-06	-1.9086862e-07	5.8106741e-05	3.9240686e-06	-0.00015071581	-0.00015075211	0.0002407797
-0.044	0.956	0	0	0	0.98548	0	0	0	1.0379575	0.97787932	-0.00014415779	1.5663851e-06	2.3727669e-06	1.6329142e-06	-3.4916773e-05	3.5486093e-06	-6.3263572e-06	3.5831132e-06	-2.0350199e-07	5.9759356e-05	4.230405e-06	-0.00015551576	-0.00015555222	0.00023435676
-0.046	0.954	0	0	0	0.98482	0	0	0	1.0395694	0.97669448	-0.00014884016	1.5868451e-06	2.4038634e-06	1.6574086e-06	-3.510495e-05	3.8697632e-06	-6.5218145e-06	3.9203989e-06	-2.1656884e-07	6.1387225e-05	4.5462775e-06	-0.00016025084	-0.0001602875	0.00022874393
-0.048	0.952	0	0	0	0.98416	0	0	0	1.0411703	0.97549365	-0.0001534613	1.5987214e-06	2.4338071e-06	1.6731617e-06	-3.5277351e-05	4.2089904e-06	-6.7125378e-06	4.2778721e-06	-2.300801e-07	6.2989576e-05	4.871555e-06	-0.00016491931	-0.00016495625	0.00022392266
-0.05	0.95	0	0	0	0.9835	0	0	0	1.0427599	0.97427661	-0.00015801967	1.6013434e-06	2.4629779e-06	1.679445e-06	-3.5433021e-05	4.5666192e-06	-6.8984125e-06	4.6559941e-06	-2.4404627e-07	6.456558e-05	5.2061025e-06	-0.00016951933	-0.00016955661	0.00021987727
-0.052	0.948	0	0	0	0.98284	0	0	0	1.0443376	0.9730431	-0.00016251365	1.594023e-06	2.4917477e-06	1.6755071e-06	-3.5570934e-05	4.9428671e-06	-7.0792837e-06	5.0551114e-06	-2.5847724e-07	6.6114354e-05	5.5497814e-06	-0.00017404894	-0.00017408665	0.00021659578
-0.054	0.946	0	0	0	0.98218	0	0	0	1.0459032	0.97179285	-0.0001669415	1.5760609e-06	2.5204809e-06	1.6605811e-06	-3.5689993e-05	5.3378128e-06	-7.2549618e-06	5.4754249e-06	-2.7338201e-07	6.7634959e-05	5.9024491e-06	-0.00017850606	-0.00017854428	0.00021407033
-0.056	0.944	0	0	0	0.98152	0	0	0	1.0474561	0.97052557	-0.00017130141	1.5467567e-06	2.5495338e-06	1.6338936e-06	-3.5789041e-05	5.7513637e-06	-7.4252284e-06	5.9169544e-06	-2.887684e-07	6.9126405e-05	6.2639586e-06	-0.00018288851	-0.00018292735	0.00021229741
-0.058	0.942	0	0	0	0.98086	0	0	0	1.048996	0.96924092	-0.00017559145	1.5054206e-06	2.5792528e-06	1.5946779e-06	-3.5866862e-05	6.1832211e-06	-7.5898427e-06	6.3795e-06	-3.0464266e-07	7.0587651e-05	6.6341585e-06	-0.000187194	-0.00018723355	0.00021127789
-0.06	0.94	0	0	0	0.9802	0	0	0	1.0505222	0.96793855	-0.00017980962	1.4513897e-06	2.6099708e-06	1.5421905e-06	-3.5922191e-05	6.632843e-06	-7.7485496e-06	6.8626002e-06	-3.210091e-07	7.2017606e-05	7.0128928e-06	-0.00019142011	-0.00019146051	0.00021101692
-0.062	0.938	0	0	0	0.97954	0	0	0	1.0520343	0.96661807	-0.00018395382	1.3840472e-06	2.6420025e-06	1.4757311e-06	-3.5953726e-05	7.0994052e-06	-7.9010884e-06	7.3654884e-06	-3.3786968e-07	7.3415138e-05	7.4000005e-06	-0.00019556435	-0.00019560572	0.00021152378
-0.064	0.936	0	0	0	0.97888	0	0	0	1.0535317	0.96527909	-0.00018802188	1.3028461e-06	2.6756376e-06	1.3946681e-06	-3.5960136e-05	7.5817631e-06	-8.0472037e-06	7.8870489e-06	-3.5522346e-07	7.4779081e-05	7.7953157e-06	-0.00019962414	-0.00019966663	0.00021281169
-0.066	0.934	0	0	0	0.97822	0	0	0	1.0550137	0.96392116	-0.00019201157	1.2073367e-06	2.7111328e-06	1.298467e-06	-3.5940083e-05	8.078415e-06	-8.1866579e-06	8.4257752e-06	-3.7306622e-07	7.610824e-05	8.198667e-06	-0.00020359684	-0.0002036406	0.00021489753
-0.068	0.932	0	0	0	0.97756	0	0	0	1.0564798	0.96254383	-0.00019592058	1.0971975e-06	2.7487023e-06	1.1867245e-06	-3.5892239e-05	8.5874715e-06	-8.3192449e-06	8.9797329e-06	-3.9138986e-07	7.7401405e-05	8.6098781e-06	-0.00020747975	-0.00020752495	0.00021780153
-0.07	0.93	0	0	0	0.9769	0	0	0	1.0579292	0.96114665	-0.00019974661	9.7226929e-07	2.788507e-06	1.0592043e-06	-3.5815309e-05	9.1066325e-06	-8.4448063e-06	9.5465315e-06	-4.10182e-07	7.8657366e-05	9.0287668e-06	-0.00021127017	-0.00021131699	0.00022154694
-0.072	0.928	0	0	0	0.97624	0	0	0	1.0593613	0.95972913	-0.00020348731	8.3259086e-07	2.830644e-06	9.1587654e-07	-3.5708058e-05	9.6331761e-06	-8.5632468e-06	1.0123308e-05	-4.2942548e-07	7.987493e-05	9.455146e-06	-0.00021496541	-0.00021501403	0.00022615957
-0.074	0.926	0	0	0	0.97558	0	0	0	1.0607754	0.95829079	-0.00020714038	6.7843427e-07	2.8751349e-06	7.5695607e-07	-3.5569345e-05	1.0163964e-05	-8.6745511e-06	1.0706729e-05	-4.4909799e-07	8.105294e-05	9.888823e-06	-0.00021856283	-0.00021861347	0.00023166708
-0.076	0.924	0	0	0	0.97492	0	0	0	1.0621708	0.95683116	-0.00021070358	5.1033757e-07	2.9219176e-06	5.8293897e-07	-3.5398155e-05	1.0695465e-05	-8.7787985e-06	1.1293014e-05	-4.6917183e-07	8.2190302e-05	1.03296e-05	-0.0002220599	-0.00022211279	0.00023809805
-0.078	0.922	0	0	0	0.97426	0	0	0	1.0635468	0.95534976	-0.00021417477	3.2913128e-07	2.9708392e-06	3.9463269e-07	-3.5193644e-05	1.1223807e-05	-8.8761747e-06	1.1877979e-05	-4.8961375e-07	8.3286009e-05	1.0777274e-05	-0.00022545427	-0.00022550963	0.00024548045
-0.08	0.92	0	0	0	0.9736	0	0	0	1.0649027	0.95384616	-0.00021755196	1.3595541e-07	3.0216541e-06	1.9317639e-07	-3.4955173e-05	1.1744845e-05	-8.9669789e-06	1.2457121e-05	-5.1038501e-07	8.4339174e-05	1.1231638e-05	-0.00022874379	-0.00022880187	0.00025383948
-0.082	0.918	0	0	0	0.97294	0	0	0	1.066238	0.95231995	-0.00022083338	-6.7737048e-08	3.0740278e-06	-1.9952603e-08	-3.4682361e-05	1.2254268e-05	-9.051624e-06	1.3025717e-05	-5.3144169e-07	8.5349061e-05	1.1692482e-05	-0.00023192659	-0.00023198765	0.00026319459
-0.084	0.916	0	0	0	0.97228	0	0	0	1.0675519	0.95077077	-0.00022401751	-2.8019322e-07	3.1275474e-06	-2.4295014e-07	-3.4375121e-05	1.2747715e-05	-9.1306291e-06	1.357896e-05	-5.527352e-07	8.6315122e-05	1.2159589e-05	-0.00023500119	-0.00023506549	0.00027355553
-0.086	0.914	0	0	0	0.97162	0	0	0	1.068844	0.94919832	-0.00022710315	-4.993926e-07	3.1817397e-06	-4.7371676e-07	-3.4033708e-05	1.3220925e-05	-9.2046022e-06	1.4112112e-05	-5.7421307e-07	8.7237024e-05	1.2632744e-05	-0.0002379665	-0.00023803432	0.00028491778
-0.088	0.912	0	0	0	0.97096	0	0	0	1.0701138	0.9476024	-0.00023008948	-7.2309875e-07	3.2360962e-06	-7.0991043e-07	-3.365875e-05	1.3669884e-05	-9.2742137e-06	1.4620673e-05	-5.9581998e-07	8.8114685e-05	1.3111726e-05	-0.00024082195	-0.00024089355	0.00029725755
-0.09	0.91	0	0	0	0.9703	0	0	0	1.071361	0.94598286	-0.0002329761	-9.4892904e-07	3.2901036e-06	-9.490188e-07	-3.3251273e-05	1.4090979e-05	-9.3401625e-06	1.5100549e-05	-6.1749897e-07	8.8948291e-05	1.3596318e-05	-0.00024356748	-0.00024364313	0.00031052715
-0.092	0.908	0	0	0	0.96964	0	0	0	1.0725854	0.94433968	-0.00023576304	-1.1744381e-06	3.3432785e-06	-1.1884469e-06	-3.2812718e-05	1.4481135e-05	-9.4031362e-06	1.5548204e-05	-6.3919282e-07	8.9738318e-05	1.4086299e-05	-0.00024620362	-0.00024628357	0.00032465158
-0.094	0.906	0	0	0	0.96898	0	0	0	1.0737867	0.94267294	-0.00023845082	-1.3972085e-06	3.3952011e-06	-1.4256134e-06	-3.2344934e-05	1.4837928e-05	-9.4637695e-06	1.5960793e-05	-6.6084544e-07	9.0485532e-05	1.4581452e-05	-0.00024873149	-0.00024881597	0.00033952705
-0.096	0.904	0	0	0	0.96832	0	0	0	1.0749651	0.94098279	-0.00024104039	-1.6149418e-06	3.4455461e-06	-1.6580482e-06	-3.185016e-05	1.5159658e-05	-9.5226053e-06	1.6336248e-05	-6.8240321e-07	9.1190985e-05	1.5081563e-05	-0.0002511528	-0.00025124199	0.00035502225
-0.098	0.902	0	0	0	0.96766	0	0	0	1.0761205	0.93926954	-0.00024353317	-1.82554e-06	3.4941071e-06	-1.8834807e-06	-3.133099e-05	1.5445381e-05	-9.5800611e-06	1.667332e-05	-7.0381614e-07	9.1855994e-05	1.558642e-05	-0.00025346978	-0.00025356385	0.00037098246
-0.1	0.9	0	0	0	0.967	0	0	0	1.0772533	0.93753354	-0.00024593096	-2.027173e-06	3.5408121e-06	-2.0999136e-06	-3.0790316e-05	1.5694899e-05	-9.6364063e-06	1.6971573e-05	-7.2503881e-07	9.2482107e-05	1.6095818e-05	-0.00025568517	-0.00025578422	0.00038723606
-0.102	0.898	0	0	0	0.96634	0	0	0	1.0783637	0.93577525	-0.00024823591	-2.2183248e-06	3.5857284e-06	-2.3056752e-06	-3.023127e-05	1.5908704e-05	-9.6917494e-06	1.7231335e-05	-7.46031e-07	9.307107e-05	1.6609557e-05	-0.00025780212	-0.00025790621	0.00040360285
-0.104	0.896	0	0	0	0.96568	0	0	0	1.0794522	0.93399521	-0.00025045043	-2.3978183e-06	3.6290583e-06	-2.4994487e-06	-2.9657149e-05	1.6087892e-05	-9.7460381e-06	1.7453609e-05	-7.6675805e-07	9.3624778e-05	1.7127443e-05	-0.00025982411	-0.00025993326	0.0004199028
-0.106	0.894	0	0	0	0.96502	0	0	0	1.0805191	0.93219399	-0.00025257715	-2.5648178e-06	3.671126e-06	-2.6802776e-06	-2.9071345e-05	1.6234059e-05	-9.7990691e-06	1.763996e-05	-7.8719085e-07	9.4145228e-05	1.764929e-05	-0.00026175486	-0.00026186902	0.00043596431
-0.108	0.892	0	0	0	0.96436	0	0	0	1.0815652	0.93037223	-0.00025461884	-2.7188138e-06	3.7123575e-06	-2.8475522e-06	-2.8477275e-05	1.6349184e-05	-9.8505073e-06	1.779239e-05	-8.0730568e-07	9.4634474e-05	1.8174919e-05	-0.00026359822	-0.00026371733	0.00045163105
-0.11	0.89	0	0	0	0.9637	0	0	0	1.0825908	0.92853057	-0.00025657836	-2.859593e-06	3.7532578e-06	-3.0009802e-06	-2.7878315e-05	1.643551e-05	-9.8999103e-06	1.7913215e-05	-8.270838e-07	9.5094586e-05	1.8704159e-05	-0.00026535815	-0.00026548207	0.0004667668
-0.112	0.888	0	0	0	0.96304	0	0	0	1.0835967	0.92666967	-0.00025845858	-2.9871996e-06	3.7943845e-06	-3.1405469e-06	-2.7277745e-05	1.6495438e-05	-9.9467559e-06	1.8004946e-05	-8.4651095e-07	9.5527612e-05	1.9236847e-05	-0.00026703857	-0.00026716715	0.00048125821
-0.114	0.886	0	0	0	0.96238	0	0	0	1.0845833	0.9247902	-0.00026026236	-3.1018912e-06	3.836324e-06	-3.2664703e-06	-2.6678704e-05	1.6531435e-05	-9.9904712e-06	1.8070183e-05	-8.6557676e-07	9.5935548e-05	1.9772828e-05	-0.00026864336	-0.00026877641	0.00049501572
-0.116	0.884	0	0	0	0.96172	0	0	0	1.0855513	0.92289283	-0.00026199253	-3.2040955e-06	3.8796677e-06	-3.3791546e-06	-2.6084153e-05	1.6545954e-05	-1.0030459e-05	1.8111535e-05	-8.8427421e-07	9.6320319e-05	2.0311953e-05	-0.00027017628	-0.00027031359	0.00050797284
-0.118	0.882	0	0	0	0.96106	0	0	0	1.0865013	0.92097819	-0.00026365182	-3.2943678e-06	3.9249924e-06	-3.4791466e-06	-2.5496849e-05	1.6541375e-05	-1.0066123e-05	1.8131547e-05	-9.0259906e-07	9.6683757e-05	2.0854082e-05	-0.00027164098	-0.00027178233	0.00052008442
-0.12	0.88	0	0	0	0.9604	0	0	0	1.0874339	0.91904694	-0.00026524291	-3.3733533e-06	3.9728434e-06	-3.5670951e-06	-2.4919328e-05	1.6519963e-05	-1.0096889e-05	1.8132657e-05	-9.2054933e-07	9.7027597e-05	2.1399082e-05	-0.00027304093	-0.00027318608	0.00053132424
-0.122	0.878	0	0	0	0.95974	0	0	0	1.0883496	0.91709968	-0.00026676837	-3.4417549e-06	4.0237213e-06	-3.6437164e-06	-2.4353895e-05	1.648384e-05	-1.0122221e-05	1.8117154e-05	-9.3812492e-07	9.7353465e-05	2.1946827e-05	-0.00027437946	-0.00027452816	0.00054168228
-0.124	0.876	0	0	0	0.95908	0	0	0	1.089249	0.91513702	-0.00026823069	-3.500306e-06	4.0780728e-06	-3.7097651e-06	-2.380262e-05	1.6434965e-05	-1.0141637e-05	1.8087166e-05	-9.5532719e-07	9.766288e-05	2.2497195e-05	-0.00027565971	-0.00027581173	0.00055116195
-0.126	0.874	0	0	0	0.95842	0	0	0	1.0901327	0.91315953	-0.00026963226	-3.5497485e-06	4.1362836e-06	-3.7660106e-06	-2.3267337e-05	1.6375127e-05	-1.0154713e-05	1.8044644e-05	-9.7215869e-07	9.7957253e-05	2.3050073e-05	-0.00027688468	-0.00027703976	0.00055977753
-0.128	0.872	0	0	0	0.95776	0	0	0	1.0910011	0.91116777	-0.0002709754	-3.5908168e-06	4.1986753e-06	-3.8132185e-06	-2.274965e-05	1.6305948e-05	-1.01611e-05	1.7991361e-05	-9.886229e-07	9.8237893e-05	2.3605354e-05	-0.00027805718	-0.00027821508	0.0005675518
-0.13	0.87	0	0	0	0.9571	0	0	0	1.0918547	0.90916229	-0.00027226234	-3.624224e-06	4.2655035e-06	-3.8521369e-06	-2.2250943e-05	1.6228884e-05	-1.0160515e-05	1.7928915e-05	-1.004724e-06	9.8506004e-05	2.4162934e-05	-0.0002791799	-0.00027934038	0.00057451398
-0.132	0.868	0	0	0	0.95644	0	0	0	1.0926941	0.90714362	-0.00027349524	-3.6506542e-06	4.3369584e-06	-3.8834862e-06	-2.1772387e-05	1.6145233e-05	-1.0152753e-05	1.7858739e-05	-1.0204669e-06	9.8762698e-05	2.4722715e-05	-0.00028025536	-0.00028041819	0.00058069801
-0.134	0.866	0	0	0	0.95578	0	0	0	1.0935197	0.90511225	-0.00027467618	-3.6707555e-06	4.4131676e-06	-3.907952e-06	-2.1314951e-05	1.6056147e-05	-1.0137677e-05	1.7782108e-05	-1.0358568e-06	9.9008997e-05	2.5284607e-05	-0.00028128595	-0.00028145092	0.00058614105
-0.136	0.864	0	0	0	0.95512	0	0	0	1.094332	0.9030687	-0.0002758072	-3.6851367e-06	4.4941988e-06	-3.9261807e-06	-2.0879419e-05	1.5962643e-05	-1.0115221e-05	1.7700153e-05	-1.0508995e-06	9.9245839e-05	2.5848519e-05	-0.00028227395	-0.00028244084	0.00059088238
-0.138	0.862	0	0	0	0.95446	0	0	0	1.0951315	0.90101343	-0.00027689025	-3.6943653e-06	4.5800644e-06	-3.9387771e-06	-2.0466397e-05	1.5865614e-05	-1.0085386e-05	1.7613868e-05	-1.0656008e-06	9.9474082e-05	2.641437e-05	-0.00028322151	-0.00028339011	0.00059496235
-0.14	0.86	0	0	0	0.9538	0	0	0	1.0959186	0.89894692	-0.00027792725	-3.6989669e-06	4.6707263e-06	-3.9463033e-06	-2.0076332e-05	1.5765841e-05	-1.0048231e-05	1.7524131e-05	-1.0799672e-06	9.9694515e-05	2.698208e-05	-0.00028413066	-0.0002843008	0.00059842167
-0.142	0.858	0	0	0	0.95314	0	0	0	1.0966937	0.89686962	-0.00027892004	-3.699426e-06	4.7661015e-06	-3.9492789e-06	-1.9709524e-05	1.5664005e-05	-1.000387e-05	1.7431707e-05	-1.094005e-06	9.9907857e-05	2.7551573e-05	-0.00028500336	-0.00028517484	0.0006013008
-0.144	0.856	0	0	0	0.95248	0	0	0	1.0974572	0.89478197	-0.00027987044	-3.6961869e-06	4.8660673e-06	-3.9481821e-06	-1.9366139e-05	1.5560697e-05	-9.9524677e-06	1.7337263e-05	-1.107721e-06	0.00010011477	2.8122779e-05	-0.00028584144	-0.00028601409	0.00060363951
-0.146	0.854	0	0	0	0.95182	0	0	0	1.0982096	0.8926844	-0.00028078018	-3.6896554e-06	4.970467e-06	-3.9434511e-06	-1.9046224e-05	1.5456426e-05	-9.8942285e-06	1.7241379e-05	-1.1211219e-06	0.00010031584	2.8695629e-05	-0.00028664666	-0.00028682032	0.00060547647
-0.148	0.852	0	0	0	0.95116	0	0	0	1.0989513	0.89057733	-0.00028165098	-3.6802013e-06	5.0791153e-06	-3.935486e-06	-1.874972e-05	1.5351632e-05	-9.8293946e-06	1.7144558e-05	-1.1342148e-06	0.00010051164	2.927006e-05	-0.00028742069	-0.00028759521	0.00060684904
-0.15	0.85	0	0	0	0.9505	0	0	0	1.0996827	0.88846116	-0.00028248447	-3.6681601e-06	5.1918036e-06	-3.9246513e-06	-1.8476474e-05	1.524669e-05	-9.7582382e-06	1.7047231e-05	-1.1470067e-06	0.00010070265	2.984601e-05	-0.00028816511	-0.00028834036	0.00060779306
-0.152	0.848	0	0	0	0.94984	0	0	0	1.1004042	0.88633629	-0.00028328225	-3.6538358e-06	5.3083046e-06	-3.9112778e-06	-1.8226249e-05	1.5141923e-05	-9.6810554e-06	1.6949769e-05	-1.1595048e-06	0.00010088933	3.0423422e-05	-0.00028888143	-0.00028905727	0.00060834273
-0.154	0.846	0	0	0	0.94918	0	0	0	1.101116	0.88420308	-0.00028404586	-3.6375031e-06	5.4283773e-06	-3.8956652e-06	-1.7998741e-05	1.5037603e-05	-9.5981615e-06	1.6852491e-05	-1.1717162e-06	0.00010107211	3.1002239e-05	-0.00028957109	-0.00028974741	0.0006085305
-0.156	0.844	0	0	0	0.94852	0	0	0	1.1018187	0.88206193	-0.0002847768	-3.6194096e-06	5.5517705e-06	-3.8780847e-06	-1.7793584e-05	1.4933959e-05	-9.5098853e-06	1.6755666e-05	-1.1836482e-06	0.00010125134	3.1582411e-05	-0.00029023545	-0.00029041213	0.00060838707
-0.158	0.842	0	0	0	0.94786	0	0	0	1.1025125	0.87991316	-0.00028547651	-3.5997781e-06	5.6782272e-06	-3.8587807e-06	-1.7610361e-05	1.4831184e-05	-9.416565e-06	1.6659521e-05	-1.195308e-06	0.00010142739	3.2163888e-05	-0.00029087581	-0.00029105275	0.00060794132
-0.16	0.84	0	0	0	0.9472	0	0	0	1.1031978	0.87775714	-0.00028614637	-3.5788088e-06	5.8074875e-06	-3.8379734e-06	-1.7448617e-05	1.4729437e-05	-9.3185438e-06	1.6564249e-05	-1.2067029e-06	0.00010160056	3.2746622e-05	-0.00029149339	-0.0002916705	0.00060722037
-0.162	0.838	0	0	0	0.94654	0	0	0	1.103875	0.87559419	-0.00028678771	-3.5566814e-06	5.9392912e-06	-3.815861e-06	-1.7307861e-05	1.4628851e-05	-9.2161666e-06	1.6470008e-05	-1.2178401e-06	0.00010177114	3.333057e-05	-0.00029208938	-0.00029226656	0.00060624959
-0.164	0.836	0	0	0	0.94588	0	0	0	1.1045442	0.87342462	-0.00028740183	-3.5335568e-06	6.0733808e-06	-3.7926211e-06	-1.7187578e-05	1.4529531e-05	-9.1097766e-06	1.6376931e-05	-1.2287268e-06	0.00010193938	3.3915689e-05	-0.00029266487	-0.00029284205	0.00060505263
-0.166	0.834	0	0	0	0.94522	0	0	0	1.105206	0.87124875	-0.00028798994	-3.509579e-06	6.2095032e-06	-3.7684133e-06	-1.7087233e-05	1.4431564e-05	-8.9997126e-06	1.6285124e-05	-1.2393702e-06	0.00010210551	3.4501938e-05	-0.00029322091	-0.00029339802	0.00060365149
-0.168	0.832	0	0	0	0.94456	0	0	0	1.1058604	0.86906687	-0.00028855323	-3.4848765e-06	6.3474114e-06	-3.7433802e-06	-1.700628e-05	1.4335016e-05	-8.8863074e-06	1.6194673e-05	-1.2497771e-06	0.00010226976	3.5089281e-05	-0.00029375851	-0.00029393548	0.00060206661
-0.17	0.83	0	0	0	0.9439	0	0	0	1.1065079	0.86687926	-0.00028909283	-3.4595641e-06	6.486866e-06	-3.7176495e-06	-1.6944162e-05	1.4239938e-05	-8.7698849e-06	1.6105646e-05	-1.2599547e-06	0.00010243232	3.567768e-05	-0.0002942786	-0.00029445537	0.00060031687
-0.172	0.828	0	0	0	0.94324	0	0	0	1.1071487	0.86468618	-0.00028960981	-3.433744e-06	6.6276359e-06	-3.6913351e-06	-1.6900322e-05	1.4146367e-05	-8.6507599e-06	1.6018095e-05	-1.2699097e-06	0.00010259335	3.6267102e-05	-0.00029478207	-0.00029495858	0.00059841976
-0.174	0.826	0	0	0	0.94258	0	0	0	1.1077831	0.86248791	-0.0002901052	-3.4075074e-06	6.7694998e-06	-3.6645388e-06	-1.6874202e-05	1.405433e-05	-8.5292358e-06	1.5932058e-05	-1.279649e-06	0.00010275302	3.6857514e-05	-0.00029526977	-0.00029544597	0.00059639135
-0.176	0.824	0	0	0	0.94192	0	0	0	1.1084113	0.86028467	-0.00029057998	-3.3809353e-06	6.9122461e-06	-3.6373512e-06	-1.6865249e-05	1.396384e-05	-8.4056046e-06	1.5847562e-05	-1.289179e-06	0.00010291147	3.7448886e-05	-0.0002957425	-0.00029591835	0.00059424645
-0.178	0.822	0	0	0	0.94126	0	0	0	1.1090336	0.85807672	-0.00029103509	-3.3540995e-06	7.0556734e-06	-3.6098527e-06	-1.6872915e-05	1.3874904e-05	-8.280146e-06	1.5764622e-05	-1.2985064e-06	0.00010306884	3.8041188e-05	-0.000296201	-0.00029637645	0.00059199862
-0.18	0.82	0	0	0	0.9406	0	0	0	1.1096501	0.85586427	-0.0002914714	-3.3270638e-06	7.1995911e-06	-3.582115e-06	-1.6896664e-05	1.3787523e-05	-8.1531271e-06	1.5683246e-05	-1.3076374e-06	0.00010322523	3.8634392e-05	-0.00029664599	-0.00029682101	0.00058966031
-0.182	0.818	0	0	0	0.93994	0	0	0	1.1102612	0.85364754	-0.00029188978	-3.2998848e-06	7.3438191e-06	-3.5542017e-06	-1.6935969e-05	1.3701688e-05	-8.0248019e-06	1.5603434e-05	-1.3165783e-06	0.00010338078	3.9228472e-05	-0.00029707813	-0.00029725269	0.00058724286
-0.184	0.816	0	0	0	0.93928	0	0	0	1.110867	0.85142674	-0.00029229101	-3.2726125e-06	7.4881877e-06	-3.5261691e-06	-1.6990319e-05	1.3617389e-05	-7.8954117e-06	1.552518e-05	-1.3253351e-06	0.00010353555	3.9823403e-05	-0.00029749807	-0.00029767214	0.0005847566
-0.186	0.814	0	0	0	0.93862	0	0	0	1.1114677	0.84920205	-0.00029267586	-3.2452911e-06	7.6325378e-06	-3.498067e-06	-1.7059213e-05	1.3534608e-05	-7.7651853e-06	1.5448473e-05	-1.3339137e-06	0.00010368966	4.041916e-05	-0.0002979064	-0.00029807995	0.00058221091
-0.188	0.812	0	0	0	0.93796	0	0	0	1.1120634	0.84697368	-0.00029304506	-3.2179598e-06	7.7767204e-06	-3.4699396e-06	-1.7142169e-05	1.3453326e-05	-7.6343384e-06	1.5373296e-05	-1.34232e-06	0.00010384318	4.1015722e-05	-0.00029830369	-0.00029847669	0.00057961427
-0.19	0.81	0	0	0	0.9373	0	0	0	1.1126545	0.84474178	-0.00029339929	-3.1906529e-06	7.9205966e-06	-3.4418256e-06	-1.723872e-05	1.3373519e-05	-7.5030748e-06	1.529963e-05	-1.3505594e-06	0.00010399619	4.1613067e-05	-0.00029869045	-0.00029886289	0.00057697431
-0.192	0.808	0	0	0	0.93664	0	0	0	1.1132411	0.84250654	-0.00029373919	-3.1634007e-06	8.0640369e-06	-3.4137594e-06	-1.7348413e-05	1.3295162e-05	-7.371586e-06	1.5227453e-05	-1.3586375e-06	0.00010414875	4.2211174e-05	-0.00029906721	-0.00029923906	0.00057429788
-0.194	0.806	0	0	0	0.93598	0	0	0	1.1138232	0.84026811	-0.00029406539	-3.1362299e-06	8.2069212e-06	-3.3857711e-06	-1.7470814e-05	1.3218229e-05	-7.2400519e-06	1.5156739e-05	-1.3665595e-06	0.00010430092	4.2810023e-05	-0.00029943442	-0.00029960567	0.00057159105
-0.196	0.804	0	0	0	0.93532	0	0	0	1.1144012	0.83802664	-0.00029437846	-3.1091638e-06	8.3491385e-06	-3.3578872e-06	-1.7605506e-05	1.314269e-05	-7.1086413e-06	1.5087461e-05	-1.3743307e-06	0.00010445277	4.3409597e-05	-0.00029979254	-0.00029996318	0.00056885921
-0.198	0.802	0	0	0	0.93466	0	0	0	1.114975	0.83578229	-0.00029467896	-3.082223e-06	8.4905863e-06	-3.3301309e-06	-1.7752085e-05	1.3068516e-05	-6.9775118e-06	1.5019591e-05	-1.381956e-06	0.00010460433	4.4009876e-05	-0.00030014199	-0.000300312	0.00056610704
-0.2	0.8	0	0	0	0.934	0	0	0	1.1155449	0.83353518	-0.00029496742	-3.0554253e-06	8.6311703e-06	-3.3025225e-06	-1.7910168e-05	1.2995676e-05	-6.8468106e-06	1.4953098e-05	-1.3894404e-06	0.00010475568	4.4610845e-05	-0.00030048316	-0.00030065253	0.0005633386
-0.202	0.798	0	0	0	0.93334	0	0	0	1.1161111	0.83128545	-0.00029524432	-3.0287864e-06	8.7708043e-06	-3.2750797e-06	-1.8079383e-05	1.2924139e-05	-6.7166746e-06	1.4887951e-05	-1.3967885e-06	0.00010490683	4.5212486e-05	-0.00030081643	-0.00030098515	0.00056055732
-0.204	0.796	0	0	0	0.93268	0	0	0	1.1166735	0.82903323	-0.00029551014	-3.0023199e-06	8.9094098e-06	-3.247818e-06	-1.8259377e-05	1.2853873e-05	-6.5872309e-06	1.4824119e-05	-1.404005e-06	0.00010505784	4.5814785e-05	-0.00030114215	-0.00030131021	0.00055776607
-0.206	0.794	0	0	0	0.93202	0	0	0	1.1172324	0.82677863	-0.00029576532	-2.9760377e-06	9.0469154e-06	-3.2207508e-06	-1.8449809e-05	1.2784847e-05	-6.4585971e-06	1.476157e-05	-1.4110944e-06	0.00010520874	4.6417727e-05	-0.00030146065	-0.00030162805	0.00055496713
-0.208	0.792	0	0	0	0.93136	0	0	0	1.1177878	0.82452178	-0.00029601028	-2.9499501e-06	9.1832569e-06	-3.1938896e-06	-1.8650352e-05	1.2717029e-05	-6.3308816e-06	1.4700272e-05	-1.4180609e-06	0.00010535957	4.7021297e-05	-0.00030177226	-0.00030193898	0.00055216228
-0.21	0.79	0	0	0	0.9307	0	0	0	1.1183399	0.82226277	-0.00029624543	-2.9240659e-06	9.3183768e-06	-3.1672447e-06	-1.8860693e-05	1.2650389e-05	-6.2041837e-06	1.4640193e-05	-1.4249089e-06	0.00010551035	4.7625483e-05	-0.00030207727	-0.00030224331	0.00054935278
-0.212	0.788	0	0	0	0.93004	0	0	0	1.1188888	0.82000171	-0.00029647115	-2.8983928e-06	9.4522244e-06	-3.1408245e-06	-1.9080532e-05	1.2584894e-05	-6.078594e-06	1.45813e-05	-1.4316425e-06	0.00010566111	4.8230271e-05	-0.00030237596	-0.00030254131	0.00054653943
-0.214	0.786	0	0	0	0.92938	0	0	0	1.1194345	0.81773871	-0.0002966878	-2.8729375e-06	9.5847549e-06	-3.1146366e-06	-1.9309576e-05	1.2520515e-05	-5.9541946e-06	1.4523561e-05	-1.4382656e-06	0.00010581188	4.8835648e-05	-0.0003026686	-0.00030283326	0.00054372259
-0.216	0.784	0	0	0	0.92872	0	0	0	1.1199772	0.81547385	-0.00029689572	-2.8477056e-06	9.71593e-06	-3.0886873e-06	-1.9547545e-05	1.2457222e-05	-5.8310593e-06	1.4466946e-05	-1.4447823e-06	0.00010596268	4.9441604e-05	-0.00030295544	-0.0003031194	0.0005409022
-0.218	0.782	0	0	0	0.92806	0	0	0	1.1205169	0.81320724	-0.00029709524	-2.8227019e-06	9.8457171e-06	-3.0629819e-06	-1.9794168e-05	1.2394984e-05	-5.7092537e-06	1.4411424e-05	-1.4511963e-06	0.00010611354	5.0048126e-05	-0.00030323672	-0.00030339997	0.00053807786
-0.22	0.78	0	0	0	0.9274	0	0	0	1.1210538	0.81093894	-0.00029728668	-2.7979305e-06	9.9740893e-06	-3.0375249e-06	-2.0049182e-05	1.2333774e-05	-5.5888355e-06	1.4356963e-05	-1.4575113e-06	0.00010626446	5.0655204e-05	-0.00030351267	-0.00030367521	0.00053524882
-0.222	0.778	0	0	0	0.92674	0	0	0	1.1215879	0.80866906	-0.00029747034	-2.7733949e-06	1.0101025e-05	-3.0123201e-06	-2.0312329e-05	1.2273564e-05	-5.4698546e-06	1.4303534e-05	-1.4637311e-06	0.00010641547	5.1262827e-05	-0.00030378351	-0.00030394533	0.00053241408
-0.224	0.776	0	0	0	0.92608	0	0	0	1.1221193	0.80639767	-0.0002976465	-2.7490978e-06	1.0226509e-05	-2.9873706e-06	-2.0583358e-05	1.2214325e-05	-5.352353e-06	1.4251108e-05	-1.469859e-06	0.00010656657	5.1870985e-05	-0.00030404943	-0.00030421054	0.00052957239
-0.226	0.774	0	0	0	0.92542	0	0	0	1.1226481	0.80412485	-0.00029781545	-2.7250416e-06	1.0350529e-05	-2.9626787e-06	-2.0862023e-05	1.2156031e-05	-5.2363656e-06	1.4199657e-05	-1.4758987e-06	0.00010671779	5.2479669e-05	-0.00030431065	-0.00030447102	0.00052672234
-0.228	0.772	0	0	0	0.92476	0	0	0	1.1231743	0.80185067	-0.00029797744	-2.7012283e-06	1.047308e-05	-2.9382465e-06	-2.1148083e-05	1.2098657e-05	-5.1219198e-06	1.4149152e-05	-1.4818534e-06	0.00010686913	5.3088869e-05	-0.00030456734	-0.00030472697	0.00052386242
-0.23	0.77	0	0	0	0.9241	0	0	0	1.1236981	0.79957522	-0.00029813274	-2.677659e-06	1.059416e-05	-2.9140753e-06	-2.1441299e-05	1.2042177e-05	-5.009036e-06	1.4099567e-05	-1.4877265e-06	0.00010702059	5.3698577e-05	-0.00030481967	-0.00030497857	0.00052099105
-0.232	0.768	0	0	0	0.92344	0	0	0	1.1242194	0.79729855	-0.0002982816	-2.654335e-06	1.0713773e-05	-2.890166e-06	-2.1741435e-05	1.1986568e-05	-4.8977281e-06	1.4050876e-05	-1.4935213e-06	0.00010717218	5.4308783e-05	-0.00030506783	-0.00030522597	0.00051810667
-0.234	0.766	0	0	0	0.92278	0	0	0	1.1247384	0.79502074	-0.00029842424	-2.6312569e-06	1.0831924e-05	-2.8665191e-06	-2.2048258e-05	1.1931806e-05	-4.7880031e-06	1.4003053e-05	-1.4992407e-06	0.00010732391	5.4919481e-05	-0.00030531198	-0.00030546936	0.00051520777
-0.236	0.764	0	0	0	0.92212	0	0	0	1.1252551	0.79274185	-0.00029856092	-2.608425e-06	1.0948626e-05	-2.8431347e-06	-2.2361533e-05	1.1877869e-05	-4.6798623e-06	1.3956074e-05	-1.504888e-06	0.00010747578	5.5530661e-05	-0.00030555226	-0.00030570887	0.00051229296
-0.238	0.762	0	0	0	0.92146	0	0	0	1.1257696	0.79046195	-0.00029869184	-2.5858392e-06	1.1063893e-05	-2.8200125e-06	-2.2681032e-05	1.1824734e-05	-4.5733009e-06	1.3909916e-05	-1.5104661e-06	0.00010762778	5.6142316e-05	-0.00030578883	-0.00030594466	0.00050936102
-0.24	0.76	0	0	0	0.9208	0	0	0	1.1262819	0.78818111	-0.00029881723	-2.5634993e-06	1.1177742e-05	-2.7971519e-06	-2.3006523e-05	1.1772381e-05	-4.468309e-06	1.3864555e-05	-1.515978e-06	0.00010777991	5.6754439e-05	-0.00030602183	-0.00030617688	0.00050641096
-0.242	0.758	0	0	0	0.92014	0	0	0	1.1267922	0.78589938	-0.00029893731	-2.5414047e-06	1.1290194e-05	-2.7745517e-06	-2.3337779e-05	1.1720789e-05	-4.3648716e-06	1.381997e-05	-1.5214263e-06	0.00010793217	5.7367024e-05	-0.00030625139	-0.00030640565	0.000503442
-0.244	0.756	0	0	0	0.91948	0	0	0	1.1273004	0.78361682	-0.00029905228	-2.5195545e-06	1.1401272e-05	-2.7522107e-06	-2.3674572e-05	1.166994e-05	-4.2629694e-06	1.3776138e-05	-1.526814e-06	0.00010808455	5.7980062e-05	-0.00030647766	-0.00030663111	0.00050045365
-0.246	0.754	0	0	0	0.91882	0	0	0	1.1278067	0.78133349	-0.00029916233	-2.4979476e-06	1.1511002e-05	-2.7301271e-06	-2.4016676e-05	1.1619813e-05	-4.1625792e-06	1.3733041e-05	-1.5321436e-06	0.00010823705	5.8593548e-05	-0.00030670074	-0.00030685339	0.00049744572
-0.248	0.752	0	0	0	0.91816	0	0	0	1.128311	0.77904946	-0.00029926767	-2.4765824e-06	1.1619409e-05	-2.7082991e-06	-2.4363867e-05	1.1570392e-05	-4.0636743e-06	1.3690657e-05	-1.5374178e-06	0.00010838965	5.9207475e-05	-0.00030692078	-0.0003070726	0.00049441828
-0.25	0.75	0	0	0	0.9175	0	0	0	1.1288135	0.77676476	-0.00029936848	-2.4554575e-06	1.1726523e-05	-2.6867242e-06	-2.4715923e-05	1.1521659e-05	-3.966225e-06	1.3648969e-05	-1.542639e-06	0.00010854235	5.9821838e-05	-0.00030713787	-0.00030728887	0.00049137174
-0.252	0.748	0	0	0	0.91684	0	0	0	1.1293141	0.77447947	-0.00029946495	-2.4345709e-06	1.1832373e-05	-2.6654001e-06	-2.5072626e-05	1.1473596e-05	-3.8701992e-06	1.3607957e-05	-1.5478096e-06	0.00010869513	6.0436631e-05	-0.00030735214	-0.0003075023	0.00048830674
-0.254	0.746	0	0	0	0.91618	0	0	0	1.129813	0.77219362	-0.00029955726	-2.4139206e-06	1.1936989e-05	-2.6443238e-06	-2.543376e-05	1.1426189e-05	-3.775563e-06	1.3567604e-05	-1.552932e-06	0.00010884798	6.1051848e-05	-0.00030756369	-0.000307713	0.00048522422
-0.256	0.744	0	0	0	0.91552	0	0	0	1.1303102	0.76990727	-0.00029964558	-2.3935042e-06	1.2040403e-05	-2.6234923e-06	-2.5799112e-05	1.137942e-05	-3.6822808e-06	1.3527893e-05	-1.5580084e-06	0.0001090009	6.1667483e-05	-0.00030777261	-0.00030792107	0.00048212534
-0.258	0.742	0	0	0	0.91486	0	0	0	1.1308057	0.76762048	-0.00029973006	-2.3733193e-06	1.2142644e-05	-2.6029025e-06	-2.6168473e-05	1.1333275e-05	-3.5903161e-06	1.3488808e-05	-1.5630409e-06	0.00010915386	6.2283532e-05	-0.00030797902	-0.00030812662	0.00047901149
-0.26	0.74	0	0	0	0.9142	0	0	0	1.1312997	0.76533328	-0.00029981089	-2.3533633e-06	1.2243745e-05	-2.5825507e-06	-2.6541642e-05	1.1287739e-05	-3.4996317e-06	1.3450333e-05	-1.5680317e-06	0.00010930685	6.2899989e-05	-0.000308183	-0.00030832973	0.00047588421
-0.262	0.738	0	0	0	0.91354	0	0	0	1.131792	0.76304572	-0.0002998882	-2.3336333e-06	1.2343736e-05	-2.5624336e-06	-2.6918418e-05	1.1242798e-05	-3.4101902e-06	1.3412452e-05	-1.5729826e-06	0.00010945987	6.3516851e-05	-0.00030838465	-0.0003085305	0.00047274522
-0.264	0.736	0	0	0	0.91288	0	0	0	1.1322829	0.76075785	-0.00029996216	-2.3141265e-06	1.2442648e-05	-2.5425472e-06	-2.729861e-05	1.1198439e-05	-3.3219541e-06	1.3375151e-05	-1.5778957e-06	0.00010961289	6.4134111e-05	-0.00030858404	-0.00030872902	0.00046959631
-0.266	0.734	0	0	0	0.91222	0	0	0	1.1327722	0.75846971	-0.0003000329	-2.2948398e-06	1.2540509e-05	-2.5228876e-06	-2.7682031e-05	1.1154647e-05	-3.2348864e-06	1.3338415e-05	-1.5827727e-06	0.0001097659	6.4751767e-05	-0.00030878126	-0.00030892536	0.00046643939
-0.268	0.732	0	0	0	0.91156	0	0	0	1.1332601	0.75618134	-0.00030010056	-2.27577e-06	1.2637349e-05	-2.5034509e-06	-2.8068499e-05	1.111141e-05	-3.1489506e-06	1.3302231e-05	-1.5876154e-06	0.00010991889	6.5369813e-05	-0.0003089764	-0.00030911961	0.00046327639
-0.27	0.73	0	0	0	0.9109	0	0	0	1.1337467	0.75389278	-0.00030016527	-2.2569141e-06	1.2733196e-05	-2.4842329e-06	-2.845784e-05	1.1068716e-05	-3.064111e-06	1.3266585e-05	-1.5924254e-06	0.00011007185	6.5988245e-05	-0.00030916952	-0.00030931184	0.00046010926
-0.272	0.728	0	0	0	0.91024	0	0	0	1.1342318	0.75160408	-0.00030022717	-2.2382686e-06	1.2828077e-05	-2.4652294e-06	-2.8849887e-05	1.1026553e-05	-2.9803329e-06	1.3231464e-05	-1.5972043e-06	0.00011022475	6.660706e-05	-0.0003093607	-0.00030950213	0.00045693995
-0.274	0.726	0	0	0	0.90958	0	0	0	1.1347157	0.74931527	-0.00030028637	-2.2198303e-06	1.2922019e-05	-2.4464363e-06	-2.9244477e-05	1.0984907e-05	-2.8975825e-06	1.3196856e-05	-1.6019538e-06	0.0001103776	6.7226254e-05	-0.00030955001	-0.00030969054	0.00045377037
-0.276	0.724	0	0	0	0.90892	0	0	0	1.1351982	0.74702638	-0.00030034298	-2.2015957e-06	1.3015046e-05	-2.4278492e-06	-2.9641458e-05	1.0943769e-05	-2.8158276e-06	1.3162748e-05	-1.6066752e-06	0.00011053037	6.7845822e-05	-0.00030973751	-0.00030987714	0.0004506024
-0.278	0.722	0	0	0	0.90826	0	0	0	1.1356796	0.74473745	-0.00030039713	-2.1835615e-06	1.3107182e-05	-2.4094639e-06	-3.004068e-05	1.0903127e-05	-2.7350368e-06	1.3129128e-05	-1.6113699e-06	0.00011068306	6.8465762e-05	-0.00030992326	-0.00031006199	0.00044743785
-0.28	0.72	0	0	0	0.9076	0	0	0	1.1361596	0.74244851	-0.0003004489	-2.1657243e-06	1.3198452e-05	-2.391276e-06	-3.0442003e-05	1.0862969e-05	-2.6551803e-06	1.3095985e-05	-1.6160394e-06	0.00011083565	6.908607e-05	-0.00031010732	-0.00031024516	0.00044427842
-0.282	0.718	0	0	0	0.90694	0	0	0	1.1366385	0.7401596	-0.00030049842	-2.1480806e-06	1.3288875e-05	-2.3732812e-06	-3.0845292e-05	1.0823286e-05	-2.5762296e-06	1.3063308e-05	-1.6206848e-06	0.00011098813	6.9706743e-05	-0.00031028976	-0.0003104267	0.00044112578
-0.284	0.716	0	0	0	0.90628	0	0	0	1.1371163	0.73787075	-0.00030054576	-2.1306271e-06	1.3378475e-05	-2.3554754e-06	-3.1250419e-05	1.0784066e-05	-2.4981575e-06	1.3031085e-05	-1.6253074e-06	0.00011114049	7.0327777e-05	-0.00031047062	-0.00031060666	0.00043798145
-0.286	0.714	0	0	0	0.90562	0	0	0	1.1375929	0.73558198	-0.00030059102	-2.1133603e-06	1.346727e-05	-2.3378541e-06	-3.1657263e-05	1.0745301e-05	-2.4209382e-06	1.2999306e-05	-1.6299084e-06	0.00011129273	7.094917e-05	-0.00031064995	-0.0003107851	0.0004348469
-0.288	0.712	0	0	0	0.90496	0	0	0	1.1380684	0.73329333	-0.00030063429	-2.096277e-06	1.355528e-05	-2.3204133e-06	-3.2065708e-05	1.070698e-05	-2.3445471e-06	1.2967961e-05	-1.634489e-06	0.00011144483	7.1570918e-05	-0.00031082781	-0.00031096206	0.00043172347
-0.29	0.71	0	0	0	0.9043	0	0	0	1.1385428	0.73100483	-0.00030067565	-2.0793737e-06	1.3642522e-05	-2.3031487e-06	-3.2475644e-05	1.0669093e-05	-2.268961e-06	1.2937039e-05	-1.6390501e-06	0.00011159678	7.2193018e-05	-0.00031100425	-0.0003111376	0.00042861242
-0.292	0.708	0	0	0	0.90364	0	0	0	1.1390162	0.72871649	-0.00030071518	-2.0626472e-06	1.3729014e-05	-2.2860562e-06	-3.2886968e-05	1.0631632e-05	-2.1941579e-06	1.2906531e-05	-1.643593e-06	0.00011174858	7.2815468e-05	-0.00031117929	-0.00031131176	0.00042551488
-0.294	0.706	0	0	0	0.90298	0	0	0	1.1394885	0.72642835	-0.00030075295	-2.0460942e-06	1.3814772e-05	-2.2691317e-06	-3.3299581e-05	1.0594587e-05	-2.1201171e-06	1.2876426e-05	-1.6481185e-06	0.00011190022	7.3438265e-05	-0.000311353	-0.00031148458	0.00042243192
-0.296	0.704	0	0	0	0.90232	0	0	0	1.1399598	0.72414043	-0.00030078904	-2.0297116e-06	1.3899811e-05	-2.2523714e-06	-3.371339e-05	1.0557949e-05	-2.0468189e-06	1.2846717e-05	-1.6526276e-06	0.00011205169	7.4061406e-05	-0.0003115254	-0.0003116561	0.0004193645
-0.298	0.702	0	0	0	0.90166	0	0	0	1.1404302	0.72185275	-0.00030082351	-2.0134961e-06	1.3984146e-05	-2.2357711e-06	-3.4128307e-05	1.0521709e-05	-1.9742447e-06	1.2817393e-05	-1.6571213e-06	0.00011220298	7.4684889e-05	-0.00031169654	-0.00031182636	0.00041631348
-0.3	0.7	0	0	0	0.901	0	0	0	1.1408995	0.71956534	-0.00030085642	-1.9974446e-06	1.4067792e-05	-2.2193271e-06	-3.4544249e-05	1.048586e-05	-1.9023772e-06	1.2788445e-05	-1.6616005e-06	0.00011235409	7.5308712e-05	inf	inf	inf
