lambda	F11	F12	F13	F21	F22	F23	F31	F32	F33	J	P11	P12	P13	P21	P22	P23	P31	P32	P33	p	StrEn	t(1)	t(2)	d
0	1	0	0	0	1	0	0	0	1	1	0	0	0	0	0	0	0	0	0	-0	0	inf	inf	inf
-0.002	0.998	-0.0016	0	0	1.0006799	0	0	0	1.000684	0.99936167	-1.2365219e-05	-8.4761259e-06	-2.9395144e-07	-8.4914964e-06	5.2654135e-09	9.8806879e-08	-2.9350627e-07	9.2765922e-08	-3.1394982e-09	4.1210309e-06	1.9213342e-08	-1.9146831e-05	-1.9035694e-05	-0.0058383384
-0.004	0.996	-0.0032	0	0	1.0013536	0	0	0	1.0013637	0.99870819	-2.4246227e-05	-1.685945e-05	-5.9692114e-07	-1.6934622e-05	1.0999426e-08	1.8849761e-07	-5.9702429e-07	1.7634529e-07	-6.2564276e-09	8.0804946e-06	7.6142776e-08	-3.7735356e-05	-3.7581254e-05	-0.0041005022
-0.006	0.994	-0.0048	0	0	1.0020212	0	0	0	1.0020389	0.99803982	-3.549888e-05	-2.5153285e-05	-9.1028127e-07	-2.5332379e-05	1.724536e-08	2.6855061e-07	-9.1231323e-07	2.5010262e-07	-9.458274e-09	1.1830364e-05	1.6953836e-07	-5.5624055e-05	-5.542328e-05	-0.0036225637
-0.008	0.992	-0.0064	0	0	1.0026825	0	0	0	1.0027099	0.99735638	-4.5955458e-05	-3.3356992e-05	-1.2335577e-06	-3.3683681e-05	2.3963147e-08	3.3813779e-07	-1.2391967e-06	3.1311183e-07	-1.2857048e-08	1.5314784e-05	2.978359e-07	-7.2644634e-05	-7.2402138e-05	-0.0033492958
-0.01	0.99	-0.008	0	0	1.003337	0	0	0	1.0033765	0.99665753	-5.5466201e-05	-4.1470913e-05	-1.5664625e-06	-4.1988414e-05	3.1079527e-08	3.9619989e-07	-1.5776361e-06	3.6435049e-07	-1.6466655e-08	1.8483863e-05	4.5914691e-07	-8.8647578e-05	-8.837868e-05	-0.0030425663
-0.012	0.988	-0.0096	0	0	1.0039845	0	0	0	1.0040388	0.99594295	-6.3954926e-05	-4.9495699e-05	-1.9084315e-06	-5.0246793e-05	3.8500609e-08	4.4155437e-07	-1.927339e-06	4.0269564e-07	-2.029054e-08	2.1312239e-05	6.5135061e-07	-0.00010355718	-0.00010328299	-0.0026547487
-0.014	0.986	-0.0112	0	0	1.0046247	0	0	0	1.0046966	0.99521229	-7.1451378e-05	-5.7431026e-05	-2.2589904e-06	-5.8458017e-05	4.6148449e-08	4.7305064e-07	-2.288107e-06	4.2704428e-07	-2.4335475e-08	2.3809855e-05	8.7227888e-07	-0.00011740291	-0.00011714069	-0.0022384575
-0.016	0.984	-0.0128	0	0	1.0052575	0	0	0	1.0053498	0.9944652	-7.8071744e-05	-6.5274677e-05	-2.618184e-06	-6.6619268e-05	5.3990629e-08	4.8966248e-07	-2.6602466e-06	4.3638571e-07	-2.8614667e-08	2.6015456e-05	1.1199134e-06	-0.00013029915	-0.00013005677	-0.0018636541
-0.018	0.982	-0.0144	0	0	1.0058825	0	0	0	1.005998	0.99370127	-8.3967938e-05	-7.3022471e-05	-2.9867095e-06	-7.4725614e-05	6.204607e-08	4.9045994e-07	-3.0447034e-06	4.2977223e-07	-3.3145316e-08	2.7979679e-05	1.392506e-06	-0.00014239448	-0.00014217206	-0.0015644819
-0.02	0.98	-0.016	0	0	1.0064996	0	0	0	1.0066409	0.99291998	-8.9285094e-05	-8.066868e-05	-3.3658101e-06	-8.2770424e-05	7.0372387e-08	4.7452372e-07	-3.4429695e-06	4.0624402e-07	-3.7945095e-08	2.9750889e-05	1.6886016e-06	-0.00015382946	-0.00015362364	-0.0013397715
-0.022	0.978	-0.0176	0	0	1.0071084	0	0	0	1.0072781	0.99212063	-9.4142306e-05	-8.8206394e-05	-3.7571217e-06	-9.0745746e-05	7.9048733e-08	4.4087664e-07	-3.8569477e-06	3.6477238e-07	-4.3030449e-08	3.1368763e-05	2.0070005e-06	-0.00016471768	-0.00016452464	-0.0011733071
-0.024	0.976	-0.0192	0	0	1.0077087	0	0	0	1.007909	0.99130236	-9.863005e-05	-9.5627623e-05	-4.1625791e-06	-9.8642414e-05	8.8162637e-08	3.8845377e-07	-4.2888718e-06	3.0423785e-07	-4.8416284e-08	3.2863434e-05	2.3467002e-06	-0.00017514322	-0.00017495992	-0.0010476612
-0.026	0.974	-0.0208	0	0	1.0082998	0	0	0	1.0085329	0.99046404	-0.00010281449	-0.00010292318	-4.5843916e-06	-0.00010644991	9.7802545e-08	3.1610258e-07	-4.7412922e-06	2.2343497e-07	-5.4115605e-08	3.4256935e-05	2.7068402e-06	-0.00018516493	-0.00018498936	-0.00094904203
-0.028	0.972	-0.0224	0	0	1.0088812	0	0	0	1.0091489	0.98960423	-0.0001067431	-0.00011008235	-5.0250704e-06	-0.00011415603	1.0805444e-07	2.2260627e-07	-5.2171094e-06	1.210983e-07	-6.0138346e-08	3.5565062e-05	3.0866576e-06	-0.00019482171	-0.00019465281	-0.00086769372
-0.03	0.97	-0.024	0	0	1.0094519	0	0	0	1.009756	0.98872111	-0.00011044944	-0.00011709246	-5.4874914e-06	-0.00012174635	1.1900017e-07	1.0673427e-07	-5.7196434e-06	-4.0447904e-09	-6.6489286e-08	3.6798977e-05	3.4854515e-06	-0.000204137	-0.00020397443	-0.00079699948
-0.032	0.968	-0.0256	0	0	1.0100107	0	0	0	1.0103529	0.98781235	-0.00011395671	-0.00012393821	-5.9749886e-06	-0.00012920351	1.3071535e-07	-3.2664479e-08	-6.2527302e-06	-1.5317777e-07	-7.3164998e-08	3.7966386e-05	3.9025554e-06	-0.00021312175	-0.00021296575	-0.00073252842
-0.034	0.966	-0.0272	0	0	1.0105564	0	0	0	1.0109378	0.98687492	-0.00011728019	-0.00013060068	-6.4914779e-06	-0.00013650621	1.4326496e-07	-1.9649603e-07	-6.8208485e-06	-3.2722401e-07	-8.0149594e-08	3.9072357e-05	4.3373145e-06	-0.00022177612	-0.00022162733	-0.00067135139
-0.036	0.964	-0.0288	0	0	1.0110869	0	0	0	1.0115085	0.98590491	-0.00012042875	-0.00013705604	-7.0416108e-06	-0.00014362761	1.5669433e-07	-3.8513119e-07	-7.4292709e-06	-5.2654758e-07	-8.7408701e-08	4.0119822e-05	4.7890647e-06	-0.00023008989	-0.00022994924	-0.00061166417
-0.038	0.962	-0.0304	0	0	1.0115997	0	0	0	1.0120619	0.98489708	-0.00012340568	-0.00014327333	-7.6309433e-06	-0.00015053304	1.7101245e-07	-5.9789795e-07	-8.0842187e-06	-7.5043048e-07	-9.4880709e-08	4.1109849e-05	5.2571114e-06	-0.00023804154	-0.00023791004	-0.00055271527
-0.04	0.96	-0.032	0	0	1.0120914	0	0	0	1.0125941	0.98384427	-0.00012620873	-0.00014921111	-8.2660448e-06	-0.00015717628	1.8616203e-07	-8.3219109e-07	-8.7929298e-06	-9.9615724e-07	-1.0246411e-07	4.2041679e-05	5.7407049e-06	-0.00024559561	-0.00024547409	-0.00049504353
-0.042	0.958	-0.0336	0	0	1.0125573	0	0	0	1.0130992	0.98273648	-0.00012882956	-0.00015481207	-8.954286e-06	-0.00016349364	2.0196778e-07	-1.0819163e-06	-9.5633416e-06	-1.2574192e-06	-1.1000014e-07	4.2912531e-05	6.2390078e-06	-0.00025269779	-0.00025258643	-0.00044087267
-0.044	0.956	-0.0352	0	0	1.0129904	0	0	0	1.0135692	0.98155948	-0.00013125231	-0.00015999503	-9.7025555e-06	-0.0001693951	2.1805184e-07	-1.3348754e-06	-1.0402553e-05	-1.5216412e-06	-1.172529e-07	4.3717169e-05	6.7510506e-06	-0.00025926706	-0.00025916506	-0.00039358244
-0.046	0.954	-0.0368	0	0	1.0133813	0	0	0	1.0139926	0.98029339	-0.00013345226	-0.00016464614	-1.0513167e-05	-0.00017475465	2.3371906e-07	-1.5689796e-06	-1.131218e-05	-1.7661315e-06	-1.2390098e-07	4.4447479e-05	7.275668e-06	-0.00026518735	-0.0002650939	-0.00035250011
-0.048	0.952	-0.0384	0	0	1.0137182	0	0	0	1.0143551	0.97891325	-0.00013539771	-0.00016862122	-1.1374726e-05	-0.00017941218	2.478855e-07	-1.7492129e-06	-1.2278273e-05	-1.9550479e-06	-1.2958138e-07	4.5093136e-05	7.8114262e-06	-0.00027031131	-0.00027023047	-0.00029916113
-0.05	0.95	-0.04	0	0	1.0139898	0	0	0	1.0146436	0.97739642	-0.00013706222	-0.0001717864	-1.2250917e-05	-0.00018321713	2.5926928e-07	-1.8323231e-06	-1.3259332e-05	-2.0443155e-06	-1.3404187e-07	4.5645663e-05	8.3565899e-06	-0.00027450538	-0.00027445186	-0.00019500964
-0.052	0.948	-0.0416	0	0	1.014193	0	0	0	1.0148546	0.97573704	-0.00013844733	-0.00017410296	-1.3083932e-05	-0.00018612061	2.6699038e-07	-1.7859978e-06	-1.4190823e-05	-2.001272e-06	-1.3733932e-07	4.6105892e-05	8.9092336e-06	-0.00027774061	-0.0002777323	-2.9925415e-05
-0.054	0.946	-0.0432	0	0	1.0143358	0	0	0	1.0149982	0.97395335	-0.00013959266	-0.00017567312	-1.3822709e-05	-0.00018822655	2.7107319e-07	-1.6084851e-06	-1.5016642e-05	-1.8245274e-06	-1.3983426e-07	4.648714e-05	9.4675191e-06	-0.00028013908	-0.00028017999	0.00014600392
-0.056	0.944	-0.0448	0	0	1.0144324	0	0	0	1.0150919	0.97207652	-0.00014055678	-0.00017667827	-1.4446781e-05	-0.0001897264	2.7222479e-07	-1.3247603e-06	-1.5714896e-05	-1.5398016e-06	-1.4194712e-07	4.6808835e-05	1.0029954e-05	-0.00028190487	-0.00028198459	0.00028271957
-0.058	0.942	-0.0464	0	0	1.0144964	0	0	0	1.015152	0.97013563	-0.00014139281	-0.00017729057	-1.4962253e-05	-0.00019080368	2.7128081e-07	-9.676705e-07	-1.6292893e-05	-1.1806316e-06	-1.4397304e-07	4.7088499e-05	1.0595457e-05	-0.00028322887	-0.00028333388	0.0003706066
-0.06	0.94	-0.048	0	0	1.0145378	0	0	0	1.0151901	0.96815176	-0.00014213927	-0.00017763662	-1.5386442e-05	-0.00019159391	2.6890695e-07	-5.6539341e-07	-1.6770053e-05	-7.7566915e-07	-1.4606599e-07	4.7338811e-05	1.1163289e-05	-0.0002842508	-0.00028437072	0.00042172867
-0.062	0.938	-0.0496	0	0	1.0145631	0	0	0	1.0152139	0.96613872	-0.00014282184	-0.00017780047	-1.5737732e-05	-0.00019218727	2.6556215e-07	-1.3840481e-07	-1.7166797e-05	-3.4567669e-07	-1.4828934e-07	4.7568188e-05	1.173294e-05	-0.00028506338	-0.00028519161	0.00044963621
-0.064	0.936	-0.0512	0	0	1.0145767	0	0	0	1.0152283	0.96410532	-0.00014345726	-0.00017783647	-1.6031798e-05	-0.00019264217	2.6154937e-07	2.9940757e-07	-1.7500467e-05	9.5293119e-08	-1.5065995e-07	4.7782125e-05	1.2304056e-05	-0.00028572678	-0.00028585933	0.00046369767
-0.066	0.934	-0.0528	0	0	1.0145813	0	0	0	1.0152364	0.96205726	-0.00014405669	-0.00017778006	-1.6280984e-05	-0.00019299676	2.5706885e-07	7.3889993e-07	-1.7784691e-05	5.3800318e-07	-1.5317371e-07	4.7984265e-05	1.2876378e-05	-0.00028628042	-0.0002864149	0.00046954571
-0.068	0.932	-0.0544	0	0	1.0145788	0	0	0	1.0152401	0.95999828	-0.00014462772	-0.00017765492	-1.6494727e-05	-0.0001932765	2.5225561e-07	1.1741511e-06	-1.8029879e-05	9.7648003e-07	-1.5581825e-07	4.8177095e-05	1.3449715e-05	-0.00028675078	-0.00028688575	0.00047043662
-0.07	0.93	-0.056	0	0	1.0145703	0	0	0	1.0152409	0.95793093	-0.00014517572	-0.00017747726	-1.6680188e-05	-0.00019349887	2.4720319e-07	1.601391e-06	-1.8243925e-05	1.406925e-06	-1.585788e-07	4.8362366e-05	1.4023921e-05	-0.00028715619	-0.00028729071	0.00046825385
-0.072	0.928	-0.0576	0	0	1.0145568	0	0	0	1.0152397	0.95585698	-0.0001457046	-0.00017725851	-1.6842814e-05	-0.00019367618	2.4197825e-07	2.0182834e-06	-1.8432834e-05	1.8269861e-06	-1.614408e-07	4.8541355e-05	1.4598878e-05	-0.00028750966	-0.00028764316	0.00046410597
-0.074	0.926	-0.0592	0	0	1.0145389	0	0	0	1.0152371	0.9537777	-0.00014621729	-0.00017700694	-1.6986777e-05	-0.00019381734	2.366297e-07	2.4234497e-06	-1.8601203e-05	2.2352775e-06	-1.6439092e-07	4.8715017e-05	1.5174493e-05	-0.00028782074	-0.00028795282	0.00045866149
-0.076	0.924	-0.0608	0	0	1.0145171	0	0	0	1.0152336	0.95169403	-0.00014671604	-0.00017672868	-1.7115303e-05	-0.00019392893	2.3119442e-07	2.8161541e-06	-1.8752588e-05	2.6310602e-06	-1.674174e-07	4.8884088e-05	1.5750689e-05	-0.00028809657	-0.00028822694	0.00045233396
-0.078	0.922	-0.0624	0	0	1.0144918	0	0	0	1.0152297	0.94960666	-0.00014720264	-0.00017642835	-1.7230912e-05	-0.00019401595	2.2570107e-07	3.1960923e-06	-1.8889767e-05	3.0140291e-06	-1.7051008e-07	4.9049148e-05	1.6327401e-05	-0.00028834262	-0.0002884711	0.00044538543
-0.08	0.92	-0.064	0	0	1.0144632	0	0	0	1.0152255	0.94751613	-0.0001476785	-0.00017610952	-1.7335592e-05	-0.00019408224	2.2017269e-07	3.563249e-06	-1.9014931e-05	3.3841691e-06	-1.7366032e-07	4.9210663e-05	1.6904574e-05	-0.00028856316	-0.00028868961	0.00043798541
-0.082	0.918	-0.0656	0	0	1.0144315	0	0	0	1.0152212	0.94542285	-0.0001481448	-0.00017577501	-1.743093e-05	-0.00019413082	2.1462867e-07	3.9178008e-06	-1.9129827e-05	3.7416571e-06	-1.7686082e-07	4.936901e-05	1.748216e-05	-0.00028876162	-0.00028888591	0.00043024558
-0.084	0.916	-0.0672	0	0	1.0143969	0	0	0	1.0152171	0.94332714	-0.00014860248	-0.00017542706	-1.7518203e-05	-0.0001941641	2.0908605e-07	4.2600488e-06	-1.923586e-05	4.086794e-06	-1.8010554e-07	4.9524499e-05	1.8060117e-05	-0.00028894073	-0.00028906278	0.00042224149
-0.086	0.914	-0.0688	0	0	1.0143596	0	0	0	1.0152133	0.94122927	-0.00014905233	-0.0001750675	-1.7598451e-05	-0.00019418405	2.0355954e-07	4.5903725e-06	-1.9334171e-05	4.4199583e-06	-1.8338934e-07	4.9677388e-05	1.8638411e-05	-0.00028910274	-0.00028922249	0.00041402675
-0.088	0.912	-0.0704	0	0	1.0143196	0	0	0	1.0152098	0.93912944	-0.00014949507	-0.00017469781	-1.7672527e-05	-0.00019419225	1.9805958e-07	4.9091963e-06	-1.94257e-05	4.7415749e-06	-1.8670748e-07	4.9827905e-05	1.9217007e-05	-0.00028924953	-0.00028936691	0.00040563861
-0.09	0.91	-0.072	0	0	1.0142771	0	0	0	1.0152067	0.93702784	-0.00014993132	-0.00017431915	-1.7741141e-05	-0.00019418995	1.925916e-07	5.2169695e-06	-1.9511226e-05	5.0520971e-06	-1.9005541e-07	4.997626e-05	1.9795878e-05	-0.00028938269	-0.00028949765	0.00039710211
-0.092	0.908	-0.0736	0	0	1.0142321	0	0	0	1.0152042	0.93492462	-0.00015036166	-0.00017393248	-1.7804886e-05	-0.00019417819	1.8715898e-07	5.5141527e-06	-1.9591404e-05	5.3519902e-06	-1.9342914e-07	5.0122643e-05	2.0374998e-05	-0.00028950354	-0.00028961604	0.00038844128
-0.094	0.906	-0.0752	0	0	1.0141847	0	0	0	1.0152022	0.93281991	-0.00015078658	-0.00017353863	-1.7864262e-05	-0.00019415785	1.8176521e-07	5.8012064e-06	-1.9666785e-05	5.6417194e-06	-1.9682541e-07	5.0267215e-05	2.0954342e-05	-0.00028961325	-0.00028972325	0.00037968067
-0.096	0.904	-0.0768	0	0	1.014135	0	0	0	1.0152008	0.93071382	-0.00015120652	-0.0001731383	-1.7919693e-05	-0.00019412968	1.7641391e-07	6.0785834e-06	-1.9737835e-05	5.9217412e-06	-2.0024155e-07	5.0410115e-05	2.1533891e-05	-0.00028971278	-0.00028982026	0.00037084086
-0.098	0.902	-0.0784	0	0	1.014083	0	0	0	1.0152	0.92860642	-0.00015162182	-0.0001727321	-1.7971543e-05	-0.00019409433	1.7110853e-07	6.3467234e-06	-1.9804955e-05	6.1924982e-06	-2.0367532e-07	5.0551462e-05	2.2113624e-05	-0.000289803	-0.00028990793	0.00036193787
-0.1	0.9	-0.08	0	0	1.0140288	0	0	0	1.0152	0.92649779	-0.00015203281	-0.00017232057	-1.8020125e-05	-0.00019405238	1.6585207e-07	6.6060502e-06	-1.9868487e-05	6.4544169e-06	-2.0712483e-07	5.0691361e-05	2.2693523e-05	-0.00028988465	-0.00028998701	0.00035298441
-0.102	0.898	-0.0816	0	0	1.0139724	0	0	0	1.0152005	0.924388	-0.00015243977	-0.00017190415	-1.8065708e-05	-0.0001940043	1.6064712e-07	6.8569698e-06	-1.9928727e-05	6.7079058e-06	-2.1058843e-07	5.0829905e-05	2.3273572e-05	-0.00028995838	-0.00029005816	0.00034399099
-0.104	0.896	-0.0832	0	0	1.0139138	0	0	0	1.0152019	0.92227711	-0.00015284297	-0.00017148327	-1.8108532e-05	-0.00019395054	1.5549587e-07	7.0998696e-06	-1.9985935e-05	6.9533546e-06	-2.1406468e-07	5.0967179e-05	2.3853755e-05	-0.00029002477	-0.00029012195	0.00033496655
-0.106	0.894	-0.0848	0	0	1.013853	0	0	0	1.0152039	0.92016515	-0.00015324262	-0.00017105827	-1.8148802e-05	-0.00019389146	1.5040013e-07	7.3351182e-06	-2.0040339e-05	7.1911341e-06	-2.1755235e-07	5.1103257e-05	2.4434059e-05	-0.00029008433	-0.0002901789	0.00032591891
-0.108	0.892	-0.0864	0	0	1.0137901	0	0	0	1.0152067	0.91805218	-0.00015363894	-0.00017062947	-1.8186704e-05	-0.00019382739	1.4536137e-07	7.5630655e-06	-2.0092138e-05	7.4215963e-06	-2.2105032e-07	5.1238208e-05	2.5014471e-05	-0.00029013752	-0.00029022948	0.00031685495
-0.11	0.89	-0.088	0	0	1.0137251	0	0	0	1.0152102	0.91593822	-0.0001540321	-0.00017019715	-1.8222402e-05	-0.00019375863	1.4038082e-07	7.7840432e-06	-2.0141511e-05	7.6450748e-06	-2.2455765e-07	5.1372094e-05	2.5594977e-05	-0.00029018474	-0.00029027409	0.00030778083
-0.112	0.888	-0.0896	0	0	1.013658	0	0	0	1.0152145	0.91382331	-0.0001544223	-0.00016976154	-1.825604e-05	-0.00019368544	1.3545943e-07	7.9983652e-06	-2.0188618e-05	7.8618857e-06	-2.2807347e-07	5.150497e-05	2.6175567e-05	-0.00029022638	-0.0002903131	0.00029870205
-0.114	0.886	-0.0912	0	0	1.0135888	0	0	0	1.0152196	0.91170749	-0.00015480967	-0.00016932288	-1.8287751e-05	-0.00019360805	1.3059797e-07	8.2063287e-06	-2.02336e-05	8.0723278e-06	-2.3159704e-07	5.1636891e-05	2.675623e-05	-0.00029026276	-0.00029034685	0.00028962359
-0.116	0.884	-0.0928	0	0	1.0135175	0	0	0	1.0152255	0.90959076	-0.00015519438	-0.00016888135	-1.8317654e-05	-0.00019352665	1.2579701e-07	8.4082146e-06	-2.0276587e-05	8.276684e-06	-2.3512768e-07	5.1767902e-05	2.7336955e-05	-0.00029029417	-0.00029037564	0.00028054995
-0.118	0.882	-0.0944	0	0	1.0134442	0	0	0	1.0152321	0.90747316	-0.00015557654	-0.00016843714	-1.8345856e-05	-0.00019344144	1.2105698e-07	8.6042888e-06	-2.0317695e-05	8.4752217e-06	-2.3866481e-07	5.1898048e-05	2.7917732e-05	-0.00029032091	-0.00029039975	0.0002714852
-0.12	0.88	-0.096	0	0	1.0133688	0	0	0	1.0152396	0.90535471	-0.00015595628	-0.00016799041	-1.8372456e-05	-0.00019335257	1.1637817e-07	8.7948025e-06	-2.035703e-05	8.6681939e-06	-2.422079e-07	5.2027371e-05	2.8498553e-05	-0.00029034321	-0.00029041942	0.00026243303
-0.122	0.878	-0.0976	0	0	1.0132914	0	0	0	1.0152479	0.90323542	-0.00015633372	-0.00016754129	-1.8397543e-05	-0.00019326021	1.1176075e-07	8.9799935e-06	-2.039469e-05	8.85584e-06	-2.4575647e-07	5.2155906e-05	2.907941e-05	-0.0002903613	-0.0002904349	0.0002533968
-0.124	0.876	-0.0992	0	0	1.0132119	0	0	0	1.0152569	0.90111531	-0.00015670896	-0.00016708992	-1.84212e-05	-0.00019316447	1.0720479e-07	9.1600868e-06	-2.0430762e-05	9.0383865e-06	-2.4931011e-07	5.228369e-05	2.9660293e-05	-0.0002903754	-0.00029044638	0.00024437956
-0.126	0.874	-0.1008	0	0	1.0131304	0	0	0	1.0152668	0.8989944	-0.0001570821	-0.00016663642	-1.8443503e-05	-0.00019306549	1.0271028e-07	9.3352953e-06	-2.046533e-05	9.2160478e-06	-2.5286844e-07	5.2410754e-05	3.0241195e-05	-0.0002903857	-0.00029045407	0.00023538408
-0.128	0.872	-0.1024	0	0	1.0130469	0	0	0	1.0152775	0.8968727	-0.00015745323	-0.0001661809	-1.8464524e-05	-0.00019296336	9.8277121e-08	9.5058209e-06	-2.049847e-05	9.3890273e-06	-2.5643114e-07	5.2537129e-05	3.0822109e-05	-0.00029039238	-0.00029045814	0.00022641287
-0.13	0.87	-0.104	0	0	1.0129613	0	0	0	1.015289	0.89475022	-0.00015782244	-0.00016572346	-1.8484328e-05	-0.0001928582	9.3905162e-08	9.671855e-06	-2.0530253e-05	9.5575175e-06	-2.599979e-07	5.2662844e-05	3.1403028e-05	-0.00029039559	-0.00029045876	0.00021746824
-0.132	0.868	-0.1056	0	0	1.0128737	0	0	0	1.0153014	0.89262697	-0.0001581898	-0.00016526418	-1.8502977e-05	-0.00019275009	8.9594188e-08	9.8335789e-06	-2.0560744e-05	9.7217014e-06	-2.6356846e-07	5.2787924e-05	3.1983944e-05	-0.0002903955	-0.00029045607	0.00020855228
-0.134	0.866	-0.1072	0	0	1.0127841	0	0	0	1.0153145	0.89050296	-0.00015855538	-0.00016480316	-1.8520528e-05	-0.00019263912	8.5343938e-08	9.9911651e-06	-2.0590005e-05	9.8817526e-06	-2.6714259e-07	5.2912394e-05	3.2564852e-05	-0.00029039223	-0.00029045023	0.0001996669
-0.136	0.864	-0.1088	0	0	1.0126925	0	0	0	1.0153284	0.88837821	-0.00015891927	-0.00016434046	-1.8537038e-05	-0.00019252535	8.1154107e-08	1.0144777e-05	-2.0618096e-05	1.0037836e-05	-2.7072008e-07	5.3036277e-05	3.3145745e-05	-0.00029038593	-0.00029044135	0.00019081385
-0.138	0.862	-0.1104	0	0	1.0125989	0	0	0	1.0153432	0.88625272	-0.00015928151	-0.00016387617	-1.8552556e-05	-0.00019240887	7.7024358e-08	1.0294572e-05	-2.0645072e-05	1.019011e-05	-2.7430077e-07	5.3159595e-05	3.3726618e-05	-0.00029037672	-0.00029042957	0.00018199471
-0.14	0.86	-0.112	0	0	1.0125032	0	0	0	1.0153588	0.8841265	-0.00015964218	-0.00016341034	-1.8567132e-05	-0.00019228973	7.2954322e-08	1.0440697e-05	-2.0670984e-05	1.0338722e-05	-2.7788449e-07	5.3282369e-05	3.4307464e-05	-0.0002903647	-0.000290415	0.00017321097
-0.142	0.858	-0.1136	0	0	1.0124056	0	0	0	1.0153752	0.88199956	-0.00016000132	-0.00016294304	-1.8580814e-05	-0.000192168	6.8943606e-08	1.0583294e-05	-2.0695884e-05	1.0483817e-05	-2.8147112e-07	5.3404617e-05	3.4888278e-05	-0.00029034999	-0.00029039775	0.00016446398
-0.144	0.856	-0.1152	0	0	1.0123059	0	0	0	1.0153924	0.8798719	-0.00016035901	-0.00016247432	-1.8593646e-05	-0.00019204371	6.4991796e-08	1.0722499e-05	-2.0719819e-05	1.062553e-05	-2.8506057e-07	5.3526358e-05	3.5469055e-05	-0.00029033268	-0.0002903779	0.000155755
-0.146	0.854	-0.1168	0	0	1.0122042	0	0	0	1.0154105	0.87774353	-0.00016071527	-0.00016200424	-1.8605671e-05	-0.00019191694	6.1098461e-08	1.0858442e-05	-2.0742835e-05	1.0763993e-05	-2.8865274e-07	5.3647609e-05	3.6049789e-05	-0.00029031286	-0.00029035557	0.00014708519
-0.148	0.852	-0.1184	0	0	1.0121005	0	0	0	1.0154293	0.87561447	-0.00016107017	-0.00016153284	-1.8616932e-05	-0.00019178771	5.7263158e-08	1.0991246e-05	-2.0764979e-05	1.0899331e-05	-2.9224759e-07	5.3768385e-05	3.6630477e-05	-0.00029029063	-0.00029033083	0.00013845567
-0.15	0.85	-0.12	0	0	1.0119948	0	0	0	1.015449	0.8734847	-0.00016142375	-0.00016106018	-1.8627469e-05	-0.00019165608	5.3485434e-08	1.1121031e-05	-2.0786292e-05	1.1031663e-05	-2.958451e-07	5.3888703e-05	3.7211113e-05	-0.00029026607	-0.00029030377	0.00012986747
-0.152	0.848	-0.1216	0	0	1.0118871	0	0	0	1.0154694	0.87135425	-0.00016177605	-0.00016058628	-1.8637323e-05	-0.00019152208	4.9764829e-08	1.1247911e-05	-2.080682e-05	1.1161106e-05	-2.9944524e-07	5.4008576e-05	3.7791692e-05	-0.00029023924	-0.00029027446	0.00012132161
-0.154	0.846	-0.1232	0	0	1.0117773	0	0	0	1.0154907	0.86922311	-0.00016212711	-0.00016011121	-1.8646533e-05	-0.00019138574	4.6100878e-08	1.1371998e-05	-2.0826603e-05	1.128777e-05	-3.0304806e-07	5.4128018e-05	3.837221e-05	-0.00029021023	-0.00029024298	0.00011281904
-0.156	0.844	-0.1248	0	0	1.0116656	0	0	0	1.0155128	0.8670913	-0.00016247697	-0.00015963498	-1.8655137e-05	-0.00019124711	4.2493117e-08	1.1493398e-05	-2.0845684e-05	1.1411765e-05	-3.066536e-07	5.4247043e-05	3.8952664e-05	-0.00029017911	-0.00029020939	0.00010436073
-0.158	0.842	-0.1264	0	0	1.0115518	0	0	0	1.0155357	0.86495881	-0.00016282566	-0.00015915764	-1.8663175e-05	-0.0001911062	3.8941081e-08	1.1612215e-05	-2.0864104e-05	1.1533195e-05	-3.1026195e-07	5.4365661e-05	3.9533048e-05	-0.00029014593	-0.00029017377	9.5947628e-05
-0.16	0.84	-0.128	0	0	1.011436	0	0	0	1.0155595	0.86282565	-0.00016317323	-0.00015867922	-1.8670686e-05	-0.00019096306	3.5444311e-08	1.172855e-05	-2.0881907e-05	1.1652161e-05	-3.1387322e-07	5.4483886e-05	4.0113359e-05	-0.00029011075	-0.00029013616	8.7580689e-05
-0.162	0.838	-0.1296	0	0	1.0113182	0	0	0	1.015584	0.86069183	-0.0001635197	-0.00015819975	-1.8677709e-05	-0.00019081769	3.2002352e-08	1.1842502e-05	-2.0899134e-05	1.1768763e-05	-3.1748757e-07	5.4601728e-05	4.0693593e-05	-0.00029007364	-0.00029009663	7.9260894e-05
-0.164	0.836	-0.1312	0	0	1.0111984	0	0	0	1.0156093	0.85855735	-0.0001638651	-0.00015771926	-1.8684285e-05	-0.00019067014	2.8614757e-08	1.1954167e-05	-2.0915829e-05	1.1883098e-05	-3.211052e-07	5.4719197e-05	4.1273745e-05	-0.00029003465	-0.00029005524	7.098926e-05
-0.166	0.834	-0.1328	0	0	1.0110765	0	0	0	1.0156355	0.85642221	-0.00016420947	-0.00015723777	-1.8690454e-05	-0.00019052041	2.5281092e-08	1.206364e-05	-2.0932037e-05	1.1995262e-05	-3.2472634e-07	5.4836305e-05	4.1853814e-05	-0.00028999383	-0.00029001203	6.2766855e-05
-0.168	0.832	-0.1344	0	0	1.0109526	0	0	0	1.0156624	0.85428643	-0.00016455283	-0.00015675532	-1.8696259e-05	-0.00019036853	2.2000933e-08	1.2171015e-05	-2.0947804e-05	1.210535e-05	-3.283513e-07	5.495306e-05	4.2433794e-05	-0.00028995122	-0.00028996705	5.459481e-05
-0.17	0.83	-0.136	0	0	1.0108267	0	0	0	1.0156901	0.85215001	-0.00016489521	-0.00015627192	-1.8701745e-05	-0.00019021451	1.8773876e-08	1.2276386e-05	-2.0963179e-05	1.2213455e-05	-3.3198042e-07	5.5069471e-05	4.3013682e-05	-0.00028990688	-0.00028992035	4.6474336e-05
-0.172	0.828	-0.1376	0	0	1.0106988	0	0	0	1.0157187	0.85001294	-0.00016523663	-0.00015578759	-1.8706957e-05	-0.00019005838	1.5599532e-08	1.2379846e-05	-2.0978213e-05	1.2319672e-05	-3.3561411e-07	5.5185548e-05	4.3593475e-05	-0.00028986084	-0.00028987197	3.8406742e-05
-0.174	0.826	-0.1392	0	0	1.0105689	0	0	0	1.0157481	0.84787524	-0.00016557712	-0.00015530236	-1.8711945e-05	-0.00018990014	1.2477534e-08	1.2481489e-05	-2.0992959e-05	1.2424096e-05	-3.3925287e-07	5.5301299e-05	4.417317e-05	-0.00028981314	-0.00028982195	3.0393448e-05
-0.176	0.824	-0.1408	0	0	1.0104369	0	0	0	1.0157782	0.84573692	-0.0001659167	-0.00015481624	-1.8716762e-05	-0.00018973981	9.4075419e-09	1.258141e-05	-2.1007475e-05	1.2526822e-05	-3.4289727e-07	5.5416731e-05	4.4752763e-05	-0.00028976383	-0.00028977034	2.2436007e-05
-0.178	0.822	-0.1424	0	0	1.0103029	0	0	0	1.0158092	0.84359797	-0.0001662554	-0.00015432926	-1.8721462e-05	-0.0001895774	6.3892431e-09	1.2679707e-05	-2.1021824e-05	1.2627948e-05	-3.4654799e-07	5.5531854e-05	4.5332251e-05	-0.00028971294	-0.00028971715	1.453612e-05
-0.18	0.82	-0.144	0	0	1.0101668	0	0	0	1.0158409	0.84145841	-0.00016659323	-0.00015384142	-1.8726109e-05	-0.00018941292	3.4223582e-09	1.277648e-05	-2.1036073e-05	1.2727575e-05	-3.5020581e-07	5.5646673e-05	4.5911631e-05	-0.0002896605	-0.00028966244	6.6956548e-06
-0.182	0.818	-0.1456	0	0	1.0100287	0	0	0	1.0158735	0.83931824	-0.00016693022	-0.00015335274	-1.8730767e-05	-0.00018924637	5.0664643e-10	1.2871834e-05	-2.1050295e-05	1.2825808e-05	-3.5387165e-07	5.5761196e-05	4.6490901e-05	-0.00028960654	-0.00028960623	-1.0833316e-06
-0.184	0.816	-0.1472	0	0	1.0098886	0	0	0	1.0159069	0.83717747	-0.00016726638	-0.00015286323	-1.873551e-05	-0.00018907775	-2.3580891e-09	1.2965876e-05	-2.1064573e-05	1.2922755e-05	-3.5754657e-07	5.587543e-05	4.7070056e-05	-0.00028955109	-0.00028954854	-8.7985769e-06
-0.186	0.814	-0.1488	0	0	1.0097464	0	0	0	1.0159411	0.8350361	-0.00016760174	-0.00015237289	-1.874042e-05	-0.00018890708	-5.1719941e-09	1.3058725e-05	-2.1078997e-05	1.3018535e-05	-3.6123184e-07	5.5989381e-05	4.7649095e-05	-0.00028949418	-0.00028948942	-1.6447595e-05
-0.188	0.812	-0.1504	0	0	1.0096022	0	0	0	1.0159761	0.83289414	-0.00016793631	-0.00015188175	-1.8745587e-05	-0.00018873435	-7.9351544e-09	1.3150503e-05	-2.1093669e-05	1.311327e-05	-3.649289e-07	5.6103057e-05	4.8228014e-05	-0.00028943582	-0.00028942887	-2.402766e-05
-0.19	0.81	-0.152	0	0	1.009456	0	0	0	1.0160119	0.8307516	-0.0001682701	-0.00015138979	-1.8751114e-05	-0.00018855955	-1.0647587e-08	1.3241344e-05	-2.1108702e-05	1.3207096e-05	-3.6863949e-07	5.6216462e-05	4.880681e-05	-0.00028937604	-0.00028936692	-3.1535798e-05
-0.192	0.808	-0.1536	0	0	1.0093077	0	0	0	1.0160485	0.8286085	-0.00016860314	-0.00015089703	-1.8757117e-05	-0.00018838268	-1.3309225e-08	1.3331397e-05	-2.1124229e-05	1.3300159e-05	-3.723656e-07	5.6329603e-05	4.9385482e-05	-0.00028931486	-0.00028930358	-3.896878e-05
-0.194	0.806	-0.1552	0	0	1.0091573	0	0	0	1.016086	0.82646484	-0.00016893543	-0.00015040346	-1.876373e-05	-0.00018820373	-1.5919905e-08	1.3420823e-05	-2.1140397e-05	1.3392623e-05	-3.7610962e-07	5.6442486e-05	4.9964025e-05	-0.00028925228	-0.00028923888	-4.6323139e-05
-0.196	0.804	-0.1568	0	0	1.0090049	0	0	0	1.0161243	0.82432063	-0.00016926699	-0.00014990907	-1.8771107e-05	-0.00018802269	-1.847935e-08	1.3509806e-05	-2.1157381e-05	1.3484671e-05	-3.7987435e-07	5.6555116e-05	5.0542437e-05	-0.00028918831	-0.00028917281	-5.3595197e-05
-0.198	0.802	-0.1584	0	0	1.0088505	0	0	0	1.0161634	0.82217589	-0.00016959784	-0.00014941385	-1.8779428e-05	-0.00018783952	-2.0987138e-08	1.3598553e-05	-2.1175382e-05	1.3576509e-05	-3.8366314e-07	5.6667497e-05	5.1120716e-05	-0.00028912296	-0.00028910539	-6.0781136e-05
-0.2	0.8	-0.16	0	0	1.008694	0	0	0	1.0162034	0.82003064	-0.00016992798	-0.00014891778	-1.8788903e-05	-0.00018765422	-2.3442681e-08	1.3687301e-05	-2.1194636e-05	1.3668376e-05	-3.8747996e-07	5.6779635e-05	5.1698859e-05	-0.00028905622	-0.0002890366	-6.7877112e-05
-0.202	0.798	-0.1616	0	0	1.0085355	0	0	0	1.0162443	0.81788489	-0.00017025743	-0.00014842085	-1.8799782e-05	-0.00018746673	-2.5845182e-08	1.3776329e-05	-2.1215426e-05	1.3760549e-05	-3.9132962e-07	5.6891534e-05	5.2276862e-05	-0.00028898809	-0.00028896645	-7.4879462e-05
-0.204	0.796	-0.1632	0	0	1.0083749	0	0	0	1.016286	0.81573867	-0.00017058618	-0.00014792301	-1.8812367e-05	-0.00018727702	-2.8193587e-08	1.3865963e-05	-2.1238087e-05	1.3853353e-05	-3.9521789e-07	5.7003198e-05	5.2854725e-05	-0.00028891853	-0.0002888949	-8.1785032e-05
-0.206	0.794	-0.1648	0	0	1.0082123	0	0	0	1.0163287	0.813592	-0.00017091425	-0.00014742422	-1.8827017e-05	-0.00018708503	-3.0486518e-08	1.3956591e-05	-2.1263027e-05	1.3947178e-05	-3.9915182e-07	5.7114631e-05	5.3432442e-05	-0.00028884752	-0.00028882193	-8.8591704e-05
-0.208	0.792	-0.1664	0	0	1.0080476	0	0	0	1.0163723	0.81144491	-0.00017124164	-0.00014692443	-1.8844177e-05	-0.00018689067	-3.2722196e-08	1.4048687e-05	-2.1290742e-05	1.4042495e-05	-4.0314008e-07	5.7225833e-05	5.4010012e-05	-0.000288775	-0.00028874749	-9.5299247e-05
-0.21	0.79	-0.168	0	0	1.0078809	0	0	0	1.0164168	0.80929743	-0.00017156832	-0.00014642354	-1.8864393e-05	-0.00018669385	-3.4898321e-08	1.4142827e-05	-2.1321846e-05	1.4139881e-05	-4.0719336e-07	5.7336805e-05	5.4587432e-05	-0.00028870091	-0.00028867149	-0.00010191065
-0.212	0.788	-0.1696	0	0	1.0077122	0	0	0	1.0164624	0.80714963	-0.0001718943	-0.00014592146	-1.8888349e-05	-0.00018649445	-3.7011925e-08	1.4239733e-05	-2.1357107e-05	1.4240056e-05	-4.1132505e-07	5.7447546e-05	5.5164698e-05	-0.00028862513	-0.00028859384	-0.00010843426
-0.214	0.786	-0.1712	0	0	1.0075415	0	0	0	1.016509	0.80500154	-0.00017221954	-0.00014541805	-1.8916912e-05	-0.00018629228	-3.9059166e-08	1.4340315e-05	-2.1397495e-05	1.4343928e-05	-4.1555204e-07	5.7558051e-05	5.5741807e-05	-0.00028854753	-0.00028851438	-0.00011488711
-0.216	0.784	-0.1728	0	0	1.0073687	0	0	0	1.0165568	0.80285323	-0.00017254399	-0.00014491311	-1.8951196e-05	-0.00018608714	-4.1035049e-08	1.4445741e-05	-2.1444256e-05	1.4452664e-05	-4.1989592e-07	5.7668307e-05	5.6318756e-05	-0.00028846789	-0.0002884329	-0.00012130023
-0.218	0.782	-0.1744	0	0	1.007194	0	0	0	1.0166057	0.8007048	-0.00017286757	-0.00014440639	-1.899265e-05	-0.0001858787	-4.2933041e-08	1.4557536e-05	-2.1499012e-05	1.4567789e-05	-4.2438459e-07	5.7778296e-05	5.6895539e-05	-0.00028838592	-0.00028834909	-0.0001277269
-0.22	0.78	-0.176	0	0	1.0070173	0	0	0	1.016656	0.79855635	-0.00017319015	-0.00014389754	-1.9043195e-05	-0.00018566657	-4.4744535e-08	1.4677724e-05	-2.1563901e-05	1.4691325e-05	-4.2905452e-07	5.7887983e-05	5.7472152e-05	-0.00028830121	-0.00028826251	-0.00013425515
-0.222	0.778	-0.1776	0	0	1.0068386	0	0	0	1.0167078	0.79640802	-0.00017351152	-0.00014338607	-1.9105404e-05	-0.00018545015	-4.6458131e-08	1.4809038e-05	-2.164179e-05	1.4826004e-05	-4.3395394e-07	5.7997309e-05	5.8048589e-05	-0.00028821313	-0.00028817249	-0.00014102557
-0.224	0.776	-0.1792	0	0	1.0066581	0	0	0	1.0167612	0.79425999	-0.00017383132	-0.00014287127	-1.9182775e-05	-0.00018522862	-4.8058698e-08	1.495522e-05	-2.1736559e-05	1.4975571e-05	-4.3914711e-07	5.8106175e-05	5.8624842e-05	-0.00028812076	-0.00028807805	-0.00014825188
-0.226	0.774	-0.1808	0	0	1.0064757	0	0	0	1.0168166	0.79211246	-0.00017414899	-0.00014235217	-1.9280093e-05	-0.00018500081	-4.9526289e-08	1.5121449e-05	-2.1853499e-05	1.514521e-05	-4.4471981e-07	5.8214412e-05	5.9200901e-05	-0.00028802273	-0.00028797773	-0.00015622841
-0.228	0.772	-0.1824	0	0	1.0062914	0	0	0	1.016874	0.78996569	-0.00017446357	-0.00014182732	-1.9403861e-05	-0.000184765	-5.0835311e-08	1.531488e-05	-2.199977e-05	1.5342088e-05	-4.5078473e-07	5.8321729e-05	5.9776753e-05	-0.0002879169	-0.00028786933	-0.0001652638
-0.23	0.77	-0.184	0	0	1.0061054	0	0	0	1.0169339	0.78781994	-0.00017477345	-0.00014129472	-1.9562621e-05	-0.00018451874	-5.1955297e-08	1.5545132e-05	-2.2184709e-05	1.5575859e-05	-4.5748278e-07	5.842763e-05	6.0352379e-05	-0.00028780007	-0.00028774961	-0.00017536527
-0.232	0.768	-0.1856	0	0	1.0059177	0	0	0	1.0169965	0.78567537	-0.00017507608	-0.00014075169	-1.9766521e-05	-0.00018425876	-5.2856651e-08	1.5824091e-05	-2.2419282e-05	1.585847e-05	-4.6496779e-07	5.85313e-05	6.0927751e-05	-0.00028766757	-0.00028761426	-0.00018533575
-0.234	0.766	-0.1872	0	0	1.0057281	0	0	0	1.0170617	0.78353182	-0.00017536768	-0.00014019521	-2.0024736e-05	-0.00018398121	-5.3527009e-08	1.6163488e-05	-2.271314e-05	1.6201763e-05	-4.7335201e-07	5.863152e-05	6.1502836e-05	-0.00028751332	-0.00028745834	-0.00019124974
-0.236	0.764	-0.1888	0	0	1.0055364	0	0	0	1.0171286	0.7813885	-0.00017564386	-0.00013962308	-2.0339535e-05	-0.00018368308	-5.3998798e-08	1.6568616e-05	-2.306803e-05	1.6611193e-05	-4.8260155e-07	5.8726819e-05	6.2077585e-05	-0.00028733133	-0.00028727784	-0.00018621147
-0.238	0.762	-0.1904	0	0	1.0053421	0	0	0	1.0171959	0.77924397	-0.00017590134	-0.00013903567	-2.0700106e-05	-0.00018336431	-5.4365238e-08	1.7030937e-05	-2.3471176e-05	1.7078385e-05	-4.9245389e-07	5.8816052e-05	6.2651947e-05	-0.00028711877	-0.00028707151	-0.00016462768
-0.24	0.76	-0.192	0	0	1.0051449	0	0	0	1.017262	0.7770967	-0.00017613992	-0.0001384364	-2.1084499e-05	-0.00018302857	-5.4749978e-08	1.7528695e-05	-2.3897825e-05	1.7581667e-05	-5.0249442e-07	5.8899056e-05	6.3225871e-05	-0.00028687817	-0.00028684154	-0.00012773293
-0.242	0.758	-0.1936	0	0	1.0049445	0	0	0	1.0173257	0.77494576	-0.0001763623	-0.00013783003	-2.147018e-05	-0.00018268136	-5.5249889e-08	1.8037539e-05	-2.4323097e-05	1.8096664e-05	-5.1235482e-07	5.8976633e-05	6.3799313e-05	-0.00028661589	-0.00028659231	-8.229957e-05
-0.244	0.756	-0.1952	0	0	1.0047409	0	0	0	1.0173869	0.77279093	-0.00017657218	-0.00013722061	-2.1842011e-05	-0.00018232757	-5.590941e-08	1.8539754e-05	-2.4730627e-05	1.8605576e-05	-5.2182674e-07	5.9049973e-05	6.437224e-05	-0.00028633875	-0.00028632872	-3.50382e-05
-0.246	0.754	-0.1968	0	0	1.0045342	0	0	0	1.0174457	0.77063248	-0.00017677291	-0.00013661081	-2.2192748e-05	-0.00018197053	-5.6732821e-08	1.9025765e-05	-2.5112861e-05	1.9098728e-05	-5.3084097e-07	5.9120163e-05	6.4944628e-05	-0.00028605212	-0.00028605502	1.0114651e-05
-0.248	0.752	-0.1984	0	0	1.0043245	0	0	0	1.0175025	0.76847082	-0.00017696698	-0.0001360021	-2.2520229e-05	-0.00018161216	-5.7704757e-08	1.9491646e-05	-2.5467805e-05	1.9572108e-05	-5.3940516e-07	5.9188029e-05	6.551646e-05	-0.00028575965	-0.00028577439	5.1566895e-05
-0.25	0.75	-0.2	0	0	1.004112	0	0	0	1.0175577	0.76630638	-0.0001771561	-0.00013539527	-2.2824842e-05	-0.00018125355	-5.8803608e-08	1.9936539e-05	-2.5796196e-05	2.0024797e-05	-5.4755825e-07	5.9254154e-05	6.6087726e-05	-0.00028546368	-0.00028548908	8.898099e-05
-0.252	0.748	-0.2016	0	0	1.0038967	0	0	0	1.0176116	0.76413951	-0.00017734147	-0.00013479065	-2.310804e-05	-0.00018089522	-6.0007771e-08	2.0361036e-05	-2.6099867e-05	2.0457336e-05	-5.5534719e-07	5.9318942e-05	6.6658416e-05	-0.00028516567	-0.00028520062	0.00012254805
-0.254	0.746	-0.2032	0	0	1.0036788	0	0	0	1.0176644	0.76197053	-0.0001775239	-0.00013418839	-2.3371609e-05	-0.00018053743	-6.1297924e-08	2.076632e-05	-2.6380956e-05	2.0870878e-05	-5.6281719e-07	5.938267e-05	6.7228528e-05	-0.00028486655	-0.00028491004	0.00015263426
-0.256	0.744	-0.2048	0	0	1.0034583	0	0	0	1.0177165	0.75979969	-0.00017770394	-0.00013358849	-2.3617336e-05	-0.00018018029	-6.2657546e-08	2.115376e-05	-2.6641561e-05	2.1266763e-05	-5.7000837e-07	5.9445534e-05	6.7798057e-05	-0.00028456691	-0.00028461804	0.00017963227
-0.258	0.742	-0.2064	0	0	1.0032354	0	0	0	1.0177681	0.75762718	-0.00017788199	-0.00013299093	-2.3846881e-05	-0.0001798238	-6.4072768e-08	2.1524714e-05	-2.6883607e-05	2.1646334e-05	-5.7695516e-07	5.9507673e-05	6.8367e-05	-0.00028426711	-0.00028432509	0.00020390603
-0.26	0.74	-0.208	0	0	1.0030099	0	0	0	1.0178192	0.75545319	-0.00017805834	-0.00013239564	-2.4061736e-05	-0.00017946793	-6.5532018e-08	2.1880453e-05	-2.710881e-05	2.2010847e-05	-5.8368669e-07	5.9569185e-05	6.8935357e-05	-0.0002839674	-0.00028403153	0.00022577471
-0.262	0.738	-0.2096	0	0	1.002782	0	0	0	1.01787	0.75327784	-0.00017823318	-0.00013180252	-2.426322e-05	-0.00017911263	-6.7025643e-08	2.2222137e-05	-2.7318677e-05	2.2361451e-05	-5.9022752e-07	5.9630145e-05	6.9503126e-05	-0.00028366791	-0.00028373757	0.00024551204
-0.264	0.736	-0.2112	0	0	1.0025517	0	0	0	1.0179206	0.75110126	-0.00017840668	-0.00013121151	-2.4452495e-05	-0.00017875783	-6.854557e-08	2.2550806e-05	-2.7514531e-05	2.269918e-05	-5.9659837e-07	5.9690607e-05	7.0070307e-05	-0.00028336873	-0.00028344337	0.00026335088
-0.266	0.734	-0.2128	0	0	1.0023189	0	0	0	1.0179712	0.74892352	-0.00017857893	-0.00013062251	-2.4630581e-05	-0.00017840346	-7.0085022e-08	2.2867391e-05	-2.769753e-05	2.3024958e-05	-6.0281679e-07	5.9750611e-05	7.06369e-05	-0.00028306991	-0.00028314905	0.00027948916
-0.268	0.732	-0.2144	0	0	1.0020838	0	0	0	1.0180217	0.74674473	-0.00017875003	-0.00013003546	-2.4798378e-05	-0.00017804945	-7.1638289e-08	2.3172723e-05	-2.7868688e-05	2.3339612e-05	-6.0889771e-07	5.9810189e-05	7.1202903e-05	-0.00028277148	-0.00028285466	0.00029409554
-0.27	0.73	-0.216	0	0	1.0018464	0	0	0	1.0180722	0.74456494	-0.00017892004	-0.00012945027	-2.4956681e-05	-0.00017769572	-7.3200537e-08	2.3467543e-05	-2.8028902e-05	2.3643879e-05	-6.1485389e-07	5.9869364e-05	7.1768318e-05	-0.00028247343	-0.00028256027	0.00030731442
-0.272	0.728	-0.2176	0	0	1.0016065	0	0	0	1.0181229	0.74238421	-0.000179089	-0.00012886688	-2.5106193e-05	-0.00017734222	-7.4767661e-08	2.3752518e-05	-2.8178963e-05	2.3938424e-05	-6.2069631e-07	5.9928153e-05	7.2333145e-05	-0.00028217577	-0.00028226589	0.00031927002
-0.274	0.726	-0.2192	0	0	1.0013644	0	0	0	1.0181737	0.7402026	-0.00017925694	-0.00012828523	-2.5247541e-05	-0.00017698888	-7.6336162e-08	2.4028244e-05	-2.8319575e-05	2.4223842e-05	-6.2643446e-07	5.9986571e-05	7.2897382e-05	-0.00028187848	-0.00028197155	0.00033006983
-0.276	0.724	-0.2208	0	0	1.0011198	0	0	0	1.0182246	0.73802016	-0.0001794239	-0.00012770525	-2.5381286e-05	-0.00017663564	-7.7903051e-08	2.429526e-05	-2.8451364e-05	2.4500668e-05	-6.3207659e-07	6.0044628e-05	7.3461031e-05	-0.00028158154	-0.00028167726	0.00033980739
-0.278	0.722	-0.2224	0	0	1.000873	0	0	0	1.0182758	0.73583691	-0.0001795899	-0.0001271269	-2.5507932e-05	-0.00017628245	-7.9465769e-08	2.4554053e-05	-2.8574892e-05	2.4769391e-05	-6.376299e-07	6.0102331e-05	7.4024091e-05	-0.00028128492	-0.000281383	0.00034856452
-0.28	0.72	-0.224	0	0	1.0006238	0	0	0	1.0183272	0.73365291	-0.00017975494	-0.00012655011	-2.5627931e-05	-0.00017592926	-8.102212e-08	2.4805065e-05	-2.8690666e-05	2.503045e-05	-6.431007e-07	6.0159687e-05	7.4586563e-05	-0.00028098861	-0.00028108879	0.00035641321
-0.282	0.718	-0.2256	0	0	1.0003723	0	0	0	1.0183788	0.73146817	-0.00017991903	-0.00012597486	-2.5741694e-05	-0.00017557601	-8.2570221e-08	2.50487e-05	-2.8799141e-05	2.528425e-05	-6.4849455e-07	6.0216699e-05	7.5148446e-05	-0.00028069256	-0.0002807946	0.00036341703
-0.284	0.716	-0.2272	0	0	1.0001184	0	0	0	1.0184307	0.72928274	-0.00018008219	-0.00012540108	-2.5849595e-05	-0.00017522266	-8.4108455e-08	2.5285326e-05	-2.8900732e-05	2.5531156e-05	-6.5381639e-07	6.0273371e-05	7.5709741e-05	-0.00028039675	-0.00028050043	0.00036963247
-0.286	0.714	-0.2288	0	0	0.99986219	0	0	0	1.018483	0.72709662	-0.00018024441	-0.00012482875	-2.5951971e-05	-0.00017486917	-8.5635432e-08	2.5515279e-05	-2.8995814e-05	2.5771508e-05	-6.5907058e-07	6.0329704e-05	7.6270448e-05	-0.00028010116	-0.00028020627	0.00037510988
-0.288	0.712	-0.2304	0	0	0.99960366	0	0	0	1.0185355	0.72490986	-0.00018040569	-0.00012425782	-2.6049135e-05	-0.00017451549	-8.7149964e-08	2.5738871e-05	-2.9084731e-05	2.6005615e-05	-6.6426102e-07	6.03857e-05	7.6830566e-05	-0.00027980576	-0.00027991209	0.00037989435
-0.29	0.71	-0.232	0	0	0.99934278	0	0	0	1.0185884	0.72272246	-0.00018056604	-0.00012368827	-2.6141369e-05	-0.00017416159	-8.8651035e-08	2.5956387e-05	-2.9167797e-05	2.6233763e-05	-6.6939118e-07	6.0441359e-05	7.7390096e-05	-0.00027951051	-0.00027961789	0.00038402641
-0.292	0.708	-0.2336	0	0	0.99907957	0	0	0	1.0186416	0.72053445	-0.00018072544	-0.00012312005	-2.6228936e-05	-0.00017380744	-9.0137778e-08	2.6168092e-05	-2.9245301e-05	2.6456218e-05	-6.7446419e-07	6.0496681e-05	7.7949038e-05	-0.00027921539	-0.00027932364	0.00038754259
-0.294	0.706	-0.2352	0	0	0.99881401	0	0	0	1.0186952	0.71834585	-0.00018088391	-0.00012255314	-2.6312077e-05	-0.00017345299	-9.1609458e-08	2.6374232e-05	-2.9317509e-05	2.6673225e-05	-6.7948285e-07	6.0551666e-05	7.8507391e-05	-0.00027892037	-0.00027902932	0.00039047597
-0.296	0.704	-0.2368	0	0	0.99854611	0	0	0	1.0187492	0.71615668	-0.00018104142	-0.00012198751	-2.6391015e-05	-0.00017309822	-9.3065455e-08	2.6575034e-05	-2.9384665e-05	2.6885013e-05	-6.844497e-07	6.0606313e-05	7.9065155e-05	-0.00027862543	-0.00027873493	0.00039285656
-0.298	0.702	-0.2384	0	0	0.99827585	0	0	0	1.0188035	0.71396694	-0.00018119799	-0.00012142314	-2.6465956e-05	-0.00017274309	-9.4505251e-08	2.6770711e-05	-2.9446996e-05	2.7091793e-05	-6.8936701e-07	6.0660619e-05	7.9622331e-05	-0.00027833053	-0.00027844043	0.00039471167
-0.3	0.7	-0.24	0	0	0.99800325	0	0	0	1.0188582	0.71177665	-0.00018135359	-0.00012085999	-2.6537092e-05	-0.00017238759	-9.5928416e-08	2.696146e-05	-2.9504711e-05	2.7293766e-05	-6.9423684e-07	6.0714585e-05	8.0178917e-05	inf	inf	inf
