lambda	F11	F12	F13	F21	F22	F23	F31	F32	F33	J	P11	P12	P13	P21	P22	P23	P31	P32	P33	p	StrEn	t(1)	t(2)	d
0	1	0	0	0	1	0	0	0	1	1	0	0	0	0	0	0	0	0	0	-0	0	inf	inf	inf
0.002	1.002	0	0	0	1.00066	0	0	0	0.99838521	1.0010422	1.3913805e-05	-1.5860179e-07	-7.6592915e-09	-1.5272633e-07	8.5381194e-06	1.7697831e-08	-2.1829271e-08	3.663336e-09	-1.6551517e-09	-7.4834231e-06	1.6665423e-08	1.673274e-05	1.6717913e-05	-0.00088688077
0.004	1.004	0	0	0	1.00132	0	0	0	0.99672518	1.002033	2.7844247e-05	-3.1829494e-07	-1.2472264e-08	-3.0589526e-07	1.6937795e-05	3.0753521e-08	-4.2320803e-08	1.1008261e-08	-3.0341783e-09	-1.4926336e-05	6.6871651e-08	3.3436283e-05	3.3361462e-05	-0.0022427339
0.006	1.006	0	0	0	1.00198	0	0	0	0.99500529	1.0029573	4.1608643e-05	-4.746306e-07	-1.578743e-08	-4.5574582e-07	2.5102715e-05	3.6085269e-08	-5.9962754e-08	1.7233955e-08	-2.9744409e-09	-2.2236128e-05	1.5011127e-07	4.9895106e-05	4.9859996e-05	-0.00070417185
0.008	1.008	0	0	0	1.00264	0	0	0	0.99327298	1.0038624	5.5458927e-05	-6.2629953e-07	-1.7648577e-08	-6.010129e-07	3.3304226e-05	3.9415468e-08	-7.6327383e-08	2.4315619e-08	-3.2530154e-09	-2.9586633e-05	2.6631164e-07	6.6452146e-05	6.6393587e-05	-0.00088200548
0.01	1.01	0	0	0	1.0033	0	0	0	0.9915314	1.0047515	6.939584e-05	-7.7285364e-07	-1.8257368e-08	-7.4125364e-07	4.1554245e-05	4.1235512e-08	-9.1415909e-08	3.2028254e-08	-3.8239169e-09	-3.6982087e-05	4.1568562e-07	8.311208e-05	8.3029163e-05	-0.0009986541
0.012	1.012	0	0	0	1.00396	0	0	0	0.98978056	1.0056245	8.3408502e-05	-9.1420012e-07	-1.7749907e-08	-8.7635971e-07	4.9849035e-05	4.1434997e-08	-1.0524008e-07	3.9936611e-08	-4.6265884e-09	-4.4417637e-05	5.9842829e-07	9.9862745e-05	9.9756183e-05	-0.0010682287
0.014	1.014	0	0	0	1.00462	0	0	0	0.98801994	1.0064808	9.7486375e-05	-1.0504154e-06	-1.620521e-08	-1.0063931e-06	5.8184905e-05	3.9663197e-08	-1.1782469e-07	4.7511938e-08	-5.6203409e-09	-5.1888553e-05	8.1471035e-07	0.00011669236	0.00011656279	-0.0011115912
0.016	1.016	0	0	0	1.00528	0	0	0	0.98624858	1.0073193	0.00011161845	-1.1816671e-06	-1.3660391e-08	-1.1315114e-06	6.655997e-05	3.532828e-08	-1.2919293e-07	5.4061799e-08	-6.7764423e-09	-5.9390547e-05	1.0646794e-06	0.00013358926	0.00013343719	-0.0011396252
0.018	1.018	0	0	0	1.00594	0	0	0	0.98446496	1.0081383	0.0001257914	-1.30818e-06	-1.0116755e-08	-1.2519317e-06	7.4975066e-05	2.7536592e-08	-1.3935957e-07	5.8633279e-08	-8.074201e-09	-6.6919465e-05	1.3484591e-06	0.00015054041	0.00015036619	-0.0011585909
0.02	1.02	0	0	0	1.0066	0	0	0	0.98266655	1.0089352	0.00013998675	-1.430227e-06	-5.5381665e-09	-1.3679162e-06	8.3435098e-05	1.4998442e-08	-1.4832665e-07	5.9889976e-08	-9.4998876e-09	-7.4470781e-05	1.6661442e-06	0.00016752892	0.00016733265	-0.0011728946
0.022	1.022	0	0	0	1.00726	0	0	0	0.98084906	1.0097054	0.0001541759	-1.5481391e-06	1.580737e-10	-1.4797738e-06	9.195156e-05	-4.0668492e-09	-1.5607981e-07	5.5978262e-08	-1.1047964e-08	-8.2038803e-05	2.0177897e-06	0.00018453002	0.00018431133	-0.0011865732
0.024	1.024	0	0	0	1.00792	0	0	0	0.97900507	1.010441	0.0001683117	-1.6623384e-06	7.1172882e-09	-1.5878769e-06	0.00010054713	-3.1898918e-08	-1.6258518e-07	4.448724e-08	-1.2724794e-08	-8.9615368e-05	2.4033895e-06	0.00020150411	0.00020126189	-0.0012035086
0.026	1.026	0	0	0	1.00858	0	0	0	0.97712202	1.0111289	0.00018231602	-1.7733914e-06	1.5561096e-08	-1.6926883e-06	0.0001092625	-7.0640425e-08	-1.6779187e-07	2.2868392e-08	-1.4554146e-08	-9.718799e-05	2.8228373e-06	0.00021838656	0.0002181197	-0.0012234621
0.028	1.028	0	0	0	1.00924	0	0	0	0.97518095	1.011749	0.00019607222	-1.8820374e-06	2.5757885e-08	-1.7947587e-06	0.00011816055	-1.2049933e-07	-1.7165656e-07	-9.9147834e-09	-1.6578214e-08	-0.00010473873	3.2758683e-06	0.00023508162	0.00023479278	-0.0012302008
0.03	1.03	0	0	0	1.0099	0	0	0	0.97316102	1.0122792	0.00020945267	-1.9890502e-06	3.7875343e-08	-1.8946047e-06	0.00012731073	-1.7678007e-07	-1.7421157e-07	-5.0435424e-08	-1.8838168e-08	-0.00011224819	3.7620084e-06	0.00025148466	0.00025118529	-0.0011918221
0.032	1.032	0	0	0	1.01056	0	0	0	0.97105221	1.0127083	0.0002223961	-2.0948692e-06	5.1768018e-08	-1.9924655e-06	0.00013674536	-2.297252e-07	-1.756361e-07	-9.0131362e-08	-2.1334229e-08	-0.00011970671	4.2806095e-06	0.00026754499	0.00026724913	-0.0011070404
0.034	1.034	0	0	0	1.01122	0	0	0	0.9688626	1.0130442	0.00023495145	-2.1994039e-06	6.6993645e-08	-2.0882315e-06	0.00014643479	-2.701111e-07	-1.7621534e-07	-1.2023532e-07	-2.4015187e-08	-0.00012712074	4.8310049e-06	0.0002833016	0.00028301325	-0.0010188641
0.036	1.036	0	0	0	1.01188	0	0	0	0.96660975	1.0133044	0.00024722548	-2.3022927e-06	8.3073831e-08	-2.1816635e-06	0.00015631692	-2.9386549e-07	-1.7621608e-07	-1.3642605e-07	-2.681506e-08	-0.00013450519	5.4126625e-06	0.00029884058	0.00029855486	-0.00095700593
0.038	1.038	0	0	0	1.01254	0	0	0	0.96431	1.0135057	0.00025931735	-2.4032104e-06	9.9662619e-08	-2.2725892e-06	0.0001663341	-3.0120058e-07	-1.7582354e-07	-1.3842624e-07	-2.9683412e-08	-0.00014187392	6.0252244e-06	0.000314242	0.00031395273	-0.00092137054
0.04	1.04	0	0	0	1.0132	0	0	0	0.96197495	1.0136599	0.00027129751	-2.5019635e-06	1.1654943e-07	-2.3609403e-06	0.00017644506	-2.940964e-07	-1.7515106e-07	-1.2777297e-07	-3.2589249e-08	-0.00014923666	6.6684734e-06	0.00032956266	0.00032926551	-0.00090245096
0.042	1.042	0	0	0	1.01386	0	0	0	0.95961214	1.0137747	0.00028321168	-2.5984675e-06	1.336118e-07	-2.4467236e-06	0.00018662266	-2.7481904e-07	-1.7426682e-07	-1.0640303e-07	-3.5514918e-08	-0.00015659961	7.3422864e-06	0.00034483932	0.00034453181	-0.00089252193
0.044	1.044	0	0	0	1.01452	0	0	0	0.95722639	1.0138548	0.00029508906	-2.6927084e-06	1.5077722e-07	-2.5299885e-06	0.00019684922	-2.4539042e-07	-1.7321346e-07	-7.6107604e-08	-3.8450466e-08	-0.00016396661	8.0466006e-06	0.00036009536	0.00035977623	-0.00088700618
0.046	1.046	0	0	0	1.01518	0	0	0	0.95482082	1.0139035	0.0003069486	-2.7847126e-06	1.6800061e-07	-2.6108069e-06	0.00020711296	-2.0747966e-07	-1.7201947e-07	-3.8395439e-08	-4.1390179e-08	-0.00017134005	8.7813914e-06	0.00037534584	0.00037501453	-0.00088345049
0.048	1.048	0	0	0	1.01584	0	0	0	0.9523975	1.0139227	0.00031880288	-2.8745297e-06	1.8525217e-07	-2.6892611e-06	0.0002174058	-1.6243191e-07	-1.7070539e-07	5.5008242e-09	-4.4330694e-08	-0.00017872145	9.5466588e-06	0.00039060068	0.00039025703	-0.00088058954
0.05	1.05	0	0	0	1.0165	0	0	0	0.94995784	1.0139137	0.00033066046	-2.9622215e-06	2.0251072e-07	-2.7654372e-06	0.00022772202	-1.1132804e-07	-1.6928713e-07	5.4580585e-08	-4.7269971e-08	-0.00018611174	1.0342419e-05	0.00040586657	0.00040551062	-0.0008777879
0.052	1.052	0	0	0	1.01716	0	0	0	0.94750279	1.0138776	0.00034252734	-3.0478561e-06	2.1976014e-07	-2.839422e-06	0.00023805742	-5.5041597e-08	-1.6777794e-07	1.0802857e-07	-5.0206742e-08	-0.00019351152	1.1168701e-05	0.0004211481	0.00042078003	-0.00087474025
0.054	1.054	0	0	0	1.01782	0	0	0	0.94503304	1.0138147	0.00035440777	-3.1315039e-06	2.3698733e-07	-2.9113007e-06	0.00024840885	5.7147705e-09	-1.6618938e-07	1.6517514e-07	-5.3140196e-08	-0.00020092116	1.202554e-05	0.0004364485	0.00043606855	-0.00087131422
0.056	1.056	0	0	0	1.01848	0	0	0	0.94254907	1.0137256	0.00036630487	-3.2132359e-06	2.5418105e-07	-2.9811558e-06	0.00025877386	7.0353465e-08	-1.6453206e-07	2.2546496e-07	-5.6069807e-08	-0.00020834088	1.2912975e-05	0.00045177007	0.00045137852	-0.00086746785
0.058	1.058	0	0	0	1.01914	0	0	0	0.94005123	1.0136104	0.00037822093	-3.2931222e-06	2.7133118e-07	-3.049067e-06	0.00026915051	1.3838477e-07	-1.628159e-07	2.8843285e-07	-5.8995224e-08	-0.00021577081	1.3831054e-05	0.00046711448	0.00046671161	-0.0008632057
0.06	1.06	0	0	0	1.0198	0	0	0	0.93753975	1.0134692	0.00039015768	-3.371231e-06	2.8842836e-07	-3.1151105e-06	0.00027953724	2.0939627e-07	-1.6105043e-07	3.5368529e-07	-6.1916212e-08	-0.000223211	1.4779822e-05	0.00048248293	0.00048206905	-0.00085855525
0.062	1.062	0	0	0	1.02046	0	0	0	0.93501481	1.0133022	0.00040211645	-3.4476284e-06	3.0546372e-07	-3.1793592e-06	0.00028993277	2.8303726e-07	-1.5924492e-07	4.2088628e-07	-6.4832613e-08	-0.00023066146	1.575933e-05	0.00049787633	0.00049745172	-0.0008535542
0.064	1.064	0	0	0	1.02112	0	0	0	0.93247652	1.0131093	0.00041409823	-3.5223783e-06	3.224287e-07	-3.2418828e-06	0.00030033601	3.5900675e-07	-1.5740842e-07	4.8974642e-07	-6.7744321e-08	-0.00023812217	1.6769629e-05	0.00051329532	0.00051286029	-0.00084824362
0.066	1.066	0	0	0	1.02178	0	0	0	0.92992496	1.0128905	0.00042610382	-3.595542e-06	3.3931497e-07	-3.3027476e-06	0.00031074605	4.3704424e-07	-1.5554981e-07	5.6001445e-07	-7.0651264e-08	-0.00024559308	1.7810771e-05	0.00052874039	0.00052829521	-0.00084266427
0.068	1.068	0	0	0	1.02244	0	0	0	0.92736016	1.0126457	0.00043813385	-3.6671782e-06	3.5611437e-07	-3.3620169e-06	0.00032116211	5.1692249e-07	-1.5367787e-07	6.3147056e-07	-7.3553398e-08	-0.00025307413	1.888281e-05	0.00054421191	0.00054375687	-0.00083685479
0.07	1.07	0	0	0	1.0231	0	0	0	0.92478213	1.0123747	0.0004501888	-3.7373434e-06	3.7281892e-07	-3.4197508e-06	0.00033158349	5.9844185e-07	-1.5180121e-07	7.0392115e-07	-7.6450696e-08	-0.00026056528	1.9985798e-05	0.00055971015	0.0005592455	-0.00083085083
0.072	1.072	0	0	0	1.02376	0	0	0	0.92219087	1.0120775	0.00046226907	-3.8060913e-06	3.8942072e-07	-3.4760068e-06	0.00034200961	6.814257e-07	-1.4992835e-07	7.7719463e-07	-7.9343149e-08	-0.00026806644	2.1119792e-05	0.0005752353	0.00057476131	-0.00082468476
0.074	1.074	0	0	0	1.02442	0	0	0	0.91958636	1.0117538	0.00047437499	-3.8734735e-06	4.0591206e-07	-3.5308398e-06	0.00035243992	7.6571689e-07	-1.4806763e-07	8.5113801e-07	-8.2230755e-08	-0.00027557756	2.2284844e-05	0.00059078752	0.00059030443	-0.00081838568
0.076	1.076	0	0	0	1.02508	0	0	0	0.91696856	1.0114036	0.00048650682	-3.9395394e-06	4.2228531e-07	-3.5843018e-06	0.00036287396	8.5117471e-07	-1.4622727e-07	9.2561417e-07	-8.5113523e-08	-0.00028309856	2.3481009e-05	0.00060636692	0.00060587496	-0.00081197955
0.078	1.078	0	0	0	1.02574	0	0	0	0.91433741	1.0110265	0.00049866479	-4.004336e-06	4.3853301e-07	-3.6364428e-06	0.0003733113	9.3767256e-07	-1.444153e-07	1.0004996e-06	-8.799147e-08	-0.00029062937	2.4708344e-05	0.00062197357	0.00062147298	-0.00080548947
0.08	1.08	0	0	0	1.0264	0	0	0	0.91169287	1.0106225	0.00051084907	-4.0679084e-06	4.5464787e-07	-3.6873101e-06	0.00038375157	1.0250959e-06	-1.4263957e-07	1.0756825e-06	-9.0864618e-08	-0.00029816993	2.5966901e-05	0.00063760755	0.00063709855	-0.00079893587
0.082	1.082	0	0	0	1.02706	0	0	0	0.90903486	1.0101913	0.00052305985	-4.1302996e-06	4.7062276e-07	-3.7369493e-06	0.00039419442	1.1133408e-06	-1.4090774e-07	1.1510614e-06	-9.3732997e-08	-0.00030572018	2.7256738e-05	0.00065326889	0.00065275169	-0.00079233685
0.084	1.084	0	0	0	1.02772	0	0	0	0.90636332	1.0097327	0.00053529725	-4.1915509e-06	4.8645075e-07	-3.7854036e-06	0.00040463952	1.2023122e-06	-1.3922723e-07	1.2265436e-06	-9.6596639e-08	-0.00031328006	2.8577908e-05	0.00066895765	0.00066843246	-0.00078570839
0.086	1.086	0	0	0	1.02838	0	0	0	0.90367815	1.0092464	0.00054756141	-4.2517017e-06	5.0212513e-07	-3.8327145e-06	0.00041508661	1.2919232e-06	-1.3760525e-07	1.3020443e-06	-9.9455582e-08	-0.00032084952	2.9930468e-05	0.00068467386	0.00068414087	-0.00077906456
0.088	1.088	0	0	0	1.02904	0	0	0	0.90097928	1.0087324	0.00055985245	-4.3107897e-06	5.1763942e-07	-3.8789216e-06	0.0004255354	1.3820938e-06	-1.3604873e-07	1.3774857e-06	-1.0230987e-07	-0.00032842851	3.1314472e-05	0.00070041754	0.00069987695	-0.0007724178
0.09	1.09	0	0	0	1.0297	0	0	0	0.89826661	1.0081902	0.00057217048	-4.368851e-06	5.3298741e-07	-3.924063e-06	0.00043598568	1.4727502e-06	-1.3456435e-07	1.4527959e-06	-1.0515955e-07	-0.000336017	3.2729975e-05	0.00071618875	0.00071564072	-0.00076577903
0.092	1.092	0	0	0	1.03036	0	0	0	0.89554004	1.0076197	0.0005845156	-4.4259203e-06	5.4816315e-07	-3.9681748e-06	0.00044643721	1.563824e-06	-1.3315849e-07	1.5279087e-06	-1.0800466e-07	-0.00034361494	3.4177034e-05	0.0007319875	0.00073143223	-0.00075915788
0.094	1.094	0	0	0	1.03102	0	0	0	0.89279949	1.0070206	0.00059688794	-4.4820307e-06	5.6316101e-07	-4.0112919e-06	0.00045688979	1.6552518e-06	-1.3183722e-07	1.6027626e-06	-1.1084528e-07	-0.0003512223	3.5655704e-05	0.00074781385	0.0007472515	-0.00075256283
0.096	1.096	0	0	0	1.03168	0	0	0	0.89004484	1.0063926	0.00060928759	-4.537214e-06	5.7797569e-07	-4.0534477e-06	0.00046734325	1.7469743e-06	-1.3060632e-07	1.6773007e-06	-1.1368144e-07	-0.00035883905	3.716604e-05	0.00076366784	0.00076309857	-0.0007460013
0.098	1.098	0	0	0	1.03234	0	0	0	0.887276	1.0057356	0.00062171466	-4.5915006e-06	5.9260224e-07	-4.0946741e-06	0.0004777974	1.8389364e-06	-1.2947122e-07	1.7514697e-06	-1.1651322e-07	-0.00036646518	3.8708098e-05	0.00077954952	0.00077897349	-0.00073947983
0.1	1.1	0	0	0	1.033	0	0	0	0.88449284	1.0050492	0.00063416926	-4.6449199e-06	6.0703606e-07	-4.1350017e-06	0.00048825209	1.9310863e-06	-1.2843699e-07	1.8252203e-06	-1.1934068e-07	-0.00037410067	4.0281934e-05	0.00079545896	0.00079487631	-0.00073300415
0.102	1.102	0	0	0	1.03366	0	0	0	0.88169526	1.0043332	0.00064665152	-4.6974998e-06	6.2127297e-07	-4.1744602e-06	0.00049870718	2.0233753e-06	-1.2750838e-07	1.8985061e-06	-1.2216388e-07	-0.00038174551	4.1887604e-05	0.00081139621	0.0008108071	-0.00072657926
0.104	1.104	0	0	0	1.03432	0	0	0	0.87888314	1.0035872	0.00065916154	-4.7492673e-06	6.3530922e-07	-4.2130778e-06	0.00050916254	2.1157579e-06	-1.2668973e-07	1.9712839e-06	-1.2498291e-07	-0.0003893997	4.3525163e-05	0.00082736137	0.00082676593	-0.00072020954
0.106	1.106	0	0	0	1.03498	0	0	0	0.87605637	1.0028111	0.00067169946	-4.8002483e-06	6.4914146e-07	-4.2508816e-06	0.00051961805	2.2081907e-06	-1.2598502e-07	2.0435129e-06	-1.2779783e-07	-0.00039706324	4.5194667e-05	0.00084335452	0.00084275288	-0.00071389882
0.108	1.108	0	0	0	1.03564	0	0	0	0.87321482	1.0020045	0.00068426541	-4.8504677e-06	6.6276684e-07	-4.2878979e-06	0.0005300736	2.3006331e-06	-1.2539785e-07	2.1151551e-06	-1.3060873e-07	-0.00040473613	4.6896174e-05	0.00085937575	0.00085876804	-0.0007076504
0.11	1.11	0	0	0	1.0363	0	0	0	0.87035837	1.0011671	0.00069685952	-4.8999493e-06	6.7618299e-07	-4.3241518e-06	0.0005405291	2.3930465e-06	-1.2493139e-07	2.1861747e-06	-1.3341569e-07	-0.0004124184	4.862974e-05	0.00087542517	0.00087481152	-0.00070146718
0.112	1.112	0	0	0	1.03696	0	0	0	0.86748689	1.0002987	0.00070948195	-4.9487163e-06	6.8938804e-07	-4.3596676e-06	0.00055098444	2.4853942e-06	-1.2458845e-07	2.2565377e-06	-1.3621879e-07	-0.00042011006	5.039542e-05	0.0008915029	0.00089088343	-0.00069535162
0.114	1.114	0	0	0	1.03762	0	0	0	0.86460027	0.99939895	0.00072213285	-4.9967907e-06	7.0238064e-07	-4.3944687e-06	0.00056143956	2.5776414e-06	-1.2437139e-07	2.3262125e-06	-1.3901814e-07	-0.00042781113	5.2193273e-05	0.00090760908	0.00090698389	-0.00068930587
0.116	1.116	0	0	0	1.03828	0	0	0	0.86169836	0.99846753	0.00073481238	-5.0441939e-06	7.1516e-07	-4.4285774e-06	0.00057189439	2.6697549e-06	-1.2428217e-07	2.3951689e-06	-1.4181382e-07	-0.00043552165	5.4023356e-05	0.00092374384	0.00092311304	-0.00068333175
0.118	1.118	0	0	0	1.03894	0	0	0	0.85878103	0.99750416	0.00074752072	-5.0909464e-06	7.2772589e-07	-4.4620155e-06	0.00058234886	2.7617032e-06	-1.2432232e-07	2.4633785e-06	-1.4460593e-07	-0.00044324166	5.5885725e-05	0.00093990733	0.00093927104	-0.00067743081
0.12	1.12	0	0	0	1.0396	0	0	0	0.85584816	0.99650852	0.00076025804	-5.137068e-06	7.4007864e-07	-4.4948039e-06	0.00059280292	2.8534561e-06	-1.2449297e-07	2.5308146e-06	-1.4739458e-07	-0.00045097119	5.778044e-05	0.00095609973	0.00095545804	-0.00067160435
0.122	1.122	0	0	0	1.04026	0	0	0	0.85289961	0.99548031	0.00077302455	-5.1825778e-06	7.5221921e-07	-4.5269628e-06	0.00060325653	2.9449847e-06	-1.2479481e-07	2.5974516e-06	-1.5017988e-07	-0.0004587103	5.9707558e-05	0.00097232121	0.00097167422	-0.00066585346
0.124	1.124	0	0	0	1.04092	0	0	0	0.84993524	0.99441919	0.00078582045	-5.2274941e-06	7.6414915e-07	-4.5585118e-06	0.00061370966	3.0362614e-06	-1.2522811e-07	2.6632657e-06	-1.5296193e-07	-0.00046645905	6.1667137e-05	0.00098857197	0.00098791976	-0.00066017902
0.126	1.126	0	0	0	1.04158	0	0	0	0.8469549	0.99332487	0.00079864594	-5.2718347e-06	7.7587063e-07	-4.5894697e-06	0.00062416227	3.1272597e-06	-1.2579273e-07	2.7282339e-06	-1.5574085e-07	-0.00047421749	6.3659237e-05	0.0010048522	0.0010041949	-0.00065458175
0.128	1.128	0	0	0	1.04224	0	0	0	0.84395846	0.992197	0.00081150126	-5.3156168e-06	7.8738646e-07	-4.6198546e-06	0.00063461436	3.2179542e-06	-1.2648809e-07	2.7923347e-06	-1.5851677e-07	-0.0004819857	6.5683916e-05	0.0010211621	0.0010204998	-0.00064906222
0.13	1.13	0	0	0	1.0429	0	0	0	0.84094578	0.99103526	0.00082438663	-5.3588569e-06	7.9870011e-07	-4.6496843e-06	0.0006450659	3.3083205e-06	-1.2731325e-07	2.8555477e-06	-1.6128982e-07	-0.00048976375	6.7741236e-05	0.001037502	0.0010368347	-0.00064362086
0.132	1.132	0	0	0	1.04356	0	0	0	0.83791671	0.98983933	0.00083730231	-5.4015711e-06	8.0981566e-07	-4.6789757e-06	0.00065551689	3.398335e-06	-1.2826681e-07	2.9178533e-06	-1.6406011e-07	-0.00049755171	6.9831255e-05	0.001053872	0.0010531998	-0.00063825797
0.134	1.134	0	0	0	1.04422	0	0	0	0.83487111	0.98860885	0.00085024856	-5.4437747e-06	8.2073788e-07	-4.7077455e-06	0.00066596735	3.4879752e-06	-1.2934702e-07	2.9792331e-06	-1.6682779e-07	-0.00050534969	7.1954035e-05	0.0010702725	0.0010695955	-0.00063297375
0.136	1.136	0	0	0	1.04488	0	0	0	0.83180882	0.9873435	0.00086322564	-5.4854828e-06	8.3147219e-07	-4.7360096e-06	0.00067641728	3.5772191e-06	-1.3055171e-07	3.0396697e-06	-1.6959299e-07	-0.00051315777	7.4109637e-05	0.0010867037	0.001086022	-0.00062776829
0.138	1.138	0	0	0	1.04554	0	0	0	0.8287297	0.98604292	0.00087623385	-5.5267099e-06	8.4202465e-07	-4.7637835e-06	0.0006868667	3.6660459e-06	-1.3187838e-07	3.0991464e-06	-1.7235587e-07	-0.00052097606	7.6298123e-05	0.0011031659	0.0011024795	-0.00062264163
0.14	1.14	0	0	0	1.0462	0	0	0	0.8256336	0.98470678	0.00088927347	-5.5674699e-06	8.52402e-07	-4.7910824e-06	0.00069731565	3.7544352e-06	-1.3332414e-07	3.1576475e-06	-1.7511656e-07	-0.00052880467	7.8519555e-05	0.0011196595	0.0011189684	-0.00061759371
0.142	1.142	0	0	0	1.04686	0	0	0	0.82252037	0.98333471	0.00090234483	-5.6077765e-06	8.6261162e-07	-4.8179207e-06	0.00070776416	3.8423674e-06	-1.3488576e-07	3.215158e-06	-1.7787524e-07	-0.00053664371	8.0773997e-05	0.0011361847	0.001135489	-0.0006126244
0.144	1.144	0	0	0	1.04752	0	0	0	0.81938984	0.98192637	0.00091544825	-5.6476429e-06	8.7266154e-07	-4.8443128e-06	0.00071821228	3.9298236e-06	-1.365597e-07	3.2716637e-06	-1.8063205e-07	-0.0005444933	8.3061511e-05	0.0011527418	0.0011520417	-0.00060773352
0.146	1.146	0	0	0	1.04818	0	0	0	0.81624188	0.9804814	0.00092858407	-5.6870817e-06	8.8256043e-07	-4.8702723e-06	0.00072866006	4.0167854e-06	-1.3834209e-07	3.3271511e-06	-1.8338717e-07	-0.00055235358	8.5382163e-05	0.0011693314	0.0011686268	-0.00060292084
0.148	1.148	0	0	0	1.04884	0	0	0	0.81307632	0.97899944	0.00094175265	-5.7261056e-06	8.9231758e-07	-4.8958128e-06	0.00073910757	4.1032351e-06	-1.4022879e-07	3.3816076e-06	-1.8614076e-07	-0.00056022469	8.7736018e-05	0.0011859536	0.0011852446	-0.00059818607
0.15	1.15	0	0	0	1.0495	0	0	0	0.809893	0.97748011	0.00095495435	-5.7647264e-06	9.0194292e-07	-4.9209473e-06	0.00074955488	4.1891555e-06	-1.4221538e-07	3.435021e-06	-1.88893e-07	-0.00056810678	9.0123142e-05	0.001202609	0.0012018956	-0.00059352891
0.152	1.152	0	0	0	1.05016	0	0	0	0.80669178	0.97592306	0.00096818956	-5.8029559e-06	9.1144693e-07	-4.9456885e-06	0.00076000206	4.27453e-06	-1.4429718e-07	3.4873798e-06	-1.9164408e-07	-0.00057599999	9.2543601e-05	0.0012192979	0.0012185802	-0.00058894899
0.154	1.154	0	0	0	1.05082	0	0	0	0.80347248	0.97432792	0.00098145869	-5.8408056e-06	9.2084072e-07	-4.9700488e-06	0.0007704492	4.3593426e-06	-1.4646931e-07	3.5386732e-06	-1.9439417e-07	-0.0005839045	9.4997462e-05	0.0012360207	0.0012352987	-0.00058444593
0.156	1.156	0	0	0	1.05148	0	0	0	0.80023496	0.9726943	0.00099476214	-5.8782865e-06	9.3013593e-07	-4.9940402e-06	0.00078089641	4.4435775e-06	-1.4872667e-07	3.5888911e-06	-1.9714347e-07	-0.00059182047	9.7484796e-05	0.001252778	0.0012520518	-0.00058001931
0.158	1.158	0	0	0	1.05214	0	0	0	0.79697904	0.97102183	0.0010081004	-5.9154093e-06	9.3934474e-07	-5.0176746e-06	0.00079134379	4.5272197e-06	-1.51064e-07	3.6380237e-06	-1.9989217e-07	-0.00059974809	0.00010000567	0.0012695702	0.0012688397	-0.00057566869
0.16	1.16	0	0	0	1.0528	0	0	0	0.79370458	0.96931013	0.0010214738	-5.9521848e-06	9.4847987e-07	-5.0409635e-06	0.00080179145	4.6102545e-06	-1.5347585e-07	3.686062e-06	-2.0264047e-07	-0.00060768755	0.00010256015	0.0012863977	0.0012856631	-0.00057139361
0.162	1.162	0	0	0	1.05346	0	0	0	0.79041141	0.96755882	0.001034883	-5.988623e-06	9.575545e-07	-5.063918e-06	0.00081223953	4.6926677e-06	-1.559567e-07	3.7329973e-06	-2.0538858e-07	-0.00061563904	0.00010514832	0.0013032612	0.0013025224	-0.00056719359
0.164	1.164	0	0	0	1.05412	0	0	0	0.78709936	0.96576752	0.0010483283	-6.0247341e-06	9.6658229e-07	-5.0865493e-06	0.00082268816	4.7744454e-06	-1.5850087e-07	3.7788218e-06	-2.081367e-07	-0.00062360278	0.00010777024	0.0013201611	0.0013194182	-0.00056306812
0.166	1.166	0	0	0	1.05478	0	0	0	0.78376828	0.96393582	0.0010618104	-6.0605278e-06	9.7557732e-07	-5.1088681e-06	0.00083313748	4.8555743e-06	-1.6110263e-07	3.8235277e-06	-2.1088504e-07	-0.00063157898	0.00011042599	0.001337098	0.0013363509	-0.00055901669
0.168	1.168	0	0	0	1.05544	0	0	0	0.78041801	0.96206336	0.0010753296	-6.0960137e-06	9.8455411e-07	-5.1308849e-06	0.00084358765	4.9360414e-06	-1.637562e-07	3.8671081e-06	-2.1363381e-07	-0.00063956788	0.00011311565	0.0013540724	0.0013533213	-0.00055503876
0.17	1.17	0	0	0	1.0561	0	0	0	0.77704837	0.96014972	0.0010888867	-6.1312011e-06	9.9352751e-07	-5.1526101e-06	0.00085403884	5.0158342e-06	-1.6645578e-07	3.9095565e-06	-2.1638324e-07	-0.00064756971	0.00011583928	0.0013710851	0.0013703299	-0.00055113379
0.172	1.172	0	0	0	1.05676	0	0	0	0.77365921	0.95819451	0.0011024821	-6.1660994e-06	1.0025128e-06	-5.1740538e-06	0.00086449123	5.0949404e-06	-1.6919554e-07	3.9508668e-06	-2.1913352e-07	-0.00065558472	0.00011859697	0.0013881366	0.0013873773	-0.00054730121
0.174	1.174	0	0	0	1.05742	0	0	0	0.77025037	0.95619734	0.0011161164	-6.2007174e-06	1.0115254e-06	-5.195226e-06	0.000874945	5.1733483e-06	-1.719697e-07	3.9910333e-06	-2.2188489e-07	-0.00066361318	0.00012138879	0.0014052276	0.0014044642	-0.00054354046
0.176	1.176	0	0	0	1.05808	0	0	0	0.76682168	0.95415782	0.0011297904	-6.235064e-06	1.0205811e-06	-5.2161364e-06	0.00088540034	5.2510463e-06	-1.7477251e-07	4.030051e-06	-2.2463755e-07	-0.00067165535	0.00012421482	0.0014223587	0.0014215912	-0.00053985094
0.178	1.178	0	0	0	1.05874	0	0	0	0.76337299	0.95207552	0.0011435045	-6.2691478e-06	1.0296962e-06	-5.2367948e-06	0.00089585748	5.3280235e-06	-1.775983e-07	4.067915e-06	-2.2739173e-07	-0.00067971153	0.00012707515	0.0014395307	0.0014387592	-0.00053623205
0.18	1.18	0	0	0	1.0594	0	0	0	0.75990412	0.94995007	0.0011572595	-6.3029774e-06	1.0388867e-06	-5.2572104e-06	0.00090631664	5.4042692e-06	-1.8044148e-07	4.1046211e-06	-2.3014763e-07	-0.00068778199	0.00012996986	0.0014567443	0.0014559688	-0.00053268318
0.182	1.182	0	0	0	1.06006	0	0	0	0.75641493	0.94778104	0.0011710561	-6.3365611e-06	1.0481693e-06	-5.2773928e-06	0.00091677803	5.4797729e-06	-1.8329658e-07	4.1401656e-06	-2.3290547e-07	-0.00069586707	0.00013289903	0.0014740003	0.0014732207	-0.00052920371
0.184	1.184	0	0	0	1.06072	0	0	0	0.75290524	0.94556803	0.0011848949	-6.3699073e-06	1.0575605e-06	-5.2973511e-06	0.00092724193	5.5545246e-06	-1.8615825e-07	4.1745449e-06	-2.3566546e-07	-0.00070396707	0.00013586274	0.0014912995	0.0014905158	-0.00052579299
0.186	1.186	0	0	0	1.06138	0	0	0	0.74937491	0.94331065	0.0011987768	-6.4030239e-06	1.0670771e-06	-5.3170943e-06	0.00093770857	5.6285148e-06	-1.8902132e-07	4.207756e-06	-2.3842779e-07	-0.00071208233	0.00013886109	0.0015086428	0.001507855	-0.00052245037
0.188	1.188	0	0	0	1.06204	0	0	0	0.74582377	0.94100847	0.0012127025	-6.435919e-06	1.0767359e-06	-5.3366315e-06	0.00094817823	5.701734e-06	-1.9188075e-07	4.2397965e-06	-2.4119266e-07	-0.00072021319	0.00014189416	0.0015260309	0.001525239	-0.00051917518
0.19	1.19	0	0	0	1.0627	0	0	0	0.74225166	0.9386611	0.0012266728	-6.4686006e-06	1.0865538e-06	-5.3559715e-06	0.00095865119	5.7741734e-06	-1.9473171e-07	4.2706641e-06	-2.4396026e-07	-0.00072836002	0.00014496205	0.0015434647	0.0015426688	-0.00051596673
0.192	1.192	0	0	0	1.06336	0	0	0	0.73865843	0.93626812	0.0012406886	-6.5010764e-06	1.0965479e-06	-5.3751232e-06	0.00096912776	5.8458242e-06	-1.9756958e-07	4.3003571e-06	-2.4673077e-07	-0.0007365232	0.00014806484	0.0015609453	0.0015601453	-0.00051282434
0.194	1.194	0	0	0	1.06402	0	0	0	0.73504393	0.93382912	0.0012547506	-6.5333542e-06	1.106735e-06	-5.3940951e-06	0.00097960823	5.9166783e-06	-2.0038995e-07	4.3288742e-06	-2.4950437e-07	-0.00074470312	0.00015120263	0.0015784736	0.0015776694	-0.00050974727
0.196	1.196	0	0	0	1.06468	0	0	0	0.731408	0.9313437	0.0012688599	-6.5654415e-06	1.117132e-06	-5.4128961e-06	0.00099009293	5.9867275e-06	-2.0318864e-07	4.3562144e-06	-2.522812e-07	-0.00075290017	0.00015437552	0.0015960505	0.0015952422	-0.0005067348
0.198	1.198	0	0	0	1.06534	0	0	0	0.72775049	0.92881145	0.0012830172	-6.5973461e-06	1.1277558e-06	-5.4315345e-06	0.0010005822	6.0559645e-06	-2.0596174e-07	4.3823772e-06	-2.5506143e-07	-0.00076111479	0.0001575836	0.0016136772	0.0016128646	-0.00050378618
0.2	1.2	0	0	0	1.066	0	0	0	0.72407126	0.92623196	0.0012972237	-6.6290753e-06	1.1386232e-06	-5.450019e-06	0.0010110764	6.1243817e-06	-2.0870559e-07	4.4073625e-06	-2.5784518e-07	-0.00076934741	0.00016082697	0.0016313546	0.0016305379	-0.00050090062
0.202	1.202	0	0	0	1.06666	0	0	0	0.72037016	0.92360482	0.0013114802	-6.6606367e-06	1.1497507e-06	-5.468358e-06	0.0010215759	6.1919724e-06	-2.1141681e-07	4.4311705e-06	-2.6063257e-07	-0.00077759848	0.00016410575	0.001649084	0.001648263	-0.00049807733
0.204	1.204	0	0	0	1.06732	0	0	0	0.71664704	0.92092963	0.0013257879	-6.6920377e-06	1.1611548e-06	-5.48656e-06	0.001032081	6.25873e-06	-2.1409235e-07	4.453802e-06	-2.6342372e-07	-0.00078586849	0.00016742003	0.0016668664	0.0016660412	-0.00049531551
0.206	1.206	0	0	0	1.06798	0	0	0	0.71290177	0.91820599	0.0013401477	-6.7232856e-06	1.1728517e-06	-5.5046333e-06	0.0010425922	6.3246481e-06	-2.1672943e-07	4.4752581e-06	-2.662187e-07	-0.00079415791	0.00017076991	0.0016847032	0.0016838737	-0.00049261431
0.208	1.208	0	0	0	1.06864	0	0	0	0.70913421	0.91543349	0.0013545609	-6.7543877e-06	1.1848574e-06	-5.5225863e-06	0.0010531099	6.3897208e-06	-2.1932564e-07	4.4955401e-06	-2.6901759e-07	-0.00080246726	0.00017415552	0.0017025954	0.0017017616	-0.00048997288
0.21	1.21	0	0	0	1.0693	0	0	0	0.70534422	0.91261174	0.0013690285	-6.7853514e-06	1.1971876e-06	-5.5404275e-06	0.0010636345	6.4539426e-06	-2.2187889e-07	4.5146501e-06	-2.7182044e-07	-0.00081079707	0.00017757696	0.0017205446	0.0017197064	-0.00048739033
0.212	1.212	0	0	0	1.06996	0	0	0	0.70153168	0.90974034	0.0013835518	-6.816184e-06	1.2098575e-06	-5.5581652e-06	0.0010741664	6.5173083e-06	-2.2438747e-07	4.5325902e-06	-2.7462729e-07	-0.00081914788	0.00018103435	0.0017385518	0.0017377093	-0.00048486574
0.214	1.214	0	0	0	1.07062	0	0	0	0.69769647	0.9068189	0.0013981321	-6.8468928e-06	1.2228821e-06	-5.5758078e-06	0.0010847062	6.579813e-06	-2.2685004e-07	4.5493632e-06	-2.7743815e-07	-0.00082752027	0.0001845278	0.0017566187	0.0017557717	-0.00048239818
0.216	1.216	0	0	0	1.07128	0	0	0	0.69383846	0.90384705	0.0014127705	-6.877485e-06	1.2362759e-06	-5.5933637e-06	0.0010952542	6.6414521e-06	-2.2926569e-07	4.5649722e-06	-2.8025301e-07	-0.00083591482	0.00018805743	0.0017747466	0.0017738951	-0.0004799867
0.218	1.218	0	0	0	1.07194	0	0	0	0.68995755	0.90082439	0.0014274684	-6.907968e-06	1.2500528e-06	-5.6108415e-06	0.0011058111	6.7022215e-06	-2.316339e-07	4.5794206e-06	-2.8307184e-07	-0.00084433214	0.00019162338	0.001792937	0.001792081	-0.00047763029
0.22	1.22	0	0	0	1.0726	0	0	0	0.68605362	0.89775056	0.0014422273	-6.9383492e-06	1.2642261e-06	-5.6282495e-06	0.0011163772	6.7621174e-06	-2.3395461e-07	4.5927123e-06	-2.8589459e-07	-0.00085277288	0.00019522576	0.0018111915	0.001810331	-0.00047532793
0.222	1.222	0	0	0	1.07326	0	0	0	0.68212658	0.89462519	0.0014570485	-6.968636e-06	1.2788085e-06	-5.6455964e-06	0.0011269532	6.8211363e-06	-2.362282e-07	4.6048517e-06	-2.887212e-07	-0.00086123768	0.0001988647	0.0018295117	0.0018286466	-0.00047307857
0.224	1.224	0	0	0	1.07392	0	0	0	0.67817633	0.89144793	0.0014719336	-6.9988357e-06	1.293812e-06	-5.6628908e-06	0.0011375397	6.879275e-06	-2.3845556e-07	4.6158435e-06	-2.9155155e-07	-0.00086972724	0.00020254034	0.0018478992	0.0018470295	-0.00047088112
0.226	1.226	0	0	0	1.07458	0	0	0	0.6742028	0.88821842	0.0014868841	-7.0289559e-06	1.3092479e-06	-5.6801414e-06	0.0011481371	6.936531e-06	-2.4063806e-07	4.6256927e-06	-2.9438554e-07	-0.00087824226	0.00020625282	0.0018663559	0.0018654815	-0.00046873447
0.228	1.228	0	0	0	1.07524	0	0	0	0.6702059	0.88493633	0.0015019015	-7.0590041e-06	1.3251264e-06	-5.697357e-06	0.0011587461	6.9929017e-06	-2.4277758e-07	4.634405e-06	-2.9722302e-07	-0.00088678348	0.00021000227	0.0018848835	0.0018840043	-0.00046663745
0.23	1.23	0	0	0	1.0759	0	0	0	0.66618558	0.88160135	0.0015169876	-7.0889882e-06	1.341457e-06	-5.7145465e-06	0.0011693674	7.0483854e-06	-2.4487654e-07	4.6419862e-06	-3.0006383e-07	-0.00089535166	0.00021378884	0.0019034838	0.0019025999	-0.00046458888
0.232	1.232	0	0	0	1.07656	0	0	0	0.66214177	0.87821315	0.0015321441	-7.1189158e-06	1.3582481e-06	-5.7317189e-06	0.0011800016	7.1029803e-06	-2.469379e-07	4.6484427e-06	-3.0290778e-07	-0.00090394758	0.00021761267	0.0019221588	0.0019212701	-0.00046258753
0.234	1.234	0	0	0	1.07722	0	0	0	0.65807445	0.87477144	0.0015473726	-7.1487948e-06	1.3755068e-06	-5.7488835e-06	0.0011906493	7.1566853e-06	-2.4896519e-07	4.6537813e-06	-3.0575466e-07	-0.00091257208	0.00022147392	0.0019409105	0.0019400169	-0.00046063212
0.236	1.236	0	0	0	1.07788	0	0	0	0.65398358	0.87127595	0.0015626752	-7.1786334e-06	1.3932395e-06	-5.7660494e-06	0.0012013114	7.2094996e-06	-2.5096248e-07	4.6580093e-06	-3.0860422e-07	-0.00092122599	0.00022537274	0.001959741	0.0019588424	-0.00045872135
0.238	1.238	0	0	0	1.07854	0	0	0	0.64986914	0.86772641	0.0015780536	-7.2084398e-06	1.411451e-06	-5.7832262e-06	0.0012119884	7.2614228e-06	-2.5293444e-07	4.6611343e-06	-3.1145622e-07	-0.00092991019	0.00022930929	0.0019786524	0.0019777488	-0.00045685385
0.24	1.24	0	0	0	1.0792	0	0	0	0.64573114	0.86412258	0.0015935099	-7.2382224e-06	1.4301449e-06	-5.8004235e-06	0.0012226812	7.312455e-06	-2.5488629e-07	4.6631643e-06	-3.1431035e-07	-0.0009386256	0.00023328373	0.0019976469	0.0019967383	-0.00045502823
0.242	1.242	0	0	0	1.07986	0	0	0	0.64156961	0.86046425	0.001609046	-7.2679897e-06	1.4493236e-06	-5.8176512e-06	0.0012333906	7.3625966e-06	-2.5682384e-07	4.664108e-06	-3.1716632e-07	-0.00094737317	0.00023729624	0.0020167268	0.0020158131	-0.00045324302
0.244	1.244	0	0	0	1.08052	0	0	0	0.63738456	0.85675121	0.0016246642	-7.2977507e-06	1.4689878e-06	-5.8349193e-06	0.0012441174	7.4118487e-06	-2.5875343e-07	4.6639743e-06	-3.2002379e-07	-0.00095615386	0.00024134699	0.0020358945	0.0020349757	-0.00045149674
0.246	1.246	0	0	0	1.08118	0	0	0	0.63317606	0.85298331	0.0016403665	-7.3275144e-06	1.4891371e-06	-5.8522381e-06	0.0012548624	7.4602125e-06	-2.6068197e-07	4.6627726e-06	-3.228824e-07	-0.00096496869	0.00024543614	0.0020551524	0.0020542285	-0.00044978781
0.248	1.248	0	0	0	1.08184	0	0	0	0.62894419	0.84916039	0.0016561553	-7.3572901e-06	1.5097693e-06	-5.8696181e-06	0.0012656266	7.5076899e-06	-2.626169e-07	4.6605129e-06	-3.2574177e-07	-0.0009738187	0.0002495639	0.0020745032	0.002073574	-0.00044811463
0.25	1.25	0	0	0	1.0825	0	0	0	0.62468904	0.84528236	0.0016720327	-7.3870875e-06	1.5308809e-06	-5.88707e-06	0.0012764108	7.5542834e-06	-2.6456618e-07	4.6572056e-06	-3.2860147e-07	-0.00098270498	0.00025373044	0.0020939493	0.0020930149	-0.00044647554
0.252	1.252	0	0	0	1.08316	0	0	0	0.62041073	0.84134912	0.0016880014	-7.4169164e-06	1.5524667e-06	-5.904605e-06	0.001287216	7.5999957e-06	-2.6653823e-07	4.6528615e-06	-3.3146107e-07	-0.00099162865	0.00025793596	0.0021134936	0.0021125538	-0.00044486879
0.254	1.254	0	0	0	1.08382	0	0	0	0.61610942	0.83736064	0.0017040637	-7.4467873e-06	1.5745201e-06	-5.9222342e-06	0.0012980432	7.6448304e-06	-2.6854192e-07	4.6474921e-06	-3.343201e-07	-0.0010005909	0.00026218065	0.0021331389	0.0021321937	-0.00044329259
0.256	1.256	0	0	0	1.08448	0	0	0	0.61178526	0.83331692	0.0017202222	-7.4767106e-06	1.5970327e-06	-5.9399694e-06	0.0013088935	7.6887913e-06	-2.7058655e-07	4.6411091e-06	-3.3717806e-07	-0.0010095928	0.00026646473	0.0021528879	0.0021519373	-0.00044174509
0.258	1.258	0	0	0	1.08514	0	0	0	0.60743848	0.82921798	0.0017364795	-7.5066973e-06	1.6199948e-06	-5.9578224e-06	0.0013197678	7.7318831e-06	-2.7268177e-07	4.6337251e-06	-3.4003443e-07	-0.0010186357	0.0002707884	0.0021727438	0.0021717877	-0.00044022436
0.26	1.26	0	0	0	1.0858	0	0	0	0.60306929	0.82506391	0.0017528383	-7.5367588e-06	1.6433949e-06	-5.9758056e-06	0.0013306673	7.7741108e-06	-2.7483758e-07	4.625353e-06	-3.4288864e-07	-0.0010277209	0.00027515188	0.0021927095	0.0021917479	-0.0004387284
0.262	1.262	0	0	0	1.08646	0	0	0	0.59867796	0.82085484	0.0017693016	-7.566907e-06	1.6672201e-06	-5.9939315e-06	0.0013415931	7.8154805e-06	-2.7706421e-07	4.6160061e-06	-3.4574011e-07	-0.0010368496	0.0002795554	0.0022127883	0.0022118212	-0.00043725516
0.264	1.264	0	0	0	1.08712	0	0	0	0.59426478	0.81659093	0.0017858721	-7.5971541e-06	1.6914562e-06	-6.0122132e-06	0.0013525463	7.8559985e-06	-2.7937216e-07	4.6056986e-06	-3.485882e-07	-0.0010460233	0.00028399917	0.0022329834	0.0022320107	-0.00043580249
0.266	1.266	0	0	0	1.08778	0	0	0	0.5898301	0.81227242	0.0018025528	-7.6275128e-06	1.7160872e-06	-6.0306639e-06	0.0013635283	7.8956722e-06	-2.8177206e-07	4.5944451e-06	-3.5143227e-07	-0.0010552432	0.00028848344	0.0022532983	0.0022523199	-0.00043436818
0.268	1.268	0	0	0	1.08844	0	0	0	0.58537428	0.80789958	0.0018193468	-7.6579963e-06	1.7410959e-06	-6.0492974e-06	0.0013745402	7.9345096e-06	-2.8427466e-07	4.5822607e-06	-3.5427161e-07	-0.0010645109	0.00029300845	0.0022737362	0.0022727522	-0.00043294997
0.27	1.27	0	0	0	1.0891	0	0	0	0.58089772	0.80347274	0.0018362573	-7.6886183e-06	1.7664637e-06	-6.0681279e-06	0.0013855833	7.9725198e-06	-2.8689075e-07	4.5691612e-06	-3.5710549e-07	-0.0010738278	0.00029757445	0.0022943009	0.0022933112	-0.00043154548
0.272	1.272	0	0	0	1.08976	0	0	0	0.57640087	0.79899232	0.0018532874	-7.7193931e-06	1.7921707e-06	-6.0871699e-06	0.001396659	8.0097126e-06	-2.8963113e-07	4.5551631e-06	-3.5993315e-07	-0.0010831955	0.00030218169	0.0023149959	0.0023140006	-0.00043015232
0.274	1.274	0	0	0	1.09042	0	0	0	0.57188424	0.79445877	0.0018704405	-7.7503354e-06	1.8181957e-06	-6.1064383e-06	0.0014077686	8.0460989e-06	-2.9250651e-07	4.5402833e-06	-3.6275376e-07	-0.0010926154	0.00030683045	0.0023358251	0.002334824	-0.00042876798
0.276	1.276	0	0	0	1.09108	0	0	0	0.56734834	0.78987262	0.0018877199	-7.7814608e-06	1.8445164e-06	-6.1259485e-06	0.0014189135	8.0816909e-06	-2.9552749e-07	4.5245396e-06	-3.6556649e-07	-0.0011020893	0.00031152099	0.0023567921	0.0023557853	-0.00042738991
0.278	1.278	0	0	0	1.09174	0	0	0	0.56279377	0.78523448	0.0019051292	-7.812785e-06	1.8711095e-06	-6.1457164e-06	0.0014300951	8.1165019e-06	-2.9870446e-07	4.5079504e-06	-3.6837043e-07	-0.0011116186	0.00031625359	0.0023779011	0.0023768885	-0.00042601551
0.28	1.28	0	0	0	1.0924	0	0	0	0.55822116	0.78054502	0.0019226719	-7.8443249e-06	1.8979504e-06	-6.1657582e-06	0.0014413149	8.1505466e-06	-3.0204761e-07	4.4905347e-06	-3.7116466e-07	-0.0011212052	0.00032102854	0.002399156	0.0023981376	-0.0004246421
0.282	1.282	0	0	0	1.09306	0	0	0	0.55363118	0.77580499	0.0019403516	-7.8760976e-06	1.9250137e-06	-6.1860907e-06	0.0014525744	8.1838414e-06	-3.0556682e-07	4.4723124e-06	-3.739482e-07	-0.0011308507	0.00032584614	0.0024205609	0.0024195368	-0.00042326696
0.284	1.284	0	0	0	1.09372	0	0	0	0.54902456	0.77101522	0.001958172	-7.908121e-06	1.952273e-06	-6.2067309e-06	0.0014638752	8.2164047e-06	-3.0927163e-07	4.453304e-06	-3.7672003e-07	-0.0011405568	0.00033070669	0.00244212	0.0024410901	-0.00042188736
0.286	1.286	0	0	0	1.09438	0	0	0	0.54440209	0.76617663	0.001976137	-7.9404137e-06	1.979701e-06	-6.2276966e-06	0.0014752187	8.2482568e-06	-3.1317123e-07	4.4335309e-06	-3.794791e-07	-0.0011503254	0.0003356105	0.0024638377	0.0024628021	-0.0004205005
0.288	1.288	0	0	0	1.09504	0	0	0	0.53976461	0.76129022	0.0019942504	-7.972995e-06	2.0072698e-06	-6.2490057e-06	0.0014866067	8.2794207e-06	-3.1727437e-07	4.4130154e-06	-3.822243e-07	-0.0011601583	0.0003405579	0.0024857182	0.0024846769	-0.0004191036
0.29	1.29	0	0	0	1.0957	0	0	0	0.535113	0.75635708	0.002012516	-8.005885e-06	2.0349505e-06	-6.2706767e-06	0.0014980407	8.3099223e-06	-3.2158937e-07	4.3917806e-06	-3.849545e-07	-0.0011700573	0.00034554921	0.002507766	0.002506719	-0.00041769386
0.292	1.292	0	0	0	1.09636	0	0	0	0.53044823	0.75137838	0.002030938	-8.0391044e-06	2.0627135e-06	-6.2927286e-06	0.0015095224	8.3397911e-06	-3.2612409e-07	4.3698506e-06	-3.8766851e-07	-0.0011800242	0.00035058477	0.0025299857	0.002528933	-0.00041626851
0.294	1.294	0	0	0	1.09702	0	0	0	0.52577128	0.7463554	0.0020495202	-8.0726748e-06	2.0905287e-06	-6.3151806e-06	0.0015210534	8.369061e-06	-3.3088589e-07	4.3472506e-06	-3.9036512e-07	-0.0011900611	0.00035566494	0.0025523818	0.0025513234	-0.00041482485
0.296	1.296	0	0	0	1.09768	0	0	0	0.52108324	0.74128951	0.0020682668	-8.1066185e-06	2.1183651e-06	-6.3380525e-06	0.0015326355	8.3977711e-06	-3.3588166e-07	4.324007e-06	-3.9304308e-07	-0.0012001697	0.00036079007	0.0025749588	0.0025738949	-0.00041336025
0.298	1.298	0	0	0	1.09834	0	0	0	0.51638521	0.73618216	0.002087182	-8.1409586e-06	2.146191e-06	-6.3613643e-06	0.0015442702	8.425967e-06	-3.4111776e-07	4.3001476e-06	-3.9570112e-07	-0.0012103522	0.00036596052	0.0025977215	0.002596652	-0.00041187219
0.3	1.3	0	0	0	1.099	0	0	0	0.51167839	0.73103492	0.0021062697	-8.1757192e-06	2.1739743e-06	-6.3851366e-06	0.0015559595	8.4537026e-06	-3.4660011e-07	4.2757015e-06	-3.9833793e-07	-0.0012206103	0.00037117668	inf	inf	inf
