lambda	F11	F12	F13	F21	F22	F23	F31	F32	F33	J	P11	P12	P13	P21	P22	P23	P31	P32	P33	p	StrEn	t(1)	t(2)	d
0	1	0	0	0	1	0	0	0	1	1	0	0	0	0	0	0	0	0	0	-0	0	inf	inf	inf
-0.002	0.998	0	0	0	1	0	0	0	1.0017924	0.99978881	-1.6454329e-06	1.1182193e-07	-7.6721824e-08	1.1312251e-07	-6.5533359e-07	4.2955351e-08	-8.2779665e-08	4.0524129e-08	8.829044e-10	7.6662786e-07	1.677485e-09	-1.6462186e-06	-1.5959523e-06	-0.031496103
-0.004	0.996	0	0	0	1	0	0	0	1.0035596	0.99954535	-3.0419457e-06	2.1811353e-07	-1.5603558e-07	2.216299e-07	-1.0376617e-06	8.5831793e-08	-1.6898042e-07	7.669605e-08	1.9375254e-09	1.3592233e-06	6.3838092e-09	-3.0436501e-06	-3.024782e-06	-0.0062378337
-0.006	0.994	0	0	0	1	0	0	0	1.0053112	0.99927932	-4.358079e-06	2.5019409e-07	-2.3723947e-07	2.5625527e-07	-1.3174835e-06	1.2597755e-07	-2.5516034e-07	1.1264643e-07	2.8461327e-09	1.8909055e-06	1.3776613e-08	-4.3605626e-06	-4.3497377e-06	-0.0024886163
-0.008	0.992	0	0	0	1	0	0	0	1.0070499	0.99899355	-5.6626714e-06	2.6255129e-07	-3.1945627e-07	2.7103276e-07	-1.5704225e-06	1.6453141e-07	-3.4192961e-07	1.4812791e-07	3.6625919e-09	2.4098104e-06	2.378276e-08	-5.6658452e-06	-5.6539409e-06	-0.0021054756
-0.01	0.99	0	0	0	1	0	0	0	1.0087774	0.99868959	-6.9655113e-06	2.6853983e-07	-4.022567e-07	2.7925436e-07	-1.8129807e-06	2.0206942e-07	-4.2937243e-07	1.8333105e-07	4.4201429e-09	2.9246906e-06	3.6392377e-08	-6.9693176e-06	-6.9549871e-06	-0.0020604597
-0.012	0.988	0	0	0	1	0	0	0	1.0104944	0.99836847	-8.2666453e-06	2.7179121e-07	-4.8536279e-07	2.8456493e-07	-2.0503122e-06	2.3895e-07	-5.1741812e-07	2.1842448e-07	5.1334557e-09	3.4372747e-06	5.1602709e-08	-8.27104e-06	-8.2541904e-06	-0.0020413405
-0.014	0.986	0	0	0	1	0	0	0	1.0122017	0.99803089	-9.5645901e-06	2.7363066e-07	-5.6854794e-07	2.8831383e-07	-2.2848332e-06	2.7540112e-07	-6.0594398e-07	2.5352313e-07	5.8096386e-09	3.9478712e-06	6.9409138e-08	-9.5695361e-06	-9.5503054e-06	-0.0020136153
-0.016	0.984	0	0	0	1	0	0	0	1.0138997	0.99767734	-1.0857785e-05	2.7464386e-07	-6.5159938e-07	2.9110908e-07	-2.5181282e-06	3.1156821e-07	-6.9479495e-07	2.8869793e-07	6.4527788e-09	4.4564867e-06	8.980393e-08	-1.0863249e-05	-1.0841818e-05	-0.0019766964
-0.018	0.982	0	0	0	1	0	0	0	1.0155887	0.9973081	-1.2144846e-05	2.7512951e-07	-7.342896e-07	2.932669e-07	-2.7516569e-06	3.4753828e-07	-7.8377584e-07	3.2398403e-07	7.0665438e-09	4.9631455e-06	1.1277641e-07	-1.2150798e-05	-1.2127349e-05	-0.001933559
-0.02	0.98	0	0	0	1	0	0	0	1.0172686	0.99692324	-1.3424537e-05	2.752664e-07	-8.1633441e-07	2.9497793e-07	-2.9873068e-06	3.8334684e-07	-8.7261623e-07	3.5938121e-07	7.6576223e-09	5.4680622e-06	1.3831333e-07	-1.3430952e-05	-1.340566e-05	-0.0018866153
-0.022	0.978	0	0	0	1	0	0	0	1.0189392	0.99652253	-1.4695643e-05	2.7519035e-07	-8.9732548e-07	2.9638369e-07	-3.2280552e-06	4.1897043e-07	-9.6090123e-07	3.9484716e-07	8.2430724e-09	5.9718183e-06	1.6639905e-07	-1.4702508e-05	-1.4675542e-05	-0.0018374781
-0.024	0.976	0	0	0	1	0	0	0	1.0205999	0.99610546	-1.5956938e-05	2.7502104e-07	-9.7673067e-07	2.9760584e-07	-3.4779345e-06	4.5432967e-07	-1.0480662e-06	4.3030667e-07	8.8602264e-09	6.4753374e-06	1.9701549e-07	-1.5964272e-05	-1.59358e-05	-0.0017866662
-0.026	0.974	0	0	0	1	0	0	0	1.0222504	0.99567186	-1.7207628e-05	2.7481887e-07	-1.0542389e-06	2.9871174e-07	-3.7390799e-06	4.8937192e-07	-1.1337585e-06	4.6572673e-07	9.5552194e-09	6.979051e-06	2.3014225e-07	-1.7215491e-05	-1.7185624e-05	-0.001737914
-0.028	0.972	0	0	0	1	0	0	0	1.0238914	0.99522244	-1.8447758e-05	2.7454613e-07	-1.1301185e-06	2.9967888e-07	-4.0089939e-06	5.241619e-07	-1.2182367e-06	5.0117545e-07	1.0344811e-08	7.4821359e-06	2.6575799e-07	-1.8456225e-05	-1.8424921e-05	-0.0016989616
-0.03	0.97	0	0	0	1	0	0	0	1.0255239	0.99475823	-1.9677723e-05	2.7413192e-07	-1.2048857e-06	3.0045061e-07	-4.2834804e-06	5.5881602e-07	-1.302038e-06	5.3674987e-07	1.1215123e-08	7.9833294e-06	3.0384194e-07	-1.9686856e-05	-1.9654033e-05	-0.0016700352
-0.032	0.968	0	0	0	1	0	0	0	1.0271487	0.99427995	-2.0897786e-05	2.7352724e-07	-1.2789284e-06	3.0098679e-07	-4.5595448e-06	5.9342183e-07	-1.3855754e-06	5.7251395e-07	1.2147145e-08	8.4817279e-06	3.4437412e-07	-2.0907632e-05	-2.0873253e-05	-0.0016470124
-0.034	0.966	0	0	0	1	0	0	0	1.0287661	0.99378807	-2.210805e-05	2.7270605e-07	-1.3524714e-06	3.0126642e-07	-4.8355127e-06	6.2803075e-07	-1.4690925e-06	6.0850013e-07	1.3127034e-08	8.976812e-06	3.8733495e-07	-2.2118643e-05	-2.2082711e-05	-0.0016271388
-0.036	0.964	0	0	0	1	0	0	0	1.0303765	0.9932829	-2.3308532e-05	2.71655e-07	-1.4256383e-06	3.0127917e-07	-5.1104814e-06	6.6267157e-07	-1.5527255e-06	6.4472312e-07	1.4145973e-08	9.4682892e-06	4.3270496e-07	-2.3319897e-05	-2.3282432e-05	-0.0016091801
-0.038	0.962	0	0	0	1	0	0	0	1.0319799	0.99276464	-2.4499215e-05	2.7036692e-07	-1.4984972e-06	3.0101979e-07	-5.3839504e-06	6.9736038e-07	-1.6365512e-06	6.8118847e-07	1.519843e-08	9.9559891e-06	4.8046468e-07	-2.4511374e-05	-2.4472399e-05	-0.0015926167
-0.04	0.96	0	0	0	1	0	0	0	1.0335765	0.99223346	-2.5680076e-05	2.6883773e-07	-1.5710859e-06	3.0048542e-07	-5.6556311e-06	7.32106e-07	-1.7206136e-06	7.1789682e-07	1.6280869e-08	1.0439809e-05	5.3059456e-07	-2.5693046e-05	-2.5652586e-05	-0.0015772148
-0.042	0.958	0	0	0	1	0	0	0	1.0351665	0.99168947	-2.685109e-05	2.67065e-07	-1.6434246e-06	2.9967432e-07	-5.9253516e-06	7.6691278e-07	-1.8049375e-06	7.5484603e-07	1.7390981e-08	1.0919684e-05	5.8307502e-07	-2.6864887e-05	-2.6822966e-05	-0.0015628537
-0.044	0.956	0	0	0	1	0	0	0	1.0367498	0.99113279	-2.8012243e-05	2.6504719e-07	-1.7155232e-06	2.9858529e-07	-6.1930076e-06	8.0178224e-07	-1.8895359e-06	7.9203227e-07	1.8527235e-08	1.1395574e-05	6.3788643e-07	-2.802688e-05	-2.7983521e-05	-0.0015494575
-0.046	0.954	0	0	0	1	0	0	0	1.0383265	0.99056352	-2.9163526e-05	2.6278335e-07	-1.787385e-06	2.972174e-07	-6.4585357e-06	8.3671388e-07	-1.9744141e-06	8.2945056e-07	1.9688604e-08	1.1867458e-05	6.9500911e-07	-2.9179016e-05	-2.9134237e-05	-0.0015369691
-0.048	0.952	0	0	0	1	0	0	0	1.0398968	0.98998175	-3.0304938e-05	2.602729e-07	-1.8590087e-06	2.9556986e-07	-6.7218982e-06	8.717058e-07	-2.0595727e-06	8.6709512e-07	2.0874402e-08	1.2335321e-05	7.5442338e-07	-3.0321293e-05	-3.0275113e-05	-0.0015253396
-0.05	0.95	0	0	0	1	0	0	0	1.0414606	0.98938757	-3.1436486e-05	2.5751554e-07	-1.9303902e-06	2.9364194e-07	-6.9830743e-06	9.0675499e-07	-2.1450083e-06	9.049596e-07	2.2084178e-08	1.2799159e-05	8.1610956e-07	-3.1453718e-05	-3.1406153e-05	-0.0015145241
-0.052	0.948	0	0	0	1	0	0	0	1.043018	0.98878104	-3.2558184e-05	2.5451121e-07	-2.0015233e-06	2.9143297e-07	-7.2420543e-06	9.4185762e-07	-2.2307152e-06	9.4303716e-07	2.3317653e-08	1.3258974e-05	8.8004799e-07	-3.2576304e-05	-3.2527367e-05	-0.0015044804
-0.054	0.946	0	0	0	1	0	0	0	1.044569	0.98816224	-3.3670052e-05	2.5126e-07	-2.0724002e-06	2.8894228e-07	-7.4988362e-06	9.7700913e-07	-2.3166855e-06	9.8132057e-07	2.457467e-08	1.3714771e-05	9.4621903e-07	-3.368907e-05	-3.3638774e-05	-0.0014951682
-0.056	0.944	0	0	0	1	0	0	0	1.0461136	0.98753124	-3.4772112e-05	2.4776217e-07	-2.143012e-06	2.8616924e-07	-7.7534238e-06	1.0122044e-06	-2.4029097e-06	1.0198022e-06	2.5855167e-08	1.416656e-05	1.0146031e-06	-3.479204e-05	-3.4740397e-05	-0.0014865494
-0.058	0.942	0	0	0	1	0	0	0	1.0476519	0.98688811	-3.5864396e-05	2.440181e-07	-2.2133488e-06	2.8311322e-07	-8.0058243e-06	1.0474377e-06	-2.4893772e-06	1.0584743e-06	2.7159153e-08	1.4614354e-05	1.0851806e-06	-3.5885243e-05	-3.5832262e-05	-0.0014785875
-0.06	0.94	0	0	0	1	0	0	0	1.049184	0.98623292	-3.6946935e-05	2.4002831e-07	-2.2834001e-06	2.7977365e-07	-8.2560481e-06	1.0827031e-06	-2.5760762e-06	1.0973284e-06	2.8486694e-08	1.5058166e-05	1.1579321e-06	-3.6968712e-05	-3.6914402e-05	-0.0014712481
-0.062	0.938	0	0	0	1	0	0	0	1.0507097	0.98556573	-3.8019767e-05	2.3579341e-07	-2.3531547e-06	2.7614995e-07	-8.5041075e-06	1.117994e-06	-2.6629939e-06	1.1363562e-06	2.9837903e-08	1.5498012e-05	1.2328382e-06	-3.8042483e-05	-3.7986852e-05	-0.0014644987
-0.064	0.936	0	0	0	1	0	0	0	1.0522293	0.9848866	-3.908293e-05	2.313141e-07	-2.4226009e-06	2.7224157e-07	-8.7500164e-06	1.1533034e-06	-2.7501168e-06	1.1755489e-06	3.121293e-08	1.5933911e-05	1.3098795e-06	-3.9106596e-05	-3.904965e-05	-0.0014583088
-0.066	0.934	0	0	0	1	0	0	0	1.0537426	0.98419558	-4.0136467e-05	2.265912e-07	-2.4917265e-06	2.6804797e-07	-8.9937897e-06	1.1886241e-06	-2.8374305e-06	1.2148973e-06	3.2611959e-08	1.6365882e-05	1.3890368e-06	-4.0161093e-05	-4.0102837e-05	-0.0014526498
-0.068	0.932	0	0	0	1	0	0	0	1.0552497	0.98349275	-4.1180421e-05	2.2162556e-07	-2.5605192e-06	2.6356866e-07	-9.2354433e-06	1.2239486e-06	-2.92492e-06	1.2543921e-06	3.4035202e-08	1.6793943e-05	1.4702909e-06	-4.1206016e-05	-4.1146457e-05	-0.0014474948
-0.07	0.93	0	0	0	1	0	0	0	1.0567507	0.98277815	-4.2214838e-05	2.1641815e-07	-2.6289662e-06	2.5880316e-07	-9.4749936e-06	1.2592688e-06	-3.0125698e-06	1.2940237e-06	3.5482897e-08	1.7218116e-05	1.5536227e-06	-4.2241413e-05	-4.2180554e-05	-0.0014428189
-0.072	0.928	0	0	0	1	0	0	0	1.0582455	0.98205185	-4.3239767e-05	2.1096998e-07	-2.6970542e-06	2.5375099e-07	-9.7124576e-06	1.2945764e-06	-3.1003634e-06	1.3337819e-06	3.6955302e-08	1.7638423e-05	1.6390131e-06	-4.3267331e-05	-4.3205176e-05	-0.0014385987
-0.074	0.926	0	0	0	1	0	0	0	1.0597342	0.9813139	-4.4255256e-05	2.0528213e-07	-2.7647699e-06	2.4841173e-07	-9.9478523e-06	1.3298628e-06	-3.1882841e-06	1.3736566e-06	3.8452699e-08	1.8054885e-05	1.7264434e-06	-4.4283819e-05	-4.4220371e-05	-0.0014348124
-0.076	0.924	0	0	0	1	0	0	0	1.0612168	0.98056435	-4.5261354e-05	1.9935572e-07	-2.8320997e-06	2.4278495e-07	-1.0181195e-05	1.3651192e-06	-3.2763144e-06	1.4136371e-06	3.9975391e-08	1.8467525e-05	1.8158946e-06	-4.5290927e-05	-4.5226188e-05	-0.0014314399
-0.078	0.922	0	0	0	1	0	0	0	1.0626933	0.97980326	-4.6258114e-05	1.9319195e-07	-2.8990297e-06	2.3687026e-07	-1.0412504e-05	1.400336e-06	-3.3644364e-06	1.4537124e-06	4.1523698e-08	1.8876365e-05	1.9073481e-06	-4.6288706e-05	-4.6222679e-05	-0.0014284624
-0.08	0.92	0	0	0	1	0	0	0	1.0641638	0.97903068	-4.7245587e-05	1.8679202e-07	-2.9655458e-06	2.3066728e-07	-1.0641797e-05	1.4355038e-06	-3.4526316e-06	1.4938713e-06	4.309796e-08	1.9281428e-05	2.0007853e-06	-4.7277208e-05	-4.7209893e-05	-0.0014258624
-0.082	0.918	0	0	0	1	0	0	0	1.0656282	0.97824666	-4.8223826e-05	1.8015723e-07	-3.0316335e-06	2.2417563e-07	-1.086909e-05	1.4706125e-06	-3.5408809e-06	1.534102e-06	4.4698535e-08	1.9682739e-05	2.0961877e-06	-4.8256486e-05	-4.8187885e-05	-0.0014236238
-0.084	0.916	0	0	0	1	0	0	0	1.0670865	0.97745126	-4.9192883e-05	1.7328886e-07	-3.0972786e-06	2.1739499e-07	-1.1094403e-05	1.5056518e-06	-3.6291647e-06	1.5743925e-06	4.6325802e-08	2.008032e-05	2.1935368e-06	-4.9226593e-05	-4.9156706e-05	-0.0014217317
-0.086	0.914	0	0	0	1	0	0	0	1.0685389	0.97664453	-5.0152813e-05	1.6618826e-07	-3.1624661e-06	2.1032501e-07	-1.1317751e-05	1.5406109e-06	-3.7174631e-06	1.6147304e-06	4.7980156e-08	2.0474195e-05	2.2928145e-06	-5.0187583e-05	-5.0116409e-05	-0.001420172
-0.088	0.912	0	0	0	1	0	0	0	1.0699852	0.97582651	-5.110367e-05	1.588568e-07	-3.2271812e-06	2.0296538e-07	-1.1539155e-05	1.5754788e-06	-3.8057555e-06	1.6551027e-06	4.9662011e-08	2.0864387e-05	2.3940025e-06	-5.1139509e-05	-5.1067049e-05	-0.0014189321
-0.09	0.91	0	0	0	1	0	0	0	1.0714256	0.97499727	-5.2045507e-05	1.5129589e-07	-3.2914089e-06	1.9531581e-07	-1.1758629e-05	1.6102439e-06	-3.8940208e-06	1.6954961e-06	5.1371802e-08	2.1250921e-05	2.4970827e-06	-5.2082427e-05	-5.2008679e-05	-0.0014180001
-0.092	0.908	0	0	0	1	0	0	0	1.0728599	0.97415683	-5.2978379e-05	1.4350694e-07	-3.3551339e-06	1.8737598e-07	-1.1976193e-05	1.6448943e-06	-3.9822375e-06	1.7358969e-06	5.3109984e-08	2.1633821e-05	2.6020372e-06	-5.301639e-05	-5.2941353e-05	-0.001417365
-0.094	0.906	0	0	0	1	0	0	0	1.0742884	0.97330527	-5.3902341e-05	1.354914e-07	-3.4183407e-06	1.7914564e-07	-1.2191863e-05	1.6794177e-06	-4.0703835e-06	1.7762908e-06	5.4877029e-08	2.2013109e-05	2.7088481e-06	-5.3941453e-05	-5.3865126e-05	-0.0014170169
-0.096	0.904	0	0	0	1	0	0	0	1.0757109	0.97244262	-5.4817447e-05	1.2725074e-07	-3.4810139e-06	1.706245e-07	-1.2405656e-05	1.7138014e-06	-4.1584363e-06	1.816663e-06	5.6673432e-08	2.238881e-05	2.8174977e-06	-5.4857672e-05	-5.4780052e-05	-0.0014169465
-0.098	0.902	0	0	0	1	0	0	0	1.0771274	0.97156892	-5.5723753e-05	1.1878646e-07	-3.5431376e-06	1.6181231e-07	-1.261759e-05	1.7480319e-06	-4.2463728e-06	1.8569984e-06	5.8499711e-08	2.2760948e-05	2.9279683e-06	-5.57651e-05	-5.5686185e-05	-0.0014171453
-0.1	0.9	0	0	0	1	0	0	0	1.078538	0.97068424	-5.6621311e-05	1.1010004e-07	-3.6046962e-06	1.5270883e-07	-1.2827681e-05	1.7820956e-06	-4.3341697e-06	1.8972809e-06	6.0356402e-08	2.3129545e-05	3.0402424e-06	-5.6663793e-05	-5.658358e-05	-0.0014176056
-0.102	0.898	0	0	0	1	0	0	0	1.0799428	0.96978861	-5.7510178e-05	1.0119303e-07	-3.6656734e-06	1.433138e-07	-1.3035946e-05	1.8159782e-06	-4.4218027e-06	1.9374943e-06	6.2244068e-08	2.3494627e-05	3.1543026e-06	-5.7553804e-05	-5.747229e-05	-0.0014183203
-0.104	0.896	0	0	0	1	0	0	0	1.0813416	0.96888209	-5.8390407e-05	9.2066943e-08	-3.7260532e-06	1.3362699e-07	-1.3242402e-05	1.8496649e-06	-4.5092476e-06	1.9776215e-06	6.4163293e-08	2.3856215e-05	3.2701316e-06	-5.8435189e-05	-5.8352371e-05	-0.001419283
-0.106	0.894	0	0	0	1	0	0	0	1.0827346	0.9679647	-5.9262052e-05	8.2723339e-08	-3.7858194e-06	1.2364819e-07	-1.3447065e-05	1.8831403e-06	-4.5964792e-06	2.0176447e-06	6.6114687e-08	2.4214334e-05	3.3877121e-06	-5.9308002e-05	-5.9223876e-05	-0.0014204879
-0.108	0.892	0	0	0	1	0	0	0	1.0841217	0.96703652	-6.0125167e-05	7.3163777e-08	-3.8449555e-06	1.1337716e-07	-1.364995e-05	1.9163884e-06	-4.6834721e-06	2.0575456e-06	6.8098883e-08	2.4569006e-05	3.5070271e-06	-6.0172297e-05	-6.0086858e-05	-0.0014219297
-0.11	0.89	0	0	0	1	0	0	0	1.0855029	0.96609756	-6.0979807e-05	6.3389832e-08	-3.9034449e-06	1.0281371e-07	-1.3851075e-05	1.9493926e-06	-4.7702003e-06	2.097305e-06	7.0116543e-08	2.4920255e-05	3.6280596e-06	-6.1028128e-05	-6.0941371e-05	-0.0014236038
-0.112	0.888	0	0	0	1	0	0	0	1.0868783	0.96514789	-6.1826024e-05	5.3403088e-08	-3.9612711e-06	9.1957624e-08	-1.4050454e-05	1.9821356e-06	-4.8566374e-06	2.1369031e-06	7.2168354e-08	2.5268103e-05	3.7507926e-06	-6.1875548e-05	-6.1787469e-05	-0.001425506
-0.114	0.886	0	0	0	1	0	0	0	1.0882478	0.96418754	-6.2663871e-05	4.3205143e-08	-4.0184171e-06	8.0808713e-08	-1.4248104e-05	2.0145994e-06	-4.9427564e-06	2.1763192e-06	7.4255034e-08	2.5612573e-05	3.8752094e-06	-6.271461e-05	-6.2625204e-05	-0.0014276327
-0.116	0.884	0	0	0	1	0	0	0	1.0896115	0.96321655	-6.3493401e-05	3.2797606e-08	-4.0748661e-06	6.9366792e-08	-1.444404e-05	2.0467653e-06	-5.0285297e-06	2.2155318e-06	7.6377326e-08	2.5953688e-05	4.0012934e-06	-6.3545368e-05	-6.3454629e-05	-0.0014299805
-0.118	0.882	0	0	0	1	0	0	0	1.0909694	0.96223497	-6.4314668e-05	2.2182097e-08	-4.1306011e-06	5.7631688e-08	-1.4638278e-05	2.0786137e-06	-5.1139294e-06	2.2545183e-06	7.8536005e-08	2.629147e-05	4.1290279e-06	-6.4367874e-05	-6.4275796e-05	-0.0014325468
-0.12	0.88	0	0	0	1	0	0	0	1.0923214	0.96124285	-6.5127721e-05	1.1360251e-08	-4.1856047e-06	4.5603236e-08	-1.4830832e-05	2.1101242e-06	-5.1989269e-06	2.2932553e-06	8.073188e-08	2.662594e-05	4.2583966e-06	-6.5182181e-05	-6.5088758e-05	-0.0014353293
-0.122	0.878	0	0	0	1	0	0	0	1.0936677	0.96024021	-6.5932615e-05	3.3371332e-10	-4.2398599e-06	3.3281285e-08	-1.5021717e-05	2.1412756e-06	-5.2834932e-06	2.3317183e-06	8.2965787e-08	2.6957122e-05	4.389383e-06	-6.5988341e-05	-6.5893564e-05	-0.001438326
-0.124	0.876	0	0	0	1	0	0	0	1.0950081	0.95922711	-6.6729398e-05	-1.0895853e-08	-4.2933489e-06	2.0665701e-08	-1.5210948e-05	2.1720456e-06	-5.3675987e-06	2.3698819e-06	8.5238599e-08	2.7285036e-05	4.5219708e-06	-6.6786404e-05	-6.6690267e-05	-0.0014415354
-0.126	0.874	0	0	0	1	0	0	0	1.0963428	0.95820357	-6.7518123e-05	-2.232677e-08	-4.3460544e-06	7.7563636e-09	-1.5398539e-05	2.202411e-06	-5.4512131e-06	2.4077192e-06	8.7551221e-08	2.7609704e-05	4.656144e-06	-6.7576422e-05	-6.7478918e-05	-0.0014449565
-0.128	0.872	0	0	0	1	0	0	0	1.0976716	0.95716965	-6.829884e-05	-3.395734e-08	-4.3979585e-06	-5.4468277e-09	-1.5584506e-05	2.2323475e-06	-5.5343056e-06	2.4452023e-06	8.9904597e-08	2.7931147e-05	4.7918865e-06	-6.8358445e-05	-6.8259565e-05	-0.0014485885
-0.13	0.87	0	0	0	1	0	0	0	1.0989947	0.95612538	-6.9071599e-05	-4.5785849e-08	-4.4490433e-06	-1.8943951e-08	-1.5768861e-05	2.2618298e-06	-5.616845e-06	2.4823021e-06	9.2299704e-08	2.8249387e-05	4.9291823e-06	-6.9132525e-05	-6.903226e-05	-0.0014524309
-0.132	0.868	0	0	0	1	0	0	0	1.100312	0.9550708	-6.9836448e-05	-5.7810554e-08	-4.4992909e-06	-3.2735058e-08	-1.5951619e-05	2.2908311e-06	-5.6987993e-06	2.5189877e-06	9.4737558e-08	2.8564443e-05	5.0680156e-06	-6.9898709e-05	-6.9797051e-05	-0.0014564837
-0.134	0.866	0	0	0	1	0	0	0	1.1016235	0.95400594	-7.0593436e-05	-7.0029691e-08	-4.5486829e-06	-4.6820172e-08	-1.6132793e-05	2.3193235e-06	-5.7801358e-06	2.5552272e-06	9.7219214e-08	2.8876337e-05	5.2083705e-06	-7.0657048e-05	-7.0553986e-05	-0.0014607473
-0.136	0.864	0	0	0	1	0	0	0	1.1029292	0.95293084	-7.1342613e-05	-8.2441464e-08	-4.5972009e-06	-6.1199281e-08	-1.6312397e-05	2.3472779e-06	-5.8608214e-06	2.5909868e-06	9.9745768e-08	2.9185088e-05	5.3502315e-06	-7.140759e-05	-7.1303115e-05	-0.0014652221
-0.138	0.862	0	0	0	1	0	0	0	1.1042292	0.95184555	-7.2084026e-05	-9.5044042e-08	-4.6448264e-06	-7.5872337e-08	-1.6490444e-05	2.3746634e-06	-5.9408221e-06	2.6262311e-06	1.0231836e-07	2.9490717e-05	5.493583e-06	-7.2150383e-05	-7.2044484e-05	-0.0014699091
-0.14	0.86	0	0	0	1	0	0	0	1.1055234	0.95075008	-7.2817721e-05	-1.0783556e-07	-4.6915405e-06	-9.0839244e-08	-1.6666948e-05	2.4014478e-06	-6.0201032e-06	2.6609229e-06	1.0493816e-07	2.9793244e-05	5.6384094e-06	-7.2885474e-05	-7.277814e-05	-0.0014748096
-0.142	0.858	0	0	0	1	0	0	0	1.1068118	0.94964449	-7.3543746e-05	-1.208141e-07	-4.7373243e-06	-1.0609986e-07	-1.684192e-05	2.4275971e-06	-6.0986295e-06	2.6950232e-06	1.076064e-07	3.0092686e-05	5.7846955e-06	-7.3612911e-05	-7.350413e-05	-0.0014799249
-0.144	0.856	0	0	0	1	0	0	0	1.1080944	0.94852879	-7.4262146e-05	-1.3397771e-07	-4.7821583e-06	-1.2165397e-07	-1.7015374e-05	2.4530758e-06	-6.1763647e-06	2.7284909e-06	1.1032433e-07	3.0389065e-05	5.932426e-06	-7.4332739e-05	-7.42225e-05	-0.001485257
-0.146	0.854	0	0	0	1	0	0	0	1.1093712	0.94740303	-7.4972967e-05	-1.4732437e-07	-4.8260232e-06	-1.3750131e-07	-1.7187321e-05	2.4778462e-06	-6.2532719e-06	2.7612827e-06	1.1309329e-07	3.0682398e-05	6.0815855e-06	-7.5045005e-05	-7.4933294e-05	-0.0014908079
-0.148	0.852	0	0	0	1	0	0	0	1.1106423	0.94626724	-7.5676253e-05	-1.6085201e-07	-4.868899e-06	-1.5364154e-07	-1.7357775e-05	2.5018689e-06	-6.3293134e-06	2.7933529e-06	1.1591462e-07	3.0972704e-05	6.2321591e-06	-7.5749753e-05	-7.5636557e-05	-0.00149658
-0.15	0.85	0	0	0	1	0	0	0	1.1119076	0.94512145	-7.6372048e-05	-1.7455847e-07	-4.9107657e-06	-1.7007421e-07	-1.7526746e-05	2.5251022e-06	-6.4044505e-06	2.8246536e-06	1.1878973e-07	3.1260002e-05	6.3841318e-06	-7.6447028e-05	-7.6332332e-05	-0.0015025758
-0.152	0.848	0	0	0	1	0	0	0	1.1131671	0.94396568	-7.7060396e-05	-1.8844153e-07	-4.9516028e-06	-1.8679881e-07	-1.7694247e-05	2.5475021e-06	-6.4786435e-06	2.855134e-06	1.2172008e-07	3.1544308e-05	6.5374885e-06	-7.7136872e-05	-7.7020664e-05	-0.0015087982
-0.154	0.846	0	0	0	1	0	0	0	1.1144208	0.94279998	-7.7741339e-05	-2.0249886e-07	-4.9913895e-06	-2.0381469e-07	-1.7860289e-05	2.5690224e-06	-6.551852e-06	2.8847406e-06	1.2470717e-07	3.182564e-05	6.6922144e-06	-7.781933e-05	-7.7701593e-05	-0.0015152503
-0.156	0.844	0	0	0	1	0	0	0	1.1156687	0.94162436	-7.8414918e-05	-2.1672806e-07	-5.0301046e-06	-2.211211e-07	-1.8024882e-05	2.5896141e-06	-6.6240342e-06	2.913417e-06	1.2775256e-07	3.2104016e-05	6.8482948e-06	-7.8494443e-05	-7.8375161e-05	-0.0015219354
-0.158	0.842	0	0	0	1	0	0	0	1.1169107	0.94043885	-7.9081176e-05	-2.3112659e-07	-5.0677265e-06	-2.3871714e-07	-1.8188039e-05	2.6092256e-06	-6.6951476e-06	2.9411035e-06	1.3085786e-07	3.2379452e-05	7.0057151e-06	-7.9162253e-05	-7.904141e-05	-0.0015288572
-0.16	0.84	0	0	0	1	0	0	0	1.118147	0.93924348	-7.9740151e-05	-2.4569181e-07	-5.1042333e-06	-2.5660175e-07	-1.8349769e-05	2.6278022e-06	-6.7651483e-06	2.9677368e-06	1.3402472e-07	3.2651965e-05	7.1644605e-06	-7.98228e-05	-7.9700378e-05	-0.0015360194
-0.162	0.838	0	0	0	1	0	0	0	1.1193774	0.93803827	-8.0391883e-05	-2.6042092e-07	-5.1396023e-06	-2.7477371e-07	-1.8510082e-05	2.6452864e-06	-6.8339912e-06	2.9932504e-06	1.3725485e-07	3.292157e-05	7.3245166e-06	-8.0476123e-05	-8.0352105e-05	-0.0015434259
-0.164	0.836	0	0	0	1	0	0	0	1.120602	0.93682326	-8.1036411e-05	-2.7531099e-07	-5.1738106e-06	-2.9323161e-07	-1.8668989e-05	2.661617e-06	-6.90163e-06	3.0175735e-06	1.4055001e-07	3.3188283e-05	7.4858689e-06	-8.1122262e-05	-8.0996629e-05	-0.001551081
-0.166	0.834	0	0	0	1	0	0	0	1.1218207	0.93559845	-8.1673773e-05	-2.9035889e-07	-5.2068344e-06	-3.1197381e-07	-1.8826499e-05	2.6767296e-06	-6.968017e-06	3.0406313e-06	1.4391202e-07	3.345212e-05	7.6485031e-06	-8.1761254e-05	-8.1633987e-05	-0.001558989
-0.168	0.832	0	0	0	1	0	0	0	1.1230335	0.93436387	-8.2304003e-05	-3.0556134e-07	-5.2386498e-06	-3.3099846e-07	-1.8982622e-05	2.6905557e-06	-7.0331032e-06	3.0623447e-06	1.4734273e-07	3.3713094e-05	7.8124048e-06	-8.2393136e-05	-8.2264215e-05	-0.0015671545
-0.17	0.83	0	0	0	1	0	0	0	1.1242404	0.93311954	-8.292714e-05	-3.2091482e-07	-5.2692317e-06	-3.5030341e-07	-1.9137367e-05	2.7030229e-06	-7.0968379e-06	3.0826298e-06	1.5084405e-07	3.3971221e-05	7.9775599e-06	-8.3017944e-05	-8.2887348e-05	-0.0015755821
-0.172	0.828	0	0	0	1	0	0	0	1.1254414	0.93186549	-8.3543216e-05	-3.364156e-07	-5.2985548e-06	-3.6988625e-07	-1.9290743e-05	2.7140548e-06	-7.159169e-06	3.1013975e-06	1.5441796e-07	3.4226514e-05	8.1439542e-06	-8.3635714e-05	-8.3503421e-05	-0.0015842766
-0.174	0.826	0	0	0	1	0	0	0	1.1266365	0.93060171	-8.4152265e-05	-3.5205969e-07	-5.3265927e-06	-3.8974424e-07	-1.9442757e-05	2.7235701e-06	-7.2200426e-06	3.1185538e-06	1.5806645e-07	3.4478985e-05	8.3115736e-06	-8.4246477e-05	-8.4112466e-05	-0.001593243
-0.176	0.824	0	0	0	1	0	0	0	1.1278255	0.92932823	-8.475432e-05	-3.6784284e-07	-5.3533185e-06	-4.0987428e-07	-1.9593419e-05	2.7314827e-06	-7.2794031e-06	3.1339985e-06	1.6179157e-07	3.4728649e-05	8.4804041e-06	-8.4850269e-05	-8.4714515e-05	-0.0016024862
-0.178	0.822	0	0	0	1	0	0	0	1.1290086	0.92804507	-8.5349412e-05	-3.8376049e-07	-5.3787042e-06	-4.3027289e-07	-1.9742735e-05	2.7377016e-06	-7.337193e-06	3.1476258e-06	1.6559543e-07	3.4975517e-05	8.6504317e-06	-8.5447119e-05	-8.5309599e-05	-0.0016120113
-0.18	0.82	0	0	0	1	0	0	0	1.1301856	0.92675223	-8.5937572e-05	-3.9980775e-07	-5.4027212e-06	-4.5093616e-07	-1.9890713e-05	2.7421302e-06	-7.3933529e-06	3.1593232e-06	1.6948014e-07	3.5219601e-05	8.8216425e-06	-8.6037057e-05	-8.5897746e-05	-0.0016218235
-0.182	0.818	0	0	0	1	0	0	0	1.1313566	0.92544972	-8.6518827e-05	-4.1597937e-07	-5.4253399e-06	-4.7185971e-07	-2.003736e-05	2.7446662e-06	-7.4478214e-06	3.1689715e-06	1.7344787e-07	3.5460913e-05	8.9940227e-06	-8.6620114e-05	-8.6478987e-05	-0.0016319278
-0.184	0.816	0	0	0	1	0	0	0	1.1325215	0.92413754	-8.7093205e-05	-4.3226973e-07	-5.4465296e-06	-4.9303865e-07	-2.0182681e-05	2.7452012e-06	-7.5005347e-06	3.1764444e-06	1.775008e-07	3.5699462e-05	9.1675584e-06	-8.7196316e-05	-8.7053346e-05	-0.0016423292
-0.186	0.814	0	0	0	1	0	0	0	1.1336802	0.92281571	-8.7660734e-05	-4.4867276e-07	-5.4662587e-06	-5.1446756e-07	-2.0326685e-05	2.7436203e-06	-7.5514272e-06	3.1816079e-06	1.8164116e-07	3.5935259e-05	9.3422361e-06	-8.776569e-05	-8.762085e-05	-0.0016530328
-0.188	0.812	0	0	0	1	0	0	0	1.1348328	0.92148423	-8.8221436e-05	-4.6518197e-07	-5.4844944e-06	-5.361404e-07	-2.0469374e-05	2.7398019e-06	-7.6004305e-06	3.1843198e-06	1.8587116e-07	3.6168313e-05	9.5180418e-06	-8.832826e-05	-8.8181522e-05	-0.0016640434
-0.19	0.81	0	0	0	1	0	0	0	1.1359791	0.92014308	-8.8775336e-05	-4.8179037e-07	-5.5012031e-06	-5.5805048e-07	-2.0610756e-05	2.7336173e-06	-7.6474742e-06	3.1844298e-06	1.9019302e-07	3.6398633e-05	9.6949621e-06	-8.888405e-05	-8.8735385e-05	-0.0016753656
-0.192	0.808	0	0	0	1	0	0	0	1.1371192	0.91879229	-8.9322456e-05	-4.9849044e-07	-5.5163496e-06	-5.8019042e-07	-2.0750834e-05	2.7249304e-06	-7.692485e-06	3.1817785e-06	1.9460897e-07	3.6626227e-05	9.8729834e-06	-8.943308e-05	-8.9282461e-05	-0.0016870038
-0.194	0.806	0	0	0	1	0	0	0	1.1382529	0.91743183	-8.9862816e-05	-5.1527411e-07	-5.5298978e-06	-6.0255211e-07	-2.0889612e-05	2.7135972e-06	-7.7353874e-06	3.176197e-06	1.9912119e-07	3.6851102e-05	1.0052092e-05	-8.9975372e-05	-8.9822767e-05	-0.0016989623
-0.196	0.804	0	0	0	1	0	0	0	1.1393802	0.91606169	-9.0396435e-05	-5.3213273e-07	-5.5418105e-06	-6.2512661e-07	-2.1027094e-05	2.6994655e-06	-7.7761028e-06	3.1675071e-06	2.0373186e-07	3.7073266e-05	1.0232274e-05	-9.0510943e-05	-9.0356322e-05	-0.0017112446
-0.198	0.802	0	0	0	1	0	0	0	1.1405011	0.91468188	-9.092333e-05	-5.4905701e-07	-5.5520489e-06	-6.4790416e-07	-2.1163283e-05	2.6823747e-06	-7.8145502e-06	3.15552e-06	2.0844308e-07	3.7292723e-05	1.0413517e-05	-9.103981e-05	-9.0883141e-05	-0.0017238541
-0.2	0.8	0	0	0	1	0	0	0	1.1416155	0.91329237	-9.1443516e-05	-5.6603702e-07	-5.5605732e-06	-6.708741e-07	-2.1298181e-05	2.6621557e-06	-7.8506457e-06	3.1400369e-06	2.1325688e-07	3.750948e-05	1.0595807e-05	-9.1561988e-05	-9.140324e-05	-0.0017367934
-0.202	0.798	0	0	0	1	0	0	0	1.1427233	0.91189316	-9.1957007e-05	-5.8306215e-07	-5.5673424e-06	-6.9402484e-07	-2.1431789e-05	2.63863e-06	-7.8843026e-06	3.1208477e-06	2.1817522e-07	3.772354e-05	1.077913e-05	-9.2077489e-05	-9.1916629e-05	-0.0017500647
-0.204	0.796	0	0	0	1	0	0	0	1.1438244	0.91048421	-9.2463815e-05	-6.0012107e-07	-5.572314e-06	-7.173438e-07	-2.1564109e-05	2.6116103e-06	-7.9154315e-06	3.0977314e-06	2.2319991e-07	3.7934908e-05	1.0963474e-05	-9.2586325e-05	-9.2423321e-05	-0.0017636693
-0.206	0.794	0	0	0	1	0	0	0	1.1449188	0.9090655	-9.2963951e-05	-6.1720177e-07	-5.5754447e-06	-7.4081742e-07	-2.1695141e-05	2.5808998e-06	-7.94394e-06	3.0704558e-06	2.2833264e-07	3.8143586e-05	1.1148824e-05	-9.3088504e-05	-9.2923322e-05	-0.0017776076
-0.208	0.792	0	0	0	1	0	0	0	1.1460063	0.90763702	-9.3457422e-05	-6.3429147e-07	-5.5766896e-06	-7.6443111e-07	-2.1824884e-05	2.5462922e-06	-7.9697332e-06	3.038777e-06	2.3357489e-07	3.8349577e-05	1.1335167e-05	-9.3584033e-05	-9.3416642e-05	-0.0017918791
-0.21	0.79	0	0	0	1	0	0	0	1.147087	0.90619873	-9.3944237e-05	-6.5137671e-07	-5.5760032e-06	-7.8816926e-07	-2.1953339e-05	2.5075721e-06	-7.9927134e-06	3.0024399e-06	2.3892797e-07	3.8552882e-05	1.152249e-05	-9.4072918e-05	-9.3903283e-05	-0.0018064821
-0.212	0.788	0	0	0	1	0	0	0	1.1481607	0.90475059	-9.4424399e-05	-6.684433e-07	-5.5733386e-06	-8.1201526e-07	-2.2080502e-05	2.4645145e-06	-8.0127805e-06	2.9611776e-06	2.4439289e-07	3.8753503e-05	1.171078e-05	-9.4555161e-05	-9.438325e-05	-0.001821414
-0.214	0.786	0	0	0	1	0	0	0	1.1492272	0.90329258	-9.4897912e-05	-6.8547642e-07	-5.5686483e-06	-8.3595153e-07	-2.2206371e-05	2.4168859e-06	-8.029832e-06	2.9147126e-06	2.499704e-07	3.8951438e-05	1.1900023e-05	-9.5030765e-05	-9.4856544e-05	-0.0018366703
-0.216	0.784	0	0	0	1	0	0	0	1.1502866	0.90182466	-9.5364777e-05	-7.0246061e-07	-5.561884e-06	-8.5995957e-07	-2.2330944e-05	2.3644439e-06	-8.0437633e-06	2.8627562e-06	2.5566088e-07	3.9146687e-05	1.2090206e-05	-9.5499726e-05	-9.5323165e-05	-0.0018522456
-0.218	0.782	0	0	0	1	0	0	0	1.1513386	0.90034677	-9.5824996e-05	-7.193799e-07	-5.5529969e-06	-8.8402007e-07	-2.2454216e-05	2.3069381e-06	-8.0544678e-06	2.8050098e-06	2.6146433e-07	3.9339249e-05	1.2281316e-05	-9.5962044e-05	-9.5783109e-05	-0.0018681324
-0.22	0.78	0	0	0	1	0	0	0	1.1523832	0.89885888	-9.6278565e-05	-7.3621791e-07	-5.541938e-06	-9.0811307e-07	-2.2576182e-05	2.2441111e-06	-8.0618377e-06	2.7411656e-06	2.673803e-07	3.9529122e-05	1.2473339e-05	-9.6417713e-05	-9.6236373e-05	-0.0018843218
-0.222	0.778	0	0	0	1	0	0	0	1.1534202	0.89736095	-9.6725483e-05	-7.5295797e-07	-5.5286582e-06	-9.322181e-07	-2.2696837e-05	2.1756991e-06	-8.065764e-06	2.6709076e-06	2.7340782e-07	3.9716304e-05	1.2666261e-05	-9.6866728e-05	-9.6682952e-05	-0.001900803
-0.224	0.776	0	0	0	1	0	0	0	1.1544496	0.89585291	-9.7165744e-05	-7.6958334e-07	-5.5131085e-06	-9.5631443e-07	-2.2816174e-05	2.1014334e-06	-8.0661368e-06	2.5939129e-06	2.7954533e-07	3.9900791e-05	1.286007e-05	-9.7309079e-05	-9.712284e-05	-0.0019175634
-0.226	0.774	0	0	0	1	0	0	0	1.1554712	0.89433471	-9.7599345e-05	-7.860774e-07	-5.4952406e-06	-9.8038141e-07	-2.2934187e-05	2.0210418e-06	-8.0628465e-06	2.5098536e-06	2.8579065e-07	4.008258e-05	1.3054753e-05	-9.7744758e-05	-9.7556027e-05	-0.001934588
-0.228	0.772	0	0	0	1	0	0	0	1.1564849	0.89280631	-9.8026278e-05	-8.0242396e-07	-5.4750072e-06	-1.0043988e-06	-2.3050868e-05	1.9342505e-06	-8.0557836e-06	2.4183986e-06	2.9214086e-07	4.0261668e-05	1.3250294e-05	-9.8173754e-05	-9.7982506e-05	-0.0019518604
-0.23	0.77	0	0	0	1	0	0	0	1.1574905	0.89126765	-9.8446536e-05	-8.1860758e-07	-5.452362e-06	-1.0283471e-06	-2.3166207e-05	1.8407858e-06	-8.0448398e-06	2.3192162e-06	2.9859224e-07	4.043805e-05	1.3446683e-05	-9.8596055e-05	-9.8402265e-05	-0.0019693615
-0.232	0.768	0	0	0	1	0	0	0	1.1584878	0.88971866	-9.8860113e-05	-8.3461396e-07	-5.4272605e-06	-1.0522085e-06	-2.3280197e-05	1.7403768e-06	-8.0299084e-06	2.2119767e-06	3.0514023e-07	4.0611723e-05	1.3643904e-05	-9.9011648e-05	-9.8815295e-05	-0.0019870704
-0.234	0.766	0	0	0	1	0	0	0	1.1594769	0.88815929	-9.9267e-05	-8.504304e-07	-5.3996604e-06	-1.0759668e-06	-2.3392827e-05	1.6327581e-06	-8.0108854e-06	2.0963552e-06	3.1177926e-07	4.0782683e-05	1.3841944e-05	-9.942052e-05	-9.9221585e-05	-0.0020049641
-0.236	0.764	0	0	0	1	0	0	0	1.1604574	0.88658948	-9.966719e-05	-8.6604633e-07	-5.3695214e-06	-1.099609e-06	-2.3504087e-05	1.5176723e-06	-7.9876694e-06	1.9720357e-06	3.1850277e-07	4.0950925e-05	1.404079e-05	-9.9822658e-05	-9.9621123e-05	-0.002023017
-0.238	0.762	0	0	0	1	0	0	0	1.1614294	0.88500918	-0.00010006068	-8.8145392e-07	-5.3368064e-06	-1.1231254e-06	-2.3613967e-05	1.3948736e-06	-7.9601632e-06	1.8387141e-06	3.2530303e-07	4.1116446e-05	1.4240428e-05	-0.00010021805	-0.0001000139	-0.0020412016
-0.24	0.76	0	0	0	1	0	0	0	1.1623925	0.88341831	-0.00010044745	-8.9664879e-07	-5.301481e-06	-1.1465111e-06	-2.3722454e-05	1.2641314e-06	-7.9282736e-06	1.696103e-06	3.3217115e-07	4.1279244e-05	1.4440845e-05	-0.00010060667	-0.0001003999	-0.0020594878
-0.242	0.758	0	0	0	1	0	0	0	1.1633467	0.88181684	-0.0001008275	-9.1163071e-07	-5.2635146e-06	-1.1697667e-06	-2.3829538e-05	1.1252337e-06	-7.8919123e-06	1.5439357e-06	3.3909689e-07	4.1439315e-05	1.4642028e-05	-0.00010098852	-0.00010077912	-0.0020778431
-0.244	0.756	0	0	0	1	0	0	0	1.1642919	0.88020468	-0.00010120084	-9.2640453e-07	-5.2228796e-06	-1.1928997e-06	-2.3935205e-05	9.7799089e-07	-7.8509962e-06	1.3819711e-06	3.4606866e-07	4.1596657e-05	1.4843962e-05	-0.00010136358	-0.00010115155	-0.002096232
-0.246	0.754	0	0	0	1	0	0	0	1.1652279	0.87858181	-0.00010156744	-9.4098108e-07	-5.1795522e-06	-1.2159262e-06	-2.4039444e-05	8.2224051e-07	-7.8054478e-06	1.2099982e-06	3.5307339e-07	4.175127e-05	1.5046634e-05	-0.00010173184	-0.00010151717	-0.0021146164
-0.248	0.752	0	0	0	1	0	0	0	1.1661544	0.87694814	-0.00010192731	-9.5537822e-07	-5.1335122e-06	-1.2388717e-06	-2.4142241e-05	6.5785082e-07	-7.7551946e-06	1.027842e-06	3.6009646e-07	4.1903151e-05	1.5250031e-05	-0.00010209328	-0.00010187599	-0.0021329547
-0.25	0.75	0	0	0	1	0	0	0	1.1670715	0.87530364	-0.00010228044	-9.6962197e-07	-5.0847425e-06	-1.2617735e-06	-2.4243583e-05	4.8472541e-07	-7.7001698e-06	8.3536776e-07	3.6712158e-07	4.2052301e-05	1.5454138e-05	-0.0001024479	-0.00010222798	-0.0021512013
-0.252	0.748	0	0	0	1	0	0	0	1.167979	0.87364826	-0.00010262684	-9.8374772e-07	-5.0332288e-06	-1.2846819e-06	-2.4343455e-05	3.0280755e-07	-7.6403106e-06	6.3248718e-07	3.7413076e-07	4.2198722e-05	1.5658943e-05	-0.00010279567	-0.00010257316	-0.0021693064
-0.254	0.746	0	0	0	1	0	0	0	1.1688766	0.87198193	-0.0001029665	-9.978016e-07	-4.9789591e-06	-1.3076627e-06	-2.4441844e-05	1.1208474e-07	-7.5755585e-06	4.1916353e-07	3.8110413e-07	4.2342412e-05	1.5864431e-05	-0.00010313659	-0.0001029115	-0.0021872153
-0.256	0.744	0	0	0	1	0	0	0	1.1697642	0.8703046	-0.00010329941	-1.011842e-06	-4.9219228e-06	-1.3307995e-06	-2.4538733e-05	-8.7406714e-08	-7.5058569e-06	1.9541745e-07	3.8801992e-07	4.2483374e-05	1.6070589e-05	-0.00010347064	-0.00010324301	-0.0022048672
-0.258	0.742	0	0	0	1	0	0	0	1.1706418	0.86861621	-0.00010362557	-1.0259409e-06	-4.8621094e-06	-1.3541955e-06	-2.4634106e-05	-2.9557685e-07	-7.4311503e-06	-3.8667056e-08	3.948543e-07	4.2621608e-05	1.6277403e-05	-0.00010379781	-0.00010356766	-0.0022221945
-0.26	0.74	0	0	0	1	0	0	0	1.1715091	0.86691671	-0.00010394498	-1.040186e-06	-4.7995076e-06	-1.3779767e-06	-2.4727945e-05	-5.1227698e-07	-7.3513816e-06	-2.829363e-07	4.0158128e-07	4.2757115e-05	1.6484859e-05	-0.00010411807	-0.00010388546	-0.0022391215
-0.262	0.738	0	0	0	1	0	0	0	1.1723659	0.86520602	-0.00010425763	-1.0546823e-06	-4.7341036e-06	-1.4022949e-06	-2.4820229e-05	-7.3729415e-07	-7.26649e-06	-5.3716003e-07	4.0817256e-07	4.2889894e-05	1.6692945e-05	-0.0001044314	-0.00010419638	-0.0022555632
-0.264	0.736	0	0	0	1	0	0	0	1.173212	0.86348406	-0.00010456349	-1.0695543e-06	-4.6658793e-06	-1.4273305e-06	-2.4910935e-05	-9.7034495e-07	-7.176408e-06	-8.0102376e-07	4.1459744e-07	4.3019941e-05	1.6901645e-05	-0.00010473777	-0.0001045004	-0.0022714233
-0.266	0.734	0	0	0	1	0	0	0	1.1740473	0.86175074	-0.00010486254	-1.0849484e-06	-4.5948105e-06	-1.4532965e-06	-2.5000039e-05	-1.2110685e-06	-7.081058e-06	-1.0741199e-06	4.2082261e-07	4.3147252e-05	1.7110946e-05	-0.00010503712	-0.00010479749	-0.0022865932
-0.268	0.732	0	0	0	1	0	0	0	1.1748715	0.86000593	-0.00010515475	-1.1010351e-06	-4.520865e-06	-1.4804421e-06	-2.5087509e-05	-1.4590181e-06	-6.9803494e-06	-1.3559378e-06	4.2681209e-07	4.3271816e-05	1.7320835e-05	-0.00010532942	-0.00010508761	-0.0023009494
-0.27	0.73	0	0	0	1	0	0	0	1.1756842	0.8582495	-0.00010544007	-1.1180117e-06	-4.4440007e-06	-1.5090571e-06	-2.5173311e-05	-1.7136515e-06	-6.8741748e-06	-1.6458513e-06	4.3252701e-07	4.3393618e-05	1.7531297e-05	-0.00010561457	-0.00010537071	-0.0023143523
-0.272	0.728	0	0	0	1	0	0	0	1.1764853	0.85648127	-0.00010571844	-1.1361053e-06	-4.3641638e-06	-1.5394758e-06	-2.5257402e-05	-1.9743193e-06	-6.7624069e-06	-1.9431044e-06	4.3792562e-07	4.3512637e-05	1.7742318e-05	-0.0001058925	-0.0001056467	-0.002326644
-0.274	0.726	0	0	0	1	0	0	0	1.1772741	0.85470102	-0.00010598975	-1.1555751e-06	-4.281288e-06	-1.572082e-06	-2.5339732e-05	-2.2402509e-06	-6.6448963e-06	-2.2467949e-06	4.429632e-07	4.3628841e-05	1.7953883e-05	-0.00010616308	-0.00010591549	-0.0023376472
-0.276	0.724	0	0	0	1	0	0	0	1.1780504	0.85290849	-0.00010625392	-1.1767153e-06	-4.1952934e-06	-1.6073126e-06	-2.5420241e-05	-2.5105385e-06	-6.52147e-06	-2.5558539e-06	4.4759221e-07	4.3742189e-05	1.816598e-05	-0.00010642617	-0.00010617696	-0.0023471651
-0.278	0.722	0	0	0	1	0	0	0	1.1788135	0.85110337	-0.00010651078	-1.1998566e-06	-4.1060882e-06	-1.6456606e-06	-2.5498859e-05	-2.7841191e-06	-6.3919328e-06	-2.869024e-06	4.5176259e-07	4.3852625e-05	1.8378591e-05	-0.00010668159	-0.00010643095	-0.002354983
-0.28	0.72	0	0	0	1	0	0	0	1.1795628	0.84928524	-0.00010676016	-1.2253668e-06	-4.0135716e-06	-1.687677e-06	-2.5575501e-05	-3.0597544e-06	-6.2560707e-06	-3.1848352e-06	4.5542238e-07	4.3960079e-05	1.8591703e-05	-0.00010692913	-0.00010667727	-0.0023608724
-0.282	0.718	0	0	0	1	0	0	0	1.1802976	0.84745365	-0.00010700184	-1.2536496e-06	-3.9176391e-06	-1.7339682e-06	-2.5650066e-05	-3.3360117e-06	-6.113661e-06	-3.5015814e-06	4.5851871e-07	4.4064462e-05	1.88053e-05	-0.00010716851	-0.0001069157	-0.0023646003
-0.284	0.716	0	0	0	1	0	0	0	1.1810168	0.84560805	-0.00010723556	-1.285139e-06	-3.8181931e-06	-1.7851901e-06	-2.5722436e-05	-3.6112472e-06	-5.9644869e-06	-3.8173002e-06	4.6099941e-07	4.4165665e-05	1.9019366e-05	-0.00010739944	-0.00010714594	-0.0023659442
-0.286	0.714	0	0	0	1	0	0	0	1.1817196	0.84374778	-0.00010746101	-1.3202901e-06	-3.7151572e-06	-1.8420336e-06	-2.5792478e-05	-3.8835975e-06	-5.8083618e-06	-4.1297618e-06	4.6281525e-07	4.4263556e-05	1.9233884e-05	-0.00010762159	-0.00010736769	-0.002364715
-0.288	0.712	0	0	0	1	0	0	0	1.1824047	0.84187214	-0.00010767783	-1.359563e-06	-3.6084964e-06	-1.9052017e-06	-2.5860038e-05	-4.1509841e-06	-5.645163e-06	-4.4364749e-06	4.6392299e-07	4.4357983e-05	1.9448837e-05	-0.00010783456	-0.00010758058	-0.0023607893
-0.29	0.71	0	0	0	1	0	0	0	1.1830709	0.83998033	-0.00010788566	-1.4033984e-06	-3.4982434e-06	-1.9753741e-06	-2.5924948e-05	-4.4111402e-06	-5.4748752e-06	-4.7347184e-06	4.6428918e-07	4.4448773e-05	1.9664206e-05	-0.00010803797	-0.00010778422	-0.0023541503
-0.292	0.708	0	0	0	1	0	0	0	1.1837169	0.83807154	-0.00010808408	-1.4521856e-06	-3.3845286e-06	-2.0531599e-06	-2.598703e-05	-4.6616675e-06	-5.2976431e-06	-5.0216094e-06	4.6389448e-07	4.4535739e-05	1.9879974e-05	-0.00010823141	-0.00010797821	-0.0023449329
-0.294	0.706	0	0	0	1	0	0	0	1.1843413	0.83614494	-0.00010827271	-1.506223e-06	-3.2676112e-06	-2.1390393e-06	-2.6046102e-05	-4.900128e-06	-5.1138252e-06	-5.2942141e-06	4.6273796e-07	4.4618691e-05	2.0096119e-05	-0.00010841454	-0.00010816215	-0.0023334653
-0.296	0.704	0	0	0	1	0	0	0	1.1849429	0.83419978	-0.00010845118	-1.5656758e-06	-3.1479056e-06	-2.2332998e-06	-2.6101988e-05	-5.1241716e-06	-4.9240429e-06	-5.5497011e-06	4.6084077e-07	4.4697443e-05	2.0312622e-05	-0.00010858705	-0.00010833568	-0.0023202943
-0.298	0.702	0	0	0	1	0	0	0	1.1855206	0.83223546	-0.00010861921	-1.6305364e-06	-3.0259955e-06	-2.3359778e-06	-2.6154535e-05	-5.3316881e-06	-4.7292095e-06	-5.7855247e-06	4.5824795e-07	4.4771832e-05	2.0529462e-05	-0.00010874875	-0.00010849853	-0.0023061803
-0.3	0.7	0	0	0	1	0	0	0	1.1860736	0.83025155	-0.00010877661	-1.700598e-06	-2.9026297e-06	-2.4468162e-06	-2.6203619e-05	-5.5209638e-06	-4.5305292e-06	-5.9996142e-06	4.550279e-07	4.4841734e-05	2.0746617e-05	inf	inf	inf
