lambda	F11	F12	F13	F21	F22	F23	F31	F32	F33	J	P11	P12	P13	P21	P22	P23	P31	P32	P33	p	StrEn	t(1)	t(2)	d
0	1	0	0	0	1	0	0	0	1	1	0	0	0	0	0	0	0	0	0	-0	0	inf	inf	inf
-0.002	0.998	-0.0016	0	0	1.0007386	0	0	0	1.0006459	0.99938214	-5.33295e-06	-3.9163299e-06	1.3411072e-07	-3.9250663e-06	1.4528159e-09	3.3016526e-09	1.4527543e-07	1.2442534e-08	-4.5839351e-10	1.7773185e-06	8.6331261e-09	-8.4663581e-06	-8.2123653e-06	-0.030928097
-0.004	0.996	-0.0032	0	0	1.0013488	0	0	0	1.0012709	0.99861092	-9.5592116e-06	-7.2897404e-06	4.4346639e-07	-7.3412902e-06	-3.1972036e-10	-2.9953882e-08	4.5656225e-07	6.3664979e-09	-1.4225694e-09	3.1869846e-06	3.2849461e-08	-1.5390475e-05	-1.5045355e-05	-0.02293869
-0.006	0.994	-0.0048	0	0	1.0017403	0	0	0	1.001907	0.99762869	-1.2542466e-05	-9.7573706e-06	1.0938005e-06	-9.8827919e-06	-3.2549877e-09	-9.4655138e-08	1.1170987e-06	-3.1610642e-08	-5.5289862e-10	4.1820914e-06	6.8814545e-08	-2.0347632e-05	-2.0177898e-05	-0.0084118975
-0.008	0.992	-0.0064	0	0	1.0020348	0	0	0	1.0025197	0.99652314	-1.4899587e-05	-1.1782058e-05	1.6857362e-06	-1.1973714e-05	-7.1393844e-09	-1.7439613e-07	1.7194693e-06	-9.0166505e-08	-6.2967144e-10	4.9691187e-06	1.1356105e-07	-2.4324046e-05	-2.4198974e-05	-0.0051684767
-0.01	0.99	-0.008	0	0	1.0023058	0	0	0	1.0030396	0.99529892	-1.6837376e-05	-1.3553907e-05	2.1338656e-06	-1.3813264e-05	-1.3949611e-08	-2.9851629e-07	2.1767259e-06	-1.9904677e-07	-2.1475715e-09	5.6178242e-06	1.6561044e-07	-2.7678236e-05	-2.7525368e-05	-0.0055536871
-0.012	0.988	-0.0096	0	0	1.0025511	0	0	0	1.0033856	0.99387399	-1.830702e-05	-1.4978442e-05	2.4341554e-06	-1.5307431e-05	-2.8880727e-08	-4.9424485e-07	2.4802634e-06	-3.869008e-07	-7.6484607e-09	6.1145164e-06	2.2366252e-07	-3.0285999e-05	-3.0061676e-05	-0.0074620744
-0.014	0.986	-0.0112	0	0	1.0027106	0	0	0	1.0034852	0.99211841	-1.9197982e-05	-1.5741562e-05	2.6927821e-06	-1.6137468e-05	-5.5591976e-08	-7.0043736e-07	2.7348357e-06	-5.9536508e-07	-1.908554e-08	6.4242199e-06	2.8585715e-07	-3.1787513e-05	-3.1612389e-05	-0.0055397417
-0.016	0.984	-0.0128	0	0	1.0028012	0	0	0	1.0034366	0.99014745	-1.9708958e-05	-1.5970843e-05	2.9294792e-06	-1.6426088e-05	-8.2880052e-08	-8.2878006e-07	2.9672854e-06	-7.2806509e-07	-3.1007098e-08	6.6076152e-06	3.5011208e-07	-3.2483413e-05	-3.2378456e-05	-0.0032415792
-0.018	0.982	-0.0144	0	0	1.0028687	0	0	0	1.0033489	0.98811513	-2.0079886e-05	-1.6001545e-05	3.1194724e-06	-1.6510495e-05	-1.0573008e-07	-9.1486148e-07	3.1553949e-06	-8.1711106e-07	-4.0833075e-08	6.7421496e-06	4.1537097e-07	-3.2879716e-05	-3.278421e-05	-0.0029131456
-0.02	0.98	-0.016	0	0	1.0029254	0	0	0	1.0032527	0.98606389	-2.038744e-05	-1.5957757e-05	3.2681164e-06	-1.651683e-05	-1.2495991e-07	-9.865466e-07	3.3041562e-06	-8.9113422e-07	-4.8947269e-08	6.8537825e-06	4.8124892e-07	-3.3152749e-05	-3.3050256e-05	-0.0031011239
-0.022	0.978	-0.0176	0	0	1.0029725	0	0	0	1.0031572	0.98400403	-2.0654816e-05	-1.5883015e-05	3.3856465e-06	-1.6489727e-05	-1.4155723e-07	-1.0522561e-06	3.4235619e-06	-9.5935024e-07	-5.5832763e-08	6.9507354e-06	5.4757199e-07	-3.3360877e-05	-3.3248228e-05	-0.003388119
-0.024	0.976	-0.0192	0	0	1.0030089	0	0	0	1.0030661	0.98193827	-2.0889825e-05	-1.5797747e-05	3.4801157e-06	-1.6450294e-05	-1.5618898e-07	-1.1140117e-06	3.5215629e-06	-1.0242562e-06	-6.1809038e-08	7.0359409e-06	6.1424183e-07	-3.3528373e-05	-3.3405409e-05	-0.0036809841
-0.026	0.974	-0.0208	0	0	1.003033	0	0	0	1.0029818	0.97986719	-2.1095542e-05	-1.5713167e-05	3.5573339e-06	-1.6410229e-05	-1.692989e-07	-1.1721305e-06	3.6037814e-06	-1.0863229e-06	-6.7084437e-08	7.1106418e-06	6.8119363e-07	-3.3667282e-05	-3.3534587e-05	-0.0039569822
-0.028	0.972	-0.0224	0	0	1.0030443	0	0	0	1.0029048	0.97779113	-2.1274849e-05	-1.5634603e-05	3.621642e-06	-1.6375206e-05	-1.8118841e-07	-1.2266928e-06	3.6741959e-06	-1.1454932e-06	-7.1800576e-08	7.1759461e-06	7.4838018e-07	-3.3784666e-05	-3.3642939e-05	-0.0042126655
-0.03	0.97	-0.024	0	0	1.0030442	0	0	0	1.0028345	0.9757107	-2.1431872e-05	-1.5563121e-05	3.6763463e-06	-1.6346504e-05	-1.9206729e-07	-1.2779022e-06	3.7356754e-06	-1.201687e-06	-7.6057774e-08	7.2333323e-06	8.1576538e-07	-3.3885406e-05	-3.3735281e-05	-0.0044500939
-0.032	0.968	-0.0256	0	0	1.0030346	0	0	0	1.0027697	0.97362668	-2.1571277e-05	-1.5497554e-05	3.7238764e-06	-1.6323076e-05	-2.0208765e-07	-1.3260491e-06	3.7902855e-06	-1.2549308e-06	-7.9929689e-08	7.2844314e-06	8.833213e-07	-3.3973184e-05	-3.3815215e-05	-0.004671509
-0.034	0.966	-0.0272	0	0	1.0030172	0	0	0	1.0027094	0.97153979	-2.1697233e-05	-1.5436193e-05	3.7659374e-06	-1.6303276e-05	-2.1136543e-07	-1.3714183e-06	3.8394993e-06	-1.3053389e-06	-8.3472167e-08	7.3306901e-06	9.5102625e-07	-3.4050791e-05	-3.388549e-05	-0.004878212
-0.036	0.964	-0.0288	0	0	1.0029938	0	0	0	1.0026524	0.96945057	-2.1812984e-05	-1.5377574e-05	3.8037061e-06	-1.6285681e-05	-2.1999257e-07	-1.4142522e-06	3.8843705e-06	-1.3530682e-06	-8.6728776e-08	7.3732352e-06	1.0188633e-06	-3.4120316e-05	-3.3948162e-05	-0.0050710888
-0.038	0.962	-0.0304	0	0	1.0029652	0	0	0	1.0025982	0.96735939	-2.1920907e-05	-1.5320648e-05	3.8380033e-06	-1.6269269e-05	-2.2804391e-07	-1.4547513e-06	3.9256646e-06	-1.3982868e-06	-8.9734323e-08	7.4128952e-06	1.0868189e-06	-3.4183312e-05	-3.4004752e-05	-0.0052510183
-0.04	0.96	-0.032	0	0	1.0029323	0	0	0	1.0025461	0.9652665	-2.2022712e-05	-1.5264714e-05	3.8694174e-06	-1.6253365e-05	-2.3558142e-07	-1.493084e-06	3.9639515e-06	-1.4411597e-06	-9.2517169e-08	7.45027e-06	1.1548823e-06	-3.4240944e-05	-3.4056394e-05	-0.0054189427
-0.042	0.958	-0.0336	0	0	1.0028957	0	0	0	1.0024959	0.96317205	-2.2119633e-05	-1.5209324e-05	3.8983827e-06	-1.6237542e-05	-2.4265705e-07	-1.5293962e-06	3.9996651e-06	-1.4818422e-06	-9.5100797e-08	7.4857969e-06	1.2230445e-06	-3.4294101e-05	-3.4103944e-05	-0.0055758186
-0.044	0.956	-0.0352	0	0	1.0028556	0	0	0	1.0024472	0.96107614	-2.2212579e-05	-1.5154194e-05	3.9252299e-06	-1.6221536e-05	-2.4931485e-07	-1.5638166e-06	4.033144e-06	-1.5204777e-06	-9.7504923e-08	7.5197994e-06	1.291298e-06	-3.4343472e-05	-3.4148058e-05	-0.0057225656
-0.046	0.954	-0.0368	0	0	1.0028123	0	0	0	1.0023999	0.95897882	-2.2302227e-05	-1.5099151e-05	3.9502168e-06	-1.6205192e-05	-2.5559251e-07	-1.5964612e-06	4.0646573e-06	-1.557198e-06	-9.9746292e-08	7.5525218e-06	1.3596367e-06	-3.4389603e-05	-3.4189252e-05	-0.0058600361
-0.048	0.952	-0.0384	0	0	1.002766	0	0	0	1.0023537	0.95688012	-2.2389094e-05	-1.504409e-05	3.9735497e-06	-1.6188421e-05	-2.6152254e-07	-1.6274349e-06	4.0944232e-06	-1.5921236e-06	-1.0183927e-07	7.5841519e-06	1.4280551e-06	-3.443293e-05	-3.4227938e-05	-0.0059890053
-0.05	0.95	-0.04	0	0	1.0027169	0	0	0	1.0023085	0.95478006	-2.2473581e-05	-1.4988954e-05	3.995396e-06	-1.6171181e-05	-2.6713323e-07	-1.6568338e-06	4.1226211e-06	-1.6253646e-06	-1.0379629e-07	7.6148368e-06	1.4965485e-06	-3.447381e-05	-3.4264449e-05	-0.0061101705
-0.052	0.948	-0.0416	0	0	1.002665	0	0	0	1.0022643	0.95267864	-2.2556003e-05	-1.4933713e-05	4.0158948e-06	-1.6153457e-05	-2.7244936e-07	-1.684746e-06	4.1494008e-06	-1.6570218e-06	-1.0562821e-07	7.6446935e-06	1.5651129e-06	-3.4512539e-05	-3.4299056e-05	-0.006224156
-0.054	0.946	-0.0432	0	0	1.0026104	0	0	0	1.0022209	0.95057588	-2.2636613e-05	-1.4878357e-05	4.0351626e-06	-1.613525e-05	-2.7749276e-07	-1.7112527e-06	4.1748889e-06	-1.6871872e-06	-1.0734455e-07	7.6738168e-06	1.6337447e-06	-3.4549361e-05	-3.4331987e-05	-0.0063315199
-0.056	0.944	-0.0448	0	0	1.0025532	0	0	0	1.0021783	0.94847175	-2.2715616e-05	-1.4822888e-05	4.0532987e-06	-1.6116575e-05	-2.8228281e-07	-1.7364288e-06	4.1991935e-06	-1.7159454e-06	-1.0895374e-07	7.7022842e-06	1.7024408e-06	-3.4584485e-05	-3.4363433e-05	-0.006432762
-0.058	0.942	-0.0464	0	0	1.0024934	0	0	0	1.0021363	0.94636626	-2.279318e-05	-1.4767316e-05	4.0703885e-06	-1.6097452e-05	-2.8683677e-07	-1.7603435e-06	4.222408e-06	-1.7433741e-06	-1.1046326e-07	7.7301599e-06	1.7711984e-06	-3.4618087e-05	-3.4393554e-05	-0.0065283301
-0.06	0.94	-0.048	0	0	1.0024311	0	0	0	1.0020951	0.9442594	-2.2869443e-05	-1.4711655e-05	4.0865062e-06	-1.6077907e-05	-2.9117011e-07	-1.7830611e-06	4.2446137e-06	-1.7695446e-06	-1.1187982e-07	7.7574977e-06	1.840015e-06	-3.4650318e-05	-3.4422489e-05	-0.0066186267
-0.062	0.938	-0.0496	0	0	1.0023662	0	0	0	1.0020545	0.94215115	-2.2944523e-05	-1.4655924e-05	4.1017168e-06	-1.6057965e-05	-2.9529677e-07	-1.8046412e-06	4.265882e-06	-1.7945231e-06	-1.1320941e-07	7.7843432e-06	1.9088884e-06	-3.468131e-05	-3.4450355e-05	-0.0067040147
-0.064	0.936	-0.0512	0	0	1.0022988	0	0	0	1.0020144	0.94004151	-2.3018518e-05	-1.460014e-05	4.1160779e-06	-1.6037656e-05	-2.9922932e-07	-1.8251392e-06	4.2862762e-06	-1.8183704e-06	-1.1445745e-07	7.810735e-06	1.9778164e-06	-3.4711177e-05	-3.4477255e-05	-0.0067848219
-0.066	0.934	-0.0528	0	0	1.0022289	0	0	0	1.0019749	0.93793048	-2.3091512e-05	-1.4544325e-05	4.1296408e-06	-1.6017006e-05	-3.0297919e-07	-1.8446069e-06	4.3058525e-06	-1.841143e-06	-1.1562883e-07	7.8367067e-06	2.0467974e-06	-3.4740018e-05	-3.4503279e-05	-0.0068613455
-0.068	0.932	-0.0544	0	0	1.0021565	0	0	0	1.0019359	0.93581804	-2.3163576e-05	-1.4488497e-05	4.1424513e-06	-1.5996043e-05	-3.0655677e-07	-1.8630926e-06	4.3246613e-06	-1.8628934e-06	-1.1672802e-07	7.862287e-06	2.1158296e-06	-3.476792e-05	-3.4528504e-05	-0.0069338556
-0.07	0.93	-0.056	0	0	1.0020817	0	0	0	1.0018974	0.93370419	-2.3234772e-05	-1.4432676e-05	4.1545508e-06	-1.5974795e-05	-3.0997156e-07	-1.8806412e-06	4.3427481e-06	-1.8836703e-06	-1.1775907e-07	7.887501e-06	2.1849114e-06	-3.4794962e-05	-3.4553001e-05	-0.0070025985
-0.072	0.928	-0.0576	0	0	1.0020044	0	0	0	1.0018593	0.93158892	-2.3305155e-05	-1.4376881e-05	4.1659768e-06	-1.5953286e-05	-3.1323225e-07	-1.8972951e-06	4.3601541e-06	-1.9035191e-06	-1.1872569e-07	7.9123709e-06	2.2540416e-06	-3.4821212e-05	-3.4576829e-05	-0.0070677992
-0.074	0.926	-0.0592	0	0	1.0019246	0	0	0	1.0018216	0.92947222	-2.337477e-05	-1.432113e-05	4.1767636e-06	-1.5931542e-05	-3.1634685e-07	-1.9130939e-06	4.3769167e-06	-1.9224824e-06	-1.1963127e-07	7.936916e-06	2.3232187e-06	-3.4846731e-05	-3.4600044e-05	-0.0071296638
-0.076	0.924	-0.0608	0	0	1.0018423	0	0	0	1.0017844	0.9273541	-2.3443659e-05	-1.4265441e-05	4.1869423e-06	-1.5909585e-05	-3.1932271e-07	-1.9280749e-06	4.3930704e-06	-1.9405998e-06	-1.2047894e-07	7.9611535e-06	2.3924417e-06	-3.4871574e-05	-3.4622693e-05	-0.0071883816
-0.078	0.922	-0.0624	0	0	1.0017576	0	0	0	1.0017475	0.92523454	-2.3511858e-05	-1.4209829e-05	4.1965418e-06	-1.5887438e-05	-3.2216664e-07	-1.942273e-06	4.4086465e-06	-1.9579085e-06	-1.2127159e-07	7.9850988e-06	2.4617095e-06	-3.4895791e-05	-3.4644819e-05	-0.0072441269
-0.08	0.92	-0.064	0	0	1.0016704	0	0	0	1.001711	0.92311355	-2.3579399e-05	-1.415431e-05	4.2055885e-06	-1.5865123e-05	-3.2488493e-07	-1.9557212e-06	4.4236741e-06	-1.9744435e-06	-1.2201186e-07	8.0087653e-06	2.531021e-06	-3.4919425e-05	-3.4666462e-05	-0.0072970603
-0.082	0.918	-0.0656	0	0	1.0015807	0	0	0	1.0016749	0.92099111	-2.3646311e-05	-1.4098899e-05	4.214107e-06	-1.5842659e-05	-3.2748341e-07	-1.9684508e-06	4.43818e-06	-1.9902377e-06	-1.2270223e-07	8.0321655e-06	2.6003753e-06	-3.4942518e-05	-3.4687656e-05	-0.0073473302
-0.084	0.916	-0.0672	0	0	1.0014886	0	0	0	1.0016391	0.91886723	-2.3712619e-05	-1.404361e-05	4.2221201e-06	-1.5820066e-05	-3.299675e-07	-1.9804911e-06	4.4521891e-06	-2.0053219e-06	-1.2334499e-07	8.0553104e-06	2.6697716e-06	-3.4965105e-05	-3.4708433e-05	-0.0073950743
-0.086	0.914	-0.0688	0	0	1.0013941	0	0	0	1.0016036	0.91674191	-2.3778345e-05	-1.3988456e-05	4.229649e-06	-1.579736e-05	-3.3234227e-07	-1.99187e-06	4.4657246e-06	-2.0197253e-06	-1.2394225e-07	8.0782099e-06	2.7392091e-06	-3.4987219e-05	-3.4728822e-05	-0.0074404199
-0.088	0.912	-0.0704	0	0	1.001297	0	0	0	1.0015684	0.91461515	-2.3843511e-05	-1.3933448e-05	4.2367136e-06	-1.577456e-05	-3.3461241e-07	-2.0026139e-06	4.4788081e-06	-2.0334755e-06	-1.2449599e-07	8.1008732e-06	2.8086869e-06	-3.5008891e-05	-3.4748848e-05	-0.0074834855
-0.09	0.91	-0.072	0	0	1.0011975	0	0	0	1.0015335	0.91248694	-2.3908135e-05	-1.3878598e-05	4.2433326e-06	-1.5751681e-05	-3.3678234e-07	-2.0127478e-06	4.49146e-06	-2.0465986e-06	-1.2500807e-07	8.1233084e-06	2.8782045e-06	-3.5030148e-05	-3.4768536e-05	-0.0075243814
-0.092	0.908	-0.0736	0	0	1.0010956	0	0	0	1.0014989	0.91035729	-2.3972233e-05	-1.3823917e-05	4.2495233e-06	-1.5728739e-05	-3.3885616e-07	-2.0222954e-06	4.5036992e-06	-2.0591193e-06	-1.254802e-07	8.1455231e-06	2.9477611e-06	-3.5051014e-05	-3.4787906e-05	-0.0075632104
-0.094	0.906	-0.0752	0	0	1.0009911	0	0	0	1.0014646	0.90822619	-2.4035821e-05	-1.3769415e-05	4.2553022e-06	-1.5705747e-05	-3.4083774e-07	-2.0312793e-06	4.5155436e-06	-2.0710609e-06	-1.2591401e-07	8.1675242e-06	3.0173561e-06	-3.5071514e-05	-3.4806979e-05	-0.0076000682
-0.096	0.904	-0.0768	0	0	1.0008842	0	0	0	1.0014305	0.90609366	-2.4098913e-05	-1.37151e-05	4.260685e-06	-1.5682719e-05	-3.4273069e-07	-2.0397211e-06	4.5270101e-06	-2.0824458e-06	-1.26311e-07	8.1893181e-06	3.086989e-06	-3.5091668e-05	-3.4825772e-05	-0.0076350445
-0.098	0.902	-0.0784	0	0	1.0007749	0	0	0	1.0013967	0.90395968	-2.4161521e-05	-1.3660982e-05	4.2656862e-06	-1.5659667e-05	-3.4453844e-07	-2.0476413e-06	4.5381147e-06	-2.093295e-06	-1.2667261e-07	8.2109106e-06	3.1566592e-06	-3.5111497e-05	-3.4844303e-05	-0.0076682232
-0.1	0.9	-0.08	0	0	1.000663	0	0	0	1.0013631	0.90182427	-2.4223657e-05	-1.3607068e-05	4.2703198e-06	-1.5636605e-05	-3.4626417e-07	-2.0550595e-06	4.5488724e-06	-2.1036287e-06	-1.2700017e-07	8.232307e-06	3.2263662e-06	-3.5131017e-05	-3.4862586e-05	-0.0076996828
-0.102	0.898	-0.0816	0	0	1.0005487	0	0	0	1.0013297	0.89968743	-2.4285332e-05	-1.3553367e-05	4.2745991e-06	-1.5613542e-05	-3.4791092e-07	-2.0619943e-06	4.5592976e-06	-2.1134661e-06	-1.2729494e-07	8.2535125e-06	3.2961095e-06	-3.5150245e-05	-3.4880636e-05	-0.0077294969
-0.104	0.896	-0.0832	0	0	1.0004319	0	0	0	1.0012965	0.89754916	-2.4346555e-05	-1.3499884e-05	4.2785366e-06	-1.559049e-05	-3.4948151e-07	-2.0684636e-06	4.5694039e-06	-2.1228255e-06	-1.2755811e-07	8.2745316e-06	3.3658887e-06	-3.5169198e-05	-3.4898465e-05	-0.0077577349
-0.106	0.894	-0.0848	0	0	1.0003126	0	0	0	1.0012636	0.89540946	-2.4407337e-05	-1.3446627e-05	4.2821443e-06	-1.556746e-05	-3.5097866e-07	-2.0744846e-06	4.5792044e-06	-2.1317245e-06	-1.277908e-07	8.2953688e-06	3.4357034e-06	-3.5187888e-05	-3.4916085e-05	-0.0077844618
-0.108	0.892	-0.0864	0	0	1.0001908	0	0	0	1.0012308	0.89326834	-2.4467685e-05	-1.3393602e-05	4.2854337e-06	-1.5544459e-05	-3.5240488e-07	-2.0800736e-06	4.5887113e-06	-2.1401797e-06	-1.2799407e-07	8.3160279e-06	3.5055531e-06	-3.520633e-05	-3.4933509e-05	-0.0078097388
-0.11	0.89	-0.088	0	0	1.0000666	0	0	0	1.0011983	0.8911258	-2.4527607e-05	-1.3340813e-05	4.2884157e-06	-1.5521498e-05	-3.5376261e-07	-2.0852465e-06	4.5979366e-06	-2.1482073e-06	-1.2816892e-07	8.336513e-06	3.5754374e-06	-3.5224536e-05	-3.4950745e-05	-0.0078336236
-0.112	0.888	-0.0896	0	0	0.99993984	0	0	0	1.0011659	0.88898185	-2.4587112e-05	-1.3288267e-05	4.2911008e-06	-1.5498585e-05	-3.550541e-07	-2.0900182e-06	4.6068917e-06	-2.1558225e-06	-1.2831631e-07	8.3568274e-06	3.6453561e-06	-3.5242517e-05	-3.4967804e-05	-0.0078561705
-0.114	0.886	-0.0912	0	0	0.9998106	0	0	0	1.0011337	0.8868365	-2.4646205e-05	-1.3235967e-05	4.2934992e-06	-1.5475728e-05	-3.5628153e-07	-2.0944035e-06	4.6155873e-06	-2.1630402e-06	-1.2843714e-07	8.3769745e-06	3.7153086e-06	-3.5260283e-05	-3.4984694e-05	-0.0078774309
-0.116	0.884	-0.0928	0	0	0.99967888	0	0	0	1.0011017	0.88468974	-2.4704893e-05	-1.3183918e-05	4.2956204e-06	-1.5452935e-05	-3.5744694e-07	-2.0984162e-06	4.6240341e-06	-2.1698745e-06	-1.2853225e-07	8.3969575e-06	3.7852948e-06	-3.5277846e-05	-3.5001424e-05	-0.0078974534
-0.118	0.882	-0.0944	0	0	0.99954465	0	0	0	1.0010699	0.88254159	-2.4763183e-05	-1.3132125e-05	4.2974739e-06	-1.5430212e-05	-3.5855229e-07	-2.1020699e-06	4.632242e-06	-2.1763391e-06	-1.2860248e-07	8.4167794e-06	3.8553143e-06	-3.5295213e-05	-3.5018001e-05	-0.0079162838
-0.12	0.88	-0.096	0	0	0.99940793	0	0	0	1.0010382	0.88039205	-2.4821081e-05	-1.308059e-05	4.2990685e-06	-1.5407567e-05	-3.5959943e-07	-2.1053777e-06	4.6402209e-06	-2.1824471e-06	-1.2864858e-07	8.4364429e-06	3.9253668e-06	-3.5312394e-05	-3.5034432e-05	-0.0079339655
-0.122	0.878	-0.0976	0	0	0.9992687	0	0	0	1.0010067	0.87824113	-2.4878591e-05	-1.3029318e-05	4.300413e-06	-1.5385005e-05	-3.6059011e-07	-2.108352e-06	4.64798e-06	-2.1882114e-06	-1.2867131e-07	8.4559508e-06	3.9954521e-06	-3.5329396e-05	-3.5050724e-05	-0.0079505396
-0.124	0.876	-0.0992	0	0	0.99912697	0	0	0	1.0009753	0.87608884	-2.4935719e-05	-1.2978311e-05	4.3015158e-06	-1.5362534e-05	-3.6152603e-07	-2.1110051e-06	4.6555286e-06	-2.193644e-06	-1.2867135e-07	8.4753056e-06	4.0655697e-06	-3.5346228e-05	-3.5066884e-05	-0.0079660452
-0.126	0.874	-0.1008	0	0	0.99898274	0	0	0	1.0009441	0.87393518	-2.4992471e-05	-1.2927571e-05	4.302385e-06	-1.5340158e-05	-3.6240877e-07	-2.1133489e-06	4.6628754e-06	-2.1987569e-06	-1.2864938e-07	8.4945097e-06	4.1357196e-06	-3.5362897e-05	-3.5082917e-05	-0.0079805192
-0.128	0.872	-0.1024	0	0	0.99883599	0	0	0	1.000913	0.87178016	-2.504885e-05	-1.2877102e-05	4.3030285e-06	-1.5317883e-05	-3.6323988e-07	-2.1153946e-06	4.670029e-06	-2.2035616e-06	-1.2860604e-07	8.5135654e-06	4.2059014e-06	-3.5379408e-05	-3.5098828e-05	-0.0079939968
-0.13	0.87	-0.104	0	0	0.99868673	0	0	0	1.000882	0.86962379	-2.5104862e-05	-1.2826906e-05	4.303454e-06	-1.5295714e-05	-3.640208e-07	-2.1171536e-06	4.6769977e-06	-2.2080692e-06	-1.2854194e-07	8.5324749e-06	4.2761149e-06	-3.5395768e-05	-3.5114623e-05	-0.0080065115
-0.132	0.868	-0.1056	0	0	0.99853496	0	0	0	1.0008512	0.86746607	-2.5160511e-05	-1.2776984e-05	4.3036689e-06	-1.5273656e-05	-3.6475292e-07	-2.1186365e-06	4.6837896e-06	-2.2122907e-06	-1.2845766e-07	8.5512404e-06	4.3463599e-06	-3.5411984e-05	-3.5130306e-05	-0.0080180951
-0.134	0.866	-0.1072	0	0	0.99838067	0	0	0	1.0008205	0.86530702	-2.52158e-05	-1.2727339e-05	4.3036806e-06	-1.5251713e-05	-3.6543759e-07	-2.119854e-06	4.6904127e-06	-2.2162365e-06	-1.2835377e-07	8.5698637e-06	4.4166361e-06	-3.542806e-05	-3.5145882e-05	-0.0080287778
-0.136	0.864	-0.1088	0	0	0.99822385	0	0	0	1.0007899	0.86314664	-2.5270734e-05	-1.2677971e-05	4.3034961e-06	-1.5229889e-05	-3.6607607e-07	-2.1208163e-06	4.6968747e-06	-2.2199169e-06	-1.2823079e-07	8.588347e-06	4.4869434e-06	-3.5444002e-05	-3.5161354e-05	-0.0080385888
-0.138	0.862	-0.1104	0	0	0.99806452	0	0	0	1.0007594	0.86098495	-2.5325317e-05	-1.2628882e-05	4.3031225e-06	-1.5208188e-05	-3.6666958e-07	-2.1215336e-06	4.7031832e-06	-2.223342e-06	-1.2808925e-07	8.606692e-06	4.5572815e-06	-3.5459814e-05	-3.5176728e-05	-0.0080475554
-0.14	0.86	-0.112	0	0	0.99790266	0	0	0	1.000729	0.85882194	-2.5379553e-05	-1.2580074e-05	4.3025667e-06	-1.5186614e-05	-3.6721929e-07	-2.1220156e-06	4.7093457e-06	-2.2265216e-06	-1.2792962e-07	8.6249005e-06	4.6276503e-06	-3.5475501e-05	-3.5192005e-05	-0.0080557043
-0.142	0.858	-0.1136	0	0	0.99773827	0	0	0	1.0006988	0.85665764	-2.5433444e-05	-1.2531547e-05	4.3018352e-06	-1.516517e-05	-3.6772632e-07	-2.122272e-06	4.7153695e-06	-2.2294655e-06	-1.2775239e-07	8.6429742e-06	4.6980496e-06	-3.5491068e-05	-3.520719e-05	-0.0080630606
-0.144	0.856	-0.1152	0	0	0.99757134	0	0	0	1.0006687	0.85449205	-2.5486995e-05	-1.2483301e-05	4.3009349e-06	-1.5143859e-05	-3.6819175e-07	-2.1223125e-06	4.7212618e-06	-2.2321831e-06	-1.27558e-07	8.6609149e-06	4.7684791e-06	-3.5506517e-05	-3.5222286e-05	-0.0080696485
-0.146	0.854	-0.1168	0	0	0.99740189	0	0	0	1.0006386	0.85232517	-2.5540209e-05	-1.2435337e-05	4.2998721e-06	-1.5122684e-05	-3.686166e-07	-2.1221464e-06	4.7270299e-06	-2.2346837e-06	-1.273469e-07	8.6787242e-06	4.8389387e-06	-3.5521854e-05	-3.5237295e-05	-0.0080754915
-0.148	0.852	-0.1184	0	0	0.9972299	0	0	0	1.0006087	0.85015703	-2.5593089e-05	-1.2387656e-05	4.2986535e-06	-1.5101648e-05	-3.6900187e-07	-2.1217829e-06	4.7326808e-06	-2.2369767e-06	-1.2711948e-07	8.6964035e-06	4.9094283e-06	-3.5537081e-05	-3.5252221e-05	-0.0080806118
-0.15	0.85	-0.12	0	0	0.99705537	0	0	0	1.0005788	0.84798762	-2.5645639e-05	-1.2340258e-05	4.2972855e-06	-1.5080753e-05	-3.693485e-07	-2.1212313e-06	4.7382215e-06	-2.2390711e-06	-1.2687617e-07	8.7139544e-06	4.9799476e-06	-3.5552201e-05	-3.5267065e-05	-0.0080850311
-0.152	0.848	-0.1216	0	0	0.99687829	0	0	0	1.0005491	0.84581697	-2.569786e-05	-1.2293142e-05	4.2957745e-06	-1.5060002e-05	-3.6965742e-07	-2.1205008e-06	4.7436592e-06	-2.2409761e-06	-1.2661734e-07	8.7313784e-06	5.0504965e-06	-3.5567217e-05	-3.5281831e-05	-0.0080887702
-0.154	0.846	-0.1232	0	0	0.99669868	0	0	0	1.0005194	0.84364507	-2.5749758e-05	-1.2246309e-05	4.2941268e-06	-1.5039396e-05	-3.699295e-07	-2.1196003e-06	4.7490007e-06	-2.2427007e-06	-1.2634336e-07	8.7486768e-06	5.1210749e-06	-3.5582133e-05	-3.5296519e-05	-0.0080918493
-0.156	0.844	-0.1248	0	0	0.99651651	0	0	0	1.0004899	0.84147194	-2.5801333e-05	-1.2199757e-05	4.2923489e-06	-1.5018938e-05	-3.7016559e-07	-2.1185392e-06	4.7542532e-06	-2.244254e-06	-1.2605459e-07	8.765851e-06	5.1916826e-06	-3.5596951e-05	-3.5311133e-05	-0.0080942879
-0.158	0.842	-0.1264	0	0	0.9963318	0	0	0	1.0004604	0.8392976	-2.5852589e-05	-1.2153488e-05	4.2904472e-06	-1.4998628e-05	-3.7036651e-07	-2.1173263e-06	4.7594236e-06	-2.2456451e-06	-1.2575136e-07	8.7829024e-06	5.2623194e-06	-3.5611673e-05	-3.5325672e-05	-0.0080961052
-0.16	0.84	-0.128	0	0	0.99614453	0	0	0	1.000431	0.83712205	-2.590353e-05	-1.2107499e-05	4.2884283e-06	-1.4978469e-05	-3.7053304e-07	-2.1159711e-06	4.764519e-06	-2.2468831e-06	-1.2543402e-07	8.7998323e-06	5.3329853e-06	-3.5626301e-05	-3.534014e-05	-0.0080973197
-0.162	0.838	-0.1296	0	0	0.99595471	0	0	0	1.0004017	0.8349453	-2.5954156e-05	-1.2061791e-05	4.2862986e-06	-1.4958461e-05	-3.7066595e-07	-2.1144826e-06	4.7695467e-06	-2.2479772e-06	-1.2510288e-07	8.8166417e-06	5.40368e-06	-3.5640837e-05	-3.5354538e-05	-0.0080979498
-0.164	0.836	-0.1312	0	0	0.99576233	0	0	0	1.0003725	0.83276737	-2.6004472e-05	-1.2016362e-05	4.2840647e-06	-1.4938605e-05	-3.7076596e-07	-2.1128703e-06	4.7745139e-06	-2.2489368e-06	-1.2475824e-07	8.8333321e-06	5.4744034e-06	-3.5655283e-05	-3.5368866e-05	-0.0080980132
-0.166	0.834	-0.1328	0	0	0.99556739	0	0	0	1.0003433	0.83058827	-2.6054479e-05	-1.1971211e-05	4.2817336e-06	-1.4918902e-05	-3.7083378e-07	-2.1111438e-06	4.7794279e-06	-2.2497714e-06	-1.2440039e-07	8.8499045e-06	5.5451555e-06	-3.5669641e-05	-3.5383125e-05	-0.0080975279
-0.168	0.832	-0.1344	0	0	0.99536988	0	0	0	1.0003143	0.828408	-2.6104181e-05	-1.1926336e-05	4.2793119e-06	-1.4899353e-05	-3.7087009e-07	-2.1093128e-06	4.7842964e-06	-2.2504908e-06	-1.2402961e-07	8.8663601e-06	5.615936e-06	-3.5683912e-05	-3.5397317e-05	-0.0080965113
-0.17	0.83	-0.136	0	0	0.99516981	0	0	0	1.0002853	0.82622659	-2.6153578e-05	-1.1881737e-05	4.2768069e-06	-1.4879958e-05	-3.7087556e-07	-2.1073873e-06	4.789127e-06	-2.2511048e-06	-1.2364618e-07	8.8827e-06	5.6867447e-06	-3.5698096e-05	-3.5411441e-05	-0.0080949812
-0.172	0.828	-0.1376	0	0	0.99496717	0	0	0	1.0002564	0.82404404	-2.6202674e-05	-1.1837412e-05	4.2742259e-06	-1.4860717e-05	-3.7085082e-07	-2.1053776e-06	4.7939278e-06	-2.2516238e-06	-1.2325035e-07	8.8989251e-06	5.7575817e-06	-3.5712196e-05	-3.5425499e-05	-0.008092955
-0.174	0.826	-0.1392	0	0	0.99476195	0	0	0	1.0002276	0.82186036	-2.6251471e-05	-1.1793359e-05	4.2715763e-06	-1.4841629e-05	-3.7079648e-07	-2.1032943e-06	4.7987068e-06	-2.2520584e-06	-1.2284237e-07	8.9150366e-06	5.8284467e-06	-3.5726211e-05	-3.5439489e-05	-0.0080904508
-0.176	0.824	-0.1408	0	0	0.99455416	0	0	0	1.0001988	0.81967558	-2.6299971e-05	-1.1749575e-05	4.268866e-06	-1.4822695e-05	-3.7071314e-07	-2.1011486e-06	4.8034727e-06	-2.2524197e-06	-1.2242248e-07	8.9310354e-06	5.8993397e-06	-3.5740142e-05	-3.5453413e-05	-0.0080874865
-0.178	0.822	-0.1424	0	0	0.99434379	0	0	0	1.0001702	0.81748969	-2.6348175e-05	-1.170606e-05	4.2661032e-06	-1.4803913e-05	-3.7060137e-07	-2.0989519e-06	4.8082341e-06	-2.2527193e-06	-1.2199091e-07	8.9469224e-06	5.9702604e-06	-3.5753989e-05	-3.5467269e-05	-0.0080840808
-0.18	0.82	-0.144	0	0	0.99413085	0	0	0	1.0001416	0.81530273	-2.6396086e-05	-1.166281e-05	4.2632964e-06	-1.4785283e-05	-3.7046174e-07	-2.0967164e-06	4.8130004e-06	-2.2529692e-06	-1.2154787e-07	8.9626984e-06	6.0412087e-06	-3.5767752e-05	-3.5481056e-05	-0.0080802528
-0.182	0.818	-0.1456	0	0	0.99391531	0	0	0	1.0001131	0.81311469	-2.6443705e-05	-1.1619824e-05	4.2604547e-06	-1.4766802e-05	-3.7029477e-07	-2.0944549e-06	4.8177813e-06	-2.2531822e-06	-1.2109356e-07	8.9783644e-06	6.1121846e-06	-3.5781432e-05	-3.5494775e-05	-0.0080760224
-0.184	0.816	-0.1472	0	0	0.99369719	0	0	0	1.0000847	0.81092559	-2.6491034e-05	-1.1577098e-05	4.2575875e-06	-1.474847e-05	-3.70101e-07	-2.0921808e-06	4.8225868e-06	-2.253372e-06	-1.2062819e-07	8.9939211e-06	6.1831878e-06	-3.5795026e-05	-3.5508423e-05	-0.0080714104
-0.186	0.814	-0.1488	0	0	0.99347648	0	0	0	1.0000564	0.80873545	-2.6538075e-05	-1.1534629e-05	4.2547049e-06	-1.4730284e-05	-3.6988092e-07	-2.0899086e-06	4.8274279e-06	-2.2535529e-06	-1.2015194e-07	9.0093692e-06	6.2542183e-06	-3.5808535e-05	-3.5521999e-05	-0.0080664389
-0.188	0.812	-0.1504	0	0	0.99325317	0	0	0	1.0000281	0.80654428	-2.6584828e-05	-1.1492414e-05	4.2518177e-06	-1.4712242e-05	-3.6963502e-07	-2.0876535e-06	4.8323159e-06	-2.2537403e-06	-1.1966498e-07	9.0247093e-06	6.3252758e-06	-3.5821957e-05	-3.55355e-05	-0.0080611314
-0.19	0.81	-0.152	0	0	0.99302727	0	0	0	1	0.80435209	-2.6631295e-05	-1.145045e-05	4.2489373e-06	-1.4694341e-05	-3.6936377e-07	-2.0854323e-06	4.8372629e-06	-2.2539509e-06	-1.1916748e-07	9.0399422e-06	6.3963603e-06	-3.583529e-05	-3.5548925e-05	-0.0080555129
-0.192	0.808	-0.1536	0	0	0.99279876	0	0	0	0.99997196	0.8021589	-2.6677477e-05	-1.1408733e-05	4.2460762e-06	-1.4676577e-05	-3.6906763e-07	-2.0832625e-06	4.8422822e-06	-2.2542026e-06	-1.1865959e-07	9.0550681e-06	6.4674715e-06	-3.5848532e-05	-3.556227e-05	-0.0080496106
-0.194	0.806	-0.1552	0	0	0.99256765	0	0	0	0.99994401	0.79996474	-2.6723374e-05	-1.1367259e-05	4.2432478e-06	-1.4658946e-05	-3.6874703e-07	-2.0811637e-06	4.8473876e-06	-2.2545148e-06	-1.1814145e-07	9.0700876e-06	6.5386094e-06	-3.586168e-05	-3.557553e-05	-0.0080434541
-0.196	0.804	-0.1568	0	0	0.99233393	0	0	0	0.99991617	0.7977696	-2.6768987e-05	-1.1326023e-05	4.2404664e-06	-1.4641444e-05	-3.6840241e-07	-2.0791567e-06	4.8525943e-06	-2.2549087e-06	-1.1761318e-07	9.085001e-06	6.6097737e-06	-3.5874732e-05	-3.5588703e-05	-0.0080370758
-0.198	0.802	-0.1584	0	0	0.9920976	0	0	0	0.99988844	0.79557351	-2.6814316e-05	-1.1285021e-05	4.2377478e-06	-1.4624065e-05	-3.6803416e-07	-2.0772646e-06	4.8579186e-06	-2.2554074e-06	-1.1707491e-07	9.0998084e-06	6.6809642e-06	-3.5887683e-05	-3.5601782e-05	-0.0080305117
-0.2	0.8	-0.16	0	0	0.99185865	0	0	0	0.99986082	0.79337648	-2.685936e-05	-1.1244246e-05	4.2351093e-06	-1.4606804e-05	-3.6764269e-07	-2.0755128e-06	4.8633783e-06	-2.2560365e-06	-1.1652674e-07	9.1145099e-06	6.7521808e-06	-3.5900528e-05	-3.5614762e-05	-0.0080238013
-0.202	0.798	-0.1616	0	0	0.99161708	0	0	0	0.99983332	0.79117854	-2.6904119e-05	-1.1203695e-05	4.2325697e-06	-1.4589653e-05	-3.6722836e-07	-2.073929e-06	4.8689928e-06	-2.256824e-06	-1.1596876e-07	9.1291052e-06	6.8234232e-06	-3.5913262e-05	-3.5627635e-05	-0.008016989
-0.204	0.796	-0.1632	0	0	0.99137289	0	0	0	0.99980595	0.78897969	-2.694859e-05	-1.1163359e-05	4.2301496e-06	-1.4572605e-05	-3.6679156e-07	-2.0725441e-06	4.8747833e-06	-2.2578009e-06	-1.1540104e-07	9.1435941e-06	6.8946913e-06	-3.5925878e-05	-3.5640394e-05	-0.0080101244
-0.206	0.794	-0.1648	0	0	0.99112606	0	0	0	0.99977873	0.78677996	-2.6992772e-05	-1.1123232e-05	4.227872e-06	-1.455565e-05	-3.6633262e-07	-2.0713923e-06	4.8807728e-06	-2.259002e-06	-1.1482364e-07	9.157976e-06	6.9659848e-06	-3.5938368e-05	-3.5653028e-05	-0.0080032633
-0.208	0.792	-0.1664	0	0	0.9908766	0	0	0	0.99975164	0.78457936	-2.7036661e-05	-1.1083307e-05	4.2257619e-06	-1.4538779e-05	-3.6585188e-07	-2.0705118e-06	4.8869868e-06	-2.2604656e-06	-1.1423662e-07	9.17225e-06	7.0373034e-06	-3.5950724e-05	-3.5665526e-05	-0.0079964682
-0.21	0.79	-0.168	0	0	0.99062449	0	0	0	0.99972472	0.78237792	-2.7080255e-05	-1.1043575e-05	4.2238472e-06	-1.452198e-05	-3.6534966e-07	-2.0699452e-06	4.8934532e-06	-2.2622347e-06	-1.1364e-07	9.1864148e-06	7.1086469e-06	-3.5962934e-05	-3.5677875e-05	-0.0079898099
-0.212	0.788	-0.1696	0	0	0.99036974	0	0	0	0.99969796	0.78017565	-2.7123546e-05	-1.1004026e-05	4.2221588e-06	-1.4505239e-05	-3.6482628e-07	-2.06974e-06	4.9002026e-06	-2.2643574e-06	-1.130338e-07	9.2004687e-06	7.1800149e-06	-3.5974986e-05	-3.5690059e-05	-0.0079833673
-0.214	0.786	-0.1712	0	0	0.99011234	0	0	0	0.99967139	0.77797257	-2.7166529e-05	-1.0964651e-05	4.2207306e-06	-1.4488543e-05	-3.6428202e-07	-2.0699495e-06	4.9072688e-06	-2.2668875e-06	-1.12418e-07	9.2144097e-06	7.2514072e-06	-3.5986865e-05	-3.5702061e-05	-0.0079772292
-0.216	0.784	-0.1728	0	0	0.98985227	0	0	0	0.99964501	0.7757687	-2.7209195e-05	-1.0925439e-05	4.2196004e-06	-1.4471874e-05	-3.6371718e-07	-2.0706333e-06	4.9146884e-06	-2.2698853e-06	-1.117926e-07	9.2282349e-06	7.3228232e-06	-3.5998553e-05	-3.571386e-05	-0.0079714937
-0.218	0.782	-0.1744	0	0	0.98958954	0	0	0	0.99961884	0.77356406	-2.7251533e-05	-1.0886377e-05	4.2188095e-06	-1.4455214e-05	-3.6313204e-07	-2.0718579e-06	4.9225016e-06	-2.2734179e-06	-1.1115755e-07	9.2419407e-06	7.3942626e-06	-3.601003e-05	-3.5725431e-05	-0.0079662686
-0.22	0.78	-0.176	0	0	0.98932412	0	0	0	0.9995929	0.77135867	-2.7293529e-05	-1.0847453e-05	4.2184032e-06	-1.4438542e-05	-3.6252688e-07	-2.0736972e-06	4.9307518e-06	-2.2775605e-06	-1.105128e-07	9.2555229e-06	7.4657249e-06	-3.6021271e-05	-3.5736747e-05	-0.0079616699
-0.222	0.778	-0.1776	0	0	0.98905603	0	0	0	0.99956719	0.76915255	-2.7335167e-05	-1.0808651e-05	4.2184305e-06	-1.4421836e-05	-3.6190197e-07	-2.0762333e-06	4.9394854e-06	-2.2823957e-06	-1.0985829e-07	9.2689758e-06	7.5372096e-06	-3.603225e-05	-3.5747776e-05	-0.007957819
-0.224	0.776	-0.1792	0	0	0.98878523	0	0	0	0.99954174	0.76694571	-2.7376427e-05	-1.0769957e-05	4.2189441e-06	-1.4405071e-05	-3.612576e-07	-2.0795557e-06	4.9487514e-06	-2.2880146e-06	-1.0919396e-07	9.2822929e-06	7.608716e-06	-3.6042934e-05	-3.5758481e-05	-0.0079548378
-0.226	0.774	-0.1808	0	0	0.98851172	0	0	0	0.99951655	0.76473818	-2.7417284e-05	-1.0731355e-05	4.2199993e-06	-1.4388221e-05	-3.605941e-07	-2.0837616e-06	4.9586002e-06	-2.2945157e-06	-1.0851973e-07	9.295466e-06	7.6802435e-06	-3.6053285e-05	-3.5768821e-05	-0.0079528406
-0.228	0.772	-0.1824	0	0	0.9882355	0	0	0	0.99949164	0.76252997	-2.7457709e-05	-1.0692828e-05	4.2216525e-06	-1.4371258e-05	-3.599118e-07	-2.0889539e-06	4.9690822e-06	-2.3020036e-06	-1.0783554e-07	9.3084854e-06	7.7517913e-06	-3.6063261e-05	-3.5778751e-05	-0.0079519222
-0.23	0.77	-0.184	0	0	0.98795655	0	0	0	0.99946701	0.76032108	-2.7497667e-05	-1.065436e-05	4.2239594e-06	-1.4354154e-05	-3.5921111e-07	-2.095239e-06	4.9802449e-06	-2.3105864e-06	-1.0714137e-07	9.3213398e-06	7.8233585e-06	-3.6072815e-05	-3.5788222e-05	-0.0079521412
-0.232	0.768	-0.1856	0	0	0.98767484	0	0	0	0.99944266	0.75811152	-2.7537118e-05	-1.0615935e-05	4.2269718e-06	-1.4336883e-05	-3.584925e-07	-2.1027225e-06	4.9921304e-06	-2.320372e-06	-1.0643722e-07	9.3340158e-06	7.8949442e-06	-3.6081895e-05	-3.5797182e-05	-0.0079535004
-0.234	0.766	-0.1872	0	0	0.98739039	0	0	0	0.99941858	0.75590129	-2.7576016e-05	-1.0577541e-05	4.2307331e-06	-1.431942e-05	-3.5775655e-07	-2.1115033e-06	5.00477e-06	-2.3314618e-06	-1.0572316e-07	9.3464987e-06	7.9665472e-06	-3.6090446e-05	-3.580558e-05	-0.0079559236
-0.236	0.764	-0.1888	0	0	0.98710316	0	0	0	0.99939476	0.75369037	-2.7614314e-05	-1.0539166e-05	4.2352737e-06	-1.4301747e-05	-3.5700394e-07	-2.1216663e-06	5.01818e-06	-2.3439429e-06	-1.0499933e-07	9.3587723e-06	8.0381665e-06	-3.6098411e-05	-3.5813364e-05	-0.0079592355
-0.238	0.762	-0.1904	0	0	0.98681314	0	0	0	0.99937117	0.75147876	-2.7651958e-05	-1.0500807e-05	4.240605e-06	-1.4283853e-05	-3.5623548e-07	-2.1332728e-06	5.032356e-06	-2.3578796e-06	-1.0426598e-07	9.3708199e-06	8.1098007e-06	-3.6105734e-05	-3.582049e-05	-0.00796315
-0.24	0.76	-0.192	0	0	0.98652034	0	0	0	0.99934775	0.74926643	-2.7688898e-05	-1.0462462e-05	4.2467146e-06	-1.4265737e-05	-3.5545214e-07	-2.1463516e-06	5.047268e-06	-2.3733031e-06	-1.0352347e-07	9.3826247e-06	8.1814485e-06	-3.6112364e-05	-3.5826921e-05	-0.0079672734
-0.242	0.758	-0.1936	0	0	0.98622474	0	0	0	0.99932446	0.74705335	-2.7725087e-05	-1.042414e-05	4.2535624e-06	-1.4247411e-05	-3.5465498e-07	-2.1608904e-06	5.0628578e-06	-2.390204e-06	-1.0277224e-07	9.3941713e-06	8.2531084e-06	-3.611826e-05	-3.5832634e-05	-0.0079711304
-0.244	0.756	-0.1952	0	0	0.98592634	0	0	0	0.99930123	0.74483948	-2.7760483e-05	-1.0385855e-05	4.261079e-06	-1.42289e-05	-3.5384517e-07	-2.1768312e-06	5.0790386e-06	-2.4085262e-06	-1.0201286e-07	9.4054469e-06	8.324779e-06	-3.6123394e-05	-3.5837617e-05	-0.0079742101
-0.246	0.754	-0.1968	0	0	0.98562514	0	0	0	0.99927798	0.74262478	-2.7795057e-05	-1.0347629e-05	4.2691685e-06	-1.4210241e-05	-3.5302392e-07	-2.1940698e-06	5.0956981e-06	-2.4281676e-06	-1.0124592e-07	9.4164422e-06	8.3964589e-06	-3.6127752e-05	-3.5841876e-05	-0.0079760271
-0.248	0.752	-0.1984	0	0	0.98532115	0	0	0	0.99925463	0.74040921	-2.7828792e-05	-1.0309489e-05	4.2777135e-06	-1.4191482e-05	-3.5219242e-07	-2.2124615e-06	5.1127057e-06	-2.4489848e-06	-1.0047205e-07	9.4271523e-06	8.4681465e-06	-3.6131338e-05	-3.5845429e-05	-0.0079761807
-0.25	0.75	-0.2	0	0	0.98501437	0	0	0	0.99923112	0.73819276	-2.7861688e-05	-1.0271465e-05	4.2865839e-06	-1.4172677e-05	-3.5135177e-07	-2.2318314e-06	5.1299212e-06	-2.4708035e-06	-9.9691844e-08	9.4375771e-06	8.5398406e-06	-3.6134175e-05	-3.5848306e-05	-0.0079743984
-0.252	0.748	-0.2016	0	0	0.98470481	0	0	0	0.99920737	0.73597538	-2.7893753e-05	-1.0233587e-05	4.2956457e-06	-1.4153886e-05	-3.5050296e-07	-2.251987e-06	5.1472043e-06	-2.4934316e-06	-9.8905816e-08	9.4477207e-06	8.6115397e-06	-3.6136297e-05	-3.5850548e-05	-0.0079705533
-0.254	0.746	-0.2032	0	0	0.98439249	0	0	0	0.99918333	0.73375707	-2.7925013e-05	-1.0195886e-05	4.3047701e-06	-1.4135164e-05	-3.496468e-07	-2.2727324e-06	5.1644237e-06	-2.5166726e-06	-9.8114392e-08	9.4575913e-06	8.6832428e-06	-3.613775e-05	-3.58522e-05	-0.0079646547
-0.256	0.744	-0.2048	0	0	0.98407742	0	0	0	0.99915897	0.73153784	-2.7955496e-05	-1.0158389e-05	4.3138398e-06	-1.4116566e-05	-3.4878396e-07	-2.2938792e-06	5.181463e-06	-2.5403377e-06	-9.7317887e-08	9.4671994e-06	8.7549485e-06	-3.6138587e-05	-3.5853308e-05	-0.00795682
-0.258	0.742	-0.2064	0	0	0.98375961	0	0	0	0.99913425	0.72931767	-2.7985241e-05	-1.012112e-05	4.3227537e-06	-1.409814e-05	-3.4791493e-07	-2.3152559e-06	5.1982246e-06	-2.5642542e-06	-9.6516502e-08	9.4765576e-06	8.826656e-06	-3.6138862e-05	-3.5853923e-05	-0.0079472373
-0.26	0.74	-0.208	0	0	0.98343907	0	0	0	0.99910915	0.7270966	-2.8014288e-05	-1.0084098e-05	4.3314285e-06	-1.4079925e-05	-3.4704004e-07	-2.3367122e-06	5.2146307e-06	-2.5882708e-06	-9.5710342e-08	9.4856793e-06	8.8983642e-06	-3.6138632e-05	-3.5854089e-05	-0.0079361308
-0.262	0.738	-0.2096	0	0	0.98311581	0	0	0	0.99908367	0.72487464	-2.8042675e-05	-1.0047337e-05	4.3397988e-06	-1.4061955e-05	-3.4615954e-07	-2.3581217e-06	5.2306229e-06	-2.6122598e-06	-9.4899427e-08	9.494578e-06	8.9700723e-06	-3.6137946e-05	-3.585385e-05	-0.0079237318
-0.264	0.736	-0.2112	0	0	0.98278984	0	0	0	0.99905782	0.72265181	-2.8070443e-05	-1.0010849e-05	4.3478158e-06	-1.4044257e-05	-3.4527357e-07	-2.3793811e-06	5.2461599e-06	-2.6361167e-06	-9.4083714e-08	9.5032668e-06	9.0417796e-06	-3.6136854e-05	-3.5853246e-05	-0.0079102598
-0.266	0.734	-0.2128	0	0	0.98246117	0	0	0	0.99903159	0.72042815	-2.8097628e-05	-9.9746406e-06	4.3554449e-06	-1.4026849e-05	-3.4438219e-07	-2.4004088e-06	5.2612153e-06	-2.6597588e-06	-9.3263114e-08	9.5117577e-06	9.1134853e-06	-3.6135398e-05	-3.5852312e-05	-0.0078959113
-0.268	0.732	-0.2144	0	0	0.98212981	0	0	0	0.99900499	0.71820369	-2.8124264e-05	-9.9387173e-06	4.3626639e-06	-1.4009748e-05	-3.4348546e-07	-2.4211424e-06	5.2757747e-06	-2.6831225e-06	-9.2437506e-08	9.5200622e-06	9.1851889e-06	-3.6133616e-05	-3.5851079e-05	-0.0078808555
-0.27	0.73	-0.216	0	0	0.98179574	0	0	0	0.99897806	0.71597846	-2.8150381e-05	-9.9030808e-06	4.3694604e-06	-1.3992964e-05	-3.4258337e-07	-2.4415355e-06	5.2898334e-06	-2.7061606e-06	-9.160675e-08	9.5281902e-06	9.2568896e-06	-3.6131539e-05	-3.5849574e-05	-0.0078652337
-0.272	0.728	-0.2176	0	0	0.98145899	0	0	0	0.99895079	0.71375248	-2.8176006e-05	-9.8677317e-06	4.3758297e-06	-1.3976502e-05	-3.4167592e-07	-2.4615554e-06	5.3033941e-06	-2.7288394e-06	-9.07707e-08	9.5361509e-06	9.3285872e-06	-3.6129196e-05	-3.584782e-05	-0.0078491613
-0.274	0.726	-0.2192	0	0	0.98111955	0	0	0	0.99892321	0.71152581	-2.8201165e-05	-9.8326688e-06	4.3817732e-06	-1.3960368e-05	-3.407631e-07	-2.4811805e-06	5.3164648e-06	-2.7511364e-06	-8.9929205e-08	9.5439523e-06	9.4002809e-06	-3.612661e-05	-3.5845839e-05	-0.0078327315
-0.276	0.724	-0.2208	0	0	0.98077742	0	0	0	0.99889534	0.70929845	-2.8225877e-05	-9.7978898e-06	4.3872968e-06	-1.3944563e-05	-3.3984492e-07	-2.5003978e-06	5.3290579e-06	-2.7730381e-06	-8.908212e-08	9.5516014e-06	9.4719705e-06	-3.61238e-05	-3.5843646e-05	-0.0078160184
-0.278	0.722	-0.2224	0	0	0.98043261	0	0	0	0.99886719	0.70707046	-2.8250162e-05	-9.7633919e-06	4.3924097e-06	-1.3929088e-05	-3.3892138e-07	-2.5192015e-06	5.3411885e-06	-2.7945378e-06	-8.8229307e-08	9.5591043e-06	9.5436555e-06	-3.6120784e-05	-3.5841255e-05	-0.0077990807
-0.28	0.72	-0.224	0	0	0.98008511	0	0	0	0.99883878	0.70484185	-2.8274036e-05	-9.7291712e-06	4.3971237e-06	-1.391394e-05	-3.379925e-07	-2.537591e-06	5.3528733e-06	-2.8156347e-06	-8.7370636e-08	9.5664665e-06	9.6153355e-06	-3.6117574e-05	-3.5838678e-05	-0.0077819647
-0.282	0.718	-0.2256	0	0	0.97973491	0	0	0	0.99881012	0.70261265	-2.8297513e-05	-9.695224e-06	4.4014519e-06	-1.3899118e-05	-3.3705831e-07	-2.5555703e-06	5.3641307e-06	-2.8363321e-06	-8.6505989e-08	9.5736925e-06	9.6870102e-06	-3.6114181e-05	-3.5835926e-05	-0.0077647071
-0.284	0.716	-0.2272	0	0	0.97938203	0	0	0	0.99878124	0.70038289	-2.8320605e-05	-9.6615457e-06	4.4054088e-06	-1.388462e-05	-3.3611885e-07	-2.5731463e-06	5.3749792e-06	-2.8566365e-06	-8.5635256e-08	9.5807865e-06	9.7586792e-06	-3.6110615e-05	-3.5833004e-05	-0.0077473369
-0.286	0.714	-0.2288	0	0	0.97902646	0	0	0	0.99875214	0.69815261	-2.8343323e-05	-9.6281319e-06	4.4090092e-06	-1.387044e-05	-3.3517419e-07	-2.5903283e-06	5.3854378e-06	-2.8765569e-06	-8.4758342e-08	9.587752e-06	9.8303422e-06	-3.6106882e-05	-3.5829921e-05	-0.0077298775
-0.288	0.712	-0.2304	0	0	0.97866819	0	0	0	0.99872285	0.69592182	-2.8365676e-05	-9.594978e-06	4.4122686e-06	-1.3856577e-05	-3.3422439e-07	-2.6071274e-06	5.3955254e-06	-2.8961041e-06	-8.3875162e-08	9.594592e-06	9.9019989e-06	-3.6102988e-05	-3.582668e-05	-0.0077123477
-0.29	0.71	-0.232	0	0	0.97830722	0	0	0	0.99869337	0.69369054	-2.8387672e-05	-9.5620794e-06	4.4152021e-06	-1.3843026e-05	-3.3326955e-07	-2.623556e-06	5.4052606e-06	-2.9152902e-06	-8.298564e-08	9.6013091e-06	9.973649e-06	-3.6098937e-05	-3.5823285e-05	-0.0076947631
-0.292	0.708	-0.2336	0	0	0.97794356	0	0	0	0.99866371	0.69145881	-2.8409317e-05	-9.5294314e-06	4.4178251e-06	-1.3829782e-05	-3.3230976e-07	-2.6396274e-06	5.4146614e-06	-2.9341283e-06	-8.2089712e-08	9.6079056e-06	1.0045292e-05	-3.6094732e-05	-3.5819739e-05	-0.007677137
-0.294	0.706	-0.2352	0	0	0.97757719	0	0	0	0.9986339	0.68922665	-2.8430618e-05	-9.4970294e-06	4.4201523e-06	-1.3816842e-05	-3.3134514e-07	-2.6553553e-06	5.4237455e-06	-2.9526318e-06	-8.1187323e-08	9.6143835e-06	1.0116928e-05	-3.6090376e-05	-3.5816044e-05	-0.0076594808
-0.296	0.704	-0.2368	0	0	0.97720811	0	0	0	0.99860393	0.68699408	-2.8451579e-05	-9.4648689e-06	4.4221983e-06	-1.3804202e-05	-3.303758e-07	-2.6707538e-06	5.4325298e-06	-2.9708148e-06	-8.0278426e-08	9.6207445e-06	1.0188556e-05	-3.608587e-05	-3.58122e-05	-0.0076418048
-0.298	0.702	-0.2384	0	0	0.97683633	0	0	0	0.99857382	0.68476112	-2.8472205e-05	-9.4329453e-06	4.4239773e-06	-1.3791858e-05	-3.2940187e-07	-2.685837e-06	5.4410305e-06	-2.9886911e-06	-7.9362986e-08	9.6269899e-06	1.0260177e-05	-3.6081215e-05	-3.5808209e-05	-0.0076241184
-0.3	0.7	-0.24	0	0	0.97646183	0	0	0	0.99854358	0.68252779	-2.8492499e-05	-9.4012543e-06	4.4255028e-06	-1.3779805e-05	-3.2842351e-07	-2.7006192e-06	5.4492633e-06	-3.006275e-06	-7.8440973e-08	9.6331211e-06	1.0331789e-05	inf	inf	inf
