lambda	F11	F12	F13	F21	F22	F23	F31	F32	F33	J	P11	P12	P13	P21	P22	P23	P31	P32	P33	p	StrEn	t(1)	t(2)	d
0	1	0	0	0	1	0	0	0	1	1	0	0	0	0	0	0	0	0	0	-0	0	inf	inf	inf
-0.002	0.998	0	0	0	0.999	0	0	0	1.00056	0.99756034	-1.1714606e-05	-8.4047475e-08	1.7214755e-07	-8.6347337e-08	-7.2548959e-06	-5.5455693e-08	1.6431253e-07	-6.2854677e-08	-7.5020581e-09	6.3256679e-06	1.5556838e-08	-1.5340023e-05	-1.4981502e-05	-0.023930896
-0.004	0.996	0	0	0	0.998	0	0	0	1.0010829	0.9950844	-2.2055627e-05	-1.0591013e-07	3.6733705e-07	-1.0756592e-07	-1.3618271e-05	-1.3328632e-07	3.5658406e-07	-1.5046021e-07	-1.5653197e-08	1.1896517e-05	5.9926007e-08	-2.8860954e-05	-2.862665e-05	-0.0081848335
-0.006	0.994	0	0	0	0.997	0	0	0	1.0015333	0.99253752	-3.1321993e-05	-6.7339183e-08	6.0921884e-07	-6.795062e-08	-1.9693098e-05	-2.4067365e-07	5.9660454e-07	-2.6815944e-07	-2.4140253e-08	1.7013077e-05	1.3006344e-07	-4.1163532e-05	-4.0899816e-05	-0.0064478637
-0.008	0.992	0	0	0	0.996	0	0	0	1.0019129	0.98992201	-3.9456637e-05	1.4884289e-08	8.4384191e-07	1.5727119e-08	-2.5464685e-05	-3.8421903e-07	8.2864909e-07	-4.2388828e-07	-3.2712957e-08	2.1651345e-05	2.2352527e-07	-5.2184205e-05	-5.1755749e-05	-0.0082784287
-0.01	0.99	0	0	0	0.995	0	0	0	1.0021171	0.98713548	-4.5826752e-05	-4.8400635e-09	8.0692821e-07	-4.9606483e-09	-3.0322187e-05	-5.7853652e-07	7.7499093e-07	-6.4074569e-07	-4.5833273e-08	2.5398258e-05	3.3708643e-07	-6.098477e-05	-6.0648176e-05	-0.0055499425
-0.012	0.988	0	0	0	0.994	0	0	0	1.0021814	0.98421425	-5.0694231e-05	-1.2264146e-07	6.6213136e-07	-1.2079887e-07	-3.440572e-05	-6.4846641e-07	6.1653722e-07	-7.3095181e-07	-5.3903553e-08	2.8384618e-05	4.6611798e-07	-6.7895835e-05	-6.7688648e-05	-0.003060885
-0.014	0.986	0	0	0	0.993	0	0	0	1.0022103	0.98126214	-5.4624579e-05	-2.1735646e-07	6.2111243e-07	-2.1128451e-07	-3.8155893e-05	-6.7069018e-07	5.6765102e-07	-7.7047303e-07	-5.7973742e-08	3.0946148e-05	6.0784102e-07	-7.3701922e-05	-7.3539042e-05	-0.0022148805
-0.016	0.984	0	0	0	0.992	0	0	0	1.002223	0.97829791	-5.7799187e-05	-2.9882717e-07	6.3406561e-07	-2.8716644e-07	-4.1631112e-05	-6.8803362e-07	5.759216e-07	-8.0397072e-07	-6.0597179e-08	3.3163632e-05	7.6027414e-07	-7.8614473e-05	-7.8490937e-05	-0.0015738871
-0.018	0.982	0	0	0	0.991	0	0	0	1.0022282	0.97533036	-6.037377e-05	-3.706496e-07	6.6646686e-07	-3.5250556e-07	-4.4847141e-05	-7.0549679e-07	6.0554277e-07	-8.3699401e-07	-6.2517422e-08	3.5094476e-05	9.2180477e-07	-8.2797236e-05	-8.2709329e-05	-0.0010628414
-0.02	0.98	0	0	0	0.99	0	0	0	1.0022297	0.97236323	-6.2479421e-05	-4.3329659e-07	7.0383713e-07	-4.0808844e-07	-4.7802094e-05	-7.2241723e-07	6.4132643e-07	-8.6908108e-07	-6.39662e-08	3.6781827e-05	1.0911115e-06	-8.6380451e-05	-8.6324729e-05	-0.00064549948
-0.022	0.978	0	0	0	0.989	0	0	0	1.0022292	0.96939819	-6.4221345e-05	-4.8723339e-07	7.4053752e-07	-4.5460342e-07	-5.0492218e-05	-7.3810754e-07	6.7721409e-07	-8.9962849e-07	-6.5043117e-08	3.8259535e-05	1.2671037e-06	-8.9467487e-05	-8.9440654e-05	-0.00030001311
-0.024	0.976	0	0	0	0.988	0	0	0	1.0022276	0.96643606	-6.5680895e-05	-5.332221e-07	7.744188e-07	-4.9297361e-07	-5.2918915e-05	-7.5224107e-07	7.1079817e-07	-9.2833973e-07	-6.5807846e-08	3.9555206e-05	1.4488741e-06	-9.2140416e-05	-9.2139476e-05	-1.0207172e-05
-0.026	0.974	0	0	0	0.987	0	0	0	1.0022254	0.96347732	-6.6919775e-05	-5.7217774e-07	8.0473088e-07	-5.2423061e-07	-5.5090844e-05	-7.6468223e-07	7.4116679e-07	-9.5507986e-07	-6.6303403e-08	4.0692308e-05	1.6356616e-06	-9.4465278e-05	-9.4487563e-05	0.00023584265
-0.028	0.972	0	0	0	0.986	0	0	0	1.0022227	0.96052224	-6.7984493e-05	-6.0504252e-07	8.3130414e-07	-5.4940056e-07	-5.7023353e-05	-7.7536071e-07	7.6804771e-07	-9.797644e-07	-6.656331e-08	4.169147e-05	1.8268243e-06	-9.649626e-05	-9.6539384e-05	0.00044669123
-0.03	0.97	0	0	0	0.985	0	0	0	1.0022199	0.95757099	-6.891017e-05	-6.3271344e-07	8.5421711e-07	-5.6943993e-07	-5.8736559e-05	-7.8421464e-07	7.914527e-07	-1.0023125e-06	-6.6614762e-08	4.2571115e-05	2.0218191e-06	-9.8278545e-05	-9.8340364e-05	0.00062861879
-0.032	0.968	0	0	0	0.984	0	0	0	1.002217	0.9546237	-6.9723502e-05	-6.5600587e-07	8.7365605e-07	-5.8520524e-07	-6.0253048e-05	-7.9117367e-07	8.1152239e-07	-1.0226364e-06	-6.6480604e-08	4.3347677e-05	2.2201858e-06	-9.9850122e-05	-9.9928719e-05	0.00078652366
-0.034	0.966	0	0	0	0.983	0	0	0	1.0022141	0.95168044	-7.0444957e-05	-6.7563893e-07	8.898531e-07	-5.9744337e-07	-6.1595853e-05	-7.961614e-07	8.2845538e-07	-1.0406471e-06	-6.6180783e-08	4.4035664e-05	2.421534e-06	-0.00010124298	-0.00010133666	0.00092444937
-0.036	0.964	0	0	0	0.982	0	0	0	1.0022112	0.94874124	-7.1090395e-05	-6.9223396e-07	9.0305731e-07	-6.0679397e-07	-6.2786995e-05	-7.9910604e-07	8.4247391e-07	-1.0562656e-06	-6.5733413e-08	4.4647708e-05	2.6255324e-06	-0.00010248399	-0.00010259128	0.0010458275
-0.038	0.962	0	0	0	0.981	0	0	0	1.0022084	0.94580615	-7.1672236e-05	-7.0632051e-07	9.1351995e-07	-6.1379846e-07	-6.3846621e-05	-7.9995378e-07	8.5380622e-07	-1.0694366e-06	-6.5155499e-08	4.5194671e-05	2.8318991e-06	-0.00010359564	-0.00010371528	0.0011535742
-0.04	0.96	0	0	0	0.98	0	0	0	1.0022058	0.94287518	-7.2200313e-05	-7.1834595e-07	9.2148637e-07	-6.1891201e-07	-6.4792622e-05	-7.986812e-07	8.6267687e-07	-1.0801393e-06	-6.4463333e-08	4.5685799e-05	3.0403935e-06	-0.00010459671	-0.00010472763	0.0012501383
-0.042	0.958	0	0	0	0.979	0	0	0	1.0022032	0.93994833	-7.2682495e-05	-7.286864e-07	9.2719096e-07	-6.2251596e-07	-6.5640569e-05	-7.953044e-07	8.6930109e-07	-1.0883964e-06	-6.3672598e-08	4.6128912e-05	3.2508096e-06	-0.00010550286	-0.00010564416	0.001337545
-0.044	0.956	0	0	0	0.978	0	0	0	1.0022007	0.9370256	-7.3125146e-05	-7.376573e-07	9.3085411e-07	-6.2492936e-07	-6.6403842e-05	-7.8988307e-07	8.7388148e-07	-1.0942767e-06	-6.2798249e-08	4.6530596e-05	3.4629702e-06	-0.00010632714	-0.00010647807	0.0014174472
-0.046	0.954	0	0	0	0.977	0	0	0	1.0021984	0.934107	-7.353346e-05	-7.4552309e-07	9.326803e-07	-6.2641918e-07	-6.7093848e-05	-7.8251884e-07	8.766062e-07	-1.097893e-06	-6.1854258e-08	4.6896387e-05	3.6767219e-06	-0.00010708046	-0.00010724037	0.0014911816
-0.048	0.952	0	0	0	0.976	0	0	0	1.0021961	0.93119253	-7.3911715e-05	-7.5250546e-07	9.3285716e-07	-6.2720874e-07	-6.7720269e-05	-7.7334862e-07	8.776481e-07	-1.0993949e-06	-6.085332e-08	4.7230946e-05	3.8919317e-06	-0.00010777192	-0.00010794028	0.0015598237
-0.05	0.95	0	0	0	0.975	0	0	0	1.002194	0.92828217	-7.4263466e-05	-7.5879044e-07	9.315552e-07	-6.2748488e-07	-6.8291314e-05	-7.625345e-07	8.7716459e-07	-1.0989583e-06	-5.9806627e-08	4.7538196e-05	4.1084831e-06	-0.00010840919	-0.00010858555	0.0016242374
-0.052	0.948	0	0	0	0.974	0	0	0	1.0021919	0.92537593	-7.4591684e-05	-7.6453424e-07	9.2892815e-07	-6.2740386e-07	-6.8813941e-05	-7.5025252e-07	8.7529789e-07	-1.0967735e-06	-5.8723741e-08	4.782145e-05	4.3262739e-06	-0.00010899871	-0.0001091827	0.0016851185
-0.054	0.946	0	0	0	0.973	0	0	0	1.00219	0.9224738	-7.4898876e-05	-7.6986816e-07	9.2511365e-07	-6.2709629e-07	-6.9294056e-05	-7.3668216e-07	8.7217575e-07	-1.0930344e-06	-5.76126e-08	4.8083515e-05	4.5452139e-06	-0.00010954596	-0.00010973723	0.0017430295
-0.056	0.944	0	0	0	0.972	0	0	0	1.0021881	0.91957576	-7.5187166e-05	-7.7490273e-07	9.2023432e-07	-6.266713e-07	-6.9736686e-05	-7.2199788e-07	8.6791226e-07	-1.0879299e-06	-5.6479618e-08	4.8326777e-05	4.7652228e-06	-0.00011005556	-0.00011025384	0.0017984287
-0.058	0.942	0	0	0	0.971	0	0	0	1.0021864	0.91668182	-7.5458366e-05	-7.7973102e-07	9.1439893e-07	-6.2622006e-07	-7.0146122e-05	-7.0636313e-07	8.6260892e-07	-1.0816376e-06	-5.5329858e-08	4.8553272e-05	4.9862292e-06	-0.00011053147	-0.00011073652	0.0018516917
-0.06	0.94	0	0	0	0.97	0	0	0	1.0021847	0.91379197	-7.5714029e-05	-7.8443162e-07	9.0770378e-07	-6.2581881e-07	-7.0526037e-05	-6.8992688e-07	8.5635576e-07	-1.0743199e-06	-5.4167247e-08	4.8764744e-05	5.2081689e-06	-0.00011097709	-0.0001111887	0.0019031293
-0.062	0.938	0	0	0	0.969	0	0	0	1.002183	0.9109062	-7.5955496e-05	-7.8907089e-07	9.0023407e-07	-6.255313e-07	-7.087959e-05	-6.7282209e-07	8.4923251e-07	-1.0661228e-06	-5.299478e-08	4.8962694e-05	5.430984e-06	-0.00011139533	-0.00011161331	0.0019530005
-0.064	0.936	0	0	0	0.968	0	0	0	1.0021815	0.90802451	-7.6183926e-05	-7.9370499e-07	8.9206516e-07	-6.2541089e-07	-7.1209509e-05	-6.5516564e-07	8.4130981e-07	-1.0571757e-06	-5.1814725e-08	4.9148417e-05	5.6546222e-06	-0.00011178872	-0.00011201292	0.0020015233
-0.066	0.934	0	0	0	0.967	0	0	0	1.0021799	0.90514688	-7.6400327e-05	-7.9838149e-07	8.8326397e-07	-6.2550234e-07	-7.1518155e-05	-6.3705924e-07	8.326503e-07	-1.0475919e-06	-5.062879e-08	4.9323037e-05	5.8790357e-06	-0.00011215944	-0.00011238972	0.002048882
-0.068	0.932	0	0	0	0.966	0	0	0	1.0021785	0.90227332	-7.660558e-05	-8.031407e-07	8.7389002e-07	-6.2584314e-07	-7.1807584e-05	-6.1859077e-07	8.2330975e-07	-1.0374703e-06	-4.9438272e-08	4.9487534e-05	6.104181e-06	-0.00011250941	-0.00011274564	0.0020952336
-0.07	0.93	0	0	0	0.965	0	0	0	1.0021771	0.89940381	-7.6800459e-05	-8.080168e-07	8.6399664e-07	-6.2646479e-07	-7.207959e-05	-5.9983599e-07	8.1333803e-07	-1.0268969e-06	-4.8244171e-08	4.9642764e-05	6.3300182e-06	-0.00011284029	-0.00011308236	0.0021407127
-0.072	0.928	0	0	0	0.964	0	0	0	1.0021757	0.89653835	-7.6985643e-05	-8.130387e-07	8.536318e-07	-6.2739366e-07	-7.233575e-05	-5.8086013e-07	8.0278001e-07	-1.0159467e-06	-4.7047288e-08	4.978948e-05	6.5565105e-06	-0.00011315355	-0.00011340138	0.0021854349
-0.074	0.926	0	0	0	0.963	0	0	0	1.0021743	0.89367693	-7.7161733e-05	-8.1823083e-07	8.4283905e-07	-6.2865181e-07	-7.2577448e-05	-5.6171952e-07	7.916764e-07	-1.0046851e-06	-4.5848291e-08	4.9928343e-05	6.7836238e-06	-0.00011345049	-0.00011370399	0.0022294997
-0.076	0.924	0	0	0	0.962	0	0	0	1.002173	0.89081956	-7.7329264e-05	-8.2361372e-07	8.3165822e-07	-6.3025763e-07	-7.280591e-05	-5.4246301e-07	7.8006447e-07	-9.9316939e-07	-4.4647774e-08	5.0059941e-05	7.0113265e-06	-0.00011373225	-0.00011399135	0.0022729932
-0.078	0.922	0	0	0	0.961	0	0	0	1.0021717	0.88796621	-7.7488709e-05	-8.2920449e-07	8.2012606e-07	-6.3222629e-07	-7.3022224e-05	-5.2313325e-07	7.6797867e-07	-9.814501e-07	-4.3446296e-08	5.0184793e-05	7.2395892e-06	-0.00011399985	-0.00011426448	0.0023159891
-0.08	0.92	0	0	0	0.96	0	0	0	1.0021704	0.8851169	-7.7640494e-05	-8.350173e-07	8.0827675e-07	-6.3457022e-07	-7.3227359e-05	-5.0376776e-07	7.5545117e-07	-9.6957218e-07	-4.2244412e-08	5.0303366e-05	7.4683844e-06	-0.0001142542	-0.00011452431	0.002358551
-0.082	0.918	0	0	0	0.959	0	0	0	1.0021691	0.88227161	-7.7784999e-05	-8.4106366e-07	7.9614242e-07	-6.3729937e-07	-7.3422179e-05	-4.8439988e-07	7.4251236e-07	-9.5757584e-07	-4.1042696e-08	5.0416074e-05	7.6976864e-06	-0.00011449612	-0.00011477165	0.0024007331
-0.084	0.916	0	0	0	0.958	0	0	0	1.0021678	0.87943035	-7.7922569e-05	-8.4735269e-07	7.8375347e-07	-6.4042155e-07	-7.3607462e-05	-4.6505953e-07	7.291912e-07	-9.4549745e-07	-3.984175e-08	5.0523291e-05	7.927471e-06	-0.00011472633	-0.00011500724	0.0024425813
-0.086	0.914	0	0	0	0.957	0	0	0	1.0021666	0.8765931	-7.8053515e-05	-8.5389141e-07	7.7113891e-07	-6.4394257e-07	-7.3783906e-05	-4.4577388e-07	7.1551557e-07	-9.3337014e-07	-3.8642219e-08	5.0625355e-05	8.1577154e-06	-0.00011494549	-0.00011523174	0.0024841339
-0.088	0.912	0	0	0	0.956	0	0	0	1.0021653	0.87375986	-7.8178121e-05	-8.6068487e-07	7.5832658e-07	-6.4786647e-07	-7.3952144e-05	-4.2656784e-07	7.0151254e-07	-9.2122441e-07	-3.7444795e-08	5.072257e-05	8.388398e-06	-0.00011515422	-0.00011544577	0.0025254224
-0.09	0.91	0	0	0	0.955	0	0	0	1.002164	0.87093064	-7.8296647e-05	-8.6773636e-07	7.4534337e-07	-6.5219562e-07	-7.4112748e-05	-4.0746453e-07	6.8720857e-07	-9.0908852e-07	-3.6250214e-08	5.0815215e-05	8.6194984e-06	-0.00011535304	-0.00011564986	0.002566472
-0.092	0.908	0	0	0	0.954	0	0	0	1.0021627	0.86810542	-7.8409332e-05	-8.7504755e-07	7.3221533e-07	-6.5693089e-07	-7.4266238e-05	-3.8848558e-07	6.7262964e-07	-8.9698889e-07	-3.505926e-08	5.0903543e-05	8.8509974e-06	-0.00011554247	-0.00011584452	0.0026073024
-0.094	0.906	0	0	0	0.953	0	0	0	1.0021614	0.86528422	-7.8516398e-05	-8.826186e-07	7.1896779e-07	-6.6207171e-07	-7.4413091e-05	-3.6965141e-07	6.578014e-07	-8.8495039e-07	-3.387276e-08	5.0987787e-05	9.0828765e-06	-0.00011572297	-0.00011603021	0.0026479277
-0.096	0.904	0	0	0	0.952	0	0	0	1.0021601	0.86246701	-7.8618052e-05	-8.9044827e-07	7.056254e-07	-6.6761617e-07	-7.455374e-05	-3.5098145e-07	6.4274921e-07	-8.7299653e-07	-3.2691579e-08	5.1068161e-05	9.3151182e-06	-0.00011589494	-0.00011620735	0.0026883576
-0.098	0.902	0	0	0	0.951	0	0	0	1.0021588	0.85965382	-7.8714488e-05	-8.9853407e-07	6.9221218e-07	-6.7356111e-07	-7.4688586e-05	-3.3249427e-07	6.2749817e-07	-8.6114966e-07	-3.151661e-08	5.1144864e-05	9.5477059e-06	-0.0001160588	-0.00011637635	0.002728597
-0.1	0.9	0	0	0	0.95	0	0	0	1.0021575	0.85684462	-7.8805889e-05	-9.068723e-07	6.7875149e-07	-6.7990221e-07	-7.4817995e-05	-3.1420769e-07	6.1207315e-07	-8.4943109e-07	-3.0348774e-08	5.1218078e-05	9.7806236e-06	-0.00011621491	-0.00011653756	0.0027686473
-0.102	0.898	0	0	0	0.949	0	0	0	1.0021561	0.85403943	-7.889243e-05	-9.1545819e-07	6.6526602e-07	-6.8663402e-07	-7.4942306e-05	-2.9613887e-07	5.964987e-07	-8.3786117e-07	-2.9189007e-08	5.1287975e-05	1.0013856e-05	-0.0001163636	-0.00011669133	0.0028085059
-0.104	0.896	0	0	0	0.948	0	0	0	1.0021547	0.85123824	-7.8974276e-05	-9.24286e-07	6.5177775e-07	-6.9375007e-07	-7.5061834e-05	-2.7830433e-07	5.8079907e-07	-8.2645937e-07	-2.8038251e-08	5.1354716e-05	1.0247389e-05	-0.00011650521	-0.00011683799	0.0028481674
-0.106	0.894	0	0	0	0.947	0	0	0	1.0021533	0.84844106	-7.9051587e-05	-9.3334905e-07	6.3830792e-07	-7.0124296e-07	-7.5176868e-05	-2.6072e-07	5.6499809e-07	-8.152443e-07	-2.6897448e-08	5.1418451e-05	1.0481208e-05	-0.00011664004	-0.00011697783	0.0028876234
-0.108	0.892	0	0	0	0.946	0	0	0	1.0021519	0.84564788	-7.9124518e-05	-9.4263992e-07	6.2487689e-07	-7.0910439e-07	-7.5287678e-05	-2.4340121e-07	5.491191e-07	-8.0423377e-07	-2.5767531e-08	5.1479321e-05	1.07153e-05	-0.00011676838	-0.00011711114	0.0029268632
-0.11	0.89	0	0	0	0.945	0	0	0	1.0021505	0.8428587	-7.9193219e-05	-9.5215044e-07	6.1150419e-07	-7.1732527e-07	-7.5394515e-05	-2.2636266e-07	5.3318489e-07	-7.9344476e-07	-2.4649415e-08	5.1537461e-05	1.0949653e-05	-0.00011689049	-0.00011723821	0.002965874
-0.112	0.888	0	0	0	0.944	0	0	0	1.0021491	0.84007352	-7.9257835e-05	-9.6187185e-07	5.9820832e-07	-7.2589582e-07	-7.5497614e-05	-2.0961845e-07	5.1721755e-07	-7.8289346e-07	-2.3543988e-08	5.1592998e-05	1.1184253e-05	-0.00011700666	-0.00011735928	0.0030046415
-0.114	0.886	0	0	0	0.943	0	0	0	1.0021477	0.83729236	-7.9318509e-05	-9.7179487e-07	5.8500681e-07	-7.3480561e-07	-7.5597191e-05	-1.9318202e-07	5.0123841e-07	-7.7259524e-07	-2.2452105e-08	5.164605e-05	1.141909e-05	-0.00011711712	-0.00011747461	0.0030431497
-0.116	0.884	0	0	0	0.942	0	0	0	1.0021462	0.8345152	-7.9375378e-05	-9.819098e-07	5.7191606e-07	-7.4404369e-07	-7.5693449e-05	-1.7706615e-07	4.8526793e-07	-7.6256468e-07	-2.1374585e-08	5.1696734e-05	1.1654152e-05	-0.00011722212	-0.00011758444	0.0030813821
-0.118	0.882	0	0	0	0.941	0	0	0	1.0021447	0.83174205	-7.942858e-05	-9.9220659e-07	5.5895134e-07	-7.5359864e-07	-7.5786579e-05	-1.6128292e-07	4.6932564e-07	-7.5281552e-07	-2.0312198e-08	5.1745157e-05	1.1889428e-05	-0.00011732188	-0.00011768899	0.003119321
-0.12	0.88	0	0	0	0.94	0	0	0	1.0021433	0.82897291	-7.9478247e-05	-1.002675e-06	5.4612676e-07	-7.6345869e-07	-7.5876755e-05	-1.4584372e-07	4.5343001e-07	-7.4336074e-07	-1.9265664e-08	5.1791423e-05	1.2124908e-05	-0.00011741664	-0.00011778849	0.0031569488
-0.122	0.878	0	0	0	0.939	0	0	0	1.0021418	0.82620779	-7.9524512e-05	-1.0133045e-06	5.3345517e-07	-7.7361178e-07	-7.5964144e-05	-1.3075922e-07	4.3759843e-07	-7.3421249e-07	-1.8235653e-08	5.1835631e-05	1.2360582e-05	-0.0001175066	-0.00011788315	0.0031942471
-0.124	0.876	0	0	0	0.938	0	0	0	1.0021403	0.82344668	-7.9567501e-05	-1.0240846e-06	5.2094822e-07	-7.8404567e-07	-7.6048899e-05	-1.1603936e-07	4.2184713e-07	-7.2538214e-07	-1.7222774e-08	5.1877874e-05	1.259644e-05	-0.00011759196	-0.00011797316	0.0032311981
-0.126	0.874	0	0	0	0.937	0	0	0	1.0021388	0.82068958	-7.9607341e-05	-1.0350048e-06	5.0861628e-07	-7.9474799e-07	-7.6131161e-05	-1.0169336e-07	4.0619113e-07	-7.168803e-07	-1.622758e-08	5.1918243e-05	1.2832474e-05	-0.00011767293	-0.00011805872	0.0032677838
-0.128	0.872	0	0	0	0.936	0	0	0	1.0021374	0.81793651	-7.9644155e-05	-1.0460546e-06	4.964685e-07	-8.0570634e-07	-7.6211065e-05	-8.772974e-08	3.9064421e-07	-7.0871684e-07	-1.5250564e-08	5.1956823e-05	1.3068675e-05	-0.0001177497	-0.00011814003	0.0033039868
-0.13	0.87	0	0	0	0.935	0	0	0	1.0021359	0.81518745	-7.9678063e-05	-1.0572236e-06	4.8451279e-07	-8.1690835e-07	-7.6288732e-05	-7.4156294e-08	3.752189e-07	-7.0090091e-07	-1.4292159e-08	5.1993696e-05	1.3305034e-05	-0.00011782244	-0.00011821726	0.0033397902
-0.132	0.868	0	0	0	0.934	0	0	0	1.0021344	0.81244242	-7.9709183e-05	-1.0685017e-06	4.7275586e-07	-8.2834173e-07	-7.6364277e-05	-6.0980155e-08	3.5992647e-07	-6.93441e-07	-1.335274e-08	5.2028938e-05	1.3541544e-05	-0.00011789133	-0.00011829058	0.0033751776
-0.134	0.866	0	0	0	0.933	0	0	0	1.002133	0.80970142	-7.9737631e-05	-1.0798789e-06	4.6120324e-07	-8.3999439e-07	-7.6437805e-05	-4.8207796e-08	3.4477696e-07	-6.8634494e-07	-1.2432621e-08	5.2062623e-05	1.3778197e-05	-0.00011795654	-0.00011836017	0.0034101333
-0.136	0.864	0	0	0	0.932	0	0	0	1.0021316	0.80696444	-7.9763516e-05	-1.0913456e-06	4.4985935e-07	-8.518544e-07	-7.6509412e-05	-3.5845074e-08	3.2977914e-07	-6.7962e-07	-1.1532066e-08	5.209482e-05	1.4014985e-05	-0.00011801823	-0.00011842617	0.0034446424
-0.138	0.862	0	0	0	0.931	0	0	0	1.0021301	0.80423148	-7.978695e-05	-1.1028924e-06	4.3872752e-07	-8.6391011e-07	-7.6579186e-05	-2.3897262e-08	3.149406e-07	-6.7327289e-07	-1.065128e-08	5.2125596e-05	1.4251901e-05	-0.00011807655	-0.00011848874	0.0034786905
-0.14	0.86	0	0	0	0.93	0	0	0	1.0021287	0.80150256	-7.9808036e-05	-1.1145102e-06	4.2781006e-07	-8.7615017e-07	-7.6647209e-05	-1.2369092e-08	3.0026777e-07	-6.6730982e-07	-9.7904221e-09	5.2155012e-05	1.448894e-05	-0.00011813165	-0.00011854802	0.0035122642
-0.142	0.858	0	0	0	0.929	0	0	0	1.0021273	0.79877767	-7.9826876e-05	-1.1261904e-06	4.1710835e-07	-8.8856356e-07	-7.6713553e-05	-1.2647922e-09	2.8576594e-07	-6.6173658e-07	-8.9496024e-09	5.2183126e-05	1.4726093e-05	-0.00011818366	-0.00011860415	0.0035453507
-0.144	0.856	0	0	0	0.928	0	0	0	1.002126	0.79605681	-7.9843571e-05	-1.1379248e-06	4.0662284e-07	-9.011396e-07	-7.6778284e-05	9.4118644e-09	2.7143935e-07	-6.5655856e-07	-8.1288881e-09	5.2209995e-05	1.4963356e-05	-0.00011823272	-0.00011865727	0.003577938
-0.146	0.854	0	0	0	0.927	0	0	0	1.0021246	0.79333999	-7.9858214e-05	-1.1497054e-06	3.9635318e-07	-9.1386802e-07	-7.6841462e-05	1.965752e-08	2.5729123e-07	-6.5178078e-07	-7.3283066e-09	5.2235668e-05	1.5200722e-05	-0.00011827895	-0.00011870749	0.0036100148
-0.148	0.852	0	0	0	0.926	0	0	0	1.0021233	0.7906272	-7.9870898e-05	-1.1615248e-06	3.8629827e-07	-9.2673894e-07	-7.6903138e-05	2.946919e-08	2.4332387e-07	-6.4740801e-07	-6.5478491e-09	5.2260195e-05	1.5438186e-05	-0.00011832247	-0.00011875493	0.0036415703
-0.15	0.85	0	0	0	0.925	0	0	0	1.002122	0.78791844	-7.9881711e-05	-1.1733758e-06	3.7645631e-07	-9.3974287e-07	-7.6963358e-05	3.8844221e-08	2.2953866e-07	-6.4344473e-07	-5.7874742e-09	5.2283619e-05	1.5675742e-05	-0.00011836339	-0.0001187997	0.0036725946
-0.152	0.848	0	0	0	0.924	0	0	0	1.0021208	0.78521373	-7.9890739e-05	-1.1852518e-06	3.6682488e-07	-9.5287076e-07	-7.7022161e-05	4.7780261e-08	2.1593621e-07	-6.398952e-07	-5.0471121e-09	5.2305983e-05	1.5913385e-05	-0.00011840182	-0.0001188419	0.0037030782
-0.154	0.846	0	0	0	0.923	0	0	0	1.0021195	0.78251305	-7.9898062e-05	-1.1971466e-06	3.5740103e-07	-9.66114e-07	-7.707958e-05	5.6275218e-08	2.0251635e-07	-6.3676352e-07	-4.3266671e-09	5.2327323e-05	1.615111e-05	-0.00011843786	-0.00011888164	0.0037330122
-0.156	0.844	0	0	0	0.922	0	0	0	1.0021183	0.7798164	-7.990376e-05	-1.2090542e-06	3.4818132e-07	-9.7946437e-07	-7.7135642e-05	6.4327243e-08	1.8927828e-07	-6.3405361e-07	-3.6260218e-09	5.2347676e-05	1.6388912e-05	-0.00011847158	-0.000118919	0.0037623886
-0.158	0.842	0	0	0	0.921	0	0	0	1.0021171	0.7771238	-7.9907906e-05	-1.2209691e-06	3.391619e-07	-9.9291412e-07	-7.7190368e-05	7.1934705e-08	1.7622056e-07	-6.3176924e-07	-2.9450394e-09	5.2367073e-05	1.6626786e-05	-0.00011850309	-0.00011895407	0.0037911994
-0.16	0.84	0	0	0	0.92	0	0	0	1.002116	0.77443524	-7.9910572e-05	-1.2328864e-06	3.3033857e-07	-1.0064559e-06	-7.7243773e-05	7.9096177e-08	1.6334123e-07	-6.2991408e-07	-2.2835668e-09	5.2385543e-05	1.6864728e-05	-0.00011853246	-0.00011898692	0.0038194378
-0.162	0.838	0	0	0	0.919	0	0	0	1.0021149	0.77175071	-7.9911827e-05	-1.2448013e-06	3.2170683e-07	-1.0200828e-06	-7.7295868e-05	8.5810434e-08	1.5063789e-07	-6.2849164e-07	-1.6414372e-09	5.2403112e-05	1.7102733e-05	-0.00011855976	-0.00011901763	0.0038470972
-0.164	0.836	0	0	0	0.918	0	0	0	1.0021138	0.76907022	-7.9911737e-05	-1.2567094e-06	3.1326197e-07	-1.0337883e-06	-7.7346656e-05	9.2076454e-08	1.3810772e-07	-6.2750528e-07	-1.0184718e-09	5.2419804e-05	1.7340798e-05	-0.00011858506	-0.00011904627	0.0038741719
-0.166	0.834	0	0	0	0.917	0	0	0	1.0021127	0.76639377	-7.9910362e-05	-1.2686069e-06	3.0499908e-07	-1.0475664e-06	-7.7396136e-05	9.7893432e-08	1.2574757e-07	-6.2695821e-07	-4.1448193e-10	5.2435638e-05	1.7578919e-05	-0.00011860843	-0.00011907289	0.003900657
-0.168	0.832	0	0	0	0.916	0	0	0	1.0021117	0.76372136	-7.9907763e-05	-1.28049e-06	2.9691316e-07	-1.0614113e-06	-7.7444304e-05	1.032608e-07	1.1355405e-07	-6.2685343e-07	1.7072992e-10	5.2450632e-05	1.781709e-05	-0.00011862992	-0.00011909756	0.0039265482
-0.17	0.83	0	0	0	0.915	0	0	0	1.0021107	0.76105299	-7.9903997e-05	-1.2923556e-06	2.8899912e-07	-1.0753179e-06	-7.7491147e-05	1.0817828e-07	1.0152357e-07	-6.2719369e-07	7.3736883e-10	5.2464802e-05	1.8055309e-05	-0.00011864957	-0.00011912032	0.0039518427
-0.172	0.828	0	0	0	0.914	0	0	0	1.0021098	0.75838865	-7.9899117e-05	-1.3042007e-06	2.8125189e-07	-1.0892814e-06	-7.7536651e-05	1.1264587e-07	8.9652396e-08	-6.2798144e-07	1.285647e-09	5.2478161e-05	1.8293571e-05	-0.00011866744	-0.00011914121	0.0039765384
-0.174	0.826	0	0	0	0.913	0	0	0	1.0021088	0.75572835	-7.9893176e-05	-1.3160229e-06	2.736664e-07	-1.1032973e-06	-7.7580796e-05	1.16664e-07	7.7936755e-08	-6.2921874e-07	1.8157838e-09	5.2490719e-05	1.8531874e-05	-0.00011868357	-0.00011916029	0.0040006349
-0.176	0.824	0	0	0	0.912	0	0	0	1.0021079	0.75307209	-7.9886221e-05	-1.3278198e-06	2.6623769e-07	-1.1173617e-06	-7.7623557e-05	1.2023349e-07	6.6372855e-08	-6.309072e-07	2.3280055e-09	5.2502483e-05	1.8770212e-05	-0.000118698	-0.00011917759	0.0040241331
-0.178	0.822	0	0	0	0.911	0	0	0	1.0021071	0.75041987	-7.9878301e-05	-1.3395897e-06	2.5896092e-07	-1.1314711e-06	-7.7664906e-05	1.233557e-07	5.4956972e-08	-6.3304783e-07	2.8225465e-09	5.2513461e-05	1.9008584e-05	-0.00011871075	-0.00011919313	0.0040470361
-0.18	0.82	0	0	0	0.91	0	0	0	1.0021062	0.74777167	-7.9869459e-05	-1.3513309e-06	2.5183143e-07	-1.1456223e-06	-7.7704812e-05	1.2603259e-07	4.36855e-08	-6.3564098e-07	3.2996503e-09	5.2523657e-05	1.9246985e-05	-0.00011872186	-0.00011920696	0.0040693488
-0.182	0.818	0	0	0	0.909	0	0	0	1.0021054	0.74512752	-7.985974e-05	-1.3630425e-06	2.4484477e-07	-1.1598128e-06	-7.7743239e-05	1.2826681e-07	3.2555013e-08	-6.386862e-07	3.7595707e-09	5.2533073e-05	1.9485412e-05	-0.00011873136	-0.00011921909	0.0040910785
-0.184	0.816	0	0	0	0.908	0	0	0	1.0021046	0.74248739	-7.9849184e-05	-1.3747235e-06	2.3799674e-07	-1.1740404e-06	-7.7780149e-05	1.3006182e-07	2.1562322e-08	-6.4218208e-07	4.2025737e-09	5.254171e-05	1.9723861e-05	-0.00011873926	-0.00011922956	0.0041122354
-0.186	0.814	0	0	0	0.907	0	0	0	1.0021039	0.7398513	-7.983783e-05	-1.3863735e-06	2.3128345e-07	-1.1883035e-06	-7.7815503e-05	1.3142199e-07	1.0704525e-08	-6.4612616e-07	4.6289399e-09	5.2549568e-05	1.996233e-05	-0.00011874558	-0.00011923837	0.0041328324
-0.188	0.812	0	0	0	0.906	0	0	0	1.0021032	0.73721924	-7.9825716e-05	-1.3979926e-06	2.2470133e-07	-1.202601e-06	-7.7849259e-05	1.323527e-07	-2.0939634e-11	-6.5051474e-07	5.0389662e-09	5.2556645e-05	2.0200815e-05	-0.00011875034	-0.00011924556	0.0041528855
-0.19	0.81	0	0	0	0.905	0	0	0	1.0021025	0.7345912	-7.9812878e-05	-1.4095811e-06	2.1824716e-07	-1.2169323e-06	-7.7881373e-05	1.3286044e-07	-1.0616254e-08	-6.5534277e-07	5.4329691e-09	5.2562939e-05	2.0439312e-05	-0.00011875356	-0.00011925113	0.0041724143
-0.192	0.808	0	0	0	0.904	0	0	0	1.0021018	0.7319672	-7.9799352e-05	-1.4211398e-06	2.1191809e-07	-1.2312974e-06	-7.7911803e-05	1.3295295e-07	-2.1083178e-08	-6.6060372e-07	5.8112863e-09	5.2568448e-05	2.0677819e-05	-0.00011875525	-0.0001192551	0.0041914417
-0.194	0.806	0	0	0	0.903	0	0	0	1.0021011	0.72934723	-7.9785172e-05	-1.4326699e-06	2.0571168e-07	-1.2456969e-06	-7.7940506e-05	1.3263926e-07	-3.1423023e-08	-6.6628941e-07	6.1742801e-09	5.2573168e-05	2.0916333e-05	-0.00011875542	-0.0001192575	0.0042099944
-0.196	0.804	0	0	0	0.902	0	0	0	1.0021005	0.72673128	-7.977037e-05	-1.4441729e-06	1.9962591e-07	-1.260132e-06	-7.796744e-05	1.3192979e-07	-4.1636625e-08	-6.7238997e-07	6.5223387e-09	5.2577096e-05	2.1154849e-05	-0.00011875409	-0.00011925832	0.0042281023
-0.198	0.802	0	0	0	0.901	0	0	0	1.0020998	0.72411936	-7.9754979e-05	-1.455651e-06	1.9365915e-07	-1.2746045e-06	-7.7992566e-05	1.3083641e-07	-5.1724338e-08	-6.7889372e-07	6.8558794e-09	5.258023e-05	2.1393366e-05	-0.00011875126	-0.0001192576	0.0042457991
-0.2	0.8	0	0	0	0.9	0	0	0	1.0020992	0.72151146	-7.9739028e-05	-1.4671067e-06	1.8781018e-07	-1.289117e-06	-7.8015847e-05	1.2937243e-07	-6.1686031e-08	-6.8578712e-07	7.1753489e-09	5.2582567e-05	2.163188e-05	-0.00011874695	-0.00011925535	0.0042631214
-0.202	0.798	0	0	0	0.899	0	0	0	1.0020987	0.71890759	-7.9722549e-05	-1.4785428e-06	1.8207819e-07	-1.3036724e-06	-7.803725e-05	1.2755264e-07	-7.1521096e-08	-6.9305478e-07	7.4812252e-09	5.2584106e-05	2.1870387e-05	-0.00011874117	-0.00011925158	0.0042801084
-0.204	0.796	0	0	0	0.898	0	0	0	1.0020981	0.71630774	-7.9705571e-05	-1.4899629e-06	1.7646274e-07	-1.3182746e-06	-7.8056748e-05	1.2539326e-07	-8.1228476e-08	-7.0067945e-07	7.7740176e-09	5.2584848e-05	2.2108886e-05	-0.00011873394	-0.00011924632	0.0042968018
-0.206	0.794	0	0	0	0.897	0	0	0	1.0020976	0.71371192	-7.9688122e-05	-1.5013706e-06	1.7096373e-07	-1.332928e-06	-7.8074317e-05	1.2291186e-07	-9.0806696e-08	-7.0864213e-07	8.0542659e-09	5.2584795e-05	2.2347373e-05	-0.00011872528	-0.00011923959	0.0043132445
-0.208	0.792	0	0	0	0.896	0	0	0	1.002097	0.71112012	-7.9670231e-05	-1.5127703e-06	1.6558137e-07	-1.3476376e-06	-7.808994e-05	1.2012728e-07	-1.0025391e-07	-7.1692214e-07	8.3225398e-09	5.258395e-05	2.2585844e-05	-0.0001187152	-0.00011923141	0.0043294805
-0.21	0.79	0	0	0	0.895	0	0	0	1.0020965	0.70853234	-7.9651924e-05	-1.5241664e-06	1.6031613e-07	-1.362409e-06	-7.8103608e-05	1.1705944e-07	-1.0956798e-07	-7.2549734e-07	8.5794358e-09	5.2582318e-05	2.2824298e-05	-0.00011870373	-0.00011922181	0.0043455536
-0.212	0.788	0	0	0	0.894	0	0	0	1.002096	0.70594859	-7.9633229e-05	-1.5355639e-06	1.5516869e-07	-1.3772484e-06	-7.8115318e-05	1.1372923e-07	-1.1874648e-07	-7.3434424e-07	8.8255751e-09	5.2579907e-05	2.3062732e-05	-0.00011869089	-0.00011921082	0.0043615067
-0.214	0.786	0	0	0	0.893	0	0	0	1.0020955	0.70336885	-7.961417e-05	-1.546968e-06	1.5013987e-07	-1.3921623e-06	-7.8125073e-05	1.1015827e-07	-1.2778685e-07	-7.4343831e-07	9.0615992e-09	5.2576727e-05	2.3301142e-05	-0.0001186767	-0.00011919848	0.0043773812
-0.216	0.784	0	0	0	0.892	0	0	0	1.0020951	0.70079314	-7.9594774e-05	-1.5583842e-06	1.4523061e-07	-1.4071578e-06	-7.8132887e-05	1.0636869e-07	-1.3668642e-07	-7.5275422e-07	9.2881657e-09	5.2572791e-05	2.3539525e-05	-0.00011866122	-0.00011918482	0.0043932158
-0.218	0.782	0	0	0	0.891	0	0	0	1.0020946	0.69822146	-7.9575064e-05	-1.5698182e-06	1.4044187e-07	-1.4222423e-06	-7.8138777e-05	1.0238292e-07	-1.454425e-07	-7.6226612e-07	9.5059431e-09	5.2568112e-05	2.3777881e-05	-0.00011864445	-0.00011916988	0.004409046
-0.22	0.78	0	0	0	0.89	0	0	0	1.0020942	0.69565379	-7.9555064e-05	-1.5812757e-06	1.3577458e-07	-1.4374234e-06	-7.8142772e-05	9.8223436e-08	-1.5405246e-07	-7.7194789e-07	9.7156056e-09	5.2562707e-05	2.4016205e-05	-0.00011862645	-0.00011915369	0.0044249035
-0.222	0.778	0	0	0	0.889	0	0	0	1.0020938	0.69309015	-7.9534797e-05	-1.5927626e-06	1.3122963e-07	-1.452709e-06	-7.8144903e-05	9.3912531e-08	-1.6251381e-07	-7.8177352e-07	9.9178276e-09	5.2556594e-05	2.4254496e-05	-0.00011860725	-0.00011913631	0.0044408157
-0.224	0.776	0	0	0	0.888	0	0	0	1.0020934	0.69053054	-7.9514283e-05	-1.6042848e-06	1.2680775e-07	-1.468107e-06	-7.8145213e-05	8.9472076e-08	-1.7082425e-07	-7.9171733e-07	1.0113278e-08	5.2549794e-05	2.449275e-05	-0.00011858689	-0.00011911777	0.0044568054
-0.226	0.774	0	0	0	0.887	0	0	0	1.002093	0.68797494	-7.9493543e-05	-1.6158482e-06	1.2250953e-07	-1.4836255e-06	-7.8143745e-05	8.4923318e-08	-1.7898173e-07	-8.0175422e-07	1.0302615e-08	5.2542329e-05	2.4730967e-05	-0.00011856541	-0.00011909813	0.0044728908
-0.228	0.772	0	0	0	0.886	0	0	0	1.0020927	0.68542338	-7.9472597e-05	-1.6274586e-06	1.1833535e-07	-1.4992724e-06	-7.8140552e-05	8.0286696e-08	-1.8698453e-07	-8.1185999e-07	1.0486481e-08	5.2534221e-05	2.4969143e-05	-0.00011854287	-0.00011907742	0.0044890851
-0.23	0.77	0	0	0	0.885	0	0	0	1.0020924	0.68287584	-7.9451464e-05	-1.6391216e-06	1.1428536e-07	-1.5150554e-06	-7.8135689e-05	7.5581674e-08	-1.9483125e-07	-8.2201146e-07	1.0665498e-08	5.2525496e-05	2.5207276e-05	-0.00011851931	-0.0001190557	0.0045053971
-0.232	0.768	0	0	0	0.884	0	0	0	1.0020921	0.68033232	-7.943016e-05	-1.6508426e-06	1.1035948e-07	-1.5309822e-06	-7.8129216e-05	7.0826614e-08	-2.0252087e-07	-8.321867e-07	1.0840265e-08	5.2516178e-05	2.5445366e-05	-0.00011849477	-0.00011903301	0.0045218312
-0.234	0.766	0	0	0	0.883	0	0	0	1.0020918	0.67779283	-7.9408701e-05	-1.6626269e-06	1.0655737e-07	-1.5470601e-06	-7.8121193e-05	6.6038676e-08	-2.1005276e-07	-8.4236514e-07	1.1011352e-08	5.2506294e-05	2.5683408e-05	-0.0001184693	-0.00011900941	0.0045383879
-0.236	0.764	0	0	0	0.882	0	0	0	1.0020915	0.67525737	-7.9387103e-05	-1.6744794e-06	1.0287842e-07	-1.5632963e-06	-7.8111685e-05	6.1233741e-08	-2.1742668e-07	-8.525277e-07	1.11793e-08	5.249587e-05	2.5921403e-05	-0.00011844294	-0.00011898493	0.0045550643
-0.238	0.762	0	0	0	0.881	0	0	0	1.0020913	0.67272593	-7.9365378e-05	-1.6864048e-06	9.9321786e-08	-1.5796973e-06	-7.8100759e-05	5.642638e-08	-2.2464278e-07	-8.6265682e-07	1.1344617e-08	5.2484931e-05	2.6159348e-05	-0.00011841576	-0.00011895962	0.0045718541
-0.24	0.76	0	0	0	0.88	0	0	0	1.0020911	0.67019852	-7.9343541e-05	-1.6984074e-06	9.5886353e-08	-1.5962697e-06	-7.8088479e-05	5.1629829e-08	-2.3170161e-07	-8.7273652e-07	1.1507779e-08	5.2473504e-05	2.6397242e-05	-0.00011838778	-0.00011893354	0.0045887489
-0.242	0.758	0	0	0	0.879	0	0	0	1.0020909	0.66767515	-7.9321602e-05	-1.7104911e-06	9.2570789e-08	-1.6130192e-06	-7.8074914e-05	4.6856003e-08	-2.3860404e-07	-8.8275239e-07	1.1669228e-08	5.2461616e-05	2.6635082e-05	-0.00011835906	-0.00011890671	0.0046057379
-0.244	0.756	0	0	0	0.878	0	0	0	1.0020908	0.6651558	-7.9299572e-05	-1.7226598e-06	8.9373539e-08	-1.6299515e-06	-7.8060128e-05	4.2115521e-08	-2.4535133e-07	-8.9269156e-07	1.1829372e-08	5.244929e-05	2.6872869e-05	-0.00011832964	-0.00011887919	0.0046228089
-0.246	0.754	0	0	0	0.877	0	0	0	1.0020907	0.66264048	-7.9277461e-05	-1.7349168e-06	8.6292852e-08	-1.6470717e-06	-7.8044186e-05	3.7417754e-08	-2.5194503e-07	-9.0254269e-07	1.1988586e-08	5.2436553e-05	2.7110599e-05	-0.00011829955	-0.00011885102	0.0046399485
-0.248	0.752	0	0	0	0.876	0	0	0	1.0020906	0.66012918	-7.9255276e-05	-1.747265e-06	8.3326801e-08	-1.6643844e-06	-7.8027154e-05	3.277088e-08	-2.5838697e-07	-9.1229588e-07	1.2147212e-08	5.2423428e-05	2.7348273e-05	-0.00011826885	-0.00011882222	0.0046571426
-0.25	0.75	0	0	0	0.875	0	0	0	1.0020905	0.65762192	-7.9233026e-05	-1.7597071e-06	8.0473304e-08	-1.681894e-06	-7.8009091e-05	2.8181953e-08	-2.6467925e-07	-9.2194259e-07	1.2305559e-08	5.2409937e-05	2.7585888e-05	-0.00011823757	-0.00011879285	0.0046743767
-0.252	0.748	0	0	0	0.874	0	0	0	1.0020905	0.65511869	-7.9210718e-05	-1.7722456e-06	7.7730145e-08	-1.6996043e-06	-7.799006e-05	2.3656975e-08	-2.708242e-07	-9.3147557e-07	1.2463909e-08	5.2396104e-05	2.7823444e-05	-0.00011820575	-0.00011876294	0.004691636
-0.254	0.746	0	0	0	0.873	0	0	0	1.0020906	0.65261949	-7.9188356e-05	-1.7848825e-06	7.5094999e-08	-1.7175189e-06	-7.7970117e-05	1.9200977e-08	-2.7682433e-07	-9.4088878e-07	1.2622513e-08	5.238195e-05	2.806094e-05	-0.00011817341	-0.00011873251	0.0047089063
-0.256	0.744	0	0	0	0.872	0	0	0	1.0020906	0.65012432	-7.9165947e-05	-1.7976195e-06	7.2565451e-08	-1.7356407e-06	-7.7949318e-05	1.4818094e-08	-2.8268232e-07	-9.5017728e-07	1.2781595e-08	5.2367494e-05	2.8298374e-05	-0.00011814061	-0.00011870161	0.0047261734
-0.258	0.742	0	0	0	0.871	0	0	0	1.0020907	0.64763318	-7.9143494e-05	-1.8104581e-06	7.0139018e-08	-1.7539727e-06	-7.7927718e-05	1.051165e-08	-2.8840098e-07	-9.5933714e-07	1.2941356e-08	5.2352757e-05	2.8535746e-05	-0.00011810735	-0.00011867026	0.0047434238
-0.26	0.74	0	0	0	0.87	0	0	0	1.0020908	0.64514607	-7.9121002e-05	-1.8233996e-06	6.7813162e-08	-1.7725172e-06	-7.7905366e-05	6.2842314e-09	-2.9398325e-07	-9.6836536e-07	1.3101972e-08	5.2337755e-05	2.8773055e-05	-0.00011807369	-0.00011863848	0.0047606446
-0.262	0.738	0	0	0	0.869	0	0	0	1.002091	0.64266299	-7.9098473e-05	-1.8364449e-06	6.5585313e-08	-1.7912764e-06	-7.7882311e-05	2.1377648e-09	-2.9943212e-07	-9.7725977e-07	1.3263599e-08	5.2322507e-05	2.90103e-05	-0.00011803963	-0.00011860631	0.0047778236
-0.264	0.736	0	0	0	0.868	0	0	0	1.0020912	0.64018393	-7.9075911e-05	-1.8495948e-06	6.3452883e-08	-1.8102521e-06	-7.78586e-05	-1.9264136e-09	-3.0475067e-07	-9.8601892e-07	1.342637e-08	5.2307028e-05	2.924748e-05	-0.00011800521	-0.00011857377	0.0047949495
-0.266	0.734	0	0	0	0.867	0	0	0	1.0020914	0.63770891	-7.9053318e-05	-1.8628498e-06	6.1413276e-08	-1.8294458e-06	-7.7834275e-05	-5.9074899e-09	-3.0994201e-07	-9.9464206e-07	1.3590404e-08	5.2291334e-05	2.9484595e-05	-0.00011797046	-0.00011854088	0.0048120118
-0.268	0.732	0	0	0	0.866	0	0	0	1.0020916	0.63523792	-7.9030694e-05	-1.8762102e-06	5.9463906e-08	-1.8488589e-06	-7.7809378e-05	-9.8051098e-09	-3.1500928e-07	-1.003129e-06	1.3755801e-08	5.2275439e-05	2.9721644e-05	-0.00011793539	-0.00011850766	0.0048290009
-0.27	0.73	0	0	0	0.865	0	0	0	1.0020919	0.63277096	-7.9008042e-05	-1.8896763e-06	5.7602201e-08	-1.8684924e-06	-7.7783948e-05	-1.3619322e-08	-3.1995562e-07	-1.01148e-06	1.3922647e-08	5.2259356e-05	2.9958626e-05	-0.00011790002	-0.00011847413	0.0048459079
-0.272	0.728	0	0	0	0.864	0	0	0	1.0020923	0.63030802	-7.8985363e-05	-1.9032479e-06	5.5825619e-08	-1.8883473e-06	-7.775802e-05	-1.7350523e-08	-3.2478415e-07	-1.019696e-06	1.4091014e-08	5.2243097e-05	3.019554e-05	-0.00011786438	-0.00011844032	0.0048627249
-0.274	0.726	0	0	0	0.863	0	0	0	1.0020926	0.62784911	-7.8962656e-05	-1.9169251e-06	5.413165e-08	-1.9084242e-06	-7.773163e-05	-2.0999411e-08	-3.29498e-07	-1.027778e-06	1.4260963e-08	5.2226675e-05	3.0432387e-05	-0.00011782847	-0.00011840623	0.0048794446
-0.276	0.724	0	0	0	0.862	0	0	0	1.002093	0.62539423	-7.8939923e-05	-1.9307074e-06	5.2517829e-08	-1.9287237e-06	-7.770481e-05	-2.4566943e-08	-3.3410024e-07	-1.0357276e-06	1.4432544e-08	5.22101e-05	3.0669165e-05	-0.00011779233	-0.00011837189	0.0048960609
-0.278	0.722	0	0	0	0.861	0	0	0	1.0020935	0.62294338	-7.8917163e-05	-1.9445945e-06	5.0981732e-08	-1.9492462e-06	-7.7677589e-05	-2.8054291e-08	-3.3859392e-07	-1.0435466e-06	1.4605796e-08	5.2193382e-05	3.0905875e-05	-0.00011775596	-0.0001183373	0.0049125679
-0.28	0.72	0	0	0	0.86	0	0	0	1.0020939	0.62049656	-7.8894376e-05	-1.9585859e-06	4.9520991e-08	-1.969992e-06	-7.7649997e-05	-3.1462812e-08	-3.4298202e-07	-1.0512369e-06	1.478075e-08	5.2176531e-05	3.1142514e-05	-0.00011771938	-0.00011830249	0.0049289607
-0.282	0.718	0	0	0	0.859	0	0	0	1.0020944	0.61805376	-7.8871562e-05	-1.9726809e-06	4.8133289e-08	-1.9909611e-06	-7.7622061e-05	-3.4794015e-08	-3.4726749e-07	-1.0588008e-06	1.495743e-08	5.2159555e-05	3.1379085e-05	-0.0001176826	-0.00011826746	0.0049452349
-0.284	0.716	0	0	0	0.858	0	0	0	1.002095	0.61561499	-7.884872e-05	-1.9868788e-06	4.6816369e-08	-2.0121535e-06	-7.7593804e-05	-3.8049531e-08	-3.5145321e-07	-1.0662408e-06	1.5135853e-08	5.2142463e-05	3.1615584e-05	-0.00011764563	-0.00011823222	0.004961387
-0.286	0.714	0	0	0	0.857	0	0	0	1.0020955	0.61318025	-7.882585e-05	-2.001179e-06	4.5568032e-08	-2.0335694e-06	-7.7565251e-05	-4.1231091e-08	-3.55542e-07	-1.0735593e-06	1.531603e-08	5.2125262e-05	3.1852013e-05	-0.00011760848	-0.00011819679	0.0049774137
-0.288	0.712	0	0	0	0.856	0	0	0	1.0020961	0.61074953	-7.880295e-05	-2.0155805e-06	4.4386139e-08	-2.0552084e-06	-7.7536423e-05	-4.4340502e-08	-3.595366e-07	-1.080759e-06	1.5497965e-08	5.2107958e-05	3.2088371e-05	-0.00011757117	-0.00011816118	0.0049933123
-0.29	0.71	0	0	0	0.855	0	0	0	1.0020967	0.60832283	-7.878002e-05	-2.0300823e-06	4.3268613e-08	-2.0770704e-06	-7.7507341e-05	-4.7379632e-08	-3.634397e-07	-1.0878425e-06	1.5681661e-08	5.209056e-05	3.2324658e-05	-0.0001175337	-0.0001181254	0.0050090807
-0.292	0.708	0	0	0	0.854	0	0	0	1.0020974	0.60590016	-7.8757059e-05	-2.0446837e-06	4.2213438e-08	-2.0991551e-06	-7.7478023e-05	-5.0350388e-08	-3.6725391e-07	-1.0948127e-06	1.5867113e-08	5.2073072e-05	3.2560873e-05	-0.00011749608	-0.00011808944	0.0050247172
-0.294	0.706	0	0	0	0.853	0	0	0	1.0020981	0.60348151	-7.8734065e-05	-2.0593835e-06	4.1218662e-08	-2.1214622e-06	-7.7448489e-05	-5.3254708e-08	-3.7098177e-07	-1.1016723e-06	1.6054316e-08	5.20555e-05	3.2797016e-05	-0.00011745831	-0.00011805333	0.0050402204
-0.296	0.704	0	0	0	0.852	0	0	0	1.0020988	0.60106689	-7.8711037e-05	-2.0741807e-06	4.0282391e-08	-2.1439913e-06	-7.7418754e-05	-5.6094541e-08	-3.7462575e-07	-1.1084243e-06	1.6243259e-08	5.2037849e-05	3.3033086e-05	-0.00011742042	-0.00011801707	0.0050555892
-0.298	0.702	0	0	0	0.851	0	0	0	1.0020996	0.59865629	-7.8687973e-05	-2.0890742e-06	3.9402795e-08	-2.1667421e-06	-7.7388835e-05	-5.8871845e-08	-3.7818825e-07	-1.1150714e-06	1.6433931e-08	5.2020125e-05	3.3269084e-05	-0.0001173824	-0.00011798066	0.0050708231
-0.3	0.7	0	0	0	0.85	0	0	0	1.0021004	0.59624971	-7.8664874e-05	-2.1040629e-06	3.8578103e-08	-2.1897142e-06	-7.7358745e-05	-6.1588569e-08	-3.816716e-07	-1.1216165e-06	1.6626317e-08	5.2002331e-05	3.3505009e-05	inf	inf	inf
