lambda	F11	F12	F13	F21	F22	F23	F31	F32	F33	J	P11	P12	P13	P21	P22	P23	P31	P32	P33	p	StrEn	t(1)	t(2)	d
0	1	0	0	0	1	0	0	0	1	1	0	0	0	0	0	0	0	0	0	-0	0	inf	inf	inf
-0.002	0.998	0	0	0	0.999	0	0	0	1.0015157	0.99851316	-3.3393004e-06	4.8587862e-07	7.1992105e-08	4.8457487e-07	-2.2785521e-06	-4.0045085e-08	1.4991369e-08	-5.2012514e-08	2.787368e-09	1.8716884e-06	5.0198193e-09	-4.4806778e-06	-4.0921934e-06	-0.094933054
-0.004	0.996	0	0	0	0.998	0	0	0	1.0030156	0.99700555	-5.0963133e-06	1.5991063e-06	1.5988994e-07	1.5981101e-06	-3.0626966e-06	-5.3088246e-08	5.8049937e-08	-1.1165539e-07	5.9417096e-09	2.7176894e-06	1.6368774e-08	-6.6320521e-06	-6.4616279e-06	-0.026374813
-0.006	0.994	0	0	0	0.997	0	0	0	1.0044714	0.99544927	-6.1741798e-06	2.106322e-06	2.3202294e-07	2.1092591e-06	-3.1116651e-06	-7.0573932e-08	1.0019067e-07	-1.5604148e-07	8.5757636e-09	3.092423e-06	3.0866331e-08	-7.7361874e-06	-7.6715352e-06	-0.008427543
-0.008	0.992	0	0	0	0.996	0	0	0	1.0058959	0.9938573	-6.9554522e-06	2.3378021e-06	3.1144222e-07	2.3450694e-06	-2.8628627e-06	-9.0026032e-08	1.5888078e-07	-1.9789569e-07	1.1210097e-08	3.2690349e-06	4.7054914e-08	-8.394793e-06	-8.3739214e-06	-0.0024924537
-0.01	0.99	0	0	0	0.995	0	0	0	1.0072937	0.99223464	-7.6179904e-06	2.46829e-06	3.9829596e-07	2.4798489e-06	-2.5091481e-06	-1.0967297e-07	2.3028798e-07	-2.3717736e-07	1.3732063e-08	3.3711355e-06	6.4362016e-08	-8.8820895e-06	-8.8742715e-06	-0.00088097231
-0.012	0.988	0	0	0	0.994	0	0	0	1.0086704	0.99058695	-8.221334e-06	2.5541685e-06	4.8708991e-07	2.5701346e-06	-2.1166047e-06	-1.2702758e-07	3.0714282e-07	-2.723837e-07	1.6052494e-08	3.4406287e-06	8.2552e-08	-9.2906067e-06	-9.2859972e-06	-0.00049639188
-0.014	0.986	0	0	0	0.993	0	0	0	1.0100273	0.98891572	-8.7861359e-06	2.6157567e-06	5.7567952e-07	2.6361944e-06	-1.7113802e-06	-1.4115172e-07	3.8647948e-07	-3.030677e-07	1.8222134e-08	3.493098e-06	1.0150601e-07	-9.6540954e-06	-9.6494267e-06	-0.00048382945
-0.016	0.984	0	0	0	0.992	0	0	0	1.0113637	0.9872204	-9.3196421e-06	2.6625531e-06	6.6345568e-07	2.6874592e-06	-1.3065003e-06	-1.5249079e-07	4.672399e-07	-3.2994243e-07	2.0288546e-08	3.5352846e-06	1.2114971e-07	-9.9863366e-06	-9.9804518e-06	-0.00058963455
-0.018	0.982	0	0	0	0.991	0	0	0	1.0126779	0.98549969	-9.8239488e-06	2.699763e-06	7.5005916e-07	2.7290973e-06	-9.1016708e-07	-1.6175086e-07	5.4877417e-07	-3.5389736e-07	2.2280335e-08	3.5706119e-06	1.4142781e-07	-1.0293539e-05	-1.0285992e-05	-0.00073370212
-0.02	0.98	0	0	0	0.99	0	0	0	1.0139681	0.98375181	-1.0298733e-05	2.7304558e-06	8.3494366e-07	2.7641568e-06	-5.2863304e-07	-1.6947453e-07	6.3031147e-07	-3.7561539e-07	2.4213651e-08	3.6010509e-06	1.6229368e-07	-1.0578509e-05	-1.0569127e-05	-0.00088765667
-0.022	0.978	0	0	0	0.989	0	0	0	1.0152317	0.98197472	-1.0742308e-05	2.7565265e-06	9.1723802e-07	2.7945175e-06	-1.6736574e-07	-1.7601619e-07	7.1077078e-07	-3.9556548e-07	2.6094406e-08	3.6278599e-06	1.8370432e-07	-1.0842288e-05	-1.0831018e-05	-0.0010405664
-0.024	0.976	0	0	0	0.988	0	0	0	1.0164662	0.98016617	-1.1152155e-05	2.7791769e-06	9.9572645e-07	2.8213679e-06	1.6846428e-07	-1.8158944e-07	7.8870725e-07	-4.1406086e-07	2.7918346e-08	3.651924e-06	2.0561775e-07	-1.1084934e-05	-1.1071783e-05	-0.0011878367
-0.026	0.974	0	0	0	0.987	0	0	0	1.0176691	0.97832394	-1.152533e-05	2.7991699e-06	1.0689221e-06	2.8454601e-06	4.7387983e-07	-1.8630822e-07	8.6236506e-07	-4.3130703e-07	2.9671064e-08	3.6739265e-06	2.2799145e-07	-1.1305984e-05	-1.1291004e-05	-0.0013266651
-0.028	0.972	0	0	0	0.986	0	0	0	1.018838	0.97644616	-1.1858977e-05	2.8169756e-06	1.1352603e-06	2.8672579e-06	7.4433352e-07	-1.9021781e-07	9.2986655e-07	-4.4743577e-07	3.1329436e-08	3.6944379e-06	2.5078176e-07	-1.1504844e-05	-1.1488143e-05	-0.0014537536
-0.03	0.97	0	0	0	0.985	0	0	0	1.0199715	0.9745318	-1.2151022e-05	2.832869e-06	1.1934243e-06	2.8870376e-06	9.7630245e-07	-1.9332462e-07	9.8955775e-07	-4.6253359e-07	3.2865837e-08	3.7139514e-06	2.7394402e-07	-1.1681209e-05	-1.166296e-05	-0.0015647171
-0.032	0.968	0	0	0	0.984	0	0	0	1.0210698	0.97258124	-1.2401028e-05	2.8470119e-06	1.24273e-06	2.9049727e-06	1.1681306e-06	-1.956306e-07	1.040439e-06	-4.7667048e-07	3.4255432e-08	3.7328807e-06	2.974336e-07	-1.1835488e-05	-1.1815924e-05	-0.0016557144
-0.034	0.966	0	0	0	0.983	0	0	0	1.0221347	0.9705966	-1.2610813e-05	2.8595245e-06	1.2833801e-06	2.9212057e-06	1.3207152e-06	-1.97167e-07	1.0824755e-06	-4.8992658e-07	3.5484133e-08	3.751538e-06	3.2120772e-07	-1.1969084e-05	-1.1948457e-05	-0.0017263211
-0.036	0.964	0	0	0	0.982	0	0	0	1.0231697	0.96858154	-1.2784407e-05	2.8705366e-06	1.3164028e-06	2.9358945e-06	1.4374998e-06	-1.9801256e-07	1.1165709e-06	-5.024073e-07	3.6552811e-08	3.770118e-06	3.4522743e-07	-1.2084342e-05	-1.2062864e-05	-0.0017804791
-0.038	0.962	0	0	0	0.981	0	0	0	1.0241794	0.96654061	-1.2927244e-05	2.8802052e-06	1.3432957e-06	2.9492236e-06	1.5236412e-06	-1.9828685e-07	1.1442052e-06	-5.1424007e-07	3.7475321e-08	3.7887093e-06	3.6945917e-07	-1.2184149e-05	-1.2161964e-05	-0.0018241662
-0.04	0.96	0	0	0	0.98	0	0	0	1.0251684	0.9644784	-1.3045078e-05	2.8887045e-06	1.3656089e-06	2.9613895e-06	1.5848256e-06	-1.9812702e-07	1.1669799e-06	-5.255589e-07	3.8272533e-08	3.8073267e-06	3.9387529e-07	-1.2271432e-05	-1.2248621e-05	-0.0018623963
-0.042	0.958	0	0	0	0.979	0	0	0	1.0261408	0.96239896	-1.3143145e-05	2.8962068e-06	1.3846709e-06	2.9725793e-06	1.6263346e-06	-1.9766457e-07	1.1863034e-06	-5.364884e-07	3.8966478e-08	3.825948e-06	4.1845366e-07	-1.2348794e-05	-1.23254e-05	-0.0018980605
-0.044	0.956	0	0	0	0.978	0	0	0	1.0270999	0.96030558	-1.3225787e-05	2.9028677e-06	1.401496e-06	2.9829576e-06	1.6525929e-06	-1.9701193e-07	1.2032708e-06	-5.4713483e-07	3.9576849e-08	3.8445391e-06	4.4317689e-07	-1.2418366e-05	-1.2394415e-05	-0.0019323626
-0.046	0.954	0	0	0	0.977	0	0	0	1.0280485	0.95820081	-1.3296415e-05	2.9088208e-06	1.4168062e-06	2.9926618e-06	1.6670917e-06	-1.9625849e-07	1.2186732e-06	-5.5758386e-07	4.0119761e-08	3.863068e-06	4.6803132e-07	-1.248181e-05	-1.2457324e-05	-0.0019656205
-0.048	0.952	0	0	0	0.976	0	0	0	1.0289883	0.95608657	-1.3357637e-05	2.9141764e-06	1.4310945e-06	3.0018035e-06	1.6725014e-06	-1.9547239e-07	1.2330575e-06	-5.6790251e-07	4.0607815e-08	3.8815094e-06	4.9300618e-07	-1.2540396e-05	-1.2515393e-05	-0.0019978158
-0.05	0.95	0	0	0	0.975	0	0	0	1.029921	0.95396431	-1.3411425e-05	2.9190248e-06	1.4446892e-06	3.0104725e-06	1.6708374e-06	-1.947042e-07	1.2467923e-06	-5.7814243e-07	4.1050663e-08	3.8998456e-06	5.1809289e-07	-1.2595086e-05	-1.2569585e-05	-0.0020288554
-0.052	0.948	0	0	0	0.974	0	0	0	1.0308475	0.95183512	-1.345927e-05	2.9234397e-06	1.4578058e-06	3.0187411e-06	1.6636182e-06	-1.9399094e-07	1.2601219e-06	-5.8834323e-07	4.1455663e-08	3.9180654e-06	5.4328452e-07	-1.2646611e-05	-1.262063e-05	-0.0020586635
-0.054	0.946	0	0	0	0.973	0	0	0	1.0317688	0.94969983	-1.3502308e-05	2.9274811e-06	1.4705841e-06	3.0266673e-06	1.6519921e-06	-1.9335942e-07	1.2732066e-06	-5.9853541e-07	4.1828444e-08	3.9361625e-06	5.6857541e-07	-1.2695531e-05	-1.2669088e-05	-0.0020872015
-0.056	0.944	0	0	0	0.972	0	0	0	1.0326854	0.94755908	-1.3541411e-05	2.9311982e-06	1.4831137e-06	3.0342986e-06	1.636835e-06	-1.9282892e-07	1.28615e-06	-6.0874251e-07	4.2173348e-08	3.9541344e-06	5.9396087e-07	-1.2742279e-05	-1.2715392e-05	-0.0021144633
-0.058	0.942	0	0	0	0.971	0	0	0	1.0335979	0.94541336	-1.3577258e-05	2.9346319e-06	1.4954513e-06	3.0416739e-06	1.6188211e-06	-1.9241311e-07	1.2990183e-06	-6.1898289e-07	4.2493764e-08	3.971981e-06	6.1943698e-07	-1.2787194e-05	-1.2759882e-05	-0.0021404659
-0.06	0.94	0	0	0	0.97	0	0	0	1.0345065	0.94326306	-1.361038e-05	2.9378162e-06	1.5076319e-06	3.0488252e-06	1.5984751e-06	-1.9212157e-07	1.3118523e-06	-6.2927094e-07	4.279237e-08	3.989704e-06	6.450004e-07	-1.2830547e-05	-1.2802826e-05	-0.0021652406
-0.062	0.938	0	0	0	0.969	0	0	0	1.0354117	0.94110851	-1.36412e-05	2.9407798e-06	1.519676e-06	3.0557797e-06	1.5762094e-06	-1.9196086e-07	1.3246763e-06	-6.3961806e-07	4.3071312e-08	4.0073065e-06	6.7064828e-07	-1.2872555e-05	-1.2844441e-05	-0.0021888269
-0.064	0.936	0	0	0	0.968	0	0	0	1.0363137	0.93894997	-1.367006e-05	2.9435468e-06	1.5315951e-06	3.06256e-06	1.5523518e-06	-1.9193524e-07	1.3375035e-06	-6.500333e-07	4.3332328e-08	4.024792e-06	6.9637816e-07	-1.2913393e-05	-1.2884901e-05	-0.0022112684
-0.066	0.934	0	0	0	0.967	0	0	0	1.0372126	0.93678764	-1.3697236e-05	2.946138e-06	1.5433946e-06	3.0691853e-06	1.5271651e-06	-1.9204734e-07	1.3503398e-06	-6.6052397e-07	4.3576846e-08	4.0421645e-06	7.2218789e-07	-1.2953208e-05	-1.2924353e-05	-0.0022326104
-0.068	0.932	0	0	0	0.966	0	0	0	1.0381087	0.93462172	-1.3722954e-05	2.9485713e-06	1.5550761e-06	3.0756724e-06	1.5008622e-06	-1.922985e-07	1.3631864e-06	-6.7109591e-07	4.3806053e-08	4.0594286e-06	7.4807557e-07	-1.2992119e-05	-1.2962915e-05	-0.0022528983
-0.07	0.93	0	0	0	0.965	0	0	0	1.039002	0.93245234	-1.3747403e-05	2.950862e-06	1.5666389e-06	3.0820355e-06	1.4736171e-06	-1.9268911e-07	1.3760415e-06	-6.8175392e-07	4.4020945e-08	4.0765884e-06	7.7403955e-07	-1.3030228e-05	-1.3000688e-05	-0.0022721767
-0.072	0.928	0	0	0	0.964	0	0	0	1.0398927	0.93027966	-1.3770741e-05	2.9530236e-06	1.5780809e-06	3.0882869e-06	1.4455729e-06	-1.9321889e-07	1.3889015e-06	-6.9250186e-07	4.4222368e-08	4.0936485e-06	8.0007832e-07	-1.306762e-05	-1.3037757e-05	-0.0022904891
-0.074	0.926	0	0	0	0.963	0	0	0	1.0407808	0.92810377	-1.3793099e-05	2.9550678e-06	1.589399e-06	3.0944378e-06	1.4168485e-06	-1.9388699e-07	1.4017615e-06	-7.0334291e-07	4.4411045e-08	4.1106131e-06	8.2619057e-07	-1.3104368e-05	-1.3074195e-05	-0.0023078775
-0.076	0.924	0	0	0	0.962	0	0	0	1.0416664	0.92592479	-1.381459e-05	2.9570052e-06	1.6005902e-06	3.1004974e-06	1.3875434e-06	-1.9469216e-07	1.4146164e-06	-7.1427968e-07	4.4587603e-08	4.1274864e-06	8.523751e-07	-1.3140536e-05	-1.3110064e-05	-0.0023243822
-0.078	0.922	0	0	0	0.961	0	0	0	1.0425497	0.9237428	-1.3835311e-05	2.9588447e-06	1.6116513e-06	3.1064745e-06	1.3577411e-06	-1.9563289e-07	1.4274606e-06	-7.2531431e-07	4.4752587e-08	4.1442726e-06	8.7863083e-07	-1.3176179e-05	-1.3145418e-05	-0.0023400423
-0.08	0.92	0	0	0	0.96	0	0	0	1.0434306	0.92155789	-1.3855345e-05	2.9605946e-06	1.6225789e-06	3.1123764e-06	1.3275124e-06	-1.9670741e-07	1.4402887e-06	-7.3644855e-07	4.4906475e-08	4.1609755e-06	9.0495677e-07	-1.3211343e-05	-1.3180304e-05	-0.0023548951
-0.082	0.918	0	0	0	0.959	0	0	0	1.0443092	0.91937014	-1.3874764e-05	2.9622622e-06	1.6333704e-06	3.1182098e-06	1.2969175e-06	-1.9791381e-07	1.4530954e-06	-7.4768384e-07	4.5049691e-08	4.1775988e-06	9.3135204e-07	-1.324607e-05	-1.3214765e-05	-0.0023689768
-0.084	0.916	0	0	0	0.958	0	0	0	1.0451856	0.91717961	-1.3893629e-05	2.9638539e-06	1.644023e-06	3.1239809e-06	1.2660082e-06	-1.9925007e-07	1.4658759e-06	-7.5902138e-07	4.5182612e-08	4.1941462e-06	9.5781583e-07	-1.3280399e-05	-1.3248836e-05	-0.0023823219
-0.086	0.914	0	0	0	0.957	0	0	0	1.0460597	0.91498637	-1.3911997e-05	2.9653758e-06	1.6545346e-06	3.129695e-06	1.2348286e-06	-2.0071407e-07	1.4786254e-06	-7.7046212e-07	4.5305572e-08	4.2106211e-06	9.8434739e-07	-1.3314361e-05	-1.328255e-05	-0.0023949641
-0.088	0.912	0	0	0	0.956	0	0	0	1.0469317	0.91279047	-1.3929916e-05	2.9668331e-06	1.6649033e-06	3.1353571e-06	1.2034172e-06	-2.0230368e-07	1.4913399e-06	-7.8200687e-07	4.5418876e-08	4.2270268e-06	1.010946e-06	-1.3347986e-05	-1.3315936e-05	-0.0024069355
-0.09	0.91	0	0	0	0.955	0	0	0	1.0478016	0.91059198	-1.3947429e-05	2.9682307e-06	1.6751273e-06	3.1409716e-06	1.1718073e-06	-2.0401672e-07	1.5040154e-06	-7.9365625e-07	4.5522797e-08	4.2433664e-06	1.0376111e-06	-1.3381301e-05	-1.3349019e-05	-0.0024182673
-0.092	0.908	0	0	0	0.954	0	0	0	1.0486693	0.90839095	-1.3964574e-05	2.9695729e-06	1.6852055e-06	3.1465425e-06	1.1400278e-06	-2.0585099e-07	1.5166484e-06	-8.0541079e-07	4.5617583e-08	4.2596429e-06	1.0643421e-06	-1.3414329e-05	-1.3381824e-05	-0.0024289897
-0.094	0.906	0	0	0	0.953	0	0	0	1.049535	0.90618742	-1.3981385e-05	2.9708637e-06	1.695137e-06	3.1520735e-06	1.1081041e-06	-2.0780433e-07	1.5292359e-06	-8.172709e-07	4.5703461e-08	4.2758591e-06	1.0911384e-06	-1.3447091e-05	-1.3414372e-05	-0.0024391319
-0.096	0.904	0	0	0	0.952	0	0	0	1.0503986	0.90398145	-1.3997893e-05	2.9721068e-06	1.704921e-06	3.1575681e-06	1.0760584e-06	-2.0987456e-07	1.541775e-06	-8.292369e-07	4.5780639e-08	4.2920179e-06	1.1179996e-06	-1.3479608e-05	-1.3446681e-05	-0.0024487221
-0.098	0.902	0	0	0	0.951	0	0	0	1.0512602	0.90177309	-1.4014125e-05	2.9733056e-06	1.7145572e-06	3.1630294e-06	1.0439104e-06	-2.1205955e-07	1.5542634e-06	-8.4130905e-07	4.5849308e-08	4.3081218e-06	1.1449252e-06	-1.3511898e-05	-1.347877e-05	-0.0024577877
-0.1	0.9	0	0	0	0.95	0	0	0	1.0521197	0.89956237	-1.4030107e-05	2.9744631e-06	1.7240453e-06	3.1684604e-06	1.0116774e-06	-2.1435718e-07	1.5666989e-06	-8.5348753e-07	4.5909644e-08	4.3241734e-06	1.1719147e-06	-1.3543976e-05	-1.3510654e-05	-0.0024663553
-0.102	0.898	0	0	0	0.949	0	0	0	1.0529773	0.89734934	-1.4045862e-05	2.9755823e-06	1.7333855e-06	3.1738635e-06	9.7937468e-07	-2.1676539e-07	1.5790798e-06	-8.6577248e-07	4.5961811e-08	4.3401751e-06	1.1989678e-06	-1.3575859e-05	-1.3542349e-05	-0.0024744508
-0.104	0.896	0	0	0	0.948	0	0	0	1.0538328	0.89513404	-1.4061409e-05	2.9766657e-06	1.742578e-06	3.1792415e-06	9.4701581e-07	-2.1928214e-07	1.5914044e-06	-8.7816401e-07	4.600596e-08	4.3561292e-06	1.2260841e-06	-1.3607559e-05	-1.3573868e-05	-0.0024820992
-0.106	0.894	0	0	0	0.947	0	0	0	1.0546864	0.89291651	-1.4076769e-05	2.9777159e-06	1.7516232e-06	3.1845965e-06	9.1461292e-07	-2.2190544e-07	1.6036715e-06	-8.9066219e-07	4.6042232e-08	4.372038e-06	1.2532632e-06	-1.3639091e-05	-1.3605223e-05	-0.0024893249
-0.108	0.892	0	0	0	0.946	0	0	0	1.0555381	0.8906968	-1.4091958e-05	2.9787351e-06	1.7605217e-06	3.1899307e-06	8.8217681e-07	-2.2463334e-07	1.6158799e-06	-9.0326705e-07	4.6070761e-08	4.3879036e-06	1.280505e-06	-1.3670465e-05	-1.3636427e-05	-0.0024961515
-0.11	0.89	0	0	0	0.945	0	0	0	1.0563878	0.88847494	-1.4106993e-05	2.9797255e-06	1.7692742e-06	3.1952462e-06	8.4971711e-07	-2.2746395e-07	1.6280288e-06	-9.1597861e-07	4.6091669e-08	4.4037281e-06	1.3078089e-06	-1.3701695e-05	-1.366749e-05	-0.0025026023
-0.112	0.888	0	0	0	0.944	0	0	0	1.0572356	0.88625097	-1.4121888e-05	2.9806891e-06	1.7778817e-06	3.200545e-06	8.1724244e-07	-2.3039541e-07	1.6401176e-06	-9.2879688e-07	4.6105074e-08	4.4195136e-06	1.3351749e-06	-1.3732789e-05	-1.3698423e-05	-0.0025086995
-0.114	0.886	0	0	0	0.943	0	0	0	1.0580814	0.88402492	-1.4136658e-05	2.9816278e-06	1.7863451e-06	3.2058287e-06	7.8476054e-07	-2.3342593e-07	1.6521457e-06	-9.4172185e-07	4.6111086e-08	4.4352621e-06	1.3626026e-06	-1.3763758e-05	-1.3729236e-05	-0.0025144651
-0.116	0.884	0	0	0	0.942	0	0	0	1.0589254	0.88179683	-1.4151314e-05	2.9825432e-06	1.7946655e-06	3.2110991e-06	7.5227835e-07	-2.3655375e-07	1.6641128e-06	-9.547535e-07	4.610981e-08	4.4509754e-06	1.3900919e-06	-1.3794611e-05	-1.3759937e-05	-0.0025199202
-0.118	0.882	0	0	0	0.941	0	0	0	1.0597675	0.87956675	-1.416587e-05	2.9834372e-06	1.8028439e-06	3.2163579e-06	7.1980211e-07	-2.3977718e-07	1.6760188e-06	-9.6789181e-07	4.6101344e-08	4.4666554e-06	1.4176424e-06	-1.3825358e-05	-1.3790535e-05	-0.0025250856
-0.12	0.88	0	0	0	0.94	0	0	0	1.0606077	0.87733469	-1.4180335e-05	2.9843113e-06	1.8108818e-06	3.2216066e-06	6.8733742e-07	-2.4309457e-07	1.6878634e-06	-9.8113676e-07	4.6085784e-08	4.4823039e-06	1.445254e-06	-1.3856006e-05	-1.3821039e-05	-0.0025299813
-0.122	0.878	0	0	0	0.939	0	0	0	1.0614461	0.87510071	-1.4194721e-05	2.9851669e-06	1.8187803e-06	3.2268465e-06	6.5488933e-07	-2.4650431e-07	1.699647e-06	-9.9448832e-07	4.6063218e-08	4.4979227e-06	1.4729265e-06	-1.3886563e-05	-1.3851455e-05	-0.002534627
-0.124	0.876	0	0	0	0.938	0	0	0	1.0622825	0.87286482	-1.4209037e-05	2.9860056e-06	1.8265408e-06	3.2320793e-06	6.2246237e-07	-2.5000486e-07	1.7113695e-06	-1.0079465e-06	4.6033734e-08	4.5135135e-06	1.5006598e-06	-1.3917038e-05	-1.3881791e-05	-0.0025390415
-0.126	0.874	0	0	0	0.937	0	0	0	1.0631172	0.87062707	-1.4223292e-05	2.9868286e-06	1.8341647e-06	3.2373061e-06	5.9006064e-07	-2.5359471e-07	1.7230313e-06	-1.0215112e-06	4.5997415e-08	4.529078e-06	1.5284537e-06	-1.3947437e-05	-1.3912055e-05	-0.0025432435
-0.128	0.872	0	0	0	0.936	0	0	0	1.06395	0.86838749	-1.4237496e-05	2.9876373e-06	1.8416534e-06	3.2425283e-06	5.5768781e-07	-2.5727243e-07	1.7346328e-06	-1.0351825e-06	4.5954341e-08	4.5446179e-06	1.556308e-06	-1.3977767e-05	-1.3942252e-05	-0.0025472507
-0.13	0.87	0	0	0	0.935	0	0	0	1.064781	0.86614611	-1.4251656e-05	2.9884329e-06	1.8490085e-06	3.2477472e-06	5.253472e-07	-2.610366e-07	1.7461744e-06	-1.0489604e-06	4.590459e-08	4.5601348e-06	1.5842227e-06	-1.4008035e-05	-1.397239e-05	-0.0025510807
-0.132	0.868	0	0	0	0.934	0	0	0	1.0656102	0.86390297	-1.4265781e-05	2.9892166e-06	1.8562315e-06	3.2529639e-06	4.9304178e-07	-2.6488589e-07	1.7576566e-06	-1.0628449e-06	4.5848236e-08	4.5756302e-06	1.6121976e-06	-1.4038247e-05	-1.4002474e-05	-0.0025547502
-0.134	0.866	0	0	0	0.933	0	0	0	1.0664376	0.86165809	-1.4279877e-05	2.9899895e-06	1.8633237e-06	3.2581797e-06	4.6077422e-07	-2.6881897e-07	1.76908e-06	-1.0768359e-06	4.5785355e-08	4.5911058e-06	1.6402326e-06	-1.406841e-05	-1.4032511e-05	-0.0025582755
-0.136	0.864	0	0	0	0.932	0	0	0	1.0672632	0.85941152	-1.4293952e-05	2.9907528e-06	1.8702868e-06	3.2633957e-06	4.2854691e-07	-2.7283461e-07	1.7804454e-06	-1.0909335e-06	4.5716017e-08	4.6065632e-06	1.6683277e-06	-1.409853e-05	-1.4062506e-05	-0.0025616724
-0.138	0.862	0	0	0	0.931	0	0	0	1.0680869	0.85716327	-1.4308014e-05	2.9915075e-06	1.8771224e-06	3.268613e-06	3.96362e-07	-2.7693158e-07	1.7917533e-06	-1.1051378e-06	4.5640293e-08	4.6220038e-06	1.6964826e-06	-1.4128611e-05	-1.4092465e-05	-0.0025649561
-0.14	0.86	0	0	0	0.93	0	0	0	1.068909	0.85491338	-1.4322067e-05	2.9922547e-06	1.8838319e-06	3.2738326e-06	3.6422139e-07	-2.8110873e-07	1.8030045e-06	-1.1194488e-06	4.5558253e-08	4.6374292e-06	1.7246975e-06	-1.4158661e-05	-1.4122393e-05	-0.0025681412
-0.142	0.858	0	0	0	0.929	0	0	0	1.0697292	0.85266189	-1.4336119e-05	2.9929953e-06	1.8904169e-06	3.2790558e-06	3.3212676e-07	-2.8536494e-07	1.8141998e-06	-1.1338666e-06	4.5469966e-08	4.6528408e-06	1.7529722e-06	-1.4188684e-05	-1.4152295e-05	-0.0025712417
-0.144	0.856	0	0	0	0.928	0	0	0	1.0705477	0.85040882	-1.4350176e-05	2.9937304e-06	1.8968789e-06	3.2842834e-06	3.0007961e-07	-2.8969914e-07	1.8253401e-06	-1.1483911e-06	4.5375501e-08	4.6682402e-06	1.7813067e-06	-1.4218685e-05	-1.4182177e-05	-0.0025742712
-0.146	0.854	0	0	0	0.927	0	0	0	1.0713644	0.84815421	-1.4364242e-05	2.9944609e-06	1.9032196e-06	3.2895166e-06	2.6808126e-07	-2.941103e-07	1.8364262e-06	-1.1630226e-06	4.5274924e-08	4.6836288e-06	1.8097009e-06	-1.4248671e-05	-1.4212043e-05	-0.0025772423
-0.148	0.852	0	0	0	0.926	0	0	0	1.0721794	0.84589808	-1.4378325e-05	2.9951878e-06	1.9094404e-06	3.2947563e-06	2.3613283e-07	-2.9859743e-07	1.8474589e-06	-1.177761e-06	4.5168305e-08	4.699008e-06	1.8381549e-06	-1.4278645e-05	-1.4241898e-05	-0.0025801674
-0.15	0.85	0	0	0	0.925	0	0	0	1.0729926	0.84364047	-1.4392429e-05	2.9959119e-06	1.9155429e-06	3.3000037e-06	2.0423531e-07	-3.0315959e-07	1.8584392e-06	-1.1926065e-06	4.5055713e-08	4.7143794e-06	1.8666685e-06	-1.4308613e-05	-1.4271748e-05	-0.0025830579
-0.152	0.848	0	0	0	0.924	0	0	0	1.0738042	0.8413814	-1.440656e-05	2.9966341e-06	1.9215286e-06	3.3052595e-06	1.7238953e-07	-3.0779588e-07	1.869368e-06	-1.2075592e-06	4.4937215e-08	4.7297443e-06	1.8952419e-06	-1.4338579e-05	-1.4301596e-05	-0.0025859249
-0.154	0.846	0	0	0	0.923	0	0	0	1.074614	0.8391209	-1.4420722e-05	2.9973554e-06	1.927399e-06	3.310525e-06	1.4059619e-07	-3.1250544e-07	1.8802463e-06	-1.2226192e-06	4.4812882e-08	4.7451042e-06	1.9238749e-06	-1.4368549e-05	-1.4331448e-05	-0.0025887786
-0.156	0.844	0	0	0	0.922	0	0	0	1.075422	0.83685901	-1.443492e-05	2.9980766e-06	1.9331556e-06	3.3158009e-06	1.0885584e-07	-3.1728744e-07	1.8910748e-06	-1.2377867e-06	4.4682784e-08	4.7604605e-06	1.9525676e-06	-1.4398527e-05	-1.4361308e-05	-0.0025916284
-0.158	0.842	0	0	0	0.921	0	0	0	1.0762284	0.83459575	-1.444916e-05	2.9987986e-06	1.9387999e-06	3.3210884e-06	7.7168929e-08	-3.221411e-07	1.9018547e-06	-1.2530616e-06	4.4546993e-08	4.7758146e-06	1.9813201e-06	-1.4428517e-05	-1.4391179e-05	-0.0025944832
-0.16	0.84	0	0	0	0.92	0	0	0	1.0770331	0.83233116	-1.4463445e-05	2.9995222e-06	1.9443333e-06	3.3263883e-06	4.5535782e-08	-3.2706567e-07	1.9125868e-06	-1.2684443e-06	4.4405583e-08	4.791168e-06	2.0101324e-06	-1.4458524e-05	-1.4421068e-05	-0.002597351
-0.162	0.838	0	0	0	0.919	0	0	0	1.077836	0.83006525	-1.4477781e-05	3.0002482e-06	1.9497572e-06	3.3317017e-06	1.3956612e-08	-3.3206045e-07	1.9232722e-06	-1.2839348e-06	4.4258629e-08	4.8065218e-06	2.0390044e-06	-1.4488553e-05	-1.4450977e-05	-0.0026002392
-0.164	0.836	0	0	0	0.918	0	0	0	1.0786373	0.82779807	-1.4492171e-05	3.0009775e-06	1.9550731e-06	3.3370295e-06	-1.7568471e-08	-3.3712474e-07	1.9339117e-06	-1.2995332e-06	4.4106207e-08	4.8218777e-06	2.0679363e-06	-1.4518608e-05	-1.4480912e-05	-0.0026031542
-0.166	0.834	0	0	0	0.917	0	0	0	1.0794369	0.82552963	-1.450662e-05	3.0017108e-06	1.9602825e-06	3.3423726e-06	-4.9039457e-08	-3.4225792e-07	1.9445063e-06	-1.3152398e-06	4.3948396e-08	4.837237e-06	2.096928e-06	-1.4548692e-05	-1.4510875e-05	-0.0026061017
-0.168	0.832	0	0	0	0.916	0	0	0	1.0802349	0.82325997	-1.4521132e-05	3.0024491e-06	1.9653865e-06	3.3477321e-06	-8.0456429e-08	-3.4745936e-07	1.955057e-06	-1.3310546e-06	4.3785277e-08	4.8526009e-06	2.1259798e-06	-1.4578811e-05	-1.4540872e-05	-0.0026090865
-0.17	0.83	0	0	0	0.915	0	0	0	1.0810312	0.82098911	-1.453571e-05	3.003193e-06	1.9703867e-06	3.3531088e-06	-1.1181956e-07	-3.5272849e-07	1.9655646e-06	-1.3469778e-06	4.3616936e-08	4.867971e-06	2.1550915e-06	-1.4608968e-05	-1.4570907e-05	-0.0026121127
-0.172	0.828	0	0	0	0.914	0	0	0	1.0818258	0.81871709	-1.455036e-05	3.0039433e-06	1.9752844e-06	3.3585038e-06	-1.4312912e-07	-3.5806475e-07	1.9760301e-06	-1.3630095e-06	4.3443457e-08	4.8833485e-06	2.1842634e-06	-1.4639167e-05	-1.4600983e-05	-0.0026151832
-0.174	0.826	0	0	0	0.913	0	0	0	1.0826187	0.81644393	-1.4565084e-05	3.004701e-06	1.9800808e-06	3.3639181e-06	-1.7438545e-07	-3.6346762e-07	1.9864544e-06	-1.3791499e-06	4.3264932e-08	4.8987348e-06	2.2134955e-06	-1.4669413e-05	-1.4631104e-05	-0.0026183004
-0.176	0.824	0	0	0	0.912	0	0	0	1.0834101	0.81416965	-1.4579886e-05	3.0054666e-06	1.9847772e-06	3.3693525e-06	-2.0558898e-07	-3.6893661e-07	1.9968383e-06	-1.395399e-06	4.3081452e-08	4.9141313e-06	2.2427878e-06	-1.4699709e-05	-1.4661275e-05	-0.0026214655
-0.178	0.822	0	0	0	0.911	0	0	0	1.0841997	0.8118943	-1.4594771e-05	3.0062411e-06	1.989375e-06	3.3748081e-06	-2.367402e-07	-3.7447124e-07	2.0071828e-06	-1.411757e-06	4.2893114e-08	4.9295392e-06	2.2721406e-06	-1.4730059e-05	-1.4691498e-05	-0.0026246787
-0.18	0.82	0	0	0	0.91	0	0	0	1.0849878	0.80961788	-1.460974e-05	3.0070252e-06	1.9938754e-06	3.3802859e-06	-2.678397e-07	-3.8007105e-07	2.0174887e-06	-1.4282239e-06	4.2700019e-08	4.9449599e-06	2.3015538e-06	-1.4760467e-05	-1.4721779e-05	-0.0026279395
-0.182	0.818	0	0	0	0.909	0	0	0	1.0857742	0.80734043	-1.4624798e-05	3.0078195e-06	1.9982795e-06	3.3857868e-06	-2.9888813e-07	-3.8573563e-07	2.0277568e-06	-1.4447999e-06	4.2502269e-08	4.9603947e-06	2.3310277e-06	-1.4790937e-05	-1.4752121e-05	-0.0026312463
-0.184	0.816	0	0	0	0.908	0	0	0	1.086559	0.80506198	-1.4639948e-05	3.008625e-06	2.0025887e-06	3.3913117e-06	-3.2988621e-07	-3.9146455e-07	2.0379878e-06	-1.4614851e-06	4.2299973e-08	4.9758449e-06	2.3605623e-06	-1.4821473e-05	-1.4782527e-05	-0.0026345964
-0.186	0.814	0	0	0	0.907	0	0	0	1.0873422	0.80278255	-1.4655194e-05	3.0094422e-06	2.006804e-06	3.3968618e-06	-3.6083471e-07	-3.9725744e-07	2.0481827e-06	-1.4782793e-06	4.2093242e-08	4.9913117e-06	2.3901578e-06	-1.4852077e-05	-1.4813001e-05	-0.0026379863
-0.188	0.812	0	0	0	0.906	0	0	0	1.0881237	0.80050217	-1.4670537e-05	3.010272e-06	2.0109266e-06	3.4024379e-06	-3.9173449e-07	-4.031139e-07	2.058342e-06	-1.4951828e-06	4.1882194e-08	5.0067965e-06	2.4198143e-06	-1.4882755e-05	-1.4843547e-05	-0.0026414115
-0.19	0.81	0	0	0	0.905	0	0	0	1.0889037	0.79822087	-1.4685982e-05	3.0111151e-06	2.0149577e-06	3.408041e-06	-4.2258646e-07	-4.0903358e-07	2.0684666e-06	-1.5121954e-06	4.1666948e-08	5.0223004e-06	2.449532e-06	-1.4913508e-05	-1.4874168e-05	-0.0026448663
-0.192	0.808	0	0	0	0.904	0	0	0	1.0896821	0.79593866	-1.470153e-05	3.0119722e-06	2.0188983e-06	3.4136721e-06	-4.5339158e-07	-4.1501613e-07	2.0785571e-06	-1.5293171e-06	4.1447631e-08	5.0378247e-06	2.479311e-06	-1.494434e-05	-1.4904867e-05	-0.0026483443
-0.194	0.806	0	0	0	0.903	0	0	0	1.0904589	0.79365559	-1.4717185e-05	3.012844e-06	2.0227497e-06	3.4193323e-06	-4.8415089e-07	-4.2106121e-07	2.0886142e-06	-1.5465479e-06	4.1224373e-08	5.0533707e-06	2.5091514e-06	-1.4975256e-05	-1.4935649e-05	-0.0026518379
-0.196	0.804	0	0	0	0.902	0	0	0	1.0912341	0.79137167	-1.473295e-05	3.0137312e-06	2.0265127e-06	3.4250224e-06	-5.1486546e-07	-4.2716848e-07	2.0986385e-06	-1.5638877e-06	4.0997309e-08	5.0689394e-06	2.5390536e-06	-1.5006257e-05	-1.4966516e-05	-0.0026553387
-0.198	0.802	0	0	0	0.901	0	0	0	1.0920077	0.78908692	-1.4748826e-05	3.0146345e-06	2.0301886e-06	3.4307435e-06	-5.4553641e-07	-4.3333762e-07	2.1086305e-06	-1.5813363e-06	4.076658e-08	5.0845321e-06	2.5690175e-06	-1.5037347e-05	-1.4997471e-05	-0.0026588372
-0.2	0.8	0	0	0	0.9	0	0	0	1.0927797	0.78680138	-1.4764817e-05	3.0155545e-06	2.0337783e-06	3.4364965e-06	-5.7616494e-07	-4.395683e-07	2.1185909e-06	-1.5988935e-06	4.0532331e-08	5.1001498e-06	2.5990435e-06	-1.506853e-05	-1.5028519e-05	-0.0026623232
-0.202	0.798	0	0	0	0.899	0	0	0	1.0935502	0.78451507	-1.4780924e-05	3.0164919e-06	2.0372829e-06	3.4422825e-06	-6.0675225e-07	-4.4586021e-07	2.1285202e-06	-1.6165592e-06	4.0294714e-08	5.1157938e-06	2.6291316e-06	-1.5099807e-05	-1.5059661e-05	-0.0026657854
-0.204	0.796	0	0	0	0.898	0	0	0	1.0943191	0.78222801	-1.4797149e-05	3.0174474e-06	2.0407033e-06	3.4481023e-06	-6.3729962e-07	-4.5221303e-07	2.1384188e-06	-1.6343331e-06	4.0053885e-08	5.131465e-06	2.6592821e-06	-1.5131182e-05	-1.5090901e-05	-0.0026692118
-0.206	0.794	0	0	0	0.897	0	0	0	1.0950864	0.77994024	-1.4813495e-05	3.0184215e-06	2.0440406e-06	3.453957e-06	-6.6780835e-07	-4.5862642e-07	2.1482872e-06	-1.6522149e-06	3.9810005e-08	5.1471645e-06	2.6894952e-06	-1.5162658e-05	-1.5122242e-05	-0.0026725895
-0.208	0.792	0	0	0	0.896	0	0	0	1.0958522	0.77765176	-1.4829964e-05	3.019415e-06	2.0472956e-06	3.4598474e-06	-6.9827979e-07	-4.6510007e-07	2.1581258e-06	-1.6702043e-06	3.9563241e-08	5.1628934e-06	2.7197711e-06	-1.5194236e-05	-1.5153687e-05	-0.0026759049
-0.21	0.79	0	0	0	0.895	0	0	0	1.0966164	0.77536261	-1.4846556e-05	3.0204283e-06	2.0504695e-06	3.4657746e-06	-7.2871531e-07	-4.7163365e-07	2.167935e-06	-1.6883008e-06	3.9313766e-08	5.1786525e-06	2.7501099e-06	-1.5225921e-05	-1.5185237e-05	-0.0026791437
-0.212	0.788	0	0	0	0.894	0	0	0	1.0973791	0.77307282	-1.4863274e-05	3.021462e-06	2.053563e-06	3.4717395e-06	-7.5911631e-07	-4.7822681e-07	2.1777151e-06	-1.7065041e-06	3.9061757e-08	5.1944429e-06	2.780512e-06	-1.5257713e-05	-1.5216897e-05	-0.0026822909
-0.214	0.786	0	0	0	0.893	0	0	0	1.0981402	0.7707824	-1.4880119e-05	3.0225167e-06	2.0565772e-06	3.477743e-06	-7.8948424e-07	-4.848792e-07	2.1874664e-06	-1.7248135e-06	3.8807398e-08	5.2102654e-06	2.8109775e-06	-1.5289615e-05	-1.5248667e-05	-0.0026853311
-0.216	0.784	0	0	0	0.892	0	0	0	1.0988998	0.76849138	-1.4897093e-05	3.023593e-06	2.059513e-06	3.483786e-06	-8.1982053e-07	-4.9159047e-07	2.1971892e-06	-1.7432287e-06	3.8550876e-08	5.2261208e-06	2.8415067e-06	-1.532163e-05	-1.5280552e-05	-0.0026882481
-0.218	0.782	0	0	0	0.891	0	0	0	1.0996578	0.76619978	-1.4914196e-05	3.0246912e-06	2.0623712e-06	3.4898694e-06	-8.5012668e-07	-4.9836025e-07	2.2068837e-06	-1.7617489e-06	3.8292385e-08	5.2420101e-06	2.8720997e-06	-1.5353758e-05	-1.5312552e-05	-0.0026910256
-0.22	0.78	0	0	0	0.89	0	0	0	1.1004143	0.76390763	-1.493143e-05	3.0258119e-06	2.0651528e-06	3.4959941e-06	-8.8040416e-07	-5.0518815e-07	2.2165502e-06	-1.7803735e-06	3.8032124e-08	5.2579339e-06	2.9027569e-06	-1.5386003e-05	-1.534467e-05	-0.0026936466
-0.222	0.778	0	0	0	0.889	0	0	0	1.1011693	0.76161495	-1.4948795e-05	3.0269555e-06	2.0678586e-06	3.5021609e-06	-9.1065448e-07	-5.1207376e-07	2.2261887e-06	-1.7991018e-06	3.7770296e-08	5.2738929e-06	2.9334784e-06	-1.5418366e-05	-1.5376908e-05	-0.0026960942
-0.224	0.776	0	0	0	0.888	0	0	0	1.1019228	0.75932177	-1.4966292e-05	3.0281224e-06	2.0704896e-06	3.5083708e-06	-9.4087916e-07	-5.1901668e-07	2.2357995e-06	-1.8179331e-06	3.7507108e-08	5.2898879e-06	2.9642645e-06	-1.5450847e-05	-1.5409267e-05	-0.0026983509
-0.226	0.774	0	0	0	0.887	0	0	0	1.1026747	0.7570281	-1.4983921e-05	3.0293131e-06	2.0730466e-06	3.5146244e-06	-9.710797e-07	-5.2601646e-07	2.2453826e-06	-1.8368664e-06	3.7242774e-08	5.3059194e-06	2.9951155e-06	-1.5483449e-05	-1.544175e-05	-0.0027003995
-0.228	0.772	0	0	0	0.886	0	0	0	1.1034251	0.75473397	-1.5001684e-05	3.0305278e-06	2.0755305e-06	3.5209227e-06	-1.0012576e-06	-5.3307266e-07	2.2549381e-06	-1.855901e-06	3.6977509e-08	5.321988e-06	3.0260315e-06	-1.5516173e-05	-1.5474358e-05	-0.0027022226
-0.23	0.77	0	0	0	0.885	0	0	0	1.104174	0.7524394	-1.501958e-05	3.031767e-06	2.0779421e-06	3.5272664e-06	-1.0314144e-06	-5.401848e-07	2.264466e-06	-1.8750359e-06	3.6711536e-08	5.3380942e-06	3.0570129e-06	-1.554902e-05	-1.5507092e-05	-0.0027038027
-0.232	0.768	0	0	0	0.884	0	0	0	1.1049214	0.75014442	-1.5037609e-05	3.0330308e-06	2.0802823e-06	3.5336562e-06	-1.0615517e-06	-5.4735239e-07	2.2739663e-06	-1.89427e-06	3.6445078e-08	5.3542385e-06	3.0880599e-06	-1.558199e-05	-1.5539953e-05	-0.0027051228
-0.234	0.766	0	0	0	0.883	0	0	0	1.1056673	0.74784904	-1.5055771e-05	3.0343196e-06	2.082552e-06	3.5400929e-06	-1.0916708e-06	-5.5457492e-07	2.283439e-06	-1.9136025e-06	3.6178363e-08	5.3704211e-06	3.1191727e-06	-1.5615085e-05	-1.5572942e-05	-0.0027061658
-0.236	0.764	0	0	0	0.882	0	0	0	1.1064117	0.7455533	-1.5074066e-05	3.0356336e-06	2.084752e-06	3.5465771e-06	-1.1217732e-06	-5.6185185e-07	2.2928842e-06	-1.9330321e-06	3.5911624e-08	5.3866426e-06	3.1503517e-06	-1.5648305e-05	-1.5606061e-05	-0.0027069154
-0.238	0.762	0	0	0	0.881	0	0	0	1.1071545	0.7432572	-1.5092494e-05	3.0369729e-06	2.0868831e-06	3.5531096e-06	-1.1518605e-06	-5.6918263e-07	2.3023016e-06	-1.9525577e-06	3.5645093e-08	5.4029031e-06	3.181597e-06	-1.568165e-05	-1.5639309e-05	-0.0027073552
-0.24	0.76	0	0	0	0.88	0	0	0	1.1078959	0.74096078	-1.5111053e-05	3.0383378e-06	2.0889463e-06	3.5596909e-06	-1.181934e-06	-5.7656669e-07	2.3116913e-06	-1.9721781e-06	3.5379008e-08	5.4192028e-06	3.2129089e-06	-1.5715122e-05	-1.5672688e-05	-0.0027074696
-0.242	0.758	0	0	0	0.879	0	0	0	1.1086358	0.73866405	-1.5129744e-05	3.0397282e-06	2.0909424e-06	3.5663218e-06	-1.2119952e-06	-5.8400344e-07	2.3210532e-06	-1.9918922e-06	3.5113608e-08	5.435542e-06	3.2442877e-06	-1.5748718e-05	-1.5706198e-05	-0.0027072436
-0.244	0.756	0	0	0	0.878	0	0	0	1.1093741	0.73636704	-1.5148566e-05	3.0411444e-06	2.0928722e-06	3.5730026e-06	-1.2420455e-06	-5.9149225e-07	2.330387e-06	-2.0116985e-06	3.4849134e-08	5.4519207e-06	3.2757337e-06	-1.5782441e-05	-1.5739839e-05	-0.0027066626
-0.246	0.754	0	0	0	0.877	0	0	0	1.110111	0.73406977	-1.5167517e-05	3.0425863e-06	2.0947366e-06	3.5797341e-06	-1.2720861e-06	-5.9903251e-07	2.3396928e-06	-2.0315959e-06	3.4585827e-08	5.4683389e-06	3.3072471e-06	-1.5816289e-05	-1.577361e-05	-0.0027057129
-0.248	0.752	0	0	0	0.876	0	0	0	1.1108464	0.73177225	-1.5186596e-05	3.0440539e-06	2.0965365e-06	3.5865167e-06	-1.3021184e-06	-6.0662356e-07	2.3489703e-06	-2.0515829e-06	3.432393e-08	5.4847967e-06	3.3388281e-06	-1.5850262e-05	-1.5807513e-05	-0.0027043814
-0.25	0.75	0	0	0	0.875	0	0	0	1.1115802	0.72947452	-1.5205802e-05	3.0455472e-06	2.0982727e-06	3.5933508e-06	-1.3321437e-06	-6.1426473e-07	2.3582194e-06	-2.0716581e-06	3.4063689e-08	5.5012939e-06	3.3704771e-06	-1.588436e-05	-1.5841546e-05	-0.0027026561
-0.252	0.748	0	0	0	0.874	0	0	0	1.1123126	0.72717659	-1.5225134e-05	3.0470662e-06	2.0999461e-06	3.600237e-06	-1.3621631e-06	-6.2195534e-07	2.36744e-06	-2.0918202e-06	3.3805346e-08	5.5178305e-06	3.4021943e-06	-1.5918582e-05	-1.5875709e-05	-0.0027005255
-0.254	0.746	0	0	0	0.873	0	0	0	1.1130435	0.72487849	-1.524459e-05	3.0486106e-06	2.1015575e-06	3.6071756e-06	-1.3921779e-06	-6.2969469e-07	2.3766318e-06	-2.1120677e-06	3.3549146e-08	5.5344061e-06	3.43398e-06	-1.5952927e-05	-1.5910002e-05	-0.0026979791
-0.256	0.744	0	0	0	0.872	0	0	0	1.1137729	0.72258023	-1.5264168e-05	3.0501804e-06	2.1031079e-06	3.614167e-06	-1.4221891e-06	-6.3748208e-07	2.3857947e-06	-2.1323992e-06	3.3295332e-08	5.5510206e-06	3.4658343e-06	-1.5987393e-05	-1.5944423e-05	-0.0026950076
-0.258	0.742	0	0	0	0.871	0	0	0	1.1145008	0.72028183	-1.5283867e-05	3.0517754e-06	2.1045981e-06	3.6212116e-06	-1.4521979e-06	-6.4531679e-07	2.3949286e-06	-2.1528131e-06	3.3044147e-08	5.5676737e-06	3.4977576e-06	-1.6021981e-05	-1.5978972e-05	-0.0026916021
-0.26	0.74	0	0	0	0.87	0	0	0	1.1152273	0.71798332	-1.5303685e-05	3.0533954e-06	2.1060289e-06	3.6283095e-06	-1.4822052e-06	-6.5319809e-07	2.4040333e-06	-2.1733079e-06	3.2795832e-08	5.5843649e-06	3.5297502e-06	-1.6056688e-05	-1.6013647e-05	-0.002687755
-0.262	0.738	0	0	0	0.869	0	0	0	1.1159522	0.71568471	-1.532362e-05	3.05504e-06	2.1074014e-06	3.6354612e-06	-1.512212e-06	-6.6112524e-07	2.4131085e-06	-2.1938823e-06	3.2550626e-08	5.6010939e-06	3.5618122e-06	-1.6091513e-05	-1.6048448e-05	-0.0026834596
-0.264	0.736	0	0	0	0.868	0	0	0	1.1166757	0.71338604	-1.534367e-05	3.056709e-06	2.1087163e-06	3.6426669e-06	-1.5422193e-06	-6.6909751e-07	2.4221542e-06	-2.2145346e-06	3.2308767e-08	5.6178602e-06	3.593944e-06	-1.6126455e-05	-1.6083372e-05	-0.0026787101
-0.266	0.734	0	0	0	0.867	0	0	0	1.1173977	0.71108731	-1.5363832e-05	3.058402e-06	2.1099746e-06	3.6499267e-06	-1.5722278e-06	-6.7711415e-07	2.4311702e-06	-2.2352634e-06	3.2070489e-08	5.6346633e-06	3.6261457e-06	-1.6161512e-05	-1.6118419e-05	-0.0026735015
-0.268	0.732	0	0	0	0.866	0	0	0	1.1181182	0.70878855	-1.5384105e-05	3.0601188e-06	2.1111772e-06	3.6572408e-06	-1.6022383e-06	-6.8517444e-07	2.4401563e-06	-2.2560671e-06	3.1836025e-08	5.6515025e-06	3.6584177e-06	-1.6196682e-05	-1.6153587e-05	-0.0026678299
-0.27	0.73	0	0	0	0.865	0	0	0	1.1188372	0.70648978	-1.5404486e-05	3.0618588e-06	2.112325e-06	3.6646093e-06	-1.6322516e-06	-6.9327763e-07	2.4491125e-06	-2.2769444e-06	3.1605602e-08	5.6683772e-06	3.6907601e-06	-1.6231963e-05	-1.6188873e-05	-0.0026616921
-0.272	0.728	0	0	0	0.864	0	0	0	1.1195548	0.70419102	-1.5424972e-05	3.0636217e-06	2.1134188e-06	3.6720325e-06	-1.6622682e-06	-7.01423e-07	2.4580385e-06	-2.2978937e-06	3.1379447e-08	5.6852868e-06	3.7231732e-06	-1.6267353e-05	-1.6224276e-05	-0.0026550857
-0.274	0.726	0	0	0	0.863	0	0	0	1.1202709	0.70189229	-1.5445561e-05	3.0654071e-06	2.1144597e-06	3.6795103e-06	-1.6922888e-06	-7.0960985e-07	2.4669342e-06	-2.3189136e-06	3.1157779e-08	5.7022306e-06	3.7556572e-06	-1.630285e-05	-1.6259793e-05	-0.0026480093
-0.276	0.724	0	0	0	0.862	0	0	0	1.1209855	0.69959361	-1.546625e-05	3.0672143e-06	2.1154485e-06	3.6870429e-06	-1.7223139e-06	-7.1783746e-07	2.4757996e-06	-2.3400027e-06	3.0940816e-08	5.7192077e-06	3.7882123e-06	-1.6338451e-05	-1.6295424e-05	-0.0026404618
-0.278	0.722	0	0	0	0.861	0	0	0	1.1216987	0.697295	-1.5487037e-05	3.0690429e-06	2.1163861e-06	3.6946302e-06	-1.7523439e-06	-7.2610516e-07	2.4846346e-06	-2.3611597e-06	3.0728769e-08	5.7362174e-06	3.8208389e-06	-1.6374155e-05	-1.6331164e-05	-0.0026324432
-0.28	0.72	0	0	0	0.86	0	0	0	1.1224103	0.69499648	-1.5507919e-05	3.0708925e-06	2.1172735e-06	3.7022723e-06	-1.7823791e-06	-7.3441229e-07	2.493439e-06	-2.3823832e-06	3.0521845e-08	5.7532588e-06	3.853537e-06	-1.6409958e-05	-1.6367012e-05	-0.0026239538
-0.282	0.718	0	0	0	0.859	0	0	0	1.1231205	0.69269807	-1.5528893e-05	3.0727623e-06	2.1181116e-06	3.7099691e-06	-1.8124198e-06	-7.4275822e-07	2.5022128e-06	-2.403672e-06	3.0320246e-08	5.7703309e-06	3.8863069e-06	-1.6445859e-05	-1.6402965e-05	-0.0026149943
-0.284	0.716	0	0	0	0.858	0	0	0	1.1238293	0.6903998	-1.5549957e-05	3.0746518e-06	2.1189014e-06	3.7177207e-06	-1.8424663e-06	-7.5114236e-07	2.510956e-06	-2.4250249e-06	3.0124167e-08	5.7874329e-06	3.9191489e-06	-1.6481854e-05	-1.6439021e-05	-0.0026055662
-0.286	0.714	0	0	0	0.857	0	0	0	1.1245366	0.68810167	-1.5571106e-05	3.0765604e-06	2.1196437e-06	3.725527e-06	-1.8725186e-06	-7.5956416e-07	2.5196685e-06	-2.4464406e-06	2.9933796e-08	5.8045637e-06	3.952063e-06	-1.651794e-05	-1.6475176e-05	-0.0025956708
-0.288	0.712	0	0	0	0.856	0	0	0	1.1252424	0.68580372	-1.5592339e-05	3.0784875e-06	2.1203395e-06	3.733388e-06	-1.9025768e-06	-7.6802309e-07	2.5283503e-06	-2.4679182e-06	2.9749318e-08	5.8217223e-06	3.9850496e-06	-1.6554116e-05	-1.6511428e-05	-0.0025853099
-0.29	0.71	0	0	0	0.855	0	0	0	1.1259467	0.68350596	-1.5613653e-05	3.0804324e-06	2.1209897e-06	3.7413035e-06	-1.9326409e-06	-7.7651869e-07	2.5370013e-06	-2.4894567e-06	2.9570908e-08	5.8389075e-06	4.0181087e-06	-1.6590376e-05	-1.6547774e-05	-0.0025744854
-0.292	0.708	0	0	0	0.854	0	0	0	1.1266496	0.68120841	-1.5635043e-05	3.0823945e-06	2.1215952e-06	3.7492737e-06	-1.9627106e-06	-7.8505058e-07	2.5456216e-06	-2.5110552e-06	2.9398733e-08	5.8561184e-06	4.0512407e-06	-1.662672e-05	-1.6584211e-05	-0.0025631989
-0.294	0.706	0	0	0	0.853	0	0	0	1.127351	0.67891109	-1.5656508e-05	3.0843731e-06	2.122157e-06	3.7572982e-06	-1.9927858e-06	-7.936184e-07	2.5542112e-06	-2.5327129e-06	2.9232955e-08	5.8733535e-06	4.0844456e-06	-1.6663143e-05	-1.6620735e-05	-0.0025514518
-0.296	0.704	0	0	0	0.852	0	0	0	1.128051	0.67661402	-1.5678043e-05	3.0863675e-06	2.1226759e-06	3.7653773e-06	-2.0228662e-06	-8.0222192e-07	2.56277e-06	-2.5544293e-06	2.9073724e-08	5.8906119e-06	4.1177236e-06	-1.6699641e-05	-1.6657344e-05	-0.0025392454
-0.298	0.702	0	0	0	0.851	0	0	0	1.1287495	0.67431723	-1.5699646e-05	3.088377e-06	2.123153e-06	3.7735107e-06	-2.0529511e-06	-8.1086096e-07	2.5712981e-06	-2.5762037e-06	2.8921184e-08	5.907892e-06	4.1510749e-06	-1.6736212e-05	-1.6694034e-05	-0.0025265799
-0.3	0.7	0	0	0	0.85	0	0	0	1.1294466	0.67202073	-1.5721313e-05	3.090401e-06	2.1235889e-06	3.7816985e-06	-2.0830401e-06	-8.1953546e-07	2.5797954e-06	-2.5980359e-06	2.8775466e-08	5.9251927e-06	4.1844997e-06	inf	inf	inf
