lambda	F11	F12	F13	F21	F22	F23	F31	F32	F33	J	P11	P12	P13	P21	P22	P23	P31	P32	P33	p	StrEn	t(1)	t(2)	d
0	1	0	0	0	1	0	0	0	1	1	0	0	0	0	0	0	0	0	0	-0	0	inf	inf	inf
-0.002	0.998	0	0	0	0.99934	0	0	0	1.0016726	0.99900952	-1.4360977e-05	-8.9132924e-08	1.1608104e-07	-8.6383281e-08	-9.2370015e-06	3.188642e-08	1.1962482e-07	-1.1336709e-08	2.4987484e-09	7.8651599e-06	1.7512852e-08	-1.7411265e-05	-1.6965574e-05	-0.026270354
-0.004	0.996	0	0	0	0.99868	0	0	0	1.0033262	0.99799381	-2.6194878e-05	-2.473025e-07	3.2634708e-07	-2.3222253e-07	-1.6664601e-05	3.2190997e-07	3.3035923e-07	-1.3002648e-07	2.4754574e-08	1.4278241e-05	6.7862294e-08	-3.1714539e-05	-3.0315051e-05	-0.046164782
-0.006	0.994	0	0	0	0.99802	0	0	0	1.0049598	0.99695212	-3.2446327e-05	-1.1033311e-07	6.0367232e-07	-7.7030525e-08	-1.8777033e-05	7.8955254e-07	5.9994859e-07	-3.3461416e-07	6.3504406e-08	1.7053285e-05	1.3877306e-07	-3.8694463e-05	-3.8478781e-05	-0.0056052363
-0.008	0.992	0	0	0	0.99736	0	0	0	1.0065836	0.99589485	-3.768962e-05	-3.0907298e-08	8.3350426e-07	1.5750743e-08	-1.9823148e-05	1.1242796e-06	8.4465335e-07	-4.7262777e-07	9.2602872e-08	1.9140055e-05	2.2177742e-07	-4.4306272e-05	-4.4218173e-05	-0.001992362
-0.01	0.99	0	0	0	0.9967	0	0	0	1.0081999	0.99482416	-4.2731027e-05	2.8016472e-08	1.0445566e-06	8.5557574e-08	-2.0646674e-05	1.3928018e-06	1.0735012e-06	-5.778236e-07	1.1713545e-07	2.1086855e-05	3.1564575e-07	-4.9638878e-05	-4.9555758e-05	-0.0016772969
-0.012	0.988	0	0	0	0.99604	0	0	0	1.0098089	0.99374033	-4.767335e-05	7.8890584e-08	1.2466996e-06	1.45896e-07	-2.1366193e-05	1.6246395e-06	1.2945996e-06	-6.6229268e-07	1.3912554e-07	2.2966806e-05	4.2000045e-07	-5.483586e-05	-5.4743888e-05	-0.0016800419
-0.014	0.986	0	0	0	0.99538	0	0	0	1.0114105	0.99264344	-5.2544614e-05	1.2471797e-07	1.4441838e-06	2.002274e-07	-2.2020954e-05	1.8336872e-06	1.5119906e-06	-7.3098774e-07	1.5948742e-07	2.4802027e-05	5.346213e-07	-5.9938949e-05	-5.9835269e-05	-0.0017327593
-0.016	0.984	0	0	0	0.99472	0	0	0	1.0130046	0.99153347	-5.7355169e-05	1.661442e-07	1.6392438e-06	2.4942642e-07	-2.2630038e-05	2.0278512e-06	1.7279323e-06	-7.8622035e-07	1.7872531e-07	2.6602161e-05	6.5934153e-07	-6.4965201e-05	-6.4849128e-05	-0.0017898857
-0.018	0.982	0	0	0	0.99406	0	0	0	1.0145912	0.99041037	-6.2109302e-05	2.0299052e-07	1.8332035e-06	2.9343709e-07	-2.3204257e-05	2.2122693e-06	1.9438162e-06	-8.2906145e-07	1.9715631e-07	2.8372134e-05	7.9401781e-07	-6.9922726e-05	-6.9794173e-05	-0.001841887
-0.02	0.98	0	0	0	0.9934	0	0	0	1.01617	0.98927402	-6.680869e-05	2.3468785e-07	2.0269137e-06	3.3175494e-07	-2.3750052e-05	2.3906317e-06	2.1605665e-06	-8.5988628e-07	2.1500005e-07	3.0114581e-05	9.3851822e-07	-7.4815499e-05	-7.4674572e-05	-0.0018872089
-0.022	0.978	0	0	0	0.99274	0	0	0	1.0177408	0.98812426	-7.1453658e-05	2.6041534e-07	2.2209563e-06	3.6358615e-07	-2.4271249e-05	2.565815e-06	2.3788362e-06	-8.7861683e-07	2.3242106e-07	3.1830829e-05	1.0927161e-06	-7.964523e-05	-7.9492102e-05	-0.0019263272
-0.024	0.976	0	0	0	0.99208	0	0	0	1.0193033	0.98696087	-7.6043693e-05	2.7914052e-07	2.4157535e-06	3.8789703e-07	-2.4769989e-05	2.7402229e-06	2.5991158e-06	-8.8483878e-07	2.4955154e-07	3.3521377e-05	1.2564866e-06	-8.4412204e-05	-8.4247064e-05	-0.0019601845
-0.026	0.974	0	0	0	0.99142	0	0	0	1.020857	0.98578353	-8.0577657e-05	2.8962078e-07	2.6116349e-06	4.0341961e-07	-2.524723e-05	2.915984e-06	2.8218021e-06	-8.7786069e-07	2.6650479e-07	3.5186127e-05	1.4297044e-06	-8.911567e-05	-8.8938706e-05	-0.0019897286
-0.028	0.972	0	0	0	0.99076	0	0	0	1.0224016	0.98459185	-8.5053851e-05	2.9038787e-07	2.8088857e-06	4.0863755e-07	-2.570302e-05	3.095075e-06	3.0472489e-06	-8.5674552e-07	2.8338394e-07	3.6824496e-05	1.6122414e-06	-9.3753999e-05	-9.3565392e-05	-0.0020157779
-0.03	0.97	0	0	0	0.9901	0	0	0	1.0239363	0.98338532	-8.9470003e-05	2.7972554e-07	3.0077882e-06	4.0176354e-07	-2.6136617e-05	3.279396e-06	3.2758126e-06	-8.2033065e-07	3.0028826e-07	3.8435444e-05	1.8039659e-06	-9.8324717e-05	-9.8124642e-05	-0.0020389881
-0.032	0.968	0	0	0	0.98944	0	0	0	1.0254604	0.98216329	-9.3823195e-05	2.5564793e-07	3.2086646e-06	3.8071669e-07	-2.6546521e-05	3.4708114e-06	3.5079004e-06	-7.6724809e-07	3.1731815e-07	4.0017466e-05	2.00474e-06	-0.00010282444	-0.00010261307	-0.0020598485
-0.034	0.966	0	0	0	0.98878	0	0	0	1.0269729	0.98092492	-9.8109736e-05	2.1588883e-07	3.4119273e-06	3.4311035e-07	-2.693043e-05	3.6711587e-06	3.7440286e-06	-6.9595652e-07	3.345795e-07	4.1568529e-05	2.2144182e-06	-0.00010724873	-0.00010702626	-0.0020786767
-0.036	0.964	0	0	0	0.98812	0	0	0	1.0284725	0.97966914	-0.000102325	1.579176e-07	3.6181409e-06	2.8626715e-07	-2.7285137e-05	3.8822173e-06	3.984896e-06	-6.0480001e-07	3.5218773e-07	4.3085982e-05	2.4328451e-06	-0.00011159191	-0.00011135855	-0.0020956012
-0.038	0.962	0	0	0	0.98746	0	0	0	1.0299579	0.97839459	-0.00010646319	7.9008925e-08	3.828099e-06	2.0728971e-07	-2.760637e-05	4.1056251e-06	4.2314768e-06	-4.9211404e-07	3.7027173e-07	4.4566429e-05	2.6598524e-06	-0.00011584677	-0.00011560279	-0.0021105191
-0.04	0.96	0	0	0	0.9868	0	0	0	1.0314269	0.97709956	-0.00011051712	-2.3589382e-08	4.0429143e-06	1.0323339e-07	-2.7888597e-05	4.3427196e-06	4.4851334e-06	-3.5640738e-07	3.8897744e-07	4.600558e-05	2.8952562e-06	-0.00012000424	-0.00011975001	-0.0021230248
-0.042	0.958	0	0	0	0.98614	0	0	0	1.0328771	0.97578189	-0.00011447791	-1.523227e-07	4.2641113e-06	-2.8547449e-08	-2.8124802e-05	4.5942734e-06	4.7477368e-06	-1.966562e-07	4.0847055e-07	4.739808e-05	3.1388524e-06	-0.00012405307	-0.00012378912	-0.0021323009
-0.044	0.956	0	0	0	0.98548	0	0	0	1.0343057	0.97443891	-0.00011833477	-3.0873797e-07	4.4936903e-06	-1.8978247e-07	-2.8306289e-05	4.8600971e-06	5.0217644e-06	-1.2748886e-08	4.2893727e-07	4.8737373e-05	3.3904127e-06	-0.0001279795	-0.00012770659	-0.0021369802
-0.046	0.954	0	0	0	0.98482	0	0	0	1.0357089	0.9730674	-0.00012207488	-4.9253751e-07	4.7341074e-06	-3.8029459e-07	-2.8422605e-05	5.1384955e-06	5.3103087e-06	1.9389776e-07	4.5058085e-07	5.0015634e-05	3.6496788e-06	-0.00013176713	-0.0001314864	-0.0021350163
-0.048	0.952	0	0	0	0.98416	0	0	0	1.0370825	0.97166365	-0.00012568364	-7.0024726e-07	4.9880836e-06	-5.9659957e-07	-2.8461723e-05	5.4256292e-06	5.6168936e-06	4.1959094e-07	4.736105e-07	5.1223917e-05	3.9163583e-06	-0.00013539724	-0.00013511031	-0.0021236599
-0.05	0.95	0	0	0	0.9835	0	0	0	1.0384219	0.97022355	-0.00012914541	-9.2368841e-07	5.2581591e-06	-8.3028926e-07	-2.8410721e-05	5.7149509e-06	5.9449855e-06	6.5765556e-07	4.9821843e-07	5.2352639e-05	4.19012e-06	-0.00013884978	-0.00013855884	-0.0020997304
-0.052	0.948	0	0	0	0.98284	0	0	0	1.0397225	0.96874307	-0.00013244514	-1.1488832e-06	5.5459932e-06	-1.0668537e-06	-2.8257176e-05	5.9970724e-06	6.2971668e-06	8.9814323e-07	5.2454149e-07	5.3392593e-05	4.4705936e-06	-0.0001421055	-0.0001418133	-0.0020604375
-0.054	0.946	0	0	0	0.98218	0	0	0	1.0409803	0.96721877	-0.00013557082	-1.3565374e-06	5.8516062e-06	-1.2861386e-06	-2.7991359e-05	6.2605351e-06	6.6741568e-06	1.1284889e-06	5.5261041e-07	5.4336523e-05	4.7573733e-06	-0.00014514922	-0.00014485879	-0.0020048998
-0.056	0.944	0	0	0	0.98152	0	0	0	1.0421926	0.96564863	-0.00013851645	-1.5251928e-06	6.1729608e-06	-1.4655971e-06	-2.7608884e-05	6.4937684e-06	7.074139e-06	1.3354787e-06	5.8230303e-07	5.5181009e-05	5.0500288e-06	-0.00014797368	-0.00014768777	-0.0019359667
-0.058	0.942	0	0	0	0.98086	0	0	0	1.0433591	0.96403267	-0.00014128428	-1.6367214e-06	6.5062384e-06	-1.5860167e-06	-2.7112805e-05	6.6877839e-06	7.4928796e-06	1.5081415e-06	6.13332e-07	5.5927919e-05	5.3481243e-06	-0.00015058252	-0.00015030281	-0.0018609753
-0.06	0.94	0	0	0	0.9802	0	0	0	1.0444818	0.96237303	-0.00014388493	-1.6815368e-06	6.8467423e-06	-1.6370048e-06	-2.6513883e-05	6.8383061e-06	7.9246983e-06	1.6402228e-06	6.4529031e-07	5.6584508e-05	5.6512401e-06	-0.00015299028	-0.00015271693	-0.0017898964
-0.062	0.938	0	0	0	0.97954	0	0	0	1.0455644	0.9606735	-0.00014633484	-1.6603407e-06	7.1899064e-06	-1.6188888e-06	-2.5828583e-05	6.9461169e-06	8.3637485e-06	1.7308613e-06	6.7774084e-07	5.7161893e-05	5.958992e-06	-0.0001552191	-0.00015495081	-0.0017314424
-0.064	0.936	0	0	0	0.97888	0	0	0	1.0466114	0.95893856	-0.00014865247	-1.5817613e-06	7.5318905e-06	-1.5403246e-06	-2.5075834e-05	7.0156488e-06	8.8049233e-06	1.7833496e-06	7.1030268e-07	5.7672667e-05	6.2710433e-06	-0.00015729382	-0.00015702843	-0.0016901104
-0.066	0.934	0	0	0	0.97822	0	0	0	1.0476274	0.95717258	-0.00015085506	-1.458136e-06	7.8696541e-06	-1.413931e-06	-2.427416e-05	7.0529658e-06	9.2441227e-06	1.8030962e-06	7.4269624e-07	5.812884e-05	6.5871058e-06	-0.00015923772	-0.00015897285	-0.001666106
-0.068	0.932	0	0	0	0.97756	0	0	0	1.048616	0.95537926	-0.00015295678	-1.3019581e-06	8.2007216e-06	-1.2525797e-06	-2.3440087e-05	7.0641851e-06	9.6780591e-06	1.7959234e-06	7.7474493e-07	5.8540708e-05	6.9069347e-06	-0.00016107025	-0.00016080377	-0.0016571975
-0.07	0.93	0	0	0	0.9769	0	0	0	1.0495802	0.95356146	-0.00015496827	-1.123958e-06	8.5228704e-06	-1.0673736e-06	-2.2587755e-05	7.0546653e-06	1.0103891e-05	1.7671184e-06	8.0635289e-07	5.8916557e-05	7.2303208e-06	-0.00016280647	-0.00016253655	-0.0016606696
-0.072	0.928	0	0	0	0.97624	0	0	0	1.0505221	0.95172122	-0.0001568967	-9.3254775e-07	8.8338493e-06	-8.670431e-07	-2.17293e-05	7.0287854e-06	1.0518855e-05	1.7211078e-06	8.3747682e-07	5.9262842e-05	7.5570809e-06	-0.00016445732	-0.00016418239	-0.0016745602
-0.074	0.926	0	0	0	0.97558	0	0	0	1.0514427	0.94985976	-0.00015874602	-7.3402475e-07	9.1311269e-06	-6.5813926e-07	-2.0875673e-05	6.9900462e-06	1.0919918e-05	1.6614888e-06	8.6810075e-07	5.958453e-05	7.8870504e-06	-0.00016603004	-0.00016574854	-0.0016983072
-0.076	0.924	0	0	0	0.97492	0	0	0	1.0523423	0.94797742	-0.00016051678	-5.3309649e-07	9.4116031e-06	-4.4556768e-07	-2.0037841e-05	6.9413145e-06	1.1303393e-05	1.5912325e-06	8.9821439e-07	5.9885469e-05	8.2200751e-06	-0.00016752835	-0.0001672385	-0.0017331838
-0.078	0.922	0	0	0	0.97426	0	0	0	1.0532199	0.94607347	-0.00016220517	-3.3353444e-07	9.6711718e-06	-2.3326423e-07	-1.922872e-05	6.8851534e-06	1.1664375e-05	1.5129892e-06	9.2779187e-07	6.0168699e-05	8.5560044e-06	-0.00016895196	-0.00016865132	-0.0017826557
-0.08	0.92	0	0	0	0.9736	0	0	0	1.0540725	0.94414542	-0.00016380034	-1.3896651e-07	9.9039769e-06	-2.5026388e-08	-1.8466627e-05	6.8242891e-06	1.19958e-05	1.4295384e-06	9.5676497e-07	6.0436735e-05	8.8946804e-06	-0.00017029468	-0.00016997992	-0.0018517227
-0.082	0.918	0	0	0	0.97294	0	0	0	1.0548937	0.94218771	-0.00016527905	4.6068522e-08	1.0101338e-05	1.7435396e-07	-1.7781457e-05	6.7623382e-06	1.2287058e-05	1.3445118e-06	9.8498567e-07	6.069184e-05	9.235924e-06	-0.00017154071	-0.00017120848	-0.0019405185
-0.084	0.916	0	0	0	0.97228	0	0	0	1.0556717	0.94019015	-0.00016659912	2.1500015e-07	1.0251527e-05	3.5782539e-07	-1.7221823e-05	6.7046911e-06	1.2523517e-05	1.2633041e-06	1.0121957e-06	6.0936249e-05	9.5795143e-06	-0.00017266137	-0.00017231273	-0.0020233334
-0.086	0.914	0	0	0	0.97162	0	0	0	1.0563916	0.93813988	-0.00016770757	3.5998051e-07	1.0344816e-05	5.1672545e-07	-1.6846817e-05	6.6580201e-06	1.269235e-05	1.1926624e-06	1.0380996e-06	6.1172094e-05	9.925175e-06	-0.000173624	-0.00017327115	-0.0020364371
-0.088	0.912	0	0	0	0.97096	0	0	0	1.0570472	0.93603172	-0.00016858296	4.7698682e-07	1.0384662e-05	6.4619885e-07	-1.6682005e-05	6.6261607e-06	1.2796233e-05	1.1365913e-06	1.0626086e-06	6.1400786e-05	1.0272599e-05	-0.0001744218	-0.00017408265	-0.0019481935
-0.09	0.91	0	0	0	0.9703	0	0	0	1.0576481	0.93387471	-0.00016926201	5.6921017e-07	1.0387945e-05	7.4915567e-07	-1.6692184e-05	6.6070378e-06	1.2854483e-05	1.0931223e-06	1.0859299e-06	6.1622756e-05	1.0621506e-05	-0.00017508613	-0.00017476951	-0.0018116046
-0.092	0.908	0	0	0	0.96964	0	0	0	1.0582101	0.9316832	-0.00016980329	6.4287079e-07	1.0371442e-05	8.3204123e-07	-1.6819515e-05	6.5959434e-06	1.2887065e-05	1.0575143e-06	1.10834e-06	6.1838155e-05	1.0971677e-05	-0.00017565786	-0.00017536259	-0.0016837777
-0.094	0.906	0	0	0	0.96898	0	0	0	1.0587457	0.92946849	-0.00017025273	7.0308753e-07	1.0345314e-05	9.0031735e-07	-1.7019279e-05	6.5890756e-06	1.2906365e-05	1.0258816e-06	1.1300321e-06	6.2047326e-05	1.1322956e-05	-0.00017616654	-0.00017588826	-0.0015821365
-0.096	0.904	0	0	0	0.96832	0	0	0	1.059263	0.92723778	-0.00017063943	7.5325745e-07	1.0314674e-05	9.5766215e-07	-1.7264043e-05	6.5841295e-06	1.2918769e-05	9.9585421e-07	1.1511199e-06	6.2250785e-05	1.167523e-05	-0.0001766304	-0.00017636509	-0.0015043111
-0.098	0.902	0	0	0	0.96766	0	0	0	1.0597667	0.92499549	-0.00017098119	7.9560053e-07	1.0281999e-05	1.0064971e-06	-1.7537764e-05	6.5798257e-06	1.2927467e-05	9.6611875e-07	1.1716723e-06	6.2449094e-05	1.2028416e-05	-0.00017706076	-0.00017680539	-0.0014443779
-0.1	0.9	0	0	0	0.967	0	0	0	1.0602602	0.92274445	-0.00017128923	8.3163914e-07	1.0248507e-05	1.0484869e-06	-1.7830888e-05	6.575472e-06	1.2934094e-05	9.3597368e-07	1.1917354e-06	6.2642795e-05	1.2382452e-05	-0.000177465	-0.00017721736	-0.0013973805
-0.102	0.898	0	0	0	0.96634	0	0	0	1.0607454	0.92048655	-0.00017157098	8.6247843e-07	1.0214814e-05	1.0848398e-06	-1.8137502e-05	6.5707012e-06	1.293953e-05	9.050584e-07	1.2113437e-06	6.283238e-05	1.2737286e-05	-0.00017784816	-0.00017760665	-0.0013597849
-0.104	0.896	0	0	0	0.96568	0	0	0	1.0612238	0.9182231	-0.00017183157	8.8895985e-07	1.0181239e-05	1.1164736e-06	-1.8453794e-05	6.5653271e-06	1.2944267e-05	8.7320293e-07	1.2305248e-06	6.3018279e-05	1.3092878e-05	-0.00017821388	-0.00017797733	-0.0013291451
-0.106	0.894	0	0	0	0.96502	0	0	0	1.0616964	0.91595509	-0.00017207471	9.1174735e-07	1.0147947e-05	1.1441109e-06	-1.8777208e-05	6.5592659e-06	1.2948596e-05	8.4034489e-07	1.2493026e-06	6.3200871e-05	1.3449195e-05	-0.00017856487	-0.00017833237	-0.0013037565
-0.108	0.892	0	0	0	0.96436	0	0	0	1.0621641	0.91368324	-0.00017230316	9.3137838e-07	1.0115026e-05	1.1683351e-06	-1.9105971e-05	6.5524922e-06	1.2952695e-05	8.0648284e-07	1.2676979e-06	6.3380479e-05	1.3806208e-05	-0.00017890321	-0.00017867408	-0.001282408
-0.11	0.89	0	0	0	0.9637	0	0	0	1.0626275	0.91140814	-0.00017251907	9.4829597e-07	1.0082516e-05	1.189626e-06	-1.9438816e-05	6.5450136e-06	1.2956675e-05	7.7164943e-07	1.2857296e-06	6.3557385e-05	1.4163891e-05	-0.00017923053	-0.00017900423	-0.0012642215
-0.112	0.888	0	0	0	0.96304	0	0	0	1.063087	0.90913024	-0.0001727241	9.6287014e-07	1.0050433e-05	1.2083836e-06	-1.9774811e-05	6.5368566e-06	1.2960612e-05	7.3589552e-07	1.3034148e-06	6.3731832e-05	1.4522225e-05	-0.00017954816	-0.00017932426	-0.0012485463
-0.114	0.886	0	0	0	0.96238	0	0	0	1.0635431	0.90684992	-0.0001729196	9.7541296e-07	1.0018779e-05	1.2249446e-06	-2.0113256e-05	6.5280569e-06	1.2964554e-05	6.9928083e-07	1.3207694e-06	6.390403e-05	1.4881188e-05	-0.00017985717	-0.00017963534	-0.0012348913
-0.116	0.884	0	0	0	0.96172	0	0	0	1.0639962	0.90456749	-0.00017310668	9.861896e-07	9.9875507e-06	1.2395948e-06	-2.045361e-05	6.5186546e-06	1.2968536e-05	6.6186827e-07	1.337808e-06	6.4074161e-05	1.5240766e-05	-0.00018015846	-0.00017993842	-0.0012228793
-0.118	0.882	0	0	0	0.96106	0	0	0	1.0644464	0.9022832	-0.00017328625	9.9542664e-07	9.9567362e-06	1.2525783e-06	-2.0795453e-05	6.5086913e-06	1.297258e-05	6.2372056e-07	1.3545441e-06	6.4242385e-05	1.5600942e-05	-0.00018045279	-0.0001802343	-0.0012122162
-0.12	0.88	0	0	0	0.9604	0	0	0	1.064894	0.8999973	-0.00017345906	1.0033187e-06	9.9263233e-06	1.2641043e-06	-2.1138449e-05	6.4982075e-06	1.2976703e-05	5.8489826e-07	1.3709904e-06	6.4408838e-05	1.5961703e-05	-0.00018074078	-0.00018052367	-0.0012026694
-0.122	0.878	0	0	0	0.95974	0	0	0	1.0653393	0.89770995	-0.00017362576	1.0100335e-06	9.896298e-06	1.2743534e-06	-2.1482326e-05	6.4872421e-06	1.2980916e-05	5.4545871e-07	1.3871587e-06	6.4573643e-05	1.6323037e-05	-0.00018102298	-0.00018080709	-0.0011940527
-0.124	0.876	0	0	0	0.95908	0	0	0	1.0657823	0.89542134	-0.00017378692	1.0157163e-06	9.8666458e-06	1.2834816e-06	-2.1826862e-05	6.4758316e-06	1.2985227e-05	5.0545543e-07	1.4030599e-06	6.4736906e-05	1.6684932e-05	-0.00018129987	-0.00018108506	-0.0011862158
-0.126	0.874	0	0	0	0.95842	0	0	0	1.0662233	0.89313161	-0.00017394299	1.020493e-06	9.8373522e-06	1.2916243e-06	-2.2171872e-05	6.4640099e-06	1.2989641e-05	4.6493795e-07	1.4187043e-06	6.4898719e-05	1.7047377e-05	-0.00018157184	-0.00018135801	-0.0011790357
-0.128	0.872	0	0	0	0.95776	0	0	0	1.0666623	0.89084089	-0.0001740944	1.0244732e-06	9.8084028e-06	1.2988994e-06	-2.2517201e-05	6.451808e-06	1.2994161e-05	4.2395176e-07	1.4341016e-06	6.5059166e-05	1.7410364e-05	-0.00018183925	-0.00018162631	-0.0011724112
-0.13	0.87	0	0	0	0.9571	0	0	0	1.0670996	0.88854928	-0.0001742415	1.0277525e-06	9.7797834e-06	1.3054096e-06	-2.2862719e-05	6.4392543e-06	1.2998787e-05	3.825385e-07	1.4492608e-06	6.521832e-05	1.7773882e-05	-0.00018210242	-0.00018189029	-0.0011662584
-0.132	0.868	0	0	0	0.95644	0	0	0	1.0675351	0.8862569	-0.00017438461	1.0304145e-06	9.7514804e-06	1.3112448e-06	-2.3208313e-05	6.4263748e-06	1.3003522e-05	3.4073612e-07	1.4641906e-06	6.5376245e-05	1.8137925e-05	-0.00018236162	-0.00018215023	-0.0011605071
-0.134	0.866	0	0	0	0.95578	0	0	0	1.067969	0.88396383	-0.00017452401	1.0325326e-06	9.7234807e-06	1.3164839e-06	-2.3553887e-05	6.4131928e-06	1.3008363e-05	2.9857911e-07	1.4788988e-06	6.5532999e-05	1.8502483e-05	-0.00018261708	-0.00018240639	-0.0011550984
-0.136	0.864	0	0	0	0.95512	0	0	0	1.0684014	0.88167015	-0.00017465994	1.0341709e-06	9.6957716e-06	1.321196e-06	-2.3899358e-05	6.3997297e-06	1.301331e-05	2.5609881e-07	1.4933932e-06	6.5688635e-05	1.886755e-05	-0.00018286904	-0.00018265898	-0.0011499823
-0.138	0.862	0	0	0	0.95446	0	0	0	1.0688323	0.87937595	-0.00017479262	1.0353861e-06	9.6683411e-06	1.3254421e-06	-2.4244653e-05	6.3860047e-06	1.3018362e-05	2.133236e-07	1.5076807e-06	6.5843198e-05	1.9233119e-05	-0.00018311767	-0.00018290822	-0.0011451165
-0.14	0.86	0	0	0	0.9538	0	0	0	1.0692618	0.87708127	-0.00017492225	1.0362279e-06	9.6411775e-06	1.3292757e-06	-2.4589707e-05	6.3720351e-06	1.3023516e-05	1.702792e-07	1.5217682e-06	6.599673e-05	1.9599183e-05	-0.00018336315	-0.00018315427	-0.001140465
-0.142	0.858	0	0	0	0.95314	0	0	0	1.06969	0.8747862	-0.00017504901	1.0367403e-06	9.6142698e-06	1.3327445e-06	-2.4934463e-05	6.3578365e-06	1.302877e-05	1.269889e-07	1.5356621e-06	6.6149269e-05	1.9965736e-05	-0.00018360564	-0.0001833973	-0.0011359967
-0.144	0.856	0	0	0	0.95248	0	0	0	1.0701169	0.87249078	-0.00017517304	1.0369621e-06	9.5876074e-06	1.3358901e-06	-2.5278872e-05	6.3434232e-06	1.3034121e-05	8.3473769e-08	1.5493683e-06	6.6300849e-05	2.0332772e-05	-0.00018384528	-0.00018363746	-0.001131685
-0.146	0.854	0	0	0	0.95182	0	0	0	1.0705425	0.87019507	-0.0001752945	1.0369278e-06	9.5611803e-06	1.3387498e-06	-2.5622888e-05	6.3288079e-06	1.3039568e-05	3.9752879e-08	1.5628927e-06	6.6451499e-05	2.0700286e-05	-0.00018408219	-0.00018387487	-0.0011275069
-0.148	0.852	0	0	0	0.95116	0	0	0	1.0709669	0.86789911	-0.00017541352	1.0366676e-06	9.5349787e-06	1.3413566e-06	-2.5966472e-05	6.3140021e-06	1.3045105e-05	-4.1565094e-09	1.5762406e-06	6.6601249e-05	2.1068272e-05	-0.0001843165	-0.00018410966	-0.0011234426
-0.15	0.85	0	0	0	0.9505	0	0	0	1.0713902	0.86560294	-0.0001755302	1.0362088e-06	9.5089935e-06	1.3437395e-06	-2.6309587e-05	6.2990163e-06	1.3050732e-05	-4.8238768e-08	1.5894173e-06	6.6750123e-05	2.1436725e-05	-0.00018454829	-0.00018434193	-0.0011194749
-0.152	0.848	0	0	0	0.94984	0	0	0	1.0718124	0.86330662	-0.00017564466	1.0355751e-06	9.4832159e-06	1.3459247e-06	-2.6652201e-05	6.2838599e-06	1.3056446e-05	-9.2479744e-08	1.6024277e-06	6.6898145e-05	2.180564e-05	-0.00018477768	-0.00018457178	-0.0011155886
-0.154	0.846	0	0	0	0.94918	0	0	0	1.0722334	0.86101017	-0.000175757	1.034788e-06	9.4576376e-06	1.3479352e-06	-2.6994284e-05	6.2685415e-06	1.3062242e-05	-1.3686661e-07	1.6152764e-06	6.7045336e-05	2.2175012e-05	-0.00018500475	-0.00018479929	-0.0011117708
-0.156	0.844	0	0	0	0.94852	0	0	0	1.0726534	0.85871364	-0.0001758673	1.0338664e-06	9.4322506e-06	1.3497917e-06	-2.7335811e-05	6.2530688e-06	1.3068118e-05	-1.8138775e-07	1.6279679e-06	6.7191715e-05	2.2544837e-05	-0.00018522957	-0.00018502456	-0.0011080101
-0.158	0.842	0	0	0	0.94786	0	0	0	1.0730724	0.85641705	-0.00017597565	1.0328271e-06	9.4070472e-06	1.3515125e-06	-2.7676756e-05	6.237449e-06	1.3074072e-05	-2.260326e-07	1.6405064e-06	6.73373e-05	2.291511e-05	-0.00018545222	-0.00018524766	-0.0011042965
-0.16	0.84	0	0	0	0.9472	0	0	0	1.0734903	0.85412044	-0.00017608212	1.0316852e-06	9.3820203e-06	1.353114e-06	-2.8017098e-05	6.2216885e-06	1.30801e-05	-2.7079159e-07	1.6528961e-06	6.7482108e-05	2.3285827e-05	-0.00018567278	-0.00018546865	-0.0011006212
-0.162	0.838	0	0	0	0.94654	0	0	0	1.0739073	0.85182384	-0.00017618679	1.0304541e-06	9.3571628e-06	1.3546109e-06	-2.8356817e-05	6.2057932e-06	1.30862e-05	-3.1565602e-07	1.6651408e-06	6.7626154e-05	2.3656985e-05	-0.0001858913	-0.0001856876	-0.0010969766
-0.164	0.836	0	0	0	0.94588	0	0	0	1.0743233	0.84952728	-0.00017628971	1.0291458e-06	9.3324681e-06	1.3560162e-06	-2.8695895e-05	6.1897684e-06	1.3092369e-05	-3.6061798e-07	1.6772442e-06	6.7769452e-05	2.4028578e-05	-0.00018610784	-0.00018590458	-0.001093356
-0.166	0.834	0	0	0	0.94522	0	0	0	1.0747384	0.84723078	-0.00017639094	1.0277708e-06	9.3079299e-06	1.3573417e-06	-2.9034314e-05	6.1736191e-06	1.3098604e-05	-4.0567024e-07	1.6892098e-06	6.7912016e-05	2.4400603e-05	-0.00018632245	-0.00018611963	-0.0010897535
-0.168	0.832	0	0	0	0.94456	0	0	0	1.0751526	0.84493436	-0.00017649055	1.0263388e-06	9.2835421e-06	1.3585979e-06	-2.9372059e-05	6.1573498e-06	1.3104903e-05	-4.5080625e-07	1.7010411e-06	6.8053857e-05	2.4773056e-05	-0.00018653519	-0.00018633281	-0.0010861639
-0.17	0.83	0	0	0	0.9439	0	0	0	1.0755658	0.84263805	-0.00017658859	1.0248582e-06	9.2592989e-06	1.359794e-06	-2.9709117e-05	6.1409647e-06	1.3111262e-05	-4.9602001e-07	1.7127413e-06	6.8194987e-05	2.5145934e-05	-0.00018674611	-0.00018654416	-0.0010825826
-0.172	0.828	0	0	0	0.94324	0	0	0	1.0759782	0.84034188	-0.00017668509	1.0233366e-06	9.2351949e-06	1.3609385e-06	-3.0045475e-05	6.1244677e-06	1.311768e-05	-5.4130604e-07	1.7243135e-06	6.8335417e-05	2.5519233e-05	-0.00018695524	-0.00018675373	-0.0010790058
-0.174	0.826	0	0	0	0.94258	0	0	0	1.0763897	0.83804587	-0.00017678011	1.0217807e-06	9.2112247e-06	1.3620389e-06	-3.038112e-05	6.1078624e-06	1.3124154e-05	-5.8665932e-07	1.7357608e-06	6.8475156e-05	2.5892949e-05	-0.00018716263	-0.00018696157	-0.0010754299
-0.176	0.824	0	0	0	0.94192	0	0	0	1.0768003	0.83575003	-0.00017687369	1.0201967e-06	9.1873832e-06	1.3631019e-06	-3.0716041e-05	6.0911521e-06	1.3130682e-05	-6.3207528e-07	1.747086e-06	6.8614214e-05	2.6267079e-05	-0.00018736832	-0.0001871677	-0.0010718518
-0.178	0.822	0	0	0	0.94126	0	0	0	1.0772101	0.83345438	-0.00017696586	1.0185898e-06	9.1636657e-06	1.3641335e-06	-3.1050229e-05	6.07434e-06	1.3137261e-05	-6.7754968e-07	1.7582918e-06	6.87526e-05	2.664162e-05	-0.00018757234	-0.00018737217	-0.0010682689
-0.18	0.82	0	0	0	0.9406	0	0	0	1.077619	0.83115895	-0.00017705667	1.016965e-06	9.1400674e-06	1.3651392e-06	-3.1383675e-05	6.057429e-06	1.3143889e-05	-7.2307865e-07	1.769381e-06	6.8890322e-05	2.7016568e-05	-0.00018777472	-0.00018757501	-0.0010646788
-0.182	0.818	0	0	0	0.93994	0	0	0	1.0780272	0.82886375	-0.00017714615	1.0153264e-06	9.1165839e-06	1.3661237e-06	-3.171637e-05	6.0404218e-06	1.3150564e-05	-7.6865862e-07	1.780356e-06	6.9027388e-05	2.739192e-05	-0.00018797551	-0.00018777626	-0.0010610795
-0.184	0.816	0	0	0	0.93928	0	0	0	1.0784345	0.82656881	-0.00017723433	1.013678e-06	9.093211e-06	1.3670913e-06	-3.2048305e-05	6.0233211e-06	1.3157285e-05	-8.1428631e-07	1.7912194e-06	6.9163805e-05	2.7767673e-05	-0.00018817472	-0.00018797594	-0.0010574692
-0.186	0.814	0	0	0	0.93862	0	0	0	1.078841	0.82427413	-0.00017732124	1.012023e-06	9.0699445e-06	1.368046e-06	-3.2379475e-05	6.0061292e-06	1.3164048e-05	-8.5995866e-07	1.8019735e-06	6.9299581e-05	2.8143824e-05	-0.00018837239	-0.00018817408	-0.0010538463
-0.188	0.812	0	0	0	0.93796	0	0	0	1.0792468	0.82197973	-0.00017740691	1.0103646e-06	9.0467806e-06	1.3689912e-06	-3.2709872e-05	5.9888486e-06	1.3170852e-05	-9.0567285e-07	1.8126206e-06	6.9434722e-05	2.8520369e-05	-0.00018856854	-0.00018837071	-0.0010502096
-0.19	0.81	0	0	0	0.9373	0	0	0	1.0796517	0.81968564	-0.00017749137	1.0087054e-06	9.0237154e-06	1.3699299e-06	-3.303949e-05	5.9714816e-06	1.3177695e-05	-9.5142627e-07	1.8231629e-06	6.9569234e-05	2.8897307e-05	-0.00018876321	-0.00018856586	-0.0010465579
-0.192	0.808	0	0	0	0.93664	0	0	0	1.0800559	0.81739186	-0.00017757465	1.0070477e-06	9.0007454e-06	1.3708649e-06	-3.3368325e-05	5.9540301e-06	1.3184575e-05	-9.9721647e-07	1.8336026e-06	6.9703124e-05	2.9274633e-05	-0.00018895641	-0.00018875955	-0.0010428902
-0.194	0.806	0	0	0	0.93598	0	0	0	1.0804594	0.8150984	-0.00017765677	1.0053937e-06	8.9778672e-06	1.3717987e-06	-3.3696369e-05	5.9364963e-06	1.3191491e-05	-1.0430412e-06	1.8439416e-06	6.9836398e-05	2.9652345e-05	-0.00018914816	-0.0001889518	-0.0010392056
-0.196	0.804	0	0	0	0.93532	0	0	0	1.080862	0.8128053	-0.00017773774	1.0037452e-06	8.9550773e-06	1.3727334e-06	-3.402362e-05	5.9188822e-06	1.319844e-05	-1.0888983e-06	1.854182e-06	6.9969061e-05	3.003044e-05	-0.0001893385	-0.00018914264	-0.0010355036
-0.198	0.802	0	0	0	0.93466	0	0	0	1.0812639	0.81051255	-0.00017781761	1.0021039e-06	8.9323726e-06	1.3736711e-06	-3.4350072e-05	5.9011896e-06	1.3205422e-05	-1.1347858e-06	1.8643257e-06	7.0101118e-05	3.0408915e-05	-0.00018952744	-0.00018933209	-0.0010317835
-0.2	0.8	0	0	0	0.934	0	0	0	1.0816651	0.80822017	-0.00017789638	1.0004711e-06	8.90975e-06	1.3746133e-06	-3.4675722e-05	5.8834204e-06	1.3212434e-05	-1.1807018e-06	1.8743744e-06	7.0232575e-05	3.0787768e-05	-0.000189715	-0.00018952016	-0.0010280449
-0.202	0.798	0	0	0	0.93334	0	0	0	1.0820656	0.80592818	-0.00017797407	9.9884809e-07	8.8872065e-06	1.3755616e-06	-3.5000567e-05	5.8655764e-06	1.3219475e-05	-1.2266446e-06	1.8843301e-06	7.0363437e-05	3.1166996e-05	-0.0001899012	-0.00018970688	-0.0010242874
-0.204	0.796	0	0	0	0.93268	0	0	0	1.0824653	0.80363659	-0.00017805072	9.9723601e-07	8.8647394e-06	1.3765174e-06	-3.5324602e-05	5.8476594e-06	1.3226544e-05	-1.2726124e-06	1.8941945e-06	7.0493708e-05	3.1546596e-05	-0.00019008606	-0.00018989227	-0.0010205106
-0.206	0.794	0	0	0	0.93202	0	0	0	1.0828643	0.80134541	-0.00017812632	9.9563576e-07	8.8423458e-06	1.3774818e-06	-3.5647825e-05	5.8296711e-06	1.3233639e-05	-1.3186038e-06	1.9039691e-06	7.0623392e-05	3.1926565e-05	-0.00019026959	-0.00019007634	-0.0010167145
-0.208	0.792	0	0	0	0.93136	0	0	0	1.0832625	0.79905465	-0.00017820091	9.9404814e-07	8.8200232e-06	1.378456e-06	-3.5970233e-05	5.8116131e-06	1.3240759e-05	-1.3646171e-06	1.9136557e-06	7.0752496e-05	3.2306901e-05	-0.00019045182	-0.00019025911	-0.0010128988
-0.21	0.79	0	0	0	0.9307	0	0	0	1.0836601	0.79676432	-0.0001782745	9.9247385e-07	8.7977689e-06	1.3794407e-06	-3.6291824e-05	5.793487e-06	1.3247901e-05	-1.4106511e-06	1.9232559e-06	7.0881022e-05	3.2687601e-05	-0.00019063276	-0.00019044059	-0.0010090635
-0.212	0.788	0	0	0	0.93004	0	0	0	1.0840569	0.79447445	-0.0001783471	9.9091345e-07	8.7755807e-06	1.3804367e-06	-3.6612596e-05	5.7752945e-06	1.3255067e-05	-1.4567042e-06	1.932771e-06	7.1008974e-05	3.3068664e-05	-0.00019081242	-0.00019062081	-0.0010052085
-0.214	0.786	0	0	0	0.92938	0	0	0	1.0844531	0.79218503	-0.00017841873	9.8936744e-07	8.753456e-06	1.3814449e-06	-3.6932547e-05	5.7570372e-06	1.3262252e-05	-1.5027753e-06	1.9422027e-06	7.1136358e-05	3.3450085e-05	-0.00019099083	-0.00019079977	-0.0010013339
-0.216	0.784	0	0	0	0.92872	0	0	0	1.0848485	0.78989608	-0.00017848941	9.8783621e-07	8.7313927e-06	1.3824657e-06	-3.7251674e-05	5.7387166e-06	1.3269458e-05	-1.548863e-06	1.9515523e-06	7.1263177e-05	3.3831863e-05	-0.00019116799	-0.0001909775	-0.0009974397
-0.218	0.782	0	0	0	0.92806	0	0	0	1.0852433	0.78760761	-0.00017855915	9.8632008e-07	8.7093886e-06	1.3834996e-06	-3.7569977e-05	5.7203342e-06	1.3276682e-05	-1.5949662e-06	1.9608213e-06	7.1389434e-05	3.4213995e-05	-0.00019134392	-0.000191154	-0.00099352603
-0.22	0.78	0	0	0	0.9274	0	0	0	1.0856373	0.78531964	-0.00017862796	9.848193e-07	8.6874415e-06	1.3845471e-06	-3.7887455e-05	5.7018915e-06	1.3283924e-05	-1.6410836e-06	1.970011e-06	7.1515134e-05	3.4596479e-05	-0.00019151863	-0.00019132929	-0.000989593
-0.222	0.778	0	0	0	0.92674	0	0	0	1.0860307	0.78303217	-0.00017869586	9.8333405e-07	8.6655494e-06	1.3856085e-06	-3.8204105e-05	5.6833901e-06	1.3291181e-05	-1.6872142e-06	1.9791227e-06	7.164028e-05	3.4979312e-05	-0.00019169214	-0.00019150339	-0.0009856408
-0.224	0.776	0	0	0	0.92608	0	0	0	1.0864234	0.78074521	-0.00017876286	9.8186448e-07	8.6437103e-06	1.3866841e-06	-3.8519927e-05	5.6648313e-06	1.3298454e-05	-1.7333569e-06	1.9881576e-06	7.1764876e-05	3.5362492e-05	-0.00019186446	-0.0001916763	-0.0009816696
-0.226	0.774	0	0	0	0.92542	0	0	0	1.0868154	0.77845878	-0.00017882897	9.8041065e-07	8.6219224e-06	1.3877741e-06	-3.883492e-05	5.6462168e-06	1.3305741e-05	-1.7795106e-06	1.9971171e-06	7.1888924e-05	3.5746017e-05	-0.0001920356	-0.00019184803	-0.00097767961
-0.228	0.772	0	0	0	0.92476	0	0	0	1.0872067	0.77617288	-0.00017889421	9.7897262e-07	8.6001838e-06	1.3888788e-06	-3.9149084e-05	5.6275479e-06	1.3313042e-05	-1.8256743e-06	2.0060023e-06	7.2012429e-05	3.6129884e-05	-0.00019220557	-0.00019201861	-0.00097367108
-0.23	0.77	0	0	0	0.9241	0	0	0	1.0875974	0.77388752	-0.00017895858	9.7755037e-07	8.5784928e-06	1.3899982e-06	-3.9462418e-05	5.608826e-06	1.3320355e-05	-1.871847e-06	2.0148144e-06	7.2135394e-05	3.6514091e-05	-0.00019237439	-0.00019218804	-0.00096964425
-0.232	0.768	0	0	0	0.92344	0	0	0	1.0879874	0.77160272	-0.0001790221	9.7614387e-07	8.5568476e-06	1.3911325e-06	-3.9774922e-05	5.5900525e-06	1.3327679e-05	-1.9180277e-06	2.0235545e-06	7.2257822e-05	3.6898636e-05	-0.00019254206	-0.00019235632	-0.00096559939
-0.234	0.766	0	0	0	0.92278	0	0	0	1.0883767	0.76931849	-0.00017908478	9.7475306e-07	8.5352465e-06	1.3922817e-06	-4.0086594e-05	5.5712289e-06	1.3335013e-05	-1.9642156e-06	2.0322238e-06	7.2379715e-05	3.7283517e-05	-0.00019270861	-0.00019252349	-0.00096153677
-0.236	0.764	0	0	0	0.92212	0	0	0	1.0887653	0.76703483	-0.00017914662	9.7337784e-07	8.5136881e-06	1.3934458e-06	-4.0397436e-05	5.5523566e-06	1.3342358e-05	-2.0104095e-06	2.0408233e-06	7.2501078e-05	3.766873e-05	-0.00019287402	-0.00019268953	-0.00095745669
-0.238	0.762	0	0	0	0.92146	0	0	0	1.0891533	0.76475175	-0.00017920765	9.720181e-07	8.4921707e-06	1.394625e-06	-4.0707447e-05	5.5334369e-06	1.3349711e-05	-2.0566088e-06	2.0493541e-06	7.2621913e-05	3.8054275e-05	-0.00019303833	-0.00019285447	-0.00095335944
-0.24	0.76	0	0	0	0.9208	0	0	0	1.0895407	0.76246927	-0.00017926786	9.7067369e-07	8.4706928e-06	1.3958191e-06	-4.1016627e-05	5.5144712e-06	1.3357072e-05	-2.1028123e-06	2.0578172e-06	7.2742224e-05	3.8440148e-05	-0.00019320154	-0.00019301832	-0.00094924533
-0.242	0.758	0	0	0	0.92014	0	0	0	1.0899273	0.76018739	-0.00017932727	9.6934446e-07	8.4492529e-06	1.3970281e-06	-4.1324976e-05	5.4954608e-06	1.336444e-05	-2.1490194e-06	2.0662136e-06	7.2862012e-05	3.8826348e-05	-0.00019336365	-0.00019318107	-0.00094511466
-0.244	0.756	0	0	0	0.91948	0	0	0	1.0903133	0.75790612	-0.00017938589	9.6803024e-07	8.4278498e-06	1.3982519e-06	-4.1632495e-05	5.4764071e-06	1.3371815e-05	-2.1952292e-06	2.0745443e-06	7.2981281e-05	3.9212873e-05	-0.00019352469	-0.00019334276	-0.00094096777
-0.246	0.754	0	0	0	0.91882	0	0	0	1.0906987	0.75562547	-0.00017944373	9.6673085e-07	8.4064819e-06	1.3994906e-06	-4.1939183e-05	5.4573113e-06	1.3379196e-05	-2.2414407e-06	2.0828103e-06	7.3100034e-05	3.9599719e-05	-0.00019368464	-0.00019350337	-0.00093680495
-0.248	0.752	0	0	0	0.91816	0	0	0	1.0910834	0.75334545	-0.00017950079	9.654461e-07	8.385148e-06	1.4007439e-06	-4.2245042e-05	5.4381749e-06	1.3386582e-05	-2.2876533e-06	2.0910124e-06	7.3218274e-05	3.9986886e-05	-0.00019384354	-0.00019366292	-0.00093262655
-0.25	0.75	0	0	0	0.9175	0	0	0	1.0914675	0.75106607	-0.00017955709	9.6417578e-07	8.3638468e-06	1.4020119e-06	-4.2550071e-05	5.4189991e-06	1.3393972e-05	-2.333866e-06	2.0991516e-06	7.3336002e-05	4.0374371e-05	-0.00019400138	-0.00019382143	-0.00092843287
-0.252	0.748	0	0	0	0.91684	0	0	0	1.0918509	0.74878734	-0.00017961263	9.6291969e-07	8.3425771e-06	1.4032944e-06	-4.2854271e-05	5.3997852e-06	1.3401366e-05	-2.3800782e-06	2.1072287e-06	7.3453223e-05	4.0762172e-05	-0.00019415817	-0.00019397889	-0.00092422424
-0.254	0.746	0	0	0	0.91618	0	0	0	1.0922337	0.74650927	-0.00017966741	9.6167761e-07	8.3213375e-06	1.4045913e-06	-4.3157644e-05	5.3805345e-06	1.3408763e-05	-2.426289e-06	2.1152447e-06	7.3569937e-05	4.1150286e-05	-0.00019431393	-0.00019413532	-0.00092000097
-0.256	0.744	0	0	0	0.91552	0	0	0	1.0926158	0.74423186	-0.00017972146	9.6044934e-07	8.300127e-06	1.4059025e-06	-4.3460189e-05	5.3612481e-06	1.3416162e-05	-2.4724977e-06	2.1232004e-06	7.3686149e-05	4.1538713e-05	-0.00019446865	-0.00019429073	-0.00091576339
-0.258	0.742	0	0	0	0.91486	0	0	0	1.0929973	0.74195513	-0.00017977477	9.5923465e-07	8.2789444e-06	1.407228e-06	-4.3761907e-05	5.3419274e-06	1.3423564e-05	-2.5187035e-06	2.1310966e-06	7.3801861e-05	4.1927449e-05	-0.00019462236	-0.00019444512	-0.0009115118
-0.26	0.74	0	0	0	0.9142	0	0	0	1.0933782	0.73967908	-0.00017982736	9.5803332e-07	8.2577886e-06	1.4085675e-06	-4.4062799e-05	5.3225736e-06	1.3430966e-05	-2.5649059e-06	2.1389341e-06	7.3917074e-05	4.2316494e-05	-0.00019477505	-0.0001945985	-0.00090724651
-0.262	0.738	0	0	0	0.91354	0	0	0	1.0937584	0.73740372	-0.00017987922	9.5684515e-07	8.2366585e-06	1.409921e-06	-4.4362866e-05	5.3031878e-06	1.343837e-05	-2.6111039e-06	2.1467137e-06	7.4031791e-05	4.2705843e-05	-0.00019492673	-0.00019475088	-0.00090296783
-0.264	0.736	0	0	0	0.91288	0	0	0	1.094138	0.73512906	-0.00017993037	9.5566992e-07	8.215553e-06	1.4112884e-06	-4.4662109e-05	5.2837713e-06	1.3445774e-05	-2.6572971e-06	2.1544362e-06	7.4146015e-05	4.3095497e-05	-0.00019507741	-0.00019490226	-0.00089867605
-0.266	0.734	0	0	0	0.91222	0	0	0	1.0945169	0.73285511	-0.00017998082	9.5450742e-07	8.1944711e-06	1.4126696e-06	-4.4960529e-05	5.2643252e-06	1.3453177e-05	-2.7034847e-06	2.1621024e-06	7.4259749e-05	4.3485452e-05	-0.00019522711	-0.00019505266	-0.00089437146
-0.268	0.732	0	0	0	0.91156	0	0	0	1.0948952	0.73058188	-0.00018003057	9.5335744e-07	8.1734118e-06	1.4140645e-06	-4.5258126e-05	5.2448506e-06	1.3460579e-05	-2.749666e-06	2.169713e-06	7.4372993e-05	4.3875708e-05	-0.00019537581	-0.00019520207	-0.00089005434
-0.27	0.73	0	0	0	0.9109	0	0	0	1.0952729	0.72830937	-0.00018007962	9.5221979e-07	8.1523741e-06	1.415473e-06	-4.5554903e-05	5.2253487e-06	1.346798e-05	-2.7958405e-06	2.1772688e-06	7.4485751e-05	4.4266261e-05	-0.00019552354	-0.00019535052	-0.00088572496
-0.272	0.728	0	0	0	0.91024	0	0	0	1.0956499	0.72603759	-0.00018012798	9.5109428e-07	8.131357e-06	1.416895e-06	-4.5850859e-05	5.2058205e-06	1.347538e-05	-2.8420075e-06	2.1847704e-06	7.4598024e-05	4.465711e-05	-0.0001956703	-0.00019549799	-0.00088138358
-0.274	0.726	0	0	0	0.90958	0	0	0	1.0960263	0.72376656	-0.00018017567	9.4998071e-07	8.1103596e-06	1.4183306e-06	-4.6145996e-05	5.1862672e-06	1.3482776e-05	-2.8881665e-06	2.1922186e-06	7.4709816e-05	4.5048253e-05	-0.00019581609	-0.00019564451	-0.00087703045
-0.276	0.724	0	0	0	0.90892	0	0	0	1.0964021	0.72149627	-0.00018022268	9.4887892e-07	8.089381e-06	1.4197795e-06	-4.6440315e-05	5.1666898e-06	1.349017e-05	-2.934317e-06	2.1996141e-06	7.4821127e-05	4.5439688e-05	-0.00019596093	-0.00019579007	-0.00087266581
-0.278	0.722	0	0	0	0.90826	0	0	0	1.0967773	0.71922675	-0.00018026902	9.4778873e-07	8.0684202e-06	1.4212418e-06	-4.6733818e-05	5.1470893e-06	1.3497561e-05	-2.9804583e-06	2.2069575e-06	7.493196e-05	4.5831413e-05	-0.00019610481	-0.00019593468	-0.00086828987
-0.28	0.72	0	0	0	0.9076	0	0	0	1.0971518	0.71695798	-0.00018031469	9.4671e-07	8.0474763e-06	1.4227174e-06	-4.7026505e-05	5.1274666e-06	1.3504948e-05	-3.0265901e-06	2.2142495e-06	7.5042316e-05	4.6223426e-05	-0.00019624774	-0.00019607835	-0.00086390286
-0.282	0.718	0	0	0	0.90694	0	0	0	1.0975257	0.71468999	-0.00018035971	9.4564257e-07	8.0265485e-06	1.4242064e-06	-4.7318377e-05	5.1078229e-06	1.3512331e-05	-3.0727118e-06	2.2214909e-06	7.5152198e-05	4.6615726e-05	-0.00019638974	-0.00019622108	-0.00085950495
-0.284	0.716	0	0	0	0.90628	0	0	0	1.097899	0.71242278	-0.00018040407	9.4458632e-07	8.0056358e-06	1.4257087e-06	-4.7609437e-05	5.0881589e-06	1.3519709e-05	-3.1188231e-06	2.2286822e-06	7.5261608e-05	4.7008311e-05	-0.00019653079	-0.00019636288	-0.00085509633
-0.286	0.714	0	0	0	0.90562	0	0	0	1.0982716	0.71015636	-0.00018044778	9.4354112e-07	7.9847375e-06	1.4272244e-06	-4.7899685e-05	5.0684756e-06	1.3527082e-05	-3.1649234e-06	2.2358241e-06	7.5370547e-05	4.7401178e-05	-0.00019667092	-0.00019650376	-0.00085067716
-0.288	0.712	0	0	0	0.90496	0	0	0	1.0986437	0.70789074	-0.00018049085	9.4250686e-07	7.9638526e-06	1.4287535e-06	-4.8189122e-05	5.0487738e-06	1.3534449e-05	-3.2110126e-06	2.2429173e-06	7.5479017e-05	4.7794326e-05	-0.00019681012	-0.00019664371	-0.00084624757
-0.29	0.71	0	0	0	0.9043	0	0	0	1.0990151	0.70562592	-0.00018053327	9.4148346e-07	7.9429804e-06	1.430296e-06	-4.847775e-05	5.0290545e-06	1.354181e-05	-3.2570901e-06	2.2499623e-06	7.558702e-05	4.8187753e-05	-0.0001969484	-0.00019678275	-0.00084180768
-0.292	0.708	0	0	0	0.90364	0	0	0	1.0993858	0.70336191	-0.00018057506	9.4047085e-07	7.9221199e-06	1.4318522e-06	-4.876557e-05	5.0093182e-06	1.3549165e-05	-3.3031558e-06	2.2569598e-06	7.5694556e-05	4.8581457e-05	-0.00019708577	-0.00019692087	-0.00083735757
-0.294	0.706	0	0	0	0.90298	0	0	0	1.099756	0.70109872	-0.00018061621	9.3946895e-07	7.9012703e-06	1.4334219e-06	-4.9052583e-05	4.9895659e-06	1.3556514e-05	-3.3492095e-06	2.2639104e-06	7.5801628e-05	4.8975436e-05	-0.00019722222	-0.00019705809	-0.00083289733
-0.296	0.704	0	0	0	0.90232	0	0	0	1.1001255	0.69883636	-0.00018065674	9.3847773e-07	7.8804309e-06	1.4350055e-06	-4.9338791e-05	4.9697983e-06	1.3563855e-05	-3.3952508e-06	2.2708147e-06	7.5908238e-05	4.9369689e-05	-0.00019735776	-0.0001971944	-0.00082842697
-0.298	0.702	0	0	0	0.90166	0	0	0	1.1004945	0.69657483	-0.00018069663	9.3749717e-07	7.8596007e-06	1.436603e-06	-4.9624195e-05	4.9500158e-06	1.3571188e-05	-3.4412798e-06	2.2776734e-06	7.6014385e-05	4.9764214e-05	-0.0001974924	-0.00019732981	-0.00082394653
-0.3	0.7	0	0	0	0.901	0	0	0	1.1008628	0.69431415	-0.00018073591	9.3652726e-07	7.8387789e-06	1.4382147e-06	-4.9908796e-05	4.9302193e-06	1.3578513e-05	-3.4872962e-06	2.284487e-06	7.6120072e-05	5.0159008e-05	inf	inf	inf
