lambda	F11	F12	F13	F21	F22	F23	F31	F32	F33	J	P11	P12	P13	P21	P22	P23	P31	P32	P33	p	StrEn	t(1)	t(2)	d
0	1	0	0	0	1	0	0	0	1	1	0	0	0	0	0	0	0	0	0	-0	0	inf	inf	inf
0.002	1.002	0	0	0	1.00066	0	0	0	0.99829475	1.0009515	1.4604424e-05	9.7331936e-08	-9.9198353e-08	9.5163405e-08	9.2818549e-06	1.3889522e-08	-9.4377252e-08	8.6679904e-09	7.3041015e-10	-7.9623364e-06	1.7664123e-08	1.7666804e-05	1.7628833e-05	-0.0021538951
0.004	1.004	0	0	0	1.00132	0	0	0	0.9965395	1.0018464	2.9134546e-05	2.0957168e-07	-1.8723821e-07	2.0487049e-07	1.8387379e-05	5.0627898e-08	-1.7517159e-07	2.8334677e-08	2.5011727e-09	-1.5841476e-05	7.0515334e-08	3.5200168e-05	3.5178591e-05	-0.00061335342
0.006	1.006	0	0	0	1.00198	0	0	0	0.99475517	1.0027051	4.3674364e-05	3.2792264e-07	-2.6855512e-07	3.2023232e-07	2.7429865e-05	1.0116801e-07	-2.4917e-07	5.698873e-08	4.0130226e-09	-2.3702747e-05	1.5837849e-07	5.2722623e-05	5.2705097e-05	-0.00033254569
0.008	1.008	0	0	0	1.00264	0	0	0	0.9929548	1.0035408	5.8282165e-05	4.4638632e-07	-3.4564707e-07	4.3529075e-07	3.6485318e-05	1.6131219e-07	-3.1933629e-07	9.3284852e-08	5.180521e-09	-3.1590888e-05	2.8133572e-07	7.0317639e-05	7.0291292e-05	-0.00037483174
0.01	1.01	0	0	0	1.0033	0	0	0	0.99114141	1.0043563	7.2959624e-05	5.6187052e-07	-4.1930802e-07	5.4701415e-07	4.5570125e-05	2.3002987e-07	-3.8652913e-07	1.3755767e-07	6.1020177e-09	-3.951195e-05	4.3954366e-07	8.7992213e-05	8.7954328e-05	-0.00043073621
0.012	1.012	0	0	0	1.00396	0	0	0	0.98931525	1.0051517	8.7696063e-05	6.7279228e-07	-4.8977743e-07	6.5386906e-07	5.4688117e-05	3.0734197e-07	-4.5100506e-07	1.9052669e-07	6.8460467e-09	-4.7463676e-05	6.3315303e-07	0.00010573687	0.00010568681	-0.00047362246
0.014	1.014	0	0	0	1.00462	0	0	0	0.98747546	1.0059261	0.00010247684	7.7839648e-07	-5.5705738e-07	7.5513586e-07	6.3841539e-05	3.9369755e-07	-5.1277906e-07	2.530369e-07	7.4515477e-09	-5.5441945e-05	8.622909e-07	0.00012353767	0.00012347508	-0.00050687297
0.016	1.016	0	0	0	1.00528	0	0	0	0.98562021	1.0066775	0.00011728331	8.7839422e-07	-6.2100584e-07	8.5054908e-07	7.3034188e-05	4.897226e-07	-5.7172601e-07	3.2596056e-07	7.9340195e-09	-6.3441812e-05	1.1270534e-06	0.0001413772	0.00014130146	-0.00053598223
0.018	1.018	0	0	0	1.00594	0	0	0	0.98374648	1.0074026	0.00013208999	9.7275118e-07	-6.8136455e-07	9.4008786e-07	8.2273413e-05	5.9599477e-07	-6.2760994e-07	4.1003782e-07	8.2859829e-09	-7.1457229e-05	1.4274968e-06	0.0001592324	0.0001591423	-0.00056619944
0.02	1.02	0	0	0	1.0066	0	0	0	0.9818493	1.0080961	0.00014685932	1.0615519e-06	-7.3776123e-07	1.0238425e-06	9.1572652e-05	7.1265185e-07	-6.8008313e-07	5.0550924e-07	8.4729031e-09	-7.9480148e-05	1.7636226e-06	0.00017707019	0.00017696355	-0.00060260864
0.022	1.022	0	0	0	1.00726	0	0	0	0.97992065	1.0087496	0.00016153353	1.1449039e-06	-7.8970668e-07	1.1019221e-06	0.00010095519	8.3858858e-07	-7.2867106e-07	6.1131155e-07	8.4278698e-09	-8.7499051e-05	2.135351e-06	0.00019484053	0.00019471427	-0.00064843054
0.024	1.024	0	0	0	1.00792	0	0	0	0.97794818	1.0093502	0.00017602571	1.2228735e-06	-8.3662567e-07	1.1743969e-06	0.00011045831	9.6997787e-07	-7.7277236e-07	7.2358451e-07	8.0557532e-09	-9.5497359e-05	2.5424796e-06	0.00021246889	0.00021232074	-0.00069777365
0.026	1.026	0	0	0	1.00858	0	0	0	0.97591555	1.0098804	0.00019022206	1.295476e-06	-8.7800999e-07	1.241303e-06	0.00012013224	1.098485e-06	-8.1175752e-07	8.3388667e-07	7.2706829e-09	-0.00010345385	2.9846339e-06	0.00022985817	0.00022969166	-0.00072493319
0.028	1.028	0	0	0	1.00924	0	0	0	0.97380777	1.0103243	0.00020401848	1.3627606e-06	-9.1376125e-07	1.3027396e-06	0.00013002319	1.2115765e-06	-8.4527552e-07	9.2957e-07	6.0774014e-09	-0.00011134925	3.4612463e-06	0.00024691961	0.00024674764	-0.00069692898
0.03	1.03	0	0	0	1.0099	0	0	0	0.97162033	1.0106765	0.0002173834	1.4249239e-06	-9.4448546e-07	1.3589767e-06	0.00014014409	1.2976253e-06	-8.7362129e-07	9.9899527e-07	4.6209117e-09	-0.00011917737	3.9716245e-06	0.00026362582	0.00026346308	-0.00061766716
0.032	1.032	0	0	0	1.01056	0	0	0	0.96936181	1.0109454	0.00023037546	1.4822987e-06	-9.7129964e-07	1.4104126e-06	0.00015046606	1.3517685e-06	-8.976944e-07	1.037412e-06	3.1113969e-09	-0.00012694821	4.5150986e-06	0.0002800257	0.00027987824	-0.00052688552
0.034	1.034	0	0	0	1.01122	0	0	0	0.96704674	1.0111455	0.00024309412	1.5352403e-06	-9.9532498e-07	1.4574404e-06	0.00016094132	1.3758748e-06	-9.1855172e-07	1.046839e-06	1.7108391e-09	-0.00013467905	5.0911374e-06	0.00029620276	0.00029606864	-0.00045300886
0.036	1.036	0	0	0	1.01188	0	0	0	0.96468836	1.0112902	0.00025563027	1.5840599e-06	-1.0173987e-06	1.500386e-06	0.00017152613	1.3747394e-06	-9.3706484e-07	1.0321879e-06	5.0013506e-10	-0.00014238563	5.6993731e-06	0.0003122333	0.0003121082	-0.00040084233
0.038	1.038	0	0	0	1.01254	0	0	0	0.96229632	1.0113893	0.00026805021	1.6290228e-06	-1.0380672e-06	1.5395176e-06	0.00018218834	1.3532909e-06	-9.5384803e-07	9.9845844e-07	-4.9637193e-10	-0.00015007935	6.3395702e-06	0.00032817296	0.00032805309	-0.00036540305
0.04	1.04	0	0	0	1.0132	0	0	0	0.95987712	1.0114494	0.00028039848	1.6703638e-06	-1.0576724e-06	1.5750693e-06	0.00019290606	1.3156107e-06	-9.6931084e-07	9.4977052e-07	-1.2823276e-09	-0.00015776775	7.0115855e-06	0.00034405904	0.00034394174	-0.00034106724
0.042	1.042	0	0	0	1.01386	0	0	0	0.95743503	1.0114747	0.00029270447	1.7082992e-06	-1.0764284e-06	1.6072552e-06	0.00020366458	1.2648453e-06	-9.8372456e-07	8.8928982e-07	-1.87237e-09	-0.00016545572	7.7153372e-06	0.00035991607	0.00035979956	-0.00032381794
0.044	1.044	0	0	0	1.01452	0	0	0	0.95497288	1.011468	0.00030498772	1.743032e-06	-1.0944725e-06	1.6362767e-06	0.00021445387	1.2033776e-06	-9.9727147e-07	8.1940735e-07	-2.2840877e-09	-0.00017314644	8.4507838e-06	0.00037576032	0.00037564346	-0.00031110621
0.046	1.046	0	0	0	1.01518	0	0	0	0.95249258	1.0114312	0.00031726153	1.7747542e-06	-1.1118946e-06	1.6623245e-06	0.00022526693	1.1330188e-06	-1.0100766e-06	7.4193674e-07	-2.5346727e-09	-0.00018084198	9.217911e-06	0.00039160278	0.0003914848	-0.00030135788
0.048	1.048	0	0	0	1.01584	0	0	0	0.94999543	1.0113654	0.00032953513	1.8036478e-06	-1.1287556e-06	1.6855799e-06	0.00023609874	1.055163e-06	-1.022228e-06	6.5827147e-07	-2.6397183e-09	-0.00018854374	1.0016723e-05	0.00040745102	0.00040733143	-0.00029359439
0.05	1.05	0	0	0	1.0165	0	0	0	0.94748236	1.0112716	0.00034181507	1.8298849e-06	-1.1450979e-06	1.7062147e-06	0.00024694558	9.7090079e-07	-1.0337887e-06	5.694994e-07	-2.612933e-09	-0.00019625268	1.0847237e-05	0.0004233104	0.00042318887	-0.00028719546
0.052	1.052	0	0	0	1.01716	0	0	0	0.944954	1.0111502	0.00035410612	1.8536283e-06	-1.1609514e-06	1.7243914e-06	0.00025780464	8.8109868e-07	-1.0448052e-06	4.764839e-07	-2.4662174e-09	-0.00020396943	1.1709478e-05	0.00043918477	0.00043906107	-0.00028175845
0.054	1.054	0	0	0	1.01782	0	0	0	0.94241082	1.0110016	0.0003664118	1.8750312e-06	-1.1763384e-06	1.7402637e-06	0.00026867375	7.8645659e-07	-1.0553124e-06	3.7992106e-07	-2.2098651e-09	-0.00021169445	1.2603481e-05	0.00045507696	0.00045495093	-0.00027701551
0.056	1.056	0	0	0	1.01848	0	0	0	0.93985315	1.010826	0.00037873478	1.8942383e-06	-1.1912756e-06	1.7539761e-06	0.00027955119	6.8754812e-07	-1.0653372e-06	2.8038056e-07	-1.8527884e-09	-0.00021942804	1.3529282e-05	0.00047098905	0.00047086061	-0.00027278429
0.058	1.058	0	0	0	1.01914	0	0	0	0.9372812	1.0106236	0.0003910771	1.9113853e-06	-1.205776e-06	1.7656647e-06	0.00029043557	5.8484982e-07	-1.0749009e-06	1.7833495e-07	-1.402731e-09	-0.00022717042	1.4486923e-05	0.00048692265	0.00048679173	-0.00026893786
0.06	1.06	0	0	0	1.0198	0	0	0	0.93469515	1.0103942	0.00040344035	1.9265998e-06	-1.2198503e-06	1.7754572e-06	0.00030132576	4.7876259e-07	-1.0840206e-06	7.4181185e-08	-8.6645226e-10	-0.00023492175	1.5476449e-05	0.00050287898	0.00050274555	-0.00026538614
0.062	1.062	0	0	0	1.02046	0	0	0	0.93209509	1.010138	0.00041582579	1.9400017e-06	-1.2335074e-06	1.7834739e-06	0.00031222083	3.6962757e-07	-1.0927106e-06	-3.1743511e-08	-2.498849e-10	-0.00024268212	1.6497906e-05	0.00051885899	0.00051872305	-0.00026206398
0.064	1.064	0	0	0	1.02112	0	0	0	0.9294811	1.0098549	0.00042823443	1.9517036e-06	-1.2467554e-06	1.7898273e-06	0.00032311998	2.5773804e-07	-1.1009833e-06	-1.3914965e-07	4.4173456e-10	-0.00025045162	1.7551341e-05	0.00053486344	0.00053472499	-0.00025892351
0.066	1.066	0	0	0	1.02178	0	0	0	0.9268532	1.0095447	0.00044066708	1.9618109e-06	-1.2596016e-06	1.7946232e-06	0.00033402256	1.433486e-07	-1.1088496e-06	-2.4778638e-07	1.2037572e-09	-0.00025823028	1.8636806e-05	0.00055089294	0.00055075199	-0.00025592898
0.068	1.068	0	0	0	1.02244	0	0	0	0.92421139	1.0092073	0.00045312444	1.9704228e-06	-1.272053e-06	1.7979607e-06	0.00034492799	2.6682176e-08	-1.1163194e-06	-3.5743444e-07	2.032032e-09	-0.00026601815	1.9754349e-05	0.00056694799	0.00056680456	-0.00025305336
0.07	1.07	0	0	0	1.0231	0	0	0	0.92155568	1.0088427	0.00046560707	1.9776322e-06	-1.2841164e-06	1.7999328e-06	0.00035583578	-9.2064485e-08	-1.1234021e-06	-4.6790068e-07	2.9228313e-09	-0.00027381526	2.0904024e-05	0.00058302899	0.0005828831	-0.00025027591
0.072	1.072	0	0	0	1.02376	0	0	0	0.91888602	1.0084505	0.00047811545	1.9835265e-06	-1.295799e-06	1.8006267e-06	0.00036674551	-2.1271643e-07	-1.1301067e-06	-5.7901369e-07	3.8727886e-09	-0.00028162161	2.2085882e-05	0.00059913628	0.00059898799	-0.00024758054
0.074	1.074	0	0	0	1.02442	0	0	0	0.91620237	1.0080307	0.00049065	1.9881876e-06	-1.307108e-06	1.8001244e-06	0.0003776568	-3.3511703e-07	-1.1364421e-06	-6.9062038e-07	4.8788476e-09	-0.00028943723	2.3299976e-05	0.00061527019	0.00061511951	-0.00024495462
0.076	1.076	0	0	0	1.02508	0	0	0	0.91350468	1.0075829	0.0005032111	1.9916925e-06	-1.3180508e-06	1.7985026e-06	0.00038856934	-4.5912519e-07	-1.142417e-06	-8.0258314e-07	5.9382181e-09	-0.00029726213	2.454636e-05	0.00063143095	0.00063127794	-0.00024238817
0.078	1.078	0	0	0	1.02574	0	0	0	0.91079288	1.0071071	0.00051579906	1.9941136e-06	-1.3286354e-06	1.7958334e-06	0.00039948284	-5.8461306e-07	-1.1480405e-06	-9.1477762e-07	7.0483397e-09	-0.00030509632	2.5825087e-05	0.00064761882	0.00064746351	-0.00023987315
0.08	1.08	0	0	0	1.0264	0	0	0	0.9080669	1.0066031	0.0005284142	1.995519e-06	-1.3388702e-06	1.7921847e-06	0.00041039705	-7.1146415e-07	-1.1533215e-06	-1.0270908e-06	8.2068511e-09	-0.00031293982	2.7136214e-05	0.00066383401	0.00066367645	-0.00023740311
0.082	1.082	0	0	0	1.02706	0	0	0	0.90532665	1.0060704	0.00054105677	1.9959725e-06	-1.348764e-06	1.78762e-06	0.00042131175	-8.395718e-07	-1.1582696e-06	-1.1394196e-06	9.4115633e-09	-0.00032079264	2.8479793e-05	0.00068007672	0.00067991696	-0.00023497277
0.084	1.084	0	0	0	1.02772	0	0	0	0.90257206	1.005509	0.00055372705	1.9955345e-06	-1.3583263e-06	1.7821992e-06	0.00043222676	-9.6883785e-07	-1.1628942e-06	-1.2516695e-06	1.0660437e-08	-0.00032865482	2.9855882e-05	0.00069634716	0.00069618524	-0.00023257779
0.086	1.086	0	0	0	1.02838	0	0	0	0.89980303	1.0049186	0.00056642527	1.9942616e-06	-1.3675671e-06	1.7759786e-06	0.00044314189	-1.0991716e-06	-1.1672055e-06	-1.3637532e-06	1.1951565e-08	-0.00033652637	3.1264534e-05	0.0007126455	0.00071248148	-0.00023021458
0.088	1.088	0	0	0	1.02904	0	0	0	0.89701946	1.004299	0.00057915167	1.9922074e-06	-1.3764969e-06	1.7690112e-06	0.00045405702	-1.2304889e-06	-1.1712137e-06	-1.4755904e-06	1.3283153e-08	-0.00034440733	3.2705807e-05	0.00072897195	0.00072880587	-0.00022788013
0.09	1.09	0	0	0	1.0297	0	0	0	0.89422125	1.0036498	0.00059190649	1.9894222e-06	-1.385127e-06	1.7613468e-06	0.00046497201	-1.3627113e-06	-1.1749296e-06	-1.5871065e-06	1.4653505e-08	-0.00035229772	3.4179758e-05	0.0007453267	0.00074515861	-0.00022557195
0.092	1.092	0	0	0	1.03036	0	0	0	0.89140829	1.0029708	0.00060468994	1.9859536e-06	-1.3934693e-06	1.7530325e-06	0.00047588676	-1.4957655e-06	-1.1783643e-06	-1.6982318e-06	1.6061014e-08	-0.00036019759	3.5686442e-05	0.00076170992	0.00076153988	-0.00022328789
0.094	1.094	0	0	0	1.03102	0	0	0	0.88858049	1.0022618	0.00061750226	1.9818466e-06	-1.4015362e-06	1.7441124e-06	0.00048680116	-1.6295826e-06	-1.1815292e-06	-1.8089015e-06	1.7504149e-08	-0.00036810698	3.7225917e-05	0.00077812183	0.00077794988	-0.00022102614
0.096	1.096	0	0	0	1.03168	0	0	0	0.88573771	1.0015225	0.00063034367	1.9771434e-06	-1.409341e-06	1.7346285e-06	0.00049771515	-1.7640979e-06	-1.1844363e-06	-1.9190549e-06	1.8981443e-08	-0.00037602593	3.8798241e-05	0.00079456262	0.00079438882	-0.00021878516
0.098	1.098	0	0	0	1.03234	0	0	0	0.88287986	1.0007526	0.00064321439	1.9718844e-06	-1.4168974e-06	1.7246201e-06	0.00050862867	-1.8992502e-06	-1.1870977e-06	-2.028635e-06	2.0491489e-08	-0.00038395452	4.0403473e-05	0.0008110325	0.00081085689	-0.00021656362
0.1	1.1	0	0	0	1.033	0	0	0	0.88000681	0.99995174	0.00065611467	1.9661073e-06	-1.42422e-06	1.7141245e-06	0.00051954165	-2.0349815e-06	-1.1895263e-06	-2.1375881e-06	2.203293e-08	-0.00039189278	4.2041669e-05	0.00082753168	0.00082735433	-0.00021436037
0.102	1.102	0	0	0	1.03366	0	0	0	0.87711844	0.99911976	0.00066904474	1.9598482e-06	-1.431324e-06	1.7031769e-06	0.00053045406	-2.1712367e-06	-1.1917349e-06	-2.2458637e-06	2.3604451e-08	-0.0003998408	4.371289e-05	0.0008440604	0.00084388135	-0.00021217442
0.104	1.104	0	0	0	1.03432	0	0	0	0.87421463	0.99825632	0.00068200485	1.9531411e-06	-1.4382253e-06	1.6918106e-06	0.00054136589	-2.3079635e-06	-1.193737e-06	-2.3534138e-06	2.5204777e-08	-0.00040779865	4.5417194e-05	0.0008606189	0.0008604382	-0.00021000492
0.106	1.106	0	0	0	1.03498	0	0	0	0.87129525	0.99736111	0.00069499523	1.9460183e-06	-1.4449404e-06	1.680057e-06	0.0005522771	-2.4451116e-06	-1.1955462e-06	-2.4601931e-06	2.6832665e-08	-0.00041576639	4.7154643e-05	0.0008772074	0.00087702511	-0.00020785111
0.108	1.108	0	0	0	1.03564	0	0	0	0.86836017	0.99643385	0.00070801616	1.9385105e-06	-1.4514866e-06	1.6679461e-06	0.00056318771	-2.5826333e-06	-1.1971767e-06	-2.5661586e-06	2.8486898e-08	-0.00042374412	4.8925295e-05	0.00089382618	0.00089364235	-0.00020571234
0.11	1.11	0	0	0	1.0363	0	0	0	0.86540927	0.99547423	0.00072106789	1.9306468e-06	-1.4578817e-06	1.6555061e-06	0.00057409772	-2.7204825e-06	-1.1986428e-06	-2.6712695e-06	3.0166285e-08	-0.00043173192	5.0729212e-05	0.0009104755	0.00091029018	-0.00020358805
0.112	1.112	0	0	0	1.03696	0	0	0	0.86244241	0.99448193	0.0007341507	1.9224548e-06	-1.4641444e-06	1.6427638e-06	0.00058500715	-2.8586149e-06	-1.1999592e-06	-2.7754867e-06	3.1869653e-08	-0.0004397299	5.2566456e-05	0.00092715565	0.00092696889	-0.00020147776
0.114	1.114	0	0	0	1.03762	0	0	0	0.85945945	0.99345664	0.00074726487	1.9139609e-06	-1.4702938e-06	1.6297447e-06	0.00059591602	-2.9969881e-06	-1.2011407e-06	-2.8787732e-06	3.3595848e-08	-0.00044773816	5.4437088e-05	0.00094386692	0.00094367876	-0.00019938104
0.116	1.116	0	0	0	1.03828	0	0	0	0.85646027	0.99239805	0.00076041071	1.9051901e-06	-1.4763499e-06	1.6164729e-06	0.00060682437	-3.1355607e-06	-1.2022027e-06	-2.9810935e-06	3.5343726e-08	-0.00045575681	5.6341171e-05	0.00096060961	0.00096042012	-0.00019729753
0.118	1.118	0	0	0	1.03894	0	0	0	0.85344472	0.99130584	0.00077358851	1.8961663e-06	-1.482333e-06	1.6029714e-06	0.00061773226	-3.2742932e-06	-1.2031604e-06	-3.0824137e-06	3.7112156e-08	-0.00046378596	5.8278768e-05	0.00097738405	0.00097719327	-0.00019522693
0.12	1.12	0	0	0	1.0396	0	0	0	0.85041266	0.99017968	0.0007867986	1.8869124e-06	-1.4882644e-06	1.5892621e-06	0.00062863973	-3.4131469e-06	-1.2040294e-06	-3.1827013e-06	3.8900015e-08	-0.00047182574	6.0249944e-05	0.00099419057	0.00099399856	-0.00019316896
0.122	1.122	0	0	0	1.04026	0	0	0	0.84736395	0.98901924	0.00080004129	1.8774499e-06	-1.4941657e-06	1.5753657e-06	0.00063954686	-3.5520843e-06	-1.2048256e-06	-3.2819252e-06	4.0706185e-08	-0.00047987629	6.2254762e-05	0.0010110295	0.0010108363	-0.00019112342
0.124	1.124	0	0	0	1.04092	0	0	0	0.84429846	0.9878242	0.00081331694	1.8677998e-06	-1.5000592e-06	1.561302e-06	0.00065045373	-3.6910692e-06	-1.2055649e-06	-3.3800556e-06	4.2529552e-08	-0.00048793773	6.4293289e-05	0.0010279013	0.001027707	-0.00018909014
0.126	1.126	0	0	0	1.04158	0	0	0	0.84121602	0.9865942	0.0008266259	1.8579819e-06	-1.5059678e-06	1.54709e-06	0.00066136042	-3.830066e-06	-1.2062632e-06	-3.4770639e-06	4.4369004e-08	-0.00049601023	6.636559e-05	0.0010448063	0.0010446108	-0.00018706899
0.128	1.128	0	0	0	1.04224	0	0	0	0.83811651	0.98532893	0.00083996852	1.8480152e-06	-1.5119148e-06	1.5327477e-06	0.00067226702	-3.9690403e-06	-1.2069366e-06	-3.5729224e-06	4.6223429e-08	-0.00050409392	6.8471732e-05	0.0010617448	0.0010615484	-0.00018505985
0.13	1.13	0	0	0	1.0429	0	0	0	0.83499977	0.98402802	0.00085334521	1.8379178e-06	-1.5179242e-06	1.5182922e-06	0.00068317365	-4.1079581e-06	-1.2076014e-06	-3.6676047e-06	4.8091716e-08	-0.00051218898	7.0611784e-05	0.0010787174	0.0010785199	-0.00018306268
0.132	1.132	0	0	0	1.04356	0	0	0	0.83186565	0.98269114	0.00086675634	1.8277074e-06	-1.5240202e-06	1.5037401e-06	0.00069408042	-4.2467865e-06	-1.2082736e-06	-3.7610853e-06	4.9972747e-08	-0.00052029558	7.2785812e-05	0.0010957244	0.001095526	-0.00018107743
0.134	1.134	0	0	0	1.04422	0	0	0	0.828714	0.98131793	0.00088020234	1.8174005e-06	-1.5302277e-06	1.4891071e-06	0.00070498746	-4.3854932e-06	-1.2089695e-06	-3.8533398e-06	5.1865403e-08	-0.00052841389	7.4993888e-05	0.0011127662	0.001112567	-0.00017910412
0.136	1.136	0	0	0	1.04488	0	0	0	0.82554467	0.97990805	0.00089368363	1.8070133e-06	-1.5365719e-06	1.4744082e-06	0.0007158949	-4.5240464e-06	-1.2097052e-06	-3.9443443e-06	5.376856e-08	-0.0005365441	7.723608e-05	0.0011298435	0.0011296434	-0.00017714276
0.138	1.138	0	0	0	1.04554	0	0	0	0.82235751	0.97846113	0.00090720065	1.7965613e-06	-1.5430785e-06	1.4596578e-06	0.00072680289	-4.662415e-06	-1.2104966e-06	-4.0340762e-06	5.5681087e-08	-0.00054468641	7.9512461e-05	0.0011469566	0.0011467557	-0.00017519343
0.14	1.14	0	0	0	1.0462	0	0	0	0.81915237	0.97697681	0.00092075386	1.7860594e-06	-1.5497734e-06	1.4448699e-06	0.00073771159	-4.8005683e-06	-1.2113597e-06	-4.1225135e-06	5.7601845e-08	-0.00055284102	8.1823103e-05	0.0011641061	0.0011639045	-0.0001732562
0.142	1.142	0	0	0	1.04686	0	0	0	0.81592908	0.97545474	0.00093434374	1.7755218e-06	-1.556683e-06	1.4300577e-06	0.00074862117	-4.9384762e-06	-1.2123102e-06	-4.2096349e-06	5.9529688e-08	-0.00056100814	8.4168079e-05	0.0011812925	0.0011810902	-0.00017133118
0.144	1.144	0	0	0	1.04752	0	0	0	0.81268751	0.97389454	0.00094797078	1.7649625e-06	-1.5638337e-06	1.4152339e-06	0.0007595318	-5.076109e-06	-1.2133637e-06	-4.2954201e-06	6.1463462e-08	-0.00056918801	8.6547464e-05	0.0011985164	0.0011983133	-0.00016941853
0.146	1.146	0	0	0	1.04818	0	0	0	0.80942748	0.97229584	0.00096163549	1.7543948e-06	-1.5712524e-06	1.4004109e-06	0.00077044367	-5.2134374e-06	-1.2145355e-06	-4.3798493e-06	6.3402001e-08	-0.00057738085	8.8961332e-05	0.0012157783	0.0012155746	-0.00016751841
0.148	1.148	0	0	0	1.04884	0	0	0	0.80614884	0.97065828	0.0009753384	1.7438314e-06	-1.578966e-06	1.3856004e-06	0.00078135699	-5.3504324e-06	-1.2158406e-06	-4.4629034e-06	6.5344132e-08	-0.00058558691	9.1409762e-05	0.0012330788	0.0012328746	-0.00016563101
0.15	1.15	0	0	0	1.0495	0	0	0	0.80285144	0.96898147	0.00098908008	1.733285e-06	-1.5870017e-06	1.3708138e-06	0.00079227197	-5.4870656e-06	-1.2172939e-06	-4.5445641e-06	6.7288669e-08	-0.00059380644	9.3892831e-05	0.0012504186	0.0012502138	-0.00016375655
0.152	1.152	0	0	0	1.05016	0	0	0	0.79953511	0.96726504	0.0010028611	1.7227675e-06	-1.5953867e-06	1.3560621e-06	0.00080318883	-5.6233085e-06	-1.2189098e-06	-4.6248136e-06	6.9234415e-08	-0.00060203971	9.6410617e-05	0.0012677983	0.001267593	-0.00016189528
0.154	1.154	0	0	0	1.05082	0	0	0	0.79619971	0.96550861	0.001016682	1.7122905e-06	-1.6041484e-06	1.3413558e-06	0.00081410781	-5.7591333e-06	-1.2207022e-06	-4.7036348e-06	7.1180162e-08	-0.000610287	9.8963203e-05	0.0012852185	0.0012850129	-0.00016004746
0.156	1.156	0	0	0	1.05148	0	0	0	0.79284506	0.96371179	0.0010305435	1.7018655e-06	-1.613314e-06	1.3267052e-06	0.00082502916	-5.8945123e-06	-1.2226849e-06	-4.7810112e-06	7.3124691e-08	-0.00061854858	0.00010155067	0.0013026801	0.001302474	-0.0001582134
0.158	1.158	0	0	0	1.05214	0	0	0	0.78947101	0.9618742	0.0010444461	1.6915032e-06	-1.6229109e-06	1.3121201e-06	0.00083595314	-6.0294178e-06	-1.2248711e-06	-4.8569268e-06	7.5066767e-08	-0.00062682476	0.0001041731	0.0013201836	0.0013199772	-0.00015639342
0.16	1.16	0	0	0	1.0528	0	0	0	0.7860774	0.95999545	0.0010583905	1.6812144e-06	-1.6329662e-06	1.2976101e-06	0.00084688002	-6.1638227e-06	-1.2272734e-06	-4.9313664e-06	7.7005146e-08	-0.00063511585	0.00010683058	0.0013377299	0.0013375231	-0.00015458785
0.162	1.162	0	0	0	1.05346	0	0	0	0.78266407	0.95807515	0.0010723775	1.6710094e-06	-1.643507e-06	1.2831844e-06	0.0008578101	-6.2976998e-06	-1.2299042e-06	-5.004315e-06	7.8938571e-08	-0.00064342218	0.00010952319	0.0013553197	0.0013551127	-0.00015279709
0.164	1.164	0	0	0	1.05412	0	0	0	0.77923086	0.9561129	0.0010864077	1.6608981e-06	-1.6545603e-06	1.2688519e-06	0.00086874368	-6.4310223e-06	-1.232775e-06	-5.0757585e-06	8.0865768e-08	-0.00065174408	0.00011225103	0.0013729539	0.0013727466	-0.00015102151
0.166	1.166	0	0	0	1.05478	0	0	0	0.77577762	0.95410832	0.0011004818	1.6508904e-06	-1.6661527e-06	1.2546213e-06	0.00087968106	-6.5637634e-06	-1.235897e-06	-5.145683e-06	8.2785454e-08	-0.0006600819	0.00011501418	0.0013906332	0.0013904257	-0.00014926155
0.168	1.168	0	0	0	1.05544	0	0	0	0.77230417	0.952061	0.0011146007	1.6409956e-06	-1.6783106e-06	1.240501e-06	0.00089062259	-6.6958964e-06	-1.2392806e-06	-5.2140753e-06	8.4696332e-08	-0.000668436	0.00011781273	0.0014083586	0.0014081509	-0.00014751766
0.17	1.17	0	0	0	1.0561	0	0	0	0.76881038	0.94997055	0.0011287651	1.631223e-06	-1.6910602e-06	1.2264991e-06	0.00090156861	-6.8273948e-06	-1.2429357e-06	-5.2809228e-06	8.6597089e-08	-0.00067680676	0.00012064678	0.001426131	0.0014259231	-0.0001457903
0.172	1.172	0	0	0	1.05676	0	0	0	0.76529607	0.94783657	0.0011429758	1.6215815e-06	-1.7044271e-06	1.2126235e-06	0.00091251947	-6.9582323e-06	-1.2468716e-06	-5.3462131e-06	8.8486401e-08	-0.00068519457	0.00012351642	0.0014439512	0.0014437432	-0.00014407999
0.174	1.174	0	0	0	1.05742	0	0	0	0.76176109	0.94565866	0.0011572336	1.6120799e-06	-1.7184368e-06	1.198882e-06	0.00092347557	-7.0883825e-06	-1.2510967e-06	-5.4099346e-06	9.0362931e-08	-0.00069359985	0.00012642175	0.0014618204	0.0014616123	-0.00014238724
0.176	1.176	0	0	0	1.05808	0	0	0	0.75820529	0.94343642	0.0011715395	1.6027266e-06	-1.7331141e-06	1.185282e-06	0.00093443727	-7.2178192e-06	-1.2556188e-06	-5.472076e-06	9.2225326e-08	-0.000702023	0.00012936287	0.0014797394	0.0014795312	-0.00014071261
0.178	1.178	0	0	0	1.05874	0	0	0	0.75462851	0.94116944	0.0011858944	1.59353e-06	-1.7484833e-06	1.1718307e-06	0.00094540501	-7.3465163e-06	-1.260445e-06	-5.5326266e-06	9.4072225e-08	-0.00071046448	0.00013233988	0.0014977093	0.001497501	-0.00013905667
0.18	1.18	0	0	0	1.0594	0	0	0	0.7510306	0.93885734	0.0012002991	1.584498e-06	-1.7645683e-06	1.1585351e-06	0.0009563792	-7.4744477e-06	-1.2655816e-06	-5.5915761e-06	9.5902248e-08	-0.00071892473	0.00013535288	0.0015157312	0.0015155229	-0.00013742003
0.182	1.182	0	0	0	1.06006	0	0	0	0.7474114	0.9364997	0.0012147547	1.5756384e-06	-1.7813923e-06	1.1454022e-06	0.00096736028	-7.6015872e-06	-1.2710341e-06	-5.6489146e-06	9.7714007e-08	-0.00072740424	0.00013840197	0.0015338063	0.001533598	-0.00013580332
0.184	1.184	0	0	0	1.06072	0	0	0	0.74377078	0.93409613	0.0012292622	1.566959e-06	-1.7989778e-06	1.1324387e-06	0.00097834873	-7.727909e-06	-1.2768073e-06	-5.7046328e-06	9.95061e-08	-0.00073590347	0.00014148727	0.0015519356	0.0015517273	-0.00013420718
0.186	1.186	0	0	0	1.06138	0	0	0	0.74010857	0.93164622	0.0012438226	1.558467e-06	-1.8173469e-06	1.1196509e-06	0.00098934501	-7.853387e-06	-1.2829049e-06	-5.7587219e-06	1.0127711e-07	-0.00074442296	0.00014460888	0.0015701204	0.0015699122	-0.0001326323
0.188	1.188	0	0	0	1.06204	0	0	0	0.73642465	0.92914957	0.001258437	1.5501697e-06	-1.8365205e-06	1.1070452e-06	0.0010003496	-7.9779954e-06	-1.2893301e-06	-5.8111733e-06	1.0302562e-07	-0.00075296321	0.00014776692	0.001588362	0.0015881539	-0.00013107937
0.19	1.19	0	0	0	1.0627	0	0	0	0.73271886	0.9266058	0.0012731065	1.5420741e-06	-1.8565191e-06	1.0946278e-06	0.0010113631	-8.1017082e-06	-1.2960851e-06	-5.8619791e-06	1.0475019e-07	-0.00076152479	0.0001509615	0.0016066617	0.0016064536	-0.00012954912
0.192	1.192	0	0	0	1.06336	0	0	0	0.72899107	0.92401449	0.0012878323	1.5341869e-06	-1.8773622e-06	1.0824045e-06	0.001022386	-8.2244996e-06	-1.3031712e-06	-5.9111318e-06	1.0644937e-07	-0.00077010825	0.00015419273	0.0016250207	0.0016248127	-0.0001280423
0.194	1.194	0	0	0	1.06402	0	0	0	0.72524114	0.92137527	0.0013026156	1.5265148e-06	-1.8990683e-06	1.0703813e-06	0.0010334188	-8.3463436e-06	-1.3105887e-06	-5.9586244e-06	1.081217e-07	-0.00077871418	0.00015746075	0.0016434405	0.0016432325	-0.00012655968
0.196	1.196	0	0	0	1.06468	0	0	0	0.72146894	0.91868773	0.0013174577	1.519064e-06	-1.9216552e-06	1.0585637e-06	0.0010444622	-8.4672146e-06	-1.3183371e-06	-6.0044503e-06	1.0976573e-07	-0.00078734319	0.00016076566	0.0016619225	0.0016617146	-0.00012510204
0.198	1.198	0	0	0	1.06534	0	0	0	0.71767435	0.9159515	0.0013323597	1.5118409e-06	-1.9451393e-06	1.0469572e-06	0.0010555167	-8.5870868e-06	-1.326415e-06	-6.0486034e-06	1.1137997e-07	-0.00079599592	0.0001641076	0.0016804683	0.0016802605	-0.0001236702
0.2	1.2	0	0	0	1.066	0	0	0	0.71385724	0.91316618	0.0013473231	1.5048512e-06	-1.9695364e-06	1.0355671e-06	0.0010665829	-8.7059343e-06	-1.33482e-06	-6.0910781e-06	1.1296294e-07	-0.00080467301	0.0001674867	0.0016990793	0.0016988716	-0.000122265
0.202	1.202	0	0	0	1.06666	0	0	0	0.71001749	0.91033141	0.0013623493	1.4981008e-06	-1.9948608e-06	1.0243986e-06	0.0010776616	-8.8237314e-06	-1.3435487e-06	-6.1318692e-06	1.1451317e-07	-0.00081337514	0.00017090309	0.0017177571	0.0017175495	-0.00012088728
0.204	1.204	0	0	0	1.06732	0	0	0	0.706155	0.9074468	0.0013774397	1.4915951e-06	-2.0211256e-06	1.0134567e-06	0.0010887534	-8.9404525e-06	-1.3525967e-06	-6.170972e-06	1.1602915e-07	-0.00082210302	0.0001743569	0.0017365035	0.001736296	-0.00011953791
0.206	1.206	0	0	0	1.06798	0	0	0	0.70226965	0.90451199	0.0013925957	1.4853395e-06	-2.0483428e-06	1.0027462e-06	0.0010998589	-9.056072e-06	-1.3619587e-06	-6.2083824e-06	1.1750939e-07	-0.00083085737	0.00017784827	0.0017553202	0.0017551127	-0.00011821778
0.208	1.208	0	0	0	1.06864	0	0	0	0.69836135	0.90152662	0.0014078189	1.479339e-06	-2.0765229e-06	9.9227178e-07	0.001110979	-9.1705644e-06	-1.3716281e-06	-6.2440966e-06	1.1895238e-07	-0.00083963895	0.00018137735	0.0017742089	0.0017740014	-0.00011692778
0.21	1.21	0	0	0	1.0693	0	0	0	0.69443	0.89849034	0.001423111	1.4735986e-06	-2.1056751e-06	9.8203801e-07	0.0011221143	-9.2839042e-06	-1.3815975e-06	-6.2781116e-06	1.2035664e-07	-0.00084844853	0.00018494428	0.0017931714	0.001792964	-0.00011566885
0.212	1.212	0	0	0	1.06996	0	0	0	0.69047552	0.8954028	0.0014384734	1.4681227e-06	-2.1358067e-06	9.7204924e-07	0.0011332656	-9.3960659e-06	-1.3918585e-06	-6.3104245e-06	1.2172064e-07	-0.00085728693	0.00018854921	0.0018122097	0.0018120024	-0.0001144419
0.214	1.214	0	0	0	1.07062	0	0	0	0.68649783	0.89226367	0.0014539081	1.4629158e-06	-2.1669239e-06	9.6230968e-07	0.0011444338	-9.5070246e-06	-1.4024013e-06	-6.3410334e-06	1.230429e-07	-0.00086615498	0.00019219229	0.0018313258	0.0018311184	-0.00011324789
0.216	1.216	0	0	0	1.07128	0	0	0	0.68249687	0.88907262	0.0014694167	1.4579821e-06	-2.1990308e-06	9.5282338e-07	0.0011556196	-9.6167549e-06	-1.4132153e-06	-6.3699365e-06	1.2432191e-07	-0.00087505354	0.00019587368	0.0018505217	0.0018503143	-0.00011208777
0.218	1.218	0	0	0	1.07194	0	0	0	0.67847257	0.88582934	0.001485001	1.4533254e-06	-2.2321299e-06	9.4359422e-07	0.001166824	-9.7252321e-06	-1.4242886e-06	-6.397133e-06	1.2555619e-07	-0.00088398352	0.00019959355	0.0018697996	0.0018695921	-0.00011096251
0.22	1.22	0	0	0	1.0726	0	0	0	0.67442489	0.88253352	0.001500663	1.4489493e-06	-2.2662218e-06	9.3462594e-07	0.0011780478	-9.8324313e-06	-1.4356084e-06	-6.4226223e-06	1.2674423e-07	-0.00089294585	0.00020335205	0.0018891615	0.001888954	-0.00010987309
0.222	1.222	0	0	0	1.07326	0	0	0	0.67035379	0.8791849	0.0015164046	1.4448574e-06	-2.301305e-06	9.259221e-07	0.001189292	-9.9383283e-06	-1.4471605e-06	-6.4464046e-06	1.2788457e-07	-0.00090194148	0.00020714936	0.0019086099	0.0019084022	-0.00010882051
0.224	1.224	0	0	0	1.07392	0	0	0	0.66625925	0.87578318	0.0015322279	1.4410526e-06	-2.3373762e-06	9.1748609e-07	0.0012005574	-1.0042899e-05	-1.4589299e-06	-6.4684806e-06	1.2897574e-07	-0.00091097141	0.00021098566	0.001928147	0.0019279392	-0.00010780577
0.226	1.226	0	0	0	1.07458	0	0	0	0.66214125	0.87232811	0.0015481349	1.4375378e-06	-2.3744296e-06	9.0932116e-07	0.0012118451	-1.0146119e-05	-1.4709002e-06	-6.4888517e-06	1.3001627e-07	-0.00092003668	0.00021486112	0.0019477753	0.0019475672	-0.00010682988
0.228	1.228	0	0	0	1.07524	0	0	0	0.6579998	0.86881947	0.0015641278	1.4343157e-06	-2.4124575e-06	9.0143035e-07	0.0012231562	-1.0247965e-05	-1.483054e-06	-6.50752e-06	1.3100472e-07	-0.00092913834	0.00021877593	0.0019674973	0.001967289	-0.00010589386
0.23	1.23	0	0	0	1.0759	0	0	0	0.65383492	0.86525702	0.0015802089	1.4313885e-06	-2.4514498e-06	8.9381658e-07	0.0012344916	-1.0348414e-05	-1.4953729e-06	-6.5244882e-06	1.3193967e-07	-0.0009382775	0.00022273028	0.0019873156	0.001987107	-0.00010499875
0.232	1.232	0	0	0	1.07656	0	0	0	0.64964664	0.86164058	0.0015963806	1.4287584e-06	-2.491394e-06	8.8648255e-07	0.0012458525	-1.0447444e-05	-1.5078374e-06	-6.5397598e-06	1.3281971e-07	-0.00094745529	0.00022672436	0.002007233	0.002007024	-0.00010414557
0.234	1.234	0	0	0	1.07722	0	0	0	0.64543501	0.85796997	0.0016126451	1.4264269e-06	-2.5322751e-06	8.7943081e-07	0.00125724	-1.0545032e-05	-1.5204267e-06	-6.5533389e-06	1.3364344e-07	-0.00095667291	0.00023075837	0.0020272521	0.0020270426	-0.00010333539
0.236	1.236	0	0	0	1.07788	0	0	0	0.6412001	0.85424504	0.0016290051	1.4243955e-06	-2.5740758e-06	8.7266373e-07	0.0012686552	-1.0641157e-05	-1.5331194e-06	-6.5652306e-06	1.344095e-07	-0.00096593155	0.00023483253	0.0020473759	0.0020471659	-0.00010256925
0.238	1.238	0	0	0	1.07854	0	0	0	0.636942	0.85046568	0.001645463	1.4226654e-06	-2.6167761e-06	8.6618351e-07	0.0012800994	-1.0735798e-05	-1.5458928e-06	-6.5754406e-06	1.3511656e-07	-0.00097523249	0.00023894704	0.0020676073	0.0020673968	-0.00010184822
0.24	1.24	0	0	0	1.0792	0	0	0	0.63266082	0.84663177	0.0016620215	1.4212374e-06	-2.6603536e-06	8.5999214e-07	0.0012915738	-1.0828935e-05	-1.5587235e-06	-6.5839755e-06	1.357633e-07	-0.00098457703	0.00024310211	0.0020879495	0.0020877383	-0.00010117336
0.242	1.242	0	0	0	1.07986	0	0	0	0.62835669	0.84274328	0.0016786834	1.420112e-06	-2.7047832e-06	8.5409146e-07	0.0013030797	-1.092055e-05	-1.5715871e-06	-6.5908429e-06	1.3634844e-07	-0.00099396649	0.00024729799	0.0021084055	0.0021081936	-0.00010054575
0.244	1.244	0	0	0	1.08052	0	0	0	0.62402977	0.83880015	0.0016954515	1.4192895e-06	-2.7500372e-06	8.4848311e-07	0.0013146184	-1.1010624e-05	-1.5844585e-06	-6.5960512e-06	1.3687072e-07	-0.0010034023	0.00025153489	0.0021289787	0.0021287659	-9.9966446e-05
0.246	1.246	0	0	0	1.08118	0	0	0	0.61968024	0.83480241	0.0017123288	1.4187695e-06	-2.7960855e-06	8.4316855e-07	0.0013261914	-1.109914e-05	-1.5973119e-06	-6.5996098e-06	1.3732894e-07	-0.0010128858	0.00025581305	0.0021496725	0.0021494588	-9.9436535e-05
0.248	1.248	0	0	0	1.08184	0	0	0	0.61530831	0.8307501	0.0017293182	1.4185518e-06	-2.8428952e-06	8.3814906e-07	0.0013377999	-1.1186082e-05	-1.6101206e-06	-6.6015293e-06	1.377219e-07	-0.0010224186	0.00026013272	0.0021704903	0.0021702756	-9.8957087e-05
0.25	1.25	0	0	0	1.0825	0	0	0	0.61091421	0.82664329	0.0017464228	1.4186354e-06	-2.890431e-06	8.3342572e-07	0.0013494454	-1.1271436e-05	-1.6228578e-06	-6.601821e-06	1.3804849e-07	-0.0010320021	0.00026449415	0.0021914358	0.0021912199	-9.8529171e-05
0.252	1.252	0	0	0	1.08316	0	0	0	0.60649821	0.82248213	0.0017636459	1.4190193e-06	-2.9386552e-06	8.2899944e-07	0.0013611296	-1.135519e-05	-1.6354959e-06	-6.6004977e-06	1.383076e-07	-0.0010416379	0.0002688976	0.0022125126	0.0022122954	-9.8153846e-05
0.254	1.254	0	0	0	1.08382	0	0	0	0.60206062	0.81826677	0.0017809908	1.4197019e-06	-2.9875275e-06	8.2487094e-07	0.0013728538	-1.1437331e-05	-1.648007e-06	-6.5975732e-06	1.3849817e-07	-0.0010513277	0.00027334334	0.0022337245	0.002233506	-9.7832162e-05
0.256	1.256	0	0	0	1.08448	0	0	0	0.59760175	0.81399745	0.0017984608	1.4206814e-06	-3.0370053e-06	8.2104076e-07	0.0013846197	-1.151785e-05	-1.6603631e-06	-6.5930626e-06	1.3861921e-07	-0.001061073	0.00027783163	0.0022550755	0.0022548555	-9.7565154e-05
0.258	1.258	0	0	0	1.08514	0	0	0	0.59312198	0.80967445	0.0018160595	1.4219556e-06	-3.087044e-06	8.1750925e-07	0.0013964289	-1.1596741e-05	-1.672536e-06	-6.5869821e-06	1.3866975e-07	-0.0010708757	0.00028236276	0.0022765697	0.0022763481	-9.7353835e-05
0.26	1.26	0	0	0	1.0858	0	0	0	0.58862172	0.80529808	0.0018337904	1.423522e-06	-3.1375965e-06	8.142766e-07	0.001408283	-1.1673997e-05	-1.6844975e-06	-6.5793496e-06	1.3864889e-07	-0.0010807374	0.00028693702	0.0022982111	0.0022979877	-9.719919e-05
0.262	1.262	0	0	0	1.08646	0	0	0	0.5841014	0.80086874	0.0018516572	1.4253775e-06	-3.188614e-06	8.1134284e-07	0.0014201839	-1.1749616e-05	-1.6962195e-06	-6.5701842e-06	1.3855577e-07	-0.0010906599	0.00029155471	0.002320004	0.0023197788	-9.7102174e-05
0.264	1.264	0	0	0	1.08712	0	0	0	0.57956151	0.79638688	0.0018696637	1.4275191e-06	-3.2400458e-06	8.087078e-07	0.0014321332	-1.1823598e-05	-1.7076742e-06	-6.5595066e-06	1.3838959e-07	-0.0011006451	0.00029621613	0.0023419529	0.0023417256	-9.70637e-05
0.266	1.266	0	0	0	1.08778	0	0	0	0.57500258	0.79185301	0.0018878139	1.429943e-06	-3.2918394e-06	8.0637118e-07	0.0014441328	-1.1895945e-05	-1.7188341e-06	-6.5473388e-06	1.3814961e-07	-0.001110695	0.00030092161	0.0023640622	0.0023638327	-9.7084634e-05
0.268	1.268	0	0	0	1.08844	0	0	0	0.57042518	0.7872677	0.0019061116	1.4326454e-06	-3.3439408e-06	8.0433252e-07	0.0014561845	-1.1966664e-05	-1.7296723e-06	-6.5337048e-06	1.3783511e-07	-0.0011208113	0.00030567146	0.0023863364	0.0023861046	-9.7165784e-05
0.27	1.27	0	0	0	1.0891	0	0	0	0.56582992	0.78263162	0.0019245609	1.4356219e-06	-3.3962946e-06	8.0259124e-07	0.0014682902	-1.2035765e-05	-1.7401625e-06	-6.5186301e-06	1.3744548e-07	-0.0011309962	0.00031046603	0.0024087803	0.0024085459	-9.7307892e-05
0.272	1.272	0	0	0	1.08976	0	0	0	0.56121748	0.77794548	0.001943166	1.4388679e-06	-3.4488446e-06	8.0114661e-07	0.0014804519	-1.2103259e-05	-1.7502794e-06	-6.502142e-06	1.369801e-07	-0.0011412516	0.00031530565	0.0024313987	0.0024311616	-9.7511625e-05
0.274	1.274	0	0	0	1.09042	0	0	0	0.55658855	0.77321008	0.0019619312	1.4423785e-06	-3.5015332e-06	7.9999779e-07	0.0014926714	-1.2169165e-05	-1.7599984e-06	-6.4842695e-06	1.3643845e-07	-0.0011515797	0.00032019068	0.0024541964	0.0024539565	-9.7777559e-05
0.276	1.276	0	0	0	1.09108	0	0	0	0.55194392	0.7684263	0.0019808607	1.4461484e-06	-3.5543023e-06	7.9914384e-07	0.0015049508	-1.2233504e-05	-1.7692959e-06	-6.4650437e-06	1.3582004e-07	-0.0011619824	0.00032512147	0.0024771785	0.0024769355	-9.8106175e-05
0.278	1.278	0	0	0	1.09174	0	0	0	0.54728439	0.7635951	0.0019999589	1.4501721e-06	-3.6070935e-06	7.9858372e-07	0.0015172921	-1.2296302e-05	-1.7781498e-06	-6.4444976e-06	1.351244e-07	-0.0011724621	0.00033009842	0.0025003501	0.0025001038	-9.849784e-05
0.28	1.28	0	0	0	1.0924	0	0	0	0.54261083	0.75871754	0.0020192304	1.4544438e-06	-3.6598478e-06	7.9831633e-07	0.0015296974	-1.235759e-05	-1.7865392e-06	-6.4226663e-06	1.3435115e-07	-0.0011830207	0.00033512189	0.0025237162	0.0025234665	-9.8952801e-05
0.282	1.282	0	0	0	1.09306	0	0	0	0.53792418	0.75379473	0.0020386796	1.4589576e-06	-3.7125066e-06	7.9834047e-07	0.0015421689	-1.2417404e-05	-1.7944445e-06	-6.3995867e-06	1.3349989e-07	-0.0011936607	0.00034019228	0.0025472821	0.0025470287	-9.947117e-05
0.284	1.284	0	0	0	1.09372	0	0	0	0.53322542	0.7488279	0.0020583111	1.4637071e-06	-3.7650114e-06	7.986549e-07	0.0015547085	-1.2475786e-05	-1.801848e-06	-6.375298e-06	1.3257028e-07	-0.0012043841	0.00034531	0.0025710531	0.0025707959	-0.00010005292
0.286	1.286	0	0	0	1.09438	0	0	0	0.52851557	0.74381837	0.0020781296	1.468686e-06	-3.8173043e-06	7.992583e-07	0.0015673185	-1.2532781e-05	-1.8087336e-06	-6.3498416e-06	1.3156197e-07	-0.0012151932	0.00035047547	0.0025950346	0.0025947733	-0.00010069786
0.288	1.288	0	0	0	1.09504	0	0	0	0.52379573	0.73876753	0.0020981397	1.4738878e-06	-3.8693284e-06	8.0014929e-07	0.0015800009	-1.2588441e-05	-1.8150869e-06	-6.3232607e-06	1.3047464e-07	-0.0012260904	0.0003556891	0.0026192318	0.0026189663	-0.00010140565
0.29	1.29	0	0	0	1.0957	0	0	0	0.51906705	0.73367688	0.0021183462	1.479306e-06	-3.9210279e-06	8.0132643e-07	0.001592758	-1.2642823e-05	-1.8208957e-06	-6.2956008e-06	1.2930794e-07	-0.0012370779	0.00036095133	0.0026436504	0.0026433803	-0.00010217579
0.292	1.292	0	0	0	1.09636	0	0	0	0.51433074	0.72854802	0.0021387537	1.4849339e-06	-3.9723486e-06	8.0278814e-07	0.001605592	-1.2695988e-05	-1.8261496e-06	-6.2669092e-06	1.2806152e-07	-0.0012481579	0.00036626262	0.0026682956	0.0026680208	-0.00010300764
0.294	1.294	0	0	0	1.09702	0	0	0	0.50958806	0.72338261	0.0021593671	1.4907651e-06	-4.0232382e-06	8.0453272e-07	0.0016185049	-1.2747998e-05	-1.8308407e-06	-6.2372351e-06	1.2673501e-07	-0.0012593329	0.00037162342	0.002693173	0.0026928932	-0.0001039004
0.296	1.296	0	0	0	1.09768	0	0	0	0.50484032	0.71818245	0.0021801909	1.4967933e-06	-4.073647e-06	8.0655828e-07	0.001631499	-1.2798921e-05	-1.834963e-06	-6.2066293e-06	1.2532801e-07	-0.0012706051	0.00037703419	0.002718288	0.002718003	-0.00010485317
0.298	1.298	0	0	0	1.09834	0	0	0	0.50008891	0.71294941	0.00220123	1.5030124e-06	-4.1235277e-06	8.0886263e-07	0.0016445763	-1.2848823e-05	-1.8385132e-06	-6.1751438e-06	1.2384011e-07	-0.0012819767	0.00038249543	0.0027436459	0.0027433555	-0.00010586497
0.3	1.3	0	0	0	1.099	0	0	0	0.49533523	0.70768544	0.002222489	1.5094164e-06	-4.1728365e-06	8.1144328e-07	0.0016577391	-1.2897769e-05	-1.8414901e-06	-6.1428316e-06	1.2227087e-07	-0.0012934501	0.00038800761	inf	inf	inf
