lambda	F11	F12	F13	F21	F22	F23	F31	F32	F33	J	P11	P12	P13	P21	P22	P23	P31	P32	P33	p	StrEn	t(1)	t(2)	d
0	1	0	0	0	1	0	0	0	1	1	0	0	0	0	0	0	0	0	0	-0	0	inf	inf	inf
0.002	1.002	0	0	0	1.002	0	0	0	1.002	1.006012	3.8391236e-05	-1.9252346e-07	5.6616796e-08	-1.7388978e-07	3.8037848e-05	-1.59638e-08	6.6019331e-08	-2.730968e-08	3.7862213e-05	-3.8097099e-05	1.1365897e-07	0.0001142913	0.00011459118	0.0026169604
0.004	1.004	0	0	0	1.004	0	0	0	1.004	1.0120481	7.7471529e-05	-3.4438785e-07	1.2164389e-07	-3.1279708e-07	7.6905439e-05	-4.734603e-08	1.3912259e-07	-6.6679252e-08	7.6619706e-05	-7.6998891e-05	4.5836471e-07	0.00023099667	0.00023105267	0.00024233911
0.006	1.006	0	0	0	1.006	0	0	0	1.006	1.0181082	0.00011701244	-4.6126218e-07	1.9441554e-07	-4.2030552e-07	0.00011627508	-9.7384281e-08	2.184251e-07	-1.229248e-07	0.00011588824	-0.00011639192	1.0378696e-06	0.00034917576	0.00034907205	-0.00029711482
0.008	1.008	0	0	0	1.008	0	0	0	1.008	1.0241925	0.00015688832	-5.5140066e-07	2.7278562e-07	-5.034405e-07	0.00015599948	-1.5757877e-07	3.018718e-07	-1.8843199e-07	0.00015550538	-0.00015613106	1.8546529e-06	0.00046839318	0.00046816548	-0.0004863675
0.01	1.01	0	0	0	1.01	0	0	0	1.01	1.030301	0.00019702073	-6.2161828e-07	3.5519638e-07	-5.6830126e-07	0.00019599312	-2.2205901e-07	3.8809383e-07	-2.5777969e-07	0.00019538277	-0.00019613221	2.9105316e-06	0.00058839662	0.00058806537	-0.00056328885
0.012	1.012	0	0	0	1.012	0	0	0	1.012	1.0364337	0.0002373566	-6.7706086e-07	4.4042251e-07	-6.195907e-07	0.00023619979	-2.8742494e-07	4.760717e-07	-3.2778901e-07	0.00023546522	-0.00023634054	4.2069144e-06	0.00070902161	0.00070860052	-0.00059425718
0.014	1.014	0	0	0	1.014	0	0	0	1.014	1.0425907	0.00027785803	-7.2152589e-07	5.2746016e-07	-6.6081556e-07	0.00027657984	-3.5178984e-07	5.6499363e-07	-3.96677e-07	0.00027571508	-0.00027671765	5.7449336e-06	0.00083015295	0.00082965211	-0.0006036672
0.016	1.016	0	0	0	1.016	0	0	0	1.016	1.0487721	0.00031849681	-7.578008e-07	6.1548987e-07	-6.945629e-07	0.00031710398	-4.1414623e-07	6.5420827e-07	-4.634798e-07	0.0003161051	-0.0003172353	7.5255228e-06	0.00095170589	0.00095113321	-0.00060211043
0.018	1.018	0	0	0	1.018	0	0	0	1.018	1.0549778	0.00035925134	-7.8793299e-07	7.0385389e-07	-7.2273657e-07	0.00035774986	-4.7399679e-07	7.432002e-07	-5.2771338e-07	0.00035661467	-0.00035787196	9.5494665e-06	0.0010736159	0.0010729777	-0.00059472545
0.02	1.02	0	0	0	1.02	0	0	0	1.02	1.061208	0.00040010466	-8.13431e-07	7.9203396e-07	-7.4673916e-07	0.00039849998	-5.3114188e-07	8.3156954e-07	-5.8917666e-07	0.0003972277	-0.00039861078	1.1817434e-05	0.0011958323	0.0011951341	-0.00058420647
0.022	1.022	0	0	0	1.022	0	0	0	1.022	1.0674626	0.0004410432	-8.3541105e-07	8.7962923e-07	-7.6760672e-07	0.00043934034	-5.8555546e-07	9.1901274e-07	-6.478357e-07	0.00043793129	-0.00043943828	1.4330003e-05	0.0013183148	0.0013175611	-0.00057204636
0.024	1.024	0	0	0	1.024	0	0	0	1.024	1.0737418	0.00048205596	-8.5470287e-07	9.6633548e-07	-7.8610715e-07	0.00048025958	-6.3731147e-07	1.0053051e-06	-7.0375435e-07	0.00047871493	-0.00048034349	1.7087678e-05	0.0014410305	0.0014402252	-0.00055910518
0.026	1.026	0	0	0	1.026	0	0	0	1.026	1.0800456	0.00052313385	-8.7192604e-07	1.0519268e-06	-8.0281162e-07	0.00052124834	-6.8653941e-07	1.0902853e-06	-7.5705201e-07	0.00051956987	-0.00052131735	2.0090904e-05	0.0015639521	0.0015630988	-0.00054589133
0.028	1.028	0	0	0	1.028	0	0	0	1.028	1.086374	0.00056426932	-8.8754522e-07	1.1362398e-06	-8.1814633e-07	0.00056229881	-7.3339734e-07	1.1738425e-06	-8.0787764e-07	0.00056048876	-0.0005623523	2.3340073e-05	0.0016870569	0.0016861587	-0.00053270948
0.03	1.03	0	0	0	1.03	0	0	0	1.03	1.092727	0.00060545601	-9.0191019e-07	1.219161e-06	-8.3243021e-07	0.0006034044	-7.7805536e-07	1.2559054e-06	-8.563937e-07	0.00060146533	-0.00060344191	2.6835539e-05	0.0018103257	0.0018093853	-0.00051974238
0.032	1.032	0	0	0	1.032	0	0	0	1.032	1.0991048	0.0006466885	-9.1528509e-07	1.3006159e-06	-8.459024e-07	0.00064455951	-8.2068557e-07	1.3364336e-06	-9.0276614e-07	0.00064249421	-0.00064458074	3.0577615e-05	0.0019337422	0.0019327621	-0.00050709794
0.034	1.034	0	0	0	1.034	0	0	0	1.034	1.1055073	0.00068796217	-9.2786986e-07	1.3805604e-06	-8.5874241e-07	0.00068575934	-8.6145608e-07	1.4154105e-06	-9.4715842e-07	0.00068357074	-0.00068576408	3.4566587e-05	0.0020572922	0.0020562747	-0.00049483727
0.036	1.036	0	0	0	1.036	0	0	0	1.036	1.1119347	0.00072927302	-9.3981605e-07	1.4589743e-06	-8.71085e-07	0.00072699971	-9.0052752e-07	1.4928377e-06	-9.8972782e-07	0.00072469085	-0.00072698786	3.8802714e-05	0.0021809636	0.0021799107	-0.00048299183
0.038	1.038	0	0	0	1.038	0	0	0	1.038	1.1183869	0.00077061757	-9.5123861e-07	1.5358553e-06	-8.8303119e-07	0.00076827702	-9.3805119e-07	1.5687304e-06	-1.0306234e-06	0.00076585098	-0.00076824852	4.328623e-05	0.0023047456	0.0023036592	-0.00047157417
0.04	1.04	0	0	0	1.04	0	0	0	1.04	1.124864	0.0008119928	-9.6222459e-07	1.6112153e-06	-8.9465645e-07	0.00080958809	-9.7416824e-07	1.6431142e-06	-1.0699852e-06	0.00080704797	-0.00080954295	4.8017351e-05	0.0024286289	0.0024275108	-0.00046058479
0.042	1.042	0	0	0	1.042	0	0	0	1.042	1.1313661	0.00085339604	-9.7283979e-07	1.6850764e-06	-9.0601685e-07	0.00085093012	-1.0090094e-06	1.7160221e-06	-1.1079435e-06	0.00084827901	-0.00085086839	5.2996273e-05	0.0025526052	0.002551457	-0.00045001656
0.044	1.044	0	0	0	1.044	0	0	0	1.044	1.1378932	0.00089482493	-9.8313373e-07	1.7574685e-06	-9.1715373e-07	0.00089230065	-1.0426953e-06	1.7874923e-06	-1.1446192e-06	0.0008895416	-0.0008922224	5.8223178e-05	0.0026766672	0.0026754904	-0.00043985766
0.046	1.046	0	0	0	1.046	0	0	0	1.046	1.1444453	0.00093627739	-9.931434e-07	1.8284273e-06	-9.2809716e-07	0.00093369747	-1.0753365e-06	1.8575669e-06	-1.1801238e-06	0.00093083351	-0.00093360279	6.3698234e-05	0.0028008084	0.0027996043	-0.00043009344
0.048	1.048	0	0	0	1.048	0	0	0	1.048	1.1510226	0.00097775155	-1.0028962e-06	1.8979921e-06	-9.3886861e-07	0.00097511862	-1.1070348e-06	1.92629e-06	-1.2145603e-06	0.00097215271	-0.00097500763	6.9421596e-05	0.0029250229	0.0029237928	-0.00042070776
0.05	1.05	0	0	0	1.05	0	0	0	1.05	1.157625	0.0010192458	-1.012412e-06	1.966205e-06	-9.49483e-07	0.0010165623	-1.137883e-06	1.9937071e-06	-1.2480233e-06	0.0010134974	-0.0010164352	7.5393406e-05	0.0030493055	0.0030480506	-0.00041168376
0.052	1.052	0	0	0	1.052	0	0	0	1.052	1.1642526	0.0010607585	-1.0217052e-06	2.0331098e-06	-9.5995024e-07	0.001058027	-1.167966e-06	2.0598644e-06	-1.2805995e-06	0.0010548659	-0.0010578838	8.1613798e-05	0.0031736514	0.0031723729	-0.0004030045
0.054	1.054	0	0	0	1.054	0	0	0	1.054	1.1709055	0.0011022884	-1.0307855e-06	2.098751e-06	-9.7027644e-07	0.0010995112	-1.1973615e-06	2.1248078e-06	-1.3123688e-06	0.0010962567	-0.0010993521	8.8082897e-05	0.0032980564	0.0032967553	-0.00039465325
0.056	1.056	0	0	0	1.056	0	0	0	1.056	1.1775836	0.0011438344	-1.0396594e-06	2.1631732e-06	-9.8046481e-07	0.0011410137	-1.2261401e-06	2.1885828e-06	-1.3434043e-06	0.0011376685	-0.0011408388	9.4800819e-05	0.0034225165	0.0034211938	-0.00038661375
0.058	1.058	0	0	0	1.058	0	0	0	1.058	1.1842871	0.0011853951	-1.0483308e-06	2.226421e-06	-9.9051639e-07	0.0011825332	-1.2543666e-06	2.2512341e-06	-1.3737731e-06	0.0011790999	-0.0011823428	0.00010176767	0.0035470283	0.0035456849	-0.00037887036
0.06	1.06	0	0	0	1.06	0	0	0	1.06	1.191016	0.0012269698	-1.0568016e-06	2.2885382e-06	-1.0004306e-06	0.0012240687	-1.2821e-06	2.3128053e-06	-1.4035368e-06	0.00122055	-0.0012238628	0.00010898356	0.0036715884	0.0036702253	-0.00037140814
0.062	1.062	0	0	0	1.062	0	0	0	1.062	1.1977703	0.0012685574	-1.0650721e-06	2.3495677e-06	-1.0102056e-06	0.0012656191	-1.3093941e-06	2.3733388e-06	-1.4327518e-06	0.0012620175	-0.001265398	0.00011644857	0.003796194	0.0037948119	-0.00036421288
0.064	1.064	0	0	0	1.064	0	0	0	1.064	1.2045501	0.0013101571	-1.0731418e-06	2.4095515e-06	-1.0198388e-06	0.0013071837	-1.3362981e-06	2.4328755e-06	-1.4614698e-06	0.0013035015	-0.0013069474	0.00012416281	0.0039208423	0.003919442	-0.00035727109
0.066	1.066	0	0	0	1.066	0	0	0	1.066	1.2113555	0.0013517682	-1.0810089e-06	2.4685303e-06	-1.0293268e-06	0.0013487615	-1.3628569e-06	2.4914552e-06	-1.4897385e-06	0.0013450012	-0.0013485103	0.00013212634	0.0040455308	0.0040441131	-0.00035057006
0.068	1.068	0	0	0	1.068	0	0	0	1.068	1.2181864	0.0013933898	-1.0886713e-06	2.5265434e-06	-1.0386661e-06	0.0013903518	-1.3891114e-06	2.5491158e-06	-1.5176015e-06	0.0013865157	-0.0013900858	0.00014033926	0.0041702573	0.0041688228	-0.00034409776
0.07	1.07	0	0	0	1.07	0	0	0	1.07	1.225043	0.0014350215	-1.0961266e-06	2.583629e-06	-1.0478525e-06	0.0014319538	-1.4150992e-06	2.605894e-06	-1.5450989e-06	0.0014280442	-0.0014316732	0.00014880163	0.0042950195	0.004293569	-0.00033784286
0.072	1.072	0	0	0	1.072	0	0	0	1.072	1.2319252	0.0014766626	-1.1033719e-06	2.6398237e-06	-1.0568821e-06	0.001473567	-1.4408546e-06	2.661825e-06	-1.5722675e-06	0.001469586	-0.0014732719	0.00015751353	0.0044198156	0.0044183496	-0.0003317947
0.074	1.074	0	0	0	1.074	0	0	0	1.074	1.2388332	0.0015183125	-1.1104041e-06	2.6951629e-06	-1.0657505e-06	0.0015151907	-1.4664088e-06	2.7169426e-06	-1.5991411e-06	0.0015111405	-0.0015148812	0.00016647503	0.0045446437	0.0045431628	-0.00032594323
0.076	1.076	0	0	0	1.076	0	0	0	1.076	1.245767	0.0015599707	-1.1172201e-06	2.7496804e-06	-1.0744537e-06	0.0015568244	-1.4917906e-06	2.771279e-06	-1.6257511e-06	0.001552707	-0.0015565007	0.00017568619	0.004669502	0.004668007	-0.000320279
0.078	1.078	0	0	0	1.078	0	0	0	1.078	1.2527266	0.0016016367	-1.1238168e-06	2.8034088e-06	-1.0829875e-06	0.0015984675	-1.5170261e-06	2.8248651e-06	-1.6521261e-06	0.001594285	-0.0015981297	0.00018514706	0.0047943892	0.0047928804	-0.00031479309
0.08	1.08	0	0	0	1.08	0	0	0	1.08	1.259712	0.0016433102	-1.1301912e-06	2.8563793e-06	-1.0913479e-06	0.0016401195	-1.5421395e-06	2.8777306e-06	-1.6782924e-06	0.0016358739	-0.0016397678	0.00019485771	0.0049193035	0.0049177816	-0.00030947714
0.082	1.082	0	0	0	1.082	0	0	0	1.082	1.2667234	0.0016849906	-1.1363401e-06	2.9086219e-06	-1.099531e-06	0.00168178	-1.5671528e-06	2.9299037e-06	-1.7042746e-06	0.0016774732	-0.0016814146	0.00020481819	0.0050442438	0.0050427092	-0.00030432324
0.084	1.084	0	0	0	1.084	0	0	0	1.084	1.2737607	0.0017266776	-1.1422606e-06	2.9601653e-06	-1.107533e-06	0.0017234486	-1.5920862e-06	2.9814116e-06	-1.7300951e-06	0.0017190824	-0.0017230696	0.00021502854	0.0051692087	0.0051676619	-0.00029932395
0.086	1.086	0	0	0	1.086	0	0	0	1.086	1.2808241	0.0017683709	-1.1479499e-06	3.0110369e-06	-1.1153502e-06	0.0017651248	-1.6169581e-06	3.03228e-06	-1.7557746e-06	0.0017607012	-0.0017647323	0.00022548883	0.005294197	0.0052926384	-0.00029447225
0.088	1.088	0	0	0	1.088	0	0	0	1.088	1.2879135	0.0018100701	-1.1534052e-06	3.0612631e-06	-1.1229792e-06	0.0018068084	-1.6417856e-06	3.0825337e-06	-1.7813322e-06	0.001802329	-0.0018064025	0.0002361991	0.0054192075	0.0054176377	-0.00028976154
0.09	1.09	0	0	0	1.09	0	0	0	1.09	1.295029	0.0018517749	-1.1586238e-06	3.110869e-06	-1.1304167e-06	0.0018484989	-1.6665843e-06	3.1321964e-06	-1.8067858e-06	0.0018439656	-0.0018480798	0.00024715938	0.0055442393	0.0055426586	-0.00028518556
0.092	1.092	0	0	0	1.092	0	0	0	1.092	1.3021707	0.001893485	-1.1636034e-06	3.1598787e-06	-1.1376596e-06	0.001890196	-1.6913685e-06	3.1812908e-06	-1.8321517e-06	0.0018856104	-0.0018897638	0.00025836973	0.0056692913	0.0056677002	-0.00028073842
0.094	1.094	0	0	0	1.094	0	0	0	1.094	1.3093386	0.0019352	-1.1683416e-06	3.2083153e-06	-1.1447047e-06	0.0019318994	-1.7161514e-06	3.2298383e-06	-1.8574449e-06	0.0019272632	-0.0019314542	0.00026983018	0.0057943626	0.0057927614	-0.00027641455
0.096	1.096	0	0	0	1.096	0	0	0	1.096	1.3165327	0.0019769199	-1.1728362e-06	3.256201e-06	-1.1515494e-06	0.0019736088	-1.7409451e-06	3.2778598e-06	-1.8826797e-06	0.0019689236	-0.0019731508	0.00028154078	0.0059194524	0.0059178415	-0.00027220868
0.098	1.098	0	0	0	1.098	0	0	0	1.098	1.3237532	0.0020186443	-1.177085e-06	3.3035568e-06	-1.1581909e-06	0.002015324	-1.7657606e-06	3.3253751e-06	-1.9078688e-06	0.0020105914	-0.0020148532	0.00029350155	0.0060445597	0.0060429394	-0.00026811582
0.1	1.1	0	0	0	1.1	0	0	0	1.1	1.331	0.0020603729	-1.1810862e-06	3.3504032e-06	-1.1646266e-06	0.0020570446	-1.7906084e-06	3.3724031e-06	-1.9330246e-06	0.0020522662	-0.0020565612	0.00030571254	0.0061696837	0.0061680546	-0.00026413125
0.102	1.102	0	0	0	1.102	0	0	0	1.102	1.3382732	0.0021021056	-1.1848378e-06	3.3967594e-06	-1.1708541e-06	0.0020987705	-1.8154977e-06	3.418962e-06	-1.958158e-06	0.0020939477	-0.0020982746	0.00031817377	0.0062948239	0.006293186	-0.00026025049
0.104	1.104	0	0	0	1.104	0	0	0	1.104	1.3455729	0.0021438422	-1.1883382e-06	3.4426442e-06	-1.1768712e-06	0.0021405014	-1.8404372e-06	3.4650692e-06	-1.9832795e-06	0.0021356358	-0.0021399931	0.00033088528	0.0064199793	0.0064183332	-0.00025646932
0.106	1.106	0	0	0	1.106	0	0	0	1.106	1.352899	0.0021855824	-1.1915858e-06	3.4880753e-06	-1.1826757e-06	0.002182237	-1.865435e-06	3.5107414e-06	-2.0083987e-06	0.00217733	-0.0021817165	0.0003438471	0.0065451494	0.0065434954	-0.00025278371
0.108	1.108	0	0	0	1.108	0	0	0	1.108	1.3602517	0.0022273261	-1.194579e-06	3.5330699e-06	-1.1882656e-06	0.0022239772	-1.8904983e-06	3.5559946e-06	-2.0335247e-06	0.0022190303	-0.0022234445	0.00035705926	0.0066703336	0.0066686718	-0.00024918983
0.11	1.11	0	0	0	1.11	0	0	0	1.11	1.367631	0.0022690731	-1.1973166e-06	3.5776445e-06	-1.1936389e-06	0.0022657218	-1.9156341e-06	3.6008441e-06	-2.0586658e-06	0.0022607363	-0.0022651771	0.00037052179	0.0067955312	0.0067938621	-0.00024568406
0.112	1.112	0	0	0	1.112	0	0	0	1.112	1.3750369	0.0023108232	-1.199797e-06	3.6218147e-06	-1.1987938e-06	0.0023074706	-1.9408486e-06	3.6453046e-06	-2.0838297e-06	0.0023024478	-0.0023069139	0.00038423471	0.0069207417	0.0069190654	-0.00024226296
0.114	1.114	0	0	0	1.114	0	0	0	1.114	1.3824695	0.0023525763	-1.2020193e-06	3.6655958e-06	-1.2037285e-06	0.0023492234	-1.9661475e-06	3.6893903e-06	-2.1090238e-06	0.0023441647	-0.0023486548	0.00039819805	0.0070459644	0.0070442814	-0.00023892323
0.116	1.116	0	0	0	1.116	0	0	0	1.116	1.3899289	0.0023943323	-1.2039821e-06	3.7090022e-06	-1.2084414e-06	0.00239098	-1.9915361e-06	3.7331148e-06	-2.1342547e-06	0.0023858867	-0.0023903997	0.00041241184	0.007171199	0.0071695094	-0.00023566176
0.118	1.118	0	0	0	1.118	0	0	0	1.118	1.397415	0.0024360909	-1.2056845e-06	3.752048e-06	-1.212931e-06	0.0024327402	-2.0170195e-06	3.7764911e-06	-2.1595288e-06	0.0024276137	-0.0024321483	0.00042687609	0.0072964448	0.007294749	-0.00023247558
0.12	1.12	0	0	0	1.12	0	0	0	1.12	1.404928	0.002477852	-1.2071254e-06	3.7947465e-06	-1.2171958e-06	0.002474504	-2.0426022e-06	3.8195317e-06	-2.1848521e-06	0.0024693454	-0.0024739005	0.00044159083	0.0074217015	0.0074199996	-0.00022936184
0.122	1.122	0	0	0	1.122	0	0	0	1.122	1.4124678	0.0025196156	-1.2083039e-06	3.8371108e-06	-1.2212343e-06	0.0025162712	-2.0682884e-06	3.8622488e-06	-2.2102299e-06	0.0025110818	-0.0025156562	0.00045655609	0.0075469685	0.0075452609	-0.00022631785
0.124	1.124	0	0	0	1.124	0	0	0	1.124	1.4200346	0.0025613814	-1.2092192e-06	3.8791531e-06	-1.2250452e-06	0.0025580415	-2.094082e-06	3.9046539e-06	-2.2356676e-06	0.0025528225	-0.0025574152	0.00047177187	0.0076722455	0.0076705323	-0.00022334103
0.126	1.126	0	0	0	1.126	0	0	0	1.126	1.4276284	0.0026031494	-1.2098704e-06	3.9208856e-06	-1.2286272e-06	0.002599815	-2.1199866e-06	3.9467583e-06	-2.2611698e-06	0.0025945675	-0.0025991773	0.00048723822	0.0077975319	0.0077958135	-0.0002204289
0.128	1.128	0	0	0	1.128	0	0	0	1.128	1.4352492	0.0026449195	-1.2102568e-06	3.9623198e-06	-1.231979e-06	0.0026415914	-2.1460056e-06	3.9885728e-06	-2.2867413e-06	0.0026363167	-0.0026409425	0.00050295513	0.0079228275	0.0079211041	-0.00021757912
0.13	1.13	0	0	0	1.13	0	0	0	1.13	1.442897	0.0026866915	-1.2103776e-06	4.0034667e-06	-1.2350996e-06	0.0026833706	-2.172142e-06	4.0301076e-06	-2.3123863e-06	0.0026780698	-0.0026827106	0.00051892263	0.0080481319	0.0080464036	-0.00021478944
0.132	1.132	0	0	0	1.132	0	0	0	1.132	1.450572	0.0027284653	-1.2102322e-06	4.0443371e-06	-1.2379876e-06	0.0027251525	-2.1983989e-06	4.071373e-06	-2.3381087e-06	0.0027198268	-0.0027244815	0.00053514074	0.0081734446	0.0081717117	-0.0002120577
0.134	1.134	0	0	0	1.134	0	0	0	1.134	1.4582741	0.0027702409	-1.2098198e-06	4.0849414e-06	-1.240642e-06	0.0027669371	-2.2247788e-06	4.1123786e-06	-2.3639123e-06	0.0027615874	-0.0027662551	0.00055160948	0.0082987653	0.0082970281	-0.00020938184
0.136	1.136	0	0	0	1.136	0	0	0	1.136	1.4660035	0.002812018	-1.2091399e-06	4.1252895e-06	-1.2430618e-06	0.0028087241	-2.2512842e-06	4.1531336e-06	-2.3898008e-06	0.0028033516	-0.0028080312	0.00056832886	0.0084240937	0.0084223523	-0.00020675989
0.138	1.138	0	0	0	1.138	0	0	0	1.138	1.4737601	0.0028537968	-1.2081919e-06	4.1653911e-06	-1.2452459e-06	0.0028505134	-2.2779176e-06	4.1936473e-06	-2.4157774e-06	0.0028451193	-0.0028498098	0.00058529889	0.0085494295	0.0085476841	-0.00020418995
0.14	1.14	0	0	0	1.14	0	0	0	1.14	1.481544	0.002895577	-1.2069751e-06	4.2052557e-06	-1.2471932e-06	0.0028923051	-2.304681e-06	4.2339283e-06	-2.4418454e-06	0.0028868902	-0.0028915908	0.00060251959	0.0086747723	0.0086730232	-0.00020167021
0.142	1.142	0	0	0	1.142	0	0	0	1.142	1.4893553	0.0029373585	-1.2054891e-06	4.2448921e-06	-1.2489028e-06	0.0029340989	-2.3315765e-06	4.273985e-06	-2.4680077e-06	0.0029286644	-0.0029333739	0.00061999098	0.0088001218	0.0087983692	-0.00019919893
0.144	1.144	0	0	0	1.144	0	0	0	1.144	1.497194	0.0029791413	-1.2037332e-06	4.2843091e-06	-1.2503737e-06	0.0029758948	-2.3586059e-06	4.3138258e-06	-2.4942673e-06	0.0029704417	-0.0029751593	0.00063771307	0.0089254778	0.0089237218	-0.00019677444
0.146	1.146	0	0	0	1.146	0	0	0	1.146	1.5050601	0.0030209253	-1.2017069e-06	4.3235152e-06	-1.2516049e-06	0.0030176927	-2.3857712e-06	4.3534585e-06	-2.5206268e-06	0.0030122219	-0.0030169466	0.00065568587	0.0090508399	0.0090490808	-0.00019439513
0.148	1.148	0	0	0	1.148	0	0	0	1.148	1.5129538	0.0030627105	-1.1994096e-06	4.3625187e-06	-1.2525954e-06	0.0030594924	-2.4130739e-06	4.3928908e-06	-2.5470888e-06	0.003054005	-0.003058736	0.00067390939	0.0091762079	0.0091744459	-0.00019205946
0.15	1.15	0	0	0	1.15	0	0	0	1.15	1.520875	0.0031044966	-1.1968409e-06	4.4013274e-06	-1.2533444e-06	0.003101294	-2.4405156e-06	4.4321301e-06	-2.5736557e-06	0.0030957909	-0.0031005272	0.00069238365	0.0093015815	0.0092998167	-0.00018976594
0.152	1.152	0	0	0	1.152	0	0	0	1.152	1.5288238	0.0031462838	-1.1940002e-06	4.4399491e-06	-1.2538508e-06	0.0031430972	-2.4680978e-06	4.4711838e-06	-2.6003299e-06	0.0031375795	-0.0031423202	0.00071110866	0.0094269605	0.0094251931	-0.00018751314
0.154	1.154	0	0	0	1.154	0	0	0	1.154	1.5368003	0.0031880718	-1.1908869e-06	4.4783912e-06	-1.2541137e-06	0.0031849022	-2.495822e-06	4.5100589e-06	-2.6271137e-06	0.0031793706	-0.0031841149	0.00073008442	0.0095523446	0.0095505749	-0.00018529969
0.156	1.156	0	0	0	1.156	0	0	0	1.156	1.5448044	0.0032298607	-1.1875005e-06	4.5166612e-06	-1.2541322e-06	0.0032267086	-2.5236893e-06	4.5487621e-06	-2.6540091e-06	0.0032211642	-0.0032259112	0.00074931096	0.0096777335	0.0096759616	-0.00018312426
0.158	1.158	0	0	0	1.158	0	0	0	1.158	1.5528363	0.0032716503	-1.1838405e-06	4.554766e-06	-1.2539054e-06	0.0032685166	-2.5517012e-06	4.5873002e-06	-2.6810183e-06	0.0032629602	-0.003267709	0.00076878827	0.0098031271	0.0098013532	-0.00018098557
0.16	1.16	0	0	0	1.16	0	0	0	1.16	1.560896	0.0033134406	-1.1799062e-06	4.5927125e-06	-1.2534322e-06	0.003310326	-2.5798588e-06	4.6256797e-06	-2.7081433e-06	0.0033047586	-0.0033095084	0.00078851637	0.0099285251	0.0099267494	-0.0001788824
0.162	1.162	0	0	0	1.162	0	0	0	1.162	1.5689835	0.0033552315	-1.1756971e-06	4.6305075e-06	-1.2527117e-06	0.0033521367	-2.6081633e-06	4.6639068e-06	-2.7353858e-06	0.0033465591	-0.0033513091	0.00080849527	0.010053927	0.01005215	-0.00017681354
0.164	1.164	0	0	0	1.164	0	0	0	1.164	1.5770989	0.003397023	-1.1712125e-06	4.6681575e-06	-1.2517429e-06	0.0033939486	-2.6366158e-06	4.7019876e-06	-2.7627479e-06	0.0033883618	-0.0033931111	0.00082872497	0.010179333	0.010177555	-0.00017477785
0.166	1.166	0	0	0	1.166	0	0	0	1.166	1.5852423	0.003438815	-1.1664519e-06	4.7056689e-06	-1.2505248e-06	0.0034357618	-2.6652174e-06	4.7399282e-06	-2.7902313e-06	0.0034301666	-0.0034349144	0.00084920549	0.010304743	0.010302963	-0.00017277421
0.168	1.168	0	0	0	1.168	0	0	0	1.168	1.5934136	0.0034806074	-1.1614146e-06	4.7430478e-06	-1.2490565e-06	0.003477576	-2.693969e-06	4.7777344e-06	-2.8178377e-06	0.0034719733	-0.0034767189	0.00086993682	0.010430157	0.010428376	-0.00017080156
0.17	1.17	0	0	0	1.17	0	0	0	1.17	1.601613	0.0035224002	-1.1560998e-06	4.7803004e-06	-1.2473368e-06	0.0035193914	-2.7228718e-06	4.815412e-06	-2.8455688e-06	0.0035137819	-0.0035185245	0.00089091899	0.010555573	0.010553791	-0.00016885885
0.172	1.172	0	0	0	1.172	0	0	0	1.172	1.6098404	0.0035641933	-1.150507e-06	4.8174326e-06	-1.2453647e-06	0.0035612077	-2.7519266e-06	4.8529664e-06	-2.8734264e-06	0.0035555924	-0.0035603311	0.00091215199	0.010680993	0.010679211	-0.00016694508
0.174	1.174	0	0	0	1.174	0	0	0	1.174	1.618096	0.0036059867	-1.1446354e-06	4.8544503e-06	-1.2431392e-06	0.003603025	-2.7811345e-06	4.8904032e-06	-2.9014119e-06	0.0035974045	-0.0036021387	0.00093363583	0.010806416	0.010804633	-0.00016505926
0.176	1.176	0	0	0	1.176	0	0	0	1.176	1.6263798	0.0036477803	-1.1384841e-06	4.891359e-06	-1.2406591e-06	0.0036448431	-2.8104963e-06	4.9277277e-06	-2.929527e-06	0.0036392184	-0.0036439473	0.00095537052	0.010931842	0.010930058	-0.00016320046
0.178	1.178	0	0	0	1.178	0	0	0	1.178	1.6346918	0.003689574	-1.1320525e-06	4.9281643e-06	-1.2379232e-06	0.003686662	-2.8400131e-06	4.9649451e-06	-2.9577733e-06	0.0036810339	-0.0036857567	0.00097735606	0.01105727	0.011055486	-0.00016136775
0.18	1.18	0	0	0	1.18	0	0	0	1.18	1.643032	0.0037313678	-1.1253395e-06	4.9648718e-06	-1.2349305e-06	0.0037284817	-2.8696856e-06	5.0020605e-06	-2.9861522e-06	0.0037228509	-0.0037275668	0.00099959246	0.0111827	0.011180916	-0.00015956025
0.182	1.182	0	0	0	1.182	0	0	0	1.182	1.6514006	0.0037731617	-1.1183445e-06	5.0014867e-06	-1.2316796e-06	0.0037703021	-2.8995149e-06	5.039079e-06	-3.0146654e-06	0.0037646694	-0.0037693777	0.0010220797	0.011308133	0.011306349	-0.00015777708
0.184	1.184	0	0	0	1.184	0	0	0	1.184	1.6597975	0.0038149556	-1.1110664e-06	5.0380143e-06	-1.2281694e-06	0.0038121231	-2.9295018e-06	5.0760055e-06	-3.0433142e-06	0.0038064893	-0.0038111893	0.0010448179	0.011433568	0.011431784	-0.00015601741
0.186	1.186	0	0	0	1.186	0	0	0	1.186	1.6682229	0.0038567494	-1.1035042e-06	5.0744598e-06	-1.2243986e-06	0.0038539446	-2.9596472e-06	5.1128448e-06	-3.0721002e-06	0.0038483105	-0.0038530015	0.0010678069	0.011559005	0.011557221	-0.00015428041
0.188	1.188	0	0	0	1.188	0	0	0	1.188	1.6766767	0.003898543	-1.095657e-06	5.1108282e-06	-1.2203658e-06	0.0038957667	-2.989952e-06	5.1496017e-06	-3.1010249e-06	0.003890133	-0.0038948143	0.0010910467	0.011684443	0.01168266	-0.00015256529
0.19	1.19	0	0	0	1.19	0	0	0	1.19	1.685159	0.0039403366	-1.0875236e-06	5.1471245e-06	-1.2160696e-06	0.0039375893	-3.0204171e-06	5.1862809e-06	-3.1300898e-06	0.0039319567	-0.0039366275	0.0011145375	0.011809883	0.011808101	-0.00015087127
0.192	1.192	0	0	0	1.192	0	0	0	1.192	1.6936699	0.0039821298	-1.079103e-06	5.1833537e-06	-1.2115087e-06	0.0039794122	-3.0510435e-06	5.222887e-06	-3.1592962e-06	0.0039737816	-0.0039784412	0.0011382792	0.011935324	0.011933543	-0.00014919758
0.194	1.194	0	0	0	1.194	0	0	0	1.194	1.7022094	0.0040239228	-1.070394e-06	5.2195206e-06	-1.2066815e-06	0.0040212355	-3.081832e-06	5.2594246e-06	-3.1886458e-06	0.0040156075	-0.0040202553	0.0011622717	0.012060766	0.012058987	-0.0001475435
0.196	1.196	0	0	0	1.196	0	0	0	1.196	1.7107775	0.0040657155	-1.0613953e-06	5.25563e-06	-1.2015866e-06	0.0040630591	-3.1127836e-06	5.2958981e-06	-3.2181398e-06	0.0040574344	-0.0040620697	0.0011865151	0.012186209	0.012184431	-0.00014590829
0.198	1.198	0	0	0	1.198	0	0	0	1.198	1.7193744	0.0041075079	-1.0521056e-06	5.2916865e-06	-1.1962224e-06	0.0041048829	-3.1438992e-06	5.3323119e-06	-3.24778e-06	0.0040992623	-0.0041038844	0.0012110094	0.012311653	0.012309877	-0.00014429126
0.2	1.2	0	0	0	1.2	0	0	0	1.2	1.728	0.0041492997	-1.0425236e-06	5.3276949e-06	-1.1905872e-06	0.0041467069	-3.1751798e-06	5.3686704e-06	-3.2775676e-06	0.0041410911	-0.0041456993	0.0012357546	0.012437098	0.012435323	-0.0001426917
0.202	1.202	0	0	0	1.202	0	0	0	1.202	1.7366544	0.0041910912	-1.0326478e-06	5.3636598e-06	-1.1846794e-06	0.0041885311	-3.2066263e-06	5.4049779e-06	-3.3075042e-06	0.0041829207	-0.0041875143	0.0012607507	0.012562543	0.012560771	-0.00014110894
0.204	1.204	0	0	0	1.204	0	0	0	1.204	1.7453377	0.004232882	-1.0224769e-06	5.3995858e-06	-1.1784972e-06	0.0042303553	-3.2382398e-06	5.4412388e-06	-3.3375914e-06	0.0042247511	-0.0042293295	0.0012859977	0.012687988	0.012686218	-0.00013954231
0.206	1.206	0	0	0	1.206	0	0	0	1.206	1.7540498	0.0042746723	-1.0120091e-06	5.4354773e-06	-1.1720388e-06	0.0042721796	-3.2700213e-06	5.4774571e-06	-3.3678307e-06	0.0042665823	-0.0042711447	0.0013114956	0.012813434	0.012811666	-0.00013799116
0.208	1.208	0	0	0	1.208	0	0	0	1.208	1.7627909	0.004316462	-1.0012429e-06	5.4713388e-06	-1.1653023e-06	0.0043140038	-3.3019718e-06	5.5136371e-06	-3.3982236e-06	0.004308414	-0.0043129599	0.0013372444	0.01293888	0.012937114	-0.00013645486
0.21	1.21	0	0	0	1.21	0	0	0	1.21	1.771561	0.004358251	-9.9017653e-07	5.5071749e-06	-1.1582857e-06	0.0043558279	-3.3340923e-06	5.549783e-06	-3.4287716e-06	0.0043502464	-0.0043547751	0.001363244	0.013064325	0.013062563	-0.00013493276
0.212	1.212	0	0	0	1.212	0	0	0	1.212	1.7803601	0.0044000393	-9.7880823e-07	5.5429899e-06	-1.150987e-06	0.0043976519	-3.3663841e-06	5.5858988e-06	-3.4594764e-06	0.0043920793	-0.0043965902	0.0013894946	0.01318977	0.013188011	-0.00013342426
0.214	1.214	0	0	0	1.214	0	0	0	1.214	1.7891883	0.0044418268	-9.6713611e-07	5.5787882e-06	-1.1434042e-06	0.0044394758	-3.3988481e-06	5.6219887e-06	-3.4903396e-06	0.0044339126	-0.0044384051	0.0014159961	0.013315215	0.013313459	-0.00013192873
0.216	1.216	0	0	0	1.216	0	0	0	1.216	1.7980457	0.0044836134	-9.5515821e-07	5.6145742e-06	-1.135535e-06	0.0044812993	-3.4314856e-06	5.6580566e-06	-3.5213628e-06	0.0044757464	-0.0044802197	0.0014427484	0.013440659	0.013438906	-0.00013044558
0.218	1.218	0	0	0	1.218	0	0	0	1.218	1.8069322	0.0045253992	-9.4287248e-07	5.6503523e-06	-1.1273771e-06	0.0045231226	-3.4642977e-06	5.6941067e-06	-3.5525477e-06	0.0045175806	-0.0045220341	0.0014697517	0.013566102	0.013564353	-0.0001289742
0.22	1.22	0	0	0	1.22	0	0	0	1.22	1.815848	0.004567184	-9.3027677e-07	5.6861267e-06	-1.1189282e-06	0.0045649456	-3.4972857e-06	5.730143e-06	-3.583896e-06	0.004559415	-0.0045638482	0.0014970059	0.013691545	0.013689799	-0.00012751402
0.222	1.222	0	0	0	1.222	0	0	0	1.222	1.824793	0.0046089678	-9.1736883e-07	5.7219018e-06	-1.1101859e-06	0.0046067681	-3.5304508e-06	5.7661694e-06	-3.6154095e-06	0.0046012497	-0.0046056619	0.0015245109	0.013816986	0.013815244	-0.00012606444
0.224	1.224	0	0	0	1.224	0	0	0	1.224	1.8337674	0.0046507506	-9.0414633e-07	5.757682e-06	-1.1011477e-06	0.0046485902	-3.5637943e-06	5.80219e-06	-3.6470898e-06	0.0046430846	-0.0046474751	0.0015522668	0.013942425	0.013940688	-0.00012462489
0.226	1.226	0	0	0	1.226	0	0	0	1.226	1.8427712	0.0046925322	-8.9060682e-07	5.7934714e-06	-1.0918107e-06	0.0046904117	-3.5973175e-06	5.8382087e-06	-3.6789389e-06	0.0046849195	-0.0046892878	0.0015802736	0.014067864	0.014066131	-0.0001231948
0.228	1.228	0	0	0	1.228	0	0	0	1.228	1.8518044	0.0047343127	-8.7674772e-07	5.8292745e-06	-1.0821725e-06	0.0047322327	-3.6310218e-06	5.8742294e-06	-3.7109586e-06	0.0047267546	-0.0047311	0.0016085313	0.0141933	0.014191572	-0.00012177358
0.23	1.23	0	0	0	1.23	0	0	0	1.23	1.860867	0.004776092	-8.6256637e-07	5.8650956e-06	-1.07223e-06	0.0047740531	-3.6649087e-06	5.9102563e-06	-3.7431507e-06	0.0047685896	-0.0047729116	0.0016370399	0.014318735	0.014317012	-0.00012036069
0.232	1.232	0	0	0	1.232	0	0	0	1.232	1.8699592	0.00481787	-8.4805998e-07	5.9009388e-06	-1.0619804e-06	0.0048158728	-3.6989795e-06	5.9462931e-06	-3.7755172e-06	0.0048104246	-0.0048147225	0.0016657994	0.014444167	0.014442449	-0.00011895554
0.234	1.234	0	0	0	1.234	0	0	0	1.234	1.8790809	0.0048596467	-8.3322563e-07	5.9368087e-06	-1.0514205e-06	0.0048576917	-3.7332358e-06	5.9823439e-06	-3.8080601e-06	0.0048522594	-0.0048565326	0.0016948097	0.014569598	0.014567885	-0.00011755758
0.236	1.236	0	0	0	1.236	0	0	0	1.236	1.8882323	0.0049014219	-8.1806027e-07	5.9727095e-06	-1.0405471e-06	0.0048995099	-3.7676792e-06	6.0184127e-06	-3.8407815e-06	0.0048940941	-0.004898342	0.0017240709	0.014695026	0.014693319	-0.00011616624
0.238	1.238	0	0	0	1.238	0	0	0	1.238	1.8974133	0.0049431958	-8.0256072e-07	6.0086455e-06	-1.0293571e-06	0.0049413272	-3.8023112e-06	6.0545033e-06	-3.8736834e-06	0.0049359284	-0.0049401505	0.001753583	0.014820451	0.01481875	-0.00011478096
0.24	1.24	0	0	0	1.24	0	0	0	1.24	1.906624	0.004984968	-7.8672366e-07	6.0446212e-06	-1.0178468e-06	0.0049831435	-3.8371335e-06	6.0906198e-06	-3.9067679e-06	0.0049777625	-0.004981958	0.0017833459	0.014945874	0.014944179	-0.00011340117
0.242	1.242	0	0	0	1.242	0	0	0	1.242	1.9158645	0.0050267388	-7.7054562e-07	6.0806408e-06	-1.0060127e-06	0.0050249589	-3.8721478e-06	6.1267662e-06	-3.9400373e-06	0.0050195962	-0.0050237646	0.0018133597	0.015071294	0.015069606	-0.00011202629
0.244	1.244	0	0	0	1.244	0	0	0	1.244	1.9251348	0.0050685078	-7.5402299e-07	6.1167089e-06	-9.9385103e-07	0.0050667732	-3.9073559e-06	6.1629465e-06	-3.9734938e-06	0.0050614294	-0.0050655702	0.0018436244	0.01519671	0.015195029	-0.00011065577
0.246	1.246	0	0	0	1.246	0	0	0	1.246	1.9344349	0.0051102752	-7.3715198e-07	6.1528298e-06	-9.8135797e-07	0.0051085864	-3.9427596e-06	6.1991646e-06	-4.0071398e-06	0.0051032621	-0.0051073746	0.0018741398	0.015322124	0.015320449	-0.00010928903
0.248	1.248	0	0	0	1.248	0	0	0	1.248	1.943765	0.0051520407	-7.1992864e-07	6.189008e-06	-9.6852945e-07	0.0051503985	-3.9783608e-06	6.2354247e-06	-4.0409776e-06	0.0051450942	-0.0051491778	0.0019049062	0.015447533	0.015445866	-0.00010792547
0.25	1.25	0	0	0	1.25	0	0	0	1.25	1.953125	0.0051938044	-7.0234886e-07	6.225248e-06	-9.5536126e-07	0.0051922093	-4.0141615e-06	6.2717307e-06	-4.0750097e-06	0.0051869256	-0.0051909798	0.0019359233	0.015572939	0.01557128	-0.00010656453
0.252	1.252	0	0	0	1.252	0	0	0	1.252	1.962515	0.0052355662	-6.8440832e-07	6.2615543e-06	-9.4184902e-07	0.0052340187	-4.0501636e-06	6.3080867e-06	-4.1092386e-06	0.0052287564	-0.0052327804	0.0019671913	0.015698341	0.01569669	-0.0001052056
0.254	1.254	0	0	0	1.254	0	0	0	1.254	1.9719351	0.005277326	-6.6610253e-07	6.2979315e-06	-9.2798817e-07	0.0052758268	-4.0863692e-06	6.3444968e-06	-4.1436669e-06	0.0052705862	-0.0052745797	0.0019987101	0.015823739	0.015822096	-0.00010384809
0.256	1.256	0	0	0	1.256	0	0	0	1.256	1.9813852	0.0053190837	-6.4742679e-07	6.3343842e-06	-9.1377396e-07	0.0053176335	-4.1227805e-06	6.3809651e-06	-4.1782973e-06	0.0053124152	-0.0053163775	0.0020304797	0.015949132	0.015947498	-0.00010249137
0.258	1.258	0	0	0	1.258	0	0	0	1.258	1.9908655	0.0053608393	-6.2837619e-07	6.370917e-06	-8.9920145e-07	0.0053594386	-4.1593997e-06	6.4174958e-06	-4.2131325e-06	0.0053542433	-0.0053581737	0.0020625001	0.016074521	0.016072896	-0.00010113484
0.26	1.26	0	0	0	1.26	0	0	0	1.26	2.000376	0.0054025926	-6.0894561e-07	6.4075346e-06	-8.8426549e-07	0.0054012421	-4.1962291e-06	6.454093e-06	-4.2481754e-06	0.0053960703	-0.0053999683	0.0020947712	0.016199905	0.016198289	-9.9777857e-05
0.262	1.262	0	0	0	1.262	0	0	0	1.262	2.0099167	0.0054443436	-5.8912968e-07	6.4442418e-06	-8.689607e-07	0.0054430438	-4.2332711e-06	6.490761e-06	-4.2834289e-06	0.0054378961	-0.0054417612	0.0021272932	0.016325284	0.016323677	-9.8419777e-05
0.264	1.264	0	0	0	1.264	0	0	0	1.264	2.0194877	0.0054860922	-5.689228e-07	6.4810433e-06	-8.5328147e-07	0.0054848439	-4.2705281e-06	6.5275038e-06	-4.3188959e-06	0.0054797208	-0.0054835523	0.002160066	0.016450657	0.01644906	-9.7059941e-05
0.266	1.266	0	0	0	1.266	0	0	0	1.266	2.0290891	0.0055278383	-5.4831911e-07	6.5179439e-06	-8.3722196e-07	0.005526642	-4.3080027e-06	6.5643259e-06	-4.3545797e-06	0.0055215441	-0.0055253415	0.0021930895	0.016576025	0.016574438	-9.5697671e-05
0.268	1.268	0	0	0	1.268	0	0	0	1.268	2.0387208	0.0055695819	-5.2731248e-07	6.5549486e-06	-8.2077608e-07	0.0055684383	-4.3456975e-06	6.6012314e-06	-4.3904833e-06	0.0055633661	-0.0055671287	0.0022263637	0.016701386	0.016699811	-9.4332276e-05
0.27	1.27	0	0	0	1.27	0	0	0	1.27	2.048383	0.0056113227	-5.0589649e-07	6.5920623e-06	-8.0393745e-07	0.0056102325	-4.3836151e-06	6.6382247e-06	-4.4266101e-06	0.0056051866	-0.0056089139	0.0022598887	0.016826742	0.016825178	-9.2963041e-05
0.272	1.272	0	0	0	1.272	0	0	0	1.272	2.0580756	0.0056530608	-4.8406443e-07	6.6292899e-06	-7.8669943e-07	0.0056520245	-4.4217585e-06	6.6753102e-06	-4.4629635e-06	0.0056470055	-0.0056506969	0.0022936644	0.016952091	0.016950538	-9.1589235e-05
0.274	1.274	0	0	0	1.274	0	0	0	1.274	2.0677988	0.005694796	-4.6180926e-07	6.6666366e-06	-7.6905505e-07	0.0056938144	-4.4601305e-06	6.7124921e-06	-4.499547e-06	0.0056888228	-0.0056924777	0.0023276909	0.017077433	0.017075893	-9.02101e-05
0.276	1.276	0	0	0	1.276	0	0	0	1.276	2.0775526	0.0057365282	-4.3912363e-07	6.7041073e-06	-7.5099707e-07	0.0057356019	-4.4987341e-06	6.7497749e-06	-4.5363642e-06	0.0057306382	-0.0057342561	0.002361968	0.017202768	0.01720124	-8.8824856e-05
0.278	1.278	0	0	0	1.278	0	0	0	1.278	2.087337	0.0057782574	-4.159998e-07	6.7417074e-06	-7.3251787e-07	0.005777387	-4.5375724e-06	6.7871631e-06	-4.5734188e-06	0.0057724518	-0.0057760321	0.0023964958	0.017328096	0.017326581	-8.7432693e-05
0.28	1.28	0	0	0	1.28	0	0	0	1.28	2.097152	0.0058199833	-3.924297e-07	6.7794419e-06	-7.136095e-07	0.0058191696	-4.5766487e-06	6.8246611e-06	-4.6107148e-06	0.0058142634	-0.0058178054	0.0024312743	0.017453416	0.017451915	-8.6032775e-05
0.282	1.282	0	0	0	1.282	0	0	0	1.282	2.1069978	0.0058617059	-3.6840483e-07	6.8173161e-06	-6.9426363e-07	0.0058609496	-4.6159661e-06	6.8622734e-06	-4.648256e-06	0.0058560729	-0.0058595761	0.0024663035	0.017578728	0.017577241	-8.462423e-05
0.284	1.284	0	0	0	1.284	0	0	0	1.284	2.1168743	0.0059034251	-3.4391628e-07	6.8553355e-06	-6.7447153e-07	0.0059027268	-4.6555283e-06	6.9000044e-06	-4.6860465e-06	0.0058978802	-0.005901344	0.0025015833	0.017704032	0.017702559	-8.3206153e-05
0.286	1.286	0	0	0	1.286	0	0	0	1.286	2.1267817	0.0059451407	-3.189547e-07	6.8935052e-06	-6.5422406e-07	0.0059445011	-4.6953387e-06	6.9378589e-06	-4.7240907e-06	0.0059396851	-0.005943109	0.0025371137	0.017829327	0.017827869	-8.1777601e-05
0.288	1.288	0	0	0	1.288	0	0	0	1.288	2.1367199	0.0059868526	-2.9351025e-07	6.9318309e-06	-6.3351161e-07	0.0059862724	-4.735401e-06	6.9758411e-06	-4.7623928e-06	0.0059814876	-0.0059848709	0.0025728948	0.017954613	0.01795317	-8.033759e-05
0.29	1.29	0	0	0	1.29	0	0	0	1.29	2.146689	0.0060285607	-2.675726e-07	6.9703179e-06	-6.1232411e-07	0.0060280406	-4.7757191e-06	7.0139559e-06	-4.8009574e-06	0.0060232874	-0.0060266296	0.0026089264	0.018079889	0.018078463	-7.8885088e-05
0.292	1.292	0	0	0	1.292	0	0	0	1.292	2.1566891	0.0060702648	-2.4113088e-07	7.0089718e-06	-5.9065095e-07	0.0060698056	-4.8162968e-06	7.0522076e-06	-4.8397892e-06	0.0060650846	-0.006068385	0.0026452086	0.018205155	0.018203746	-7.7419019e-05
0.294	1.294	0	0	0	1.294	0	0	0	1.294	2.1667202	0.0061119647	-2.1417364e-07	7.047798e-06	-5.6848102e-07	0.0061115671	-4.8571381e-06	7.0906009e-06	-4.8788929e-06	0.0061068788	-0.0061101369	0.0026817414	0.018330411	0.018329019	-7.593825e-05
0.296	1.296	0	0	0	1.296	0	0	0	1.296	2.1767823	0.0061536604	-1.8668882e-07	7.0868023e-06	-5.4580257e-07	0.0061533251	-4.8982474e-06	7.1291404e-06	-4.9182735e-06	0.00614867	-0.0061518852	0.0027185247	0.018455655	0.018454282	-7.4441591e-05
0.298	1.298	0	0	0	1.298	0	0	0	1.298	2.1868756	0.0061953516	-1.586637e-07	7.1259901e-06	-5.2260328e-07	0.0061950794	-4.9396289e-06	7.1678305e-06	-4.9579361e-06	0.0061904581	-0.0061936297	0.0027555585	0.018580889	0.018579534	-7.2927789e-05
0.3	1.3	0	0	0	1.3	0	0	0	1.3	2.197	0.0062370381	-1.3008485e-07	7.1653672e-06	-4.9887012e-07	0.0062368298	-4.9812872e-06	7.2066758e-06	-4.9978859e-06	0.0062322427	-0.0062353702	0.0027928428	inf	inf	inf
