lambda	F11	F12	F13	F21	F22	F23	F31	F32	F33	J	P11	P12	P13	P21	P22	P23	P31	P32	P33	p	StrEn	t(1)	t(2)	d
0	1	0	0	0	1	0	0	0	1	1	0	0	0	0	0	0	0	0	0	-0	0	inf	inf	inf
0.002	1.002	0.0016	0	0	0.99927237	0	0	0	0.99918674	1.0004566	9.4936457e-06	8.2363029e-06	-2.530114e-08	8.2131151e-06	-2.0188305e-09	-1.3664664e-07	-2.7275376e-08	-1.3632895e-07	-3.8924464e-09	-3.1625782e-06	1.6043517e-08	1.6085041e-05	1.6087282e-05	0.00013924375
0.004	1.004	0.0032	0	0	0.99851498	0	0	0	0.99835173	1.0008566	1.897226e-05	1.6613471e-05	-5.1970929e-08	1.6519166e-05	-4.3545312e-09	-2.5630769e-07	-5.4511774e-08	-2.5343747e-07	-7.0561899e-09	-6.3202831e-06	6.4349126e-08	3.226771e-05	3.2243325e-05	-0.0007562897
0.006	1.006	0.0048	0	0	0.99772791	0	0	0	0.99749054	1.0011955	2.8371871e-05	2.5106264e-05	-7.8162984e-08	2.4892051e-05	-6.8279216e-09	-3.4779054e-07	-8.0268932e-08	-3.3975271e-07	-9.6014342e-09	-9.4518139e-06	1.4501682e-07	4.8463807e-05	4.8426933e-05	-0.00076145368
0.008	1.008	0.0064	0	0	0.9969154	0	0	0	0.99660422	1.0014783	3.7704109e-05	3.3685599e-05	-1.0232875e-07	3.3302031e-05	-9.3177765e-09	-4.1502803e-07	-1.0473623e-07	-3.9861385e-07	-1.1796836e-08	-1.2560998e-05	2.5805686e-07	6.4661724e-05	6.4615293e-05	-0.00071857679
0.01	1.01	0.008	0	0	0.99608003	0	0	0	0.99569478	1.0017096	4.7001895e-05	4.2310453e-05	-1.2367294e-07	4.1707786e-05	-1.1839439e-08	-4.6776611e-07	-1.2837136e-07	-4.3926841e-07	-1.3795316e-08	-1.5658753e-05	4.0347799e-07	8.0861624e-05	8.0803313e-05	-0.00072164254
0.012	1.012	0.0096	0	0	0.9952284	0	0	0	0.99475637	1.0018899	5.6253152e-05	5.0972299e-05	-1.4439204e-07	5.0100726e-05	-1.4363615e-08	-5.1036972e-07	-1.5149755e-07	-4.6835309e-07	-1.5564263e-08	-1.8741075e-05	5.8127011e-07	9.70446e-05	9.6971255e-05	-0.00075635902
0.014	1.014	0.0112	0	0	0.99436946	0	0	0	0.99377605	1.0020151	6.5401895e-05	5.9687436e-05	-1.6654165e-07	5.8496963e-05	-1.6977906e-08	-5.4436879e-07	-1.749395e-07	-4.8873008e-07	-1.7045758e-08	-2.178929e-05	7.9136301e-07	0.00011316774	0.00011307637	-0.0008080859
0.016	1.016	0.0128	0	0	0.99350529	0	0	0	0.9927421	1.0020752	7.4379832e-05	6.8458333e-05	-1.915692e-07	6.6898682e-05	-1.9858109e-08	-5.7009526e-07	-2.0020413e-07	-5.005796e-07	-1.8209745e-08	-2.4780588e-05	1.0335756e-06	0.00012916482	0.00012905586	-0.00084424039
0.018	1.018	0.0144	0	0	0.99262612	0	0	0	0.99165335	1.0020592	8.3125328e-05	7.7276606e-05	-2.2133333e-07	7.5296605e-05	-2.3173905e-08	-5.8625098e-07	-2.29476e-07	-5.0221669e-07	-1.9088984e-08	-2.7694355e-05	1.3075865e-06	0.0001449676	0.00014484555	-0.00084263675
0.02	1.02	0.016	0	0	0.9917062	0	0	0	0.99052877	1.0019598	9.160877e-05	8.612608e-05	-2.5820261e-07	8.3672289e-05	-2.7029486e-08	-5.9023477e-07	-2.6558878e-07	-4.9073436e-07	-1.9814025e-08	-3.0520642e-05	1.6129578e-06	0.00016053372	0.00016040444	-0.00080596048
0.022	1.022	0.0176	0	0	0.99071195	0	0	0	0.98940222	1.0017773	9.9843501e-05	9.4987038e-05	-3.0496524e-07	9.2002476e-05	-3.1397959e-08	-5.7867192e-07	-3.118049e-07	-4.6267888e-07	-2.0578125e-08	-3.3263842e-05	1.9492042e-06	0.00017586095	0.00017572855	-0.00075338935
0.024	1.024	0.0192	0	0	0.9896226	0	0	0	0.98830132	1.0015184	0.00010787514	0.00010384414	-3.6476881e-07	0.00010026865	-3.6110016e-08	-5.479566e-07	-3.7152038e-07	-4.1464836e-07	-2.1561441e-08	-3.5939155e-05	2.315872e-06	0.00019098264	0.0001908478	-0.00070654341
0.026	1.026	0.0208	0	0	0.98844096	0	0	0	0.98723356	1.0011935	0.00011576101	0.00011269061	-4.411521e-07	0.00010846269	-4.0964573e-08	-4.94494e-07	-4.4823415e-07	-3.4338169e-07	-2.2896513e-08	-3.8565716e-05	2.7125954e-06	0.00020595055	0.00020581042	-0.00068086778
0.028	1.028	0.0224	0	0	0.98718387	0	0	0	0.98619172	1.000812	0.00012355176	0.00012152431	-5.3830104e-07	0.00011658273	-4.5855937e-08	-4.1428903e-07	-5.459544e-07	-2.4511781e-07	-2.4689578e-08	-4.1160405e-05	3.1391137e-06	0.00022081346	0.00022066384	-0.000678034
0.03	1.03	0.024	0	0	0.98586882	0	0	0	0.98516482	1.0003806	0.00013128371	0.00013034186	-6.6146669e-07	0.00012462632	-5.0802624e-08	-3.0220977e-07	-6.6975289e-07	-1.1477117e-07	-2.7053913e-08	-4.3735286e-05	3.5952508e-06	0.00023560503	0.00023544227	-0.00069128933
0.032	1.032	0.0256	0	0	0.98450843	0	0	0	0.98414337	0.99990216	0.00013898018	0.0001391355	-8.1741386e-07	0.00013258672	-5.5917528e-08	-1.5133166e-07	-8.2624766e-07	5.4696878e-08	-3.0131849e-08	-4.6298045e-05	4.0808828e-06	0.00025034255	0.00025016401	-0.00071369145
0.034	1.034	0.0272	0	0	0.98311003	0	0	0	0.98312017	0.99937682	0.00014665527	0.00014789161	-1.0149017e-06	0.0001404513	-6.1382494e-08	4.7653041e-08	-1.024068e-06	2.7283014e-07	-3.4109916e-08	-4.8853258e-05	4.5959068e-06	0.00026502952	0.00026483336	-0.00074071004
0.036	1.036	0.0288	0	0	0.9816768	0	0	0	0.98208944	0.99880182	0.00015431692	0.00015658916	-1.2652407e-06	0.00014820018	-6.7444572e-08	3.0710662e-07	-1.2743905e-06	5.5233858e-07	-3.9235098e-08	-5.1403412e-05	5.1402162e-06	0.00027965752	0.00027944241	-0.00076977767
0.038	1.038	0.0304	0	0	0.98020846	0	0	0	0.98104578	0.99817129	0.00016196878	0.00016519682	-1.5829089e-06	0.00015580347	-7.4431786e-08	6.4325982e-07	-1.5915431e-06	9.0993202e-07	-4.5836599e-08	-5.3949503e-05	5.7136765e-06	0.00029420574	0.00029397072	-0.00079945653
0.04	1.04	0.032	0	0	0.97870141	0	0	0	0.97998296	0.99747514	0.00016961107	0.00017366752	-1.9860305e-06	0.00016321629	-8.2785787e-08	1.0770501e-06	-1.9934898e-06	1.3672053e-06	-5.4354711e-08	-5.6491308e-05	6.3160991e-06	0.00030863768	0.00030838205	-0.00082894861
0.042	1.042	0.0336	0	0	0.97714795	0	0	0	0.97889259	0.99669685	0.00017724066	0.00018192878	-2.4960543e-06	0.00017036956	-9.3109274e-08	1.6344131e-06	-2.5015499e-06	1.9510021e-06	-6.5373452e-08	-5.9027392e-05	6.9472047e-06	0.0003228937	0.0003226169	-0.00085799185
0.044	1.044	0.0352	0	0	0.97553442	0	0	0	0.97776212	0.99580959	0.00018485057	0.00018986626	-3.1347352e-06	0.0001771546	-1.0621511e-07	2.3442016e-06	-3.1374982e-06	2.691414e-06	-7.9637369e-08	-6.1554906e-05	7.6065667e-06	0.00033687765	0.00033657916	-0.00088682958
0.046	1.046	0.0368	0	0	0.9738382	0	0	0	0.97657252	0.99477071	0.00019242912	0.0001973	-3.9138906e-06	0.00018340108	-1.2311752e-07	3.2289261e-06	-3.9135993e-06	3.6125311e-06	-9.7984432e-08	-6.406934e-05	8.2935213e-06	0.00035043751	0.00035011738	-0.000914347
0.048	1.048	0.0384	0	0	0.97202548	0	0	0	0.9752972	0.99351839	0.00019996021	0.0002039687	-4.8110981e-06	0.00018886319	-1.4478607e-07	4.2797972e-06	-4.8087864e-06	4.7071704e-06	-1.210297e-07	-6.6564798e-05	9.0070362e-06	0.00036335263	0.00036301525	-0.0009293743
0.05	1.05	0.04	0	0	0.97005745	0	0	0	0.97390841	0.99198447	0.00020742847	0.00020958036	-5.7370458e-06	0.00019326985	-1.7140749e-07	5.4175784e-06	-5.7363277e-06	5.896699e-06	-1.4844882e-07	-6.9036204e-05	9.7455823e-06	0.00037537665	0.00037503735	-0.00090472749
0.052	1.052	0.0416	0	0	0.96791333	0	0	0	0.97239565	0.99013684	0.00021483076	0.00021398917	-6.545775e-06	0.00019649381	-2.0153479e-07	6.4900973e-06	-6.5530949e-06	7.0272477e-06	-1.7840177e-07	-7.1483608e-05	1.0507186e-05	0.00038638579	0.00038605985	-0.00084427575
0.054	1.054	0.0432	0	0	0.96561028	0	0	0	0.97077779	0.98801224	0.00022218152	0.00021734035	-7.1258909e-06	0.00019868597	-2.3258535e-07	7.3609334e-06	-7.1486607e-06	7.9588996e-06	-2.0834687e-07	-7.3913528e-05	1.1289822e-05	0.0003965008	0.00039617613	-0.00081949681
0.056	1.056	0.0448	0	0	0.96318888	0	0	0	0.96908792	0.98568593	0.00022950162	0.00021994997	-7.464296e-06	0.00020015601	-2.6249319e-07	7.9897674e-06	-7.5086306e-06	8.6483098e-06	-2.3657206e-07	-7.6334184e-05	1.209189e-05	0.00040598726	0.00040563251	-0.00087456316
0.058	1.058	0.0464	0	0	0.96068644	0	0	0	0.96735319	0.98322383	0.00023680683	0.00022210171	-7.6096427e-06	0.0002011782	-2.9037267e-07	8.4088424e-06	-7.6796373e-06	9.1262403e-06	-2.6253109e-07	-7.875131e-05	1.2912352e-05	0.00041508519	0.00041467594	-0.00098692597
0.06	1.06	0.048	0	0	0.95812771	0	0	0	0.96558995	0.980668	0.00024410612	0.00022398041	-7.6194207e-06	0.00020193003	-3.1610651e-07	8.6693865e-06	-7.717527e-06	9.4435285e-06	-2.8630862e-07	-8.1167901e-05	1.3750594e-05	0.00042395198	0.00042347724	-0.0011210616
0.062	1.062	0.0496	0	0	0.95552728	0	0	0	0.96380693	0.97804234	0.00025140408	0.00022569351	-7.5390055e-06	0.00020251418	-3.3987736e-07	8.8159538e-06	-7.6665918e-06	9.6448101e-06	-3.0818092e-07	-8.3585342e-05	1.4606261e-05	0.00043267955	0.00043213693	-0.0012556636
0.064	1.064	0.0512	0	0	0.95289364	0	0	0	0.96200865	0.9753602	0.00025870312	0.00022730244	-7.4000019e-06	0.00020298911	-3.6193648e-07	8.8815633e-06	-7.5577704e-06	9.76333e-06	-3.2843342e-07	-8.6004251e-05	1.5479142e-05	0.00044132061	0.00044071167	-0.0013817165
0.066	1.066	0.0528	0	0	0.95023178	0	0	0	0.96019744	0.97262919	0.00026600455	0.00022884318	-7.2235929e-06	0.00020338893	-3.8252137e-07	8.8895181e-06	-7.411843e-06	9.822634e-06	-3.4730961e-07	-8.8424908e-05	1.6369107e-05	0.00044990615	0.00044923388	-0.0014964745
0.068	1.068	0.0544	0	0	0.9475448	0	0	0	0.95837454	0.96985381	0.00027330919	0.00023033762	-7.0238857e-06	0.00020373433	-4.0183438e-07	8.8561188e-06	-7.2426727e-06	9.8392418e-06	-3.6500588e-07	-9.0847449e-05	1.7276077e-05	0.00045845516	0.00045772287	-0.0015998384
0.07	1.07	0.056	0	0	0.94483467	0	0	0	0.95654063	0.96703684	0.00028061757	0.00023179969	-6.8103235e-06	0.00020403841	-4.2004205e-07	8.7928414e-06	-7.0595535e-06	9.824815e-06	-3.8167853e-07	-9.3271948e-05	1.8199999e-05	0.0004669798	0.00046619069	-0.001692679
0.072	1.072	0.0576	0	0	0.94210267	0	0	0	0.95469602	0.96418004	0.0002879301	0.00023323863	-6.5892797e-06	0.00020430982	-4.3728027e-07	8.7078609e-06	-6.8687675e-06	9.7876842e-06	-3.9745244e-07	-9.5698457e-05	1.914084e-05	0.00047548824	0.00047464521	-0.0017761322
0.074	1.074	0.0592	0	0	0.9393497	0	0	0	0.95284091	0.96128459	0.00029524714	0.00023466085	-6.3650878e-06	0.0002045545	-4.5366017e-07	8.6070788e-06	-6.6745926e-06	9.7338796e-06	-4.1242843e-07	-9.8127017e-05	2.009858e-05	0.00048398621	0.00048309185	-0.0018513232
0.076	1.076	0.0608	0	0	0.93657638	0	0	0	0.95097535	0.95835129	0.00030256897	0.00023607093	-6.1407091e-06	0.0002047767	-4.6927321e-07	8.4948093e-06	-6.4799562e-06	9.667823e-06	-4.2668892e-07	-0.00010055767	2.1073207e-05	0.00049247789	0.0004915345	-0.0019192693
0.078	1.078	0.0624	0	0	0.93378315	0	0	0	0.94909936	0.95538072	0.00030989586	0.00023747227	-5.9181689e-06	0.00020497952	-4.8419537e-07	8.3742432e-06	-6.2868638e-06	9.5927952e-06	-4.4030217e-07	-0.00010299045	2.2064718e-05	0.00050096644	0.00049997606	-0.0019808576
0.08	1.08	0.064	0	0	0.93097033	0	0	0	0.94721292	0.95237329	0.00031722806	0.0002388675	-5.6988464e-06	0.00020516532	-4.9849036e-07	8.2477642e-06	-6.0966838e-06	9.5112559e-06	-4.5332546e-07	-0.00010542542	2.3073111e-05	0.00050945433	0.00050841876	-0.0020368497
0.082	1.082	0.0656	0	0	0.92813815	0	0	0	0.94531597	0.94932929	0.00032456581	0.00024025866	-5.4836704e-06	0.00020533593	-5.1221211e-07	8.1171681e-06	-5.9103391e-06	9.4250657e-06	-4.6580741e-07	-0.0001078626	2.4098393e-05	0.00051794357	0.00051686441	-0.002087896
0.084	1.084	0.0672	0	0	0.9252868	0	0	0	0.94340845	0.94624895	0.00033190933	0.00024164742	-5.2732526e-06	0.00020549282	-5.2540675e-07	7.9838176e-06	-5.7284391e-06	9.3356427e-06	-4.7778971e-07	-0.00011030204	2.5140569e-05	0.00052643579	0.00052531448	-0.0021345524
0.086	1.086	0.0688	0	0	0.9224164	0	0	0	0.94149029	0.94313245	0.00033925884	0.00024303516	-5.0679801e-06	0.00020563717	-5.3811403e-07	7.848752e-06	-5.5513706e-06	9.244074e-06	-4.8930852e-07	-0.00011274381	2.6199651e-05	0.00053493241	0.00053377024	-0.0021772951
0.088	1.088	0.0704	0	0	0.91952704	0	0	0	0.93956142	0.93997992	0.00034661454	0.00024442304	-4.8680802e-06	0.00020576994	-5.5036856e-07	7.7127671e-06	-5.3793615e-06	9.151197e-06	-5.0039542e-07	-0.00011518793	2.727565e-05	0.00054343463	0.00054223275	-0.0022165338
0.09	1.09	0.072	0	0	0.91661879	0	0	0	0.93762174	0.93679146	0.00035397664	0.00024581205	-4.6736664e-06	0.00020589196	-5.6220067e-07	7.5764737e-06	-5.2125264e-06	9.0576588e-06	-5.1107827e-07	-0.00011763445	2.8368582e-05	0.00055194349	0.00055070297	-0.0022526228
0.092	1.092	0.0736	0	0	0.9136917	0	0	0	0.93567116	0.93356714	0.00036134534	0.00024720306	-4.4847712e-06	0.00020600391	-5.7363722e-07	7.4403404e-06	-5.0508991e-06	8.96396e-06	-5.2138177e-07	-0.00012008344	2.9478462e-05	0.00056045996	0.00055918175	-0.0022858698
0.094	1.094	0.0752	0	0	0.91074578	0	0	0	0.93370959	0.93030704	0.00036872082	0.00024859686	-4.3013698e-06	0.00020610639	-5.8470207e-07	7.3047266e-06	-4.8944557e-06	8.8704881e-06	-5.3132798e-07	-0.00012253493	3.0605309e-05	0.00056898489	0.00056766986	-0.0023165435
0.096	1.096	0.0768	0	0	0.90778105	0	0	0	0.93173693	0.92701119	0.00037610329	0.00024999412	-4.123397e-06	0.00020619991	-5.9541666e-07	7.1699065e-06	-4.7431317e-06	8.7775426e-06	-5.4093675e-07	-0.00012498898	3.1749141e-05	0.00057751906	0.00057616802	-0.0023448798
0.098	1.098	0.0784	0	0	0.90479752	0	0	0	0.92975308	0.92367963	0.00038349292	0.00025139548	-3.9507596e-06	0.00020628493	-6.0580033e-07	7.0360882e-06	-4.5968343e-06	8.6853538e-06	-5.5022597e-07	-0.00012744563	3.2909981e-05	0.0005860632	0.00058467688	-0.0023710866
0.1	1.1	0.08	0	0	0.90179519	0	0	0	0.92775793	0.9203124	0.0003908899	0.00025280151	-3.7833457e-06	0.00020636184	-6.1587063e-07	6.9034279e-06	-4.4554515e-06	8.5940979e-06	-5.5921189e-07	-0.00012990494	3.4087849e-05	0.00059461798	0.00059319707	-0.0023953481
0.102	1.102	0.0816	0	0	0.89877402	0	0	0	0.92575138	0.9169095	0.00039829442	0.00025421274	-3.6210314e-06	0.000206431	-6.2564359e-07	6.7720408e-06	-4.3188587e-06	8.5039083e-06	-5.6790933e-07	-0.00013236696	3.5282769e-05	0.00060318405	0.00060172917	-0.0024178279
0.104	1.104	0.0832	0	0	0.89573401	0	0	0	0.92373332	0.91347096	0.00040570665	0.00025562968	-3.4636849e-06	0.00020649271	-6.3513392e-07	6.6420103e-06	-4.1869235e-06	8.4148847e-06	-5.7633183e-07	-0.00013483173	3.6494766e-05	0.00061176201	0.00061027375	-0.0024386721
0.106	1.106	0.0848	0	0	0.89267514	0	0	0	0.92170363	0.90999679	0.00041312678	0.0002570528	-3.3111709e-06	0.00020654726	-6.443552e-07	6.5133946e-06	-4.059509e-06	8.3270997e-06	-5.8449183e-07	-0.00013729931	3.7723864e-05	0.00062035245	0.00061883135	-0.0024580117
0.108	1.108	0.0864	0	0	0.88959736	0	0	0	0.9196622	0.906487	0.00042055498	0.00025848254	-3.1633524e-06	0.00020659491	-6.5331999e-07	6.3862317e-06	-3.9364768e-06	8.2406051e-06	-5.9240078e-07	-0.00013976975	3.8970091e-05	0.00062895592	0.00062740249	-0.0024759644
0.11	1.11	0.088	0	0	0.88650065	0	0	0	0.91760891	0.90294159	0.00042799143	0.00025991932	-3.0200928e-06	0.00020663588	-6.6203997e-07	6.2605446e-06	-3.8176884e-06	8.1554358e-06	-6.0006926e-07	-0.00014224311	4.0233474e-05	0.00063757296	0.00063598768	-0.0024926364
0.112	1.112	0.0896	0	0	0.88338497	0	0	0	0.91554364	0.89936056	0.00043543633	0.00026136357	-2.8812573e-06	0.00020667039	-6.7052605e-07	6.1363437e-06	-3.7030067e-06	8.0716134e-06	-6.0750707e-07	-0.00014471943	4.1514042e-05	0.00064620411	0.00064458741	-0.0025081237
0.114	1.114	0.0912	0	0	0.88025028	0	0	0	0.91346626	0.89574393	0.00044288984	0.00026281566	-2.7467131e-06	0.00020669864	-6.787884e-07	6.0136302e-06	-3.592297e-06	7.9891491e-06	-6.1472331e-07	-0.00014719877	4.2811824e-05	0.00065484988	0.00065320217	-0.0025225134
0.116	1.116	0.0928	0	0	0.87709654	0	0	0	0.91137666	0.89209169	0.00045035214	0.00026427599	-2.6163308e-06	0.00020672079	-6.868366e-07	5.8923979e-06	-3.4854273e-06	7.9080462e-06	-6.2172643e-07	-0.00014968119	4.412685e-05	0.00066351076	0.00066183243	-0.0025358847
0.118	1.118	0.0944	0	0	0.87392371	0	0	0	0.90927469	0.88840384	0.00045782343	0.00026574492	-2.4899842e-06	0.00020673701	-6.9467963e-07	5.7726354e-06	-3.3822691e-06	7.8283016e-06	-6.2852435e-07	-0.00015216674	4.5459153e-05	0.00067218727	0.00067047869	-0.0025483099
0.12	1.12	0.096	0	0	0.87073174	0	0	0	0.90716023	0.88468039	0.00046530389	0.00026722282	-2.3675506e-06	0.00020674744	-7.0232596e-07	5.6543269e-06	-3.2826973e-06	7.7499075e-06	-6.3512443e-07	-0.00015465548	4.6808765e-05	0.00068087989	0.00067914139	-0.002559855
0.122	1.122	0.0976	0	0	0.86752059	0	0	0	0.90503315	0.88092135	0.0004727937	0.00026871005	-2.2489109e-06	0.00020675224	-7.0978355e-07	5.5374538e-06	-3.1865905e-06	7.6728522e-06	-6.4153357e-07	-0.00015714746	4.8175719e-05	0.00068958911	0.00068782101	-0.0025705803
0.124	1.124	0.0992	0	0	0.86429021	0	0	0	0.9028933	0.87712671	0.00048029304	0.00027020697	-2.1339496e-06	0.00020675152	-7.1705994e-07	5.4219956e-06	-3.0938312e-06	7.597122e-06	-6.4775826e-07	-0.00015964274	4.9560049e-05	0.0006983154	0.00069651801	-0.0025805415
0.126	1.126	0.1008	0	0	0.86104055	0	0	0	0.90074055	0.87329648	0.00048780212	0.00027171391	-2.022555e-06	0.0002067454	-7.2416224e-07	5.3079303e-06	-3.0043054e-06	7.5227007e-06	-6.5380458e-07	-0.00016214138	5.0961791e-05	0.00070705926	0.00070523285	-0.0025897895
0.128	1.128	0.1024	0	0	0.85777156	0	0	0	0.89857475	0.86943067	0.00049532112	0.00027323122	-1.9146185e-06	0.00020673399	-7.3109718e-07	5.1952352e-06	-2.9179028e-06	7.4495713e-06	-6.5967825e-07	-0.00016464345	5.2380981e-05	0.00071582115	0.00071396601	-0.0025983712
0.13	1.13	0.104	0	0	0.85448321	0	0	0	0.89639576	0.86552929	0.00050285024	0.00027475925	-1.8100352e-06	0.00020671739	-7.3787113e-07	5.0838875e-06	-2.8345169e-06	7.3777161e-06	-6.6538467e-07	-0.000167149	5.3817655e-05	0.00072460157	0.00072271793	-0.0026063301
0.132	1.132	0.1056	0	0	0.85117543	0	0	0	0.89420342	0.86159235	0.00051038968	0.00027629833	-1.7087034e-06	0.0002066957	-7.444901e-07	4.9738642e-06	-2.7540446e-06	7.3071167e-06	-6.7092893e-07	-0.00016965809	5.5271852e-05	0.00073340098	0.00073148909	-0.002613706
0.134	1.134	0.1072	0	0	0.84784818	0	0	0	0.89199759	0.85761986	0.00051793964	0.00027784879	-1.6105243e-06	0.000206669	-7.5095979e-07	4.865143e-06	-2.676386e-06	7.2377552e-06	-6.7631585e-07	-0.00017217079	5.6743611e-05	0.00074221988	0.00074027995	-0.0026205362
0.136	1.136	0.1088	0	0	0.84450142	0	0	0	0.88977811	0.85361184	0.00052550032	0.00027941099	-1.5154024e-06	0.00020663738	-7.572856e-07	4.7577019e-06	-2.6014449e-06	7.1696135e-06	-6.8154998e-07	-0.00017468716	5.8232972e-05	0.00075105874	0.00074909098	-0.002626855
0.138	1.138	0.1104	0	0	0.84113509	0	0	0	0.88754482	0.84956831	0.00053307193	0.00028098524	-1.4232449e-06	0.0002066009	-7.6347261e-07	4.6515199e-06	-2.5291281e-06	7.1026743e-06	-6.8663563e-07	-0.00017720727	5.9739975e-05	0.00075991804	0.00075792266	-0.0026326942
0.14	1.14	0.112	0	0	0.83774914	0	0	0	0.88529755	0.84548928	0.00054065468	0.0002825719	-1.3339619e-06	0.00020655964	-7.6952567e-07	4.5465766e-06	-2.4593454e-06	7.0369205e-06	-6.9157692e-07	-0.00017973119	6.1264663e-05	0.00076879828	0.00076677547	-0.0026380834
0.142	1.142	0.1136	0	0	0.83434353	0	0	0	0.88303615	0.84137478	0.00054824879	0.00028417129	-1.2474659e-06	0.00020651367	-7.7544934e-07	4.4428529e-06	-2.3920097e-06	6.9723358e-06	-6.9637773e-07	-0.00018225899	6.2807077e-05	0.00077769996	0.00077564988	-0.0026430502
0.144	1.144	0.1152	0	0	0.83091821	0	0	0	0.88076045	0.83722484	0.00055585447	0.00028578375	-1.1636722e-06	0.00020646303	-7.8124794e-07	4.3403303e-06	-2.3270369e-06	6.9089049e-06	-7.0104178e-07	-0.00018479073	6.4367262e-05	0.00078662356	0.00078454638	-0.0026476202
0.146	1.146	0.1168	0	0	0.82747314	0	0	0	0.87847026	0.83303949	0.00056347195	0.00028740963	-1.0824983e-06	0.0002064078	-7.8692556e-07	4.2389916e-06	-2.2643456e-06	6.8466128e-06	-7.0557259e-07	-0.00018732649	6.5945263e-05	0.00079556959	0.00079346547	-0.0026518174
0.148	1.148	0.1184	0	0	0.82400827	0	0	0	0.87616543	0.82881875	0.00057110147	0.00028904927	-1.0038643e-06	0.00020634801	-7.9248606e-07	4.1388204e-06	-2.2038569e-06	6.7854457e-06	-7.0997355e-07	-0.00018986634	6.7541124e-05	0.00080453857	0.00080240764	-0.0026556641
0.15	1.15	0.12	0	0	0.82052355	0	0	0	0.87384576	0.82456268	0.00057874324	0.00029070301	-9.2769221e-07	0.00020628371	-7.9793309e-07	4.0398016e-06	-2.1454948e-06	6.7253905e-06	-7.1424787e-07	-0.00019241035	6.9154893e-05	0.00081353099	0.0008113734	-0.0026591811
0.152	1.152	0.1216	0	0	0.81701895	0	0	0	0.87151107	0.8202713	0.00058639751	0.0002923712	-8.5390647e-07	0.00020621495	-8.0327012e-07	3.9419209e-06	-2.0891857e-06	6.6664347e-06	-7.1839863e-07	-0.00019495861	7.0786618e-05	0.00082254739	0.00082036327	-0.002662388
0.154	1.154	0.1232	0	0	0.81349441	0	0	0	0.86916119	0.81594467	0.00059406452	0.00029405419	-7.8243343e-07	0.00020614176	-8.085004e-07	3.8451649e-06	-2.0348585e-06	6.6085669e-06	-7.2242878e-07	-0.0001975112	7.2436346e-05	0.00083158829	0.00082937775	-0.002665303
0.156	1.156	0.1248	0	0	0.80994991	0	0	0	0.86679591	0.81158282	0.00060174451	0.00029575233	-7.1320146e-07	0.00020606419	-8.1362702e-07	3.7495214e-06	-1.9824443e-06	6.5517763e-06	-7.2634116e-07	-0.00020006818	7.4104129e-05	0.00084065423	0.00083841738	-0.0026679432
0.158	1.158	0.1264	0	0	0.80638539	0	0	0	0.86441505	0.80718583	0.00060943775	0.00029746599	-6.4614085e-07	0.00020598226	-8.1865289e-07	3.6549789e-06	-1.9318765e-06	6.4960529e-06	-7.3013848e-07	-0.00020262965	7.5790016e-05	0.00084974575	0.0008474827	-0.0026703247
0.16	1.16	0.128	0	0	0.80280082	0	0	0	0.8620184	0.80275374	0.00061714448	0.00029919551	-5.8118371e-07	0.000205896	-8.2358077e-07	3.5615269e-06	-1.8830909e-06	6.4413874e-06	-7.3382336e-07	-0.00020519569	7.7494059e-05	0.00085886341	0.00085657424	-0.0026724624
0.162	1.162	0.1296	0	0	0.79919617	0	0	0	0.85960577	0.79828662	0.00062486498	0.00030094128	-5.1826393e-07	0.00020580544	-8.2841326e-07	3.4691555e-06	-1.8360252e-06	6.387771e-06	-7.373983e-07	-0.00020776639	7.9216313e-05	0.00086800776	0.00086569257	-0.0026743706
0.164	1.164	0.1312	0	0	0.79557141	0	0	0	0.85717695	0.79378453	0.0006325995	0.00030270366	-4.5731711e-07	0.00020571061	-8.3315283e-07	3.3778557e-06	-1.7906192e-06	6.3351959e-06	-7.4086572e-07	-0.00021034183	8.095683e-05	0.00087717937	0.00087483825	-0.0026760625
0.166	1.166	0.1328	0	0	0.79192649	0	0	0	0.85473173	0.78924755	0.00064034834	0.00030448303	-3.9828047e-07	0.00020561153	-8.3780179e-07	3.2876192e-06	-1.7468148e-06	6.2836546e-06	-7.4422797e-07	-0.0002129221	8.2715666e-05	0.00088637884	0.00088401185	-0.0026775506
0.168	1.168	0.1344	0	0	0.78826138	0	0	0	0.85226988	0.78467576	0.00064811176	0.00030627976	-3.4109282e-07	0.00020550821	-8.4236235e-07	3.1984385e-06	-1.7045557e-06	6.2331402e-06	-7.4748728e-07	-0.0002155073	8.4492877e-05	0.00089560674	0.00089321396	-0.0026788468
0.17	1.17	0.136	0	0	0.78457607	0	0	0	0.8497912	0.78006924	0.00065589007	0.00030809425	-2.8569449e-07	0.00020540067	-8.4683659e-07	3.1103064e-06	-1.6637875e-06	6.1836465e-06	-7.5064585e-07	-0.00021809753	8.6288522e-05	0.00090486369	0.00090244517	-0.0026799621
0.172	1.172	0.1376	0	0	0.78087053	0	0	0	0.84729546	0.77542808	0.00066368355	0.00030992689	-2.3202727e-07	0.00020528892	-8.5122647e-07	3.0232166e-06	-1.6244575e-06	6.1351674e-06	-7.5370578e-07	-0.00022069287	8.8102658e-05	0.00091415029	0.00091170609	-0.0026809069
0.174	1.174	0.1392	0	0	0.77714472	0	0	0	0.84478244	0.77075238	0.00067149251	0.00031177808	-1.8003437e-07	0.00020517298	-8.5553385e-07	2.9371632e-06	-1.5865149e-06	6.0876977e-06	-7.5666911e-07	-0.00022329344	8.9935346e-05	0.00092346717	0.00092099734	-0.0026816913
0.176	1.176	0.1408	0	0	0.77339864	0	0	0	0.84225189	0.76604224	0.00067931727	0.00031364822	-1.2966033e-07	0.00020505287	-8.5976049e-07	2.8521407e-06	-1.5499103e-06	6.0412321e-06	-7.5953781e-07	-0.00022589932	9.1786647e-05	0.00093281498	0.00093031956	-0.0026823245
0.178	1.178	0.1424	0	0	0.76963225	0	0	0	0.83970358	0.76129776	0.00068715814	0.00031553774	-8.0851002e-08	0.00020492857	-8.6390807e-07	2.7681442e-06	-1.5145963e-06	5.9957661e-06	-7.6231382e-07	-0.00022851064	9.3656624e-05	0.00094219436	0.00093967339	-0.0026828153
0.18	1.18	0.144	0	0	0.76584556	0	0	0	0.83713727	0.75651907	0.00069501545	0.00031744704	-3.3553502e-08	0.00020480011	-8.6797815e-07	2.6851691e-06	-1.4805267e-06	5.9512952e-06	-7.6499899e-07	-0.00023112749	9.5545341e-05	0.00095160598	0.00094905949	-0.0026831722
0.182	1.182	0.1456	0	0	0.76203854	0	0	0	0.8345527	0.75170629	0.00070288953	0.00031937656	1.2283863e-08	0.00020466749	-8.7197226e-07	2.6032112e-06	-1.4476569e-06	5.9078154e-06	-7.6759515e-07	-0.00023374999	9.7452862e-05	0.00096105052	0.00095847853	-0.0026834031
0.184	1.184	0.1472	0	0	0.75821119	0	0	0	0.83194964	0.74685954	0.00071078073	0.00032132673	5.6711626e-08	0.0002045307	-8.758918e-07	2.5222666e-06	-1.4159439e-06	5.8653227e-06	-7.7010406e-07	-0.00023637825	9.9379255e-05	0.00097052867	0.00096793121	-0.0026835154
0.186	1.186	0.1488	0	0	0.7543635	0	0	0	0.82932781	0.74197895	0.0007186894	0.000323298	9.977921e-08	0.00020438975	-8.7973813e-07	2.4423318e-06	-1.3853459e-06	5.8238136e-06	-7.7252745e-07	-0.00023901238	0.00010132459	0.00098004114	0.00097741823	-0.0026835164
0.188	1.188	0.1504	0	0	0.75049547	0	0	0	0.82668696	0.73706469	0.00072661591	0.00032529081	1.4153497e-07	0.00020424465	-8.8351255e-07	2.3634034e-06	-1.3558226e-06	5.7832845e-06	-7.74867e-07	-0.00024165251	0.00010328893	0.00098958867	0.0009869403	-0.0026834129
0.19	1.19	0.152	0	0	0.74660711	0	0	0	0.82402681	0.73211689	0.00073456062	0.00032730564	1.8202624e-07	0.00020409538	-8.8721627e-07	2.2854783e-06	-1.3273349e-06	5.743732e-06	-7.7712436e-07	-0.00024429876	0.00010527235	0.00099917198	0.00099649817	-0.0026832113
0.192	1.192	0.1536	0	0	0.74269841	0	0	0	0.8213471	0.72713572	0.00074252391	0.00032934294	2.2129937e-07	0.00020394194	-8.9085048e-07	2.2085535e-06	-1.2998451e-06	5.705153e-06	-7.7930112e-07	-0.00024695125	0.00010727492	0.0010087918	0.0010060926	-0.0026829177
0.194	1.194	0.1552	0	0	0.7387694	0	0	0	0.81864753	0.72212134	0.00075050618	0.0003314032	2.5939977e-07	0.00020378434	-8.9441628e-07	2.1326264e-06	-1.2733164e-06	5.6675443e-06	-7.8139888e-07	-0.00024961012	0.00010929672	0.001018449	0.0010157243	-0.0026825381
0.196	1.196	0.1568	0	0	0.73482007	0	0	0	0.81592783	0.71707394	0.00075850783	0.00033348691	2.9637194e-07	0.00020362255	-8.9791474e-07	2.0576943e-06	-1.2477136e-06	5.6309028e-06	-7.8341916e-07	-0.0002522755	0.00011133782	0.0010281443	0.0010253941	-0.002682078
0.198	1.198	0.1584	0	0	0.73085046	0	0	0	0.8131877	0.71199369	0.00076652927	0.00033559456	3.3225954e-07	0.00020345658	-9.0134691e-07	1.9837547e-06	-1.2230022e-06	5.5952253e-06	-7.8536348e-07	-0.00025494752	0.0001133983	0.0010378786	0.0010351029	-0.0026815429
0.2	1.2	0.16	0	0	0.72686059	0	0	0	0.81042685	0.7068808	0.00077457093	0.00033772667	3.6710535e-07	0.00020328642	-9.0471376e-07	1.9108051e-06	-1.1991492e-06	5.5605088e-06	-7.8723333e-07	-0.00025762633	0.00011547823	0.0010476525	0.0010448514	-0.0026809378
0.202	1.202	0.1616	0	0	0.72285047	0	0	0	0.80764496	0.70173546	0.00078263323	0.00033988375	4.0095142e-07	0.00020311205	-9.0801624e-07	1.8388431e-06	-1.1761224e-06	5.5267502e-06	-7.8903016e-07	-0.00026031206	0.0001175777	0.0010574671	0.0010546404	-0.0026802677
0.204	1.204	0.1632	0	0	0.71882015	0	0	0	0.80484174	0.6965579	0.00079071664	0.00034206633	4.3383898e-07	0.00020293346	-9.1125527e-07	1.7678664e-06	-1.1538905e-06	5.4939461e-06	-7.9075543e-07	-0.00026300488	0.00011969679	0.0010673232	0.0010644709	-0.0026795373
0.206	1.206	0.1648	0	0	0.71476967	0	0	0	0.80201686	0.69134833	0.00079882159	0.00034427496	4.6580857e-07	0.00020275065	-9.1443175e-07	1.6978726e-06	-1.1324235e-06	5.4620933e-06	-7.9241054e-07	-0.00026570492	0.00012183558	0.0010772217	0.0010743438	-0.0026787513
0.208	1.208	0.1664	0	0	0.71069906	0	0	0	0.79916999	0.68610699	0.00080694858	0.00034651019	4.9690002e-07	0.00020256359	-9.1754652e-07	1.6288592e-06	-1.1116921e-06	5.4311883e-06	-7.939969e-07	-0.00026841235	0.00012399417	0.0010871635	0.0010842599	-0.0026779138
0.21	1.21	0.168	0	0	0.70660837	0	0	0	0.79630082	0.68083412	0.00081509808	0.00034877258	5.2715249e-07	0.00020237228	-9.2060045e-07	1.5608238e-06	-1.0916681e-06	5.4012274e-06	-7.9551587e-07	-0.00027112732	0.00012617262	0.0010971494	0.0010942202	-0.0026770292
0.212	1.212	0.1696	0	0	0.70249767	0	0	0	0.793409	0.67552999	0.0008232706	0.00035106271	5.566045e-07	0.00020217669	-9.2359434e-07	1.4937638e-06	-1.0723239e-06	5.372207e-06	-7.9696884e-07	-0.00027385001	0.00012837105	0.0011071806	0.0011042256	-0.0026761016
0.214	1.214	0.1712	0	0	0.698367	0	0	0	0.79049419	0.67019484	0.00083146663	0.00035338118	5.8529396e-07	0.00020197681	-9.2652899e-07	1.4276768e-06	-1.053633e-06	5.3441229e-06	-7.9835715e-07	-0.00027658058	0.00013058953	0.001117258	0.0011142771	-0.0026751349
0.216	1.216	0.1728	0	0	0.69421644	0	0	0	0.78755604	0.66482897	0.00083968672	0.00035572857	6.132582e-07	0.00020177262	-9.2940521e-07	1.3625598e-06	-1.0355697e-06	5.3169709e-06	-7.9968214e-07	-0.00027931921	0.00013282816	0.0011273825	0.0011243758	-0.0026741329
0.218	1.218	0.1744	0	0	0.69004605	0	0	0	0.78459419	0.65943266	0.0008479314	0.00035810552	6.4053396e-07	0.0002015641	-9.3222378e-07	1.29841e-06	-1.0181088e-06	5.2907464e-06	-8.0094513e-07	-0.00028206608	0.00013508703	0.0011375552	0.0011345226	-0.0026730993
0.22	1.22	0.176	0	0	0.68585592	0	0	0	0.78160828	0.65400621	0.00085620124	0.00036051264	6.6715747e-07	0.00020135123	-9.3498546e-07	1.2352244e-06	-1.0012262e-06	5.2654447e-06	-8.0214745e-07	-0.00028482137	0.00013736625	0.0011477773	0.0011447185	-0.0026720376
0.222	1.222	0.1776	0	0	0.68164613	0	0	0	0.77859793	0.64854994	0.00086449679	0.00036295059	6.9316444e-07	0.00020113399	-9.3769102e-07	1.1729997e-06	-9.8489837e-07	5.2410604e-06	-8.0329041e-07	-0.00028758527	0.0001396659	0.0011580497	0.0011549648	-0.0026709515
0.224	1.224	0.1792	0	0	0.67741676	0	0	0	0.77556278	0.64306417	0.00087281867	0.00036542002	7.1859006e-07	0.00020091237	-9.4034124e-07	1.1117326e-06	-9.6910251e-07	5.2175881e-06	-8.0437531e-07	-0.00029035798	0.0001419861	0.0011683735	0.0011652625	-0.0026698444
0.226	1.226	0.1808	0	0	0.67316793	0	0	0	0.77250242	0.63754924	0.00088116746	0.0003679216	7.4346906e-07	0.00020068632	-9.4293688e-07	1.0514192e-06	-9.5381649e-07	5.1950218e-06	-8.0540345e-07	-0.00029313971	0.00014432695	0.0011787501	0.0011756127	-0.0026687194
0.228	1.228	0.1824	0	0	0.66889972	0	0	0	0.76941647	0.63200551	0.0008895438	0.00037045603	7.678357e-07	0.00020045584	-9.4547872e-07	9.9205585e-07	-9.3901885e-07	5.173355e-06	-8.0637613e-07	-0.00029593065	0.00014668856	0.0011891804	0.0011860166	-0.00266758
0.23	1.23	0.184	0	0	0.66461226	0	0	0	0.76630453	0.62643333	0.00089794832	0.00037302401	7.917238e-07	0.00020022089	-9.4796752e-07	9.3363822e-07	-9.2468874e-07	5.152581e-06	-8.0729464e-07	-0.00029873102	0.00014907102	0.0011996657	0.0011964754	-0.0026664292
0.232	1.232	0.1856	0	0	0.66030567	0	0	0	0.76316619	0.62083309	0.0009063817	0.00037562626	8.1516675e-07	0.00019998145	-9.5040408e-07	8.7616188e-07	-9.1080593e-07	5.1326923e-06	-8.0816027e-07	-0.00030154104	0.00015147446	0.0012102073	0.0012069903	-0.0026652702
0.234	1.234	0.1872	0	0	0.65598006	0	0	0	0.76000104	0.61520518	0.0009148446	0.00037826352	8.381975e-07	0.00019973749	-9.527892e-07	8.1962206e-07	-8.9735078e-07	5.1136811e-06	-8.0897433e-07	-0.00030436095	0.00015389898	0.0012208064	0.0012175627	-0.0026641061
0.236	1.236	0.1888	0	0	0.65163558	0	0	0	0.75680864	0.60955	0.00092333774	0.00038093654	8.6084863e-07	0.00019948899	-9.5512368e-07	7.6401364e-07	-8.8430421e-07	5.0955388e-06	-8.097381e-07	-0.00030719096	0.00015634471	0.0012314643	0.0012281937	-0.0026629398
0.238	1.238	0.1904	0	0	0.64727236	0	0	0	0.75358857	0.60386799	0.00093186183	0.0003836461	8.831523e-07	0.00019923592	-9.5740837e-07	7.0933116e-07	-8.7164767e-07	5.0782563e-06	-8.1045289e-07	-0.00031003132	0.00015881176	0.0012421824	0.0012388848	-0.0026617744
0.24	1.24	0.192	0	0	0.64289056	0	0	0	0.75034039	0.59815958	0.00094041762	0.00038639299	9.0514028e-07	0.00019897824	-9.596441e-07	6.5556878e-07	-8.5936317e-07	5.0618239e-06	-8.1112e-07	-0.00031288229	0.00016130025	0.001252962	0.0012496372	-0.0026606126
0.242	1.242	0.1936	0	0	0.63849034	0	0	0	0.74706365	0.59242521	0.00094900587	0.00038917802	9.2684396e-07	0.00019871594	-9.6183175e-07	6.0272028e-07	-8.4743318e-07	5.046231e-06	-8.1174073e-07	-0.0003157441	0.0001638103	0.0012638046	0.0012604525	-0.0026594573
0.244	1.244	0.1952	0	0	0.63407186	0	0	0	0.7437579	0.58666536	0.00095762738	0.00039200201	9.4829436e-07	0.00019844897	-9.6397221e-07	5.50779e-07	-8.3584068e-07	5.0314665e-06	-8.1231641e-07	-0.00031861703	0.00016634206	0.0012747116	0.001271332	-0.0026583114
0.246	1.246	0.1968	0	0	0.62963529	0	0	0	0.74042268	0.58088052	0.00096628295	0.00039486582	9.6952211e-07	0.00019817731	-9.660664e-07	4.9973785e-07	-8.2456912e-07	5.0175183e-06	-8.1284837e-07	-0.00032150135	0.00016889563	0.0012856845	0.0012822773	-0.0026571777
0.248	1.248	0.1984	0	0	0.62518081	0	0	0	0.73705751	0.57507118	0.00097497343	0.00039777032	9.9055747e-07	0.00019790092	-9.6811528e-07	4.4958928e-07	-8.1360238e-07	5.0043736e-06	-8.1333792e-07	-0.00032439732	0.00017147117	0.0012967249	0.0012932898	-0.0026560587
0.25	1.25	0.2	0	0	0.62070863	0	0	0	0.73366193	0.56923786	0.00098369967	0.0004007164	1.0114303e-06	0.00019761978	-9.7011983e-07	4.0032527e-07	-8.0292479e-07	4.9920187e-06	-8.1378643e-07	-0.00032730525	0.00017406879	0.0013078342	0.0013043712	-0.0026549573
0.252	1.252	0.2016	0	0	0.61621893	0	0	0	0.73023544	0.5633811	0.00099246257	0.00040370498	1.0321702e-06	0.00019733384	-9.7208107e-07	3.5193729e-07	-7.9252107e-07	4.9804387e-06	-8.1419525e-07	-0.00033022543	0.00017668865	0.0013190142	0.001315523	-0.0026538761
0.254	1.254	0.2032	0	0	0.61171194	0	0	0	0.72677756	0.55750145	0.001001263	0.00040673698	1.0528061e-06	0.00019704307	-9.7400005e-07	3.044163e-07	-7.8237636e-07	4.9696182e-06	-8.1456574e-07	-0.00033315816	0.00017933088	0.0013302665	0.0013267469	-0.0026528177
0.256	1.256	0.2048	0	0	0.60718785	0	0	0	0.72328778	0.55159947	0.0010101021	0.00040981338	1.0733668e-06	0.00019674745	-9.7587786e-07	2.5775269e-07	-7.7247617e-07	4.9595404e-06	-8.1489929e-07	-0.00033610376	0.00018199564	0.0013415929	0.0013380446	-0.0026517846
0.258	1.258	0.2064	0	0	0.6026469	0	0	0	0.7197656	0.54567575	0.0010189806	0.00041293515	1.0938806e-06	0.00019644693	-9.7771563e-07	2.1193633e-07	-7.6280637e-07	4.9501873e-06	-8.151973e-07	-0.00033906255	0.00018468306	0.001352995	0.0013494179	-0.0026507793
0.26	1.26	0.208	0	0	0.59808933	0	0	0	0.71621051	0.53973091	0.0010278996	0.0004161033	1.1143753e-06	0.00019614148	-9.7951455e-07	1.669565e-07	-7.5335318e-07	4.9415402e-06	-8.1546119e-07	-0.00034203487	0.00018739331	0.0013644747	0.0013608686	-0.0026498044
0.262	1.262	0.2096	0	0	0.59351538	0	0	0	0.71262198	0.53376556	0.0010368601	0.00041931887	1.1348784e-06	0.00019583106	-9.8127584e-07	1.2280188e-07	-7.4410314e-07	4.9335786e-06	-8.1569238e-07	-0.00034502106	0.00019012654	0.0013760338	0.0013723985	-0.0026488622
0.264	1.264	0.2112	0	0	0.5889253	0	0	0	0.70899949	0.52778035	0.0010458633	0.00042258292	1.1554168e-06	0.00019551563	-9.8300076e-07	7.9460547e-08	-7.3504311e-07	4.9262812e-06	-8.1589234e-07	-0.00034802148	0.0001928829	0.0013876744	0.0013840096	-0.0026479551
0.266	1.266	0.2128	0	0	0.58431936	0	0	0	0.70534252	0.52177593	0.0010549102	0.00042589654	1.176017e-06	0.00019519517	-9.8469065e-07	3.6919964e-08	-7.2616025e-07	4.9196251e-06	-8.1606253e-07	-0.0003510365	0.00019566258	0.0013993983	0.0013957038	-0.0026470853
0.268	1.268	0.2144	0	0	0.57969782	0	0	0	0.70165051	0.515753	0.001064002	0.00042926085	1.1967047e-06	0.00019486962	-9.8634687e-07	-4.8330449e-09	-7.17442e-07	4.9135859e-06	-8.1620444e-07	-0.0003540665	0.00019846572	0.0014112077	0.0014074831	-0.0026462552
0.27	1.27	0.216	0	0	0.57506096	0	0	0	0.69792292	0.50971225	0.0010731399	0.000432677	1.2175055e-06	0.00019453896	-9.8797085e-07	-4.5812295e-08	-7.0887604e-07	4.908138e-06	-8.163196e-07	-0.00035711187	0.00020129251	0.0014231046	0.0014193497	-0.002645467
0.272	1.272	0.2176	0	0	0.57040908	0	0	0	0.69415921	0.50365441	0.001082325	0.00043614617	1.238444e-06	0.00019420315	-9.8956407e-07	-8.6032247e-08	-7.004503e-07	4.9032538e-06	-8.1640954e-07	-0.00036017302	0.00020414312	0.0014350911	0.0014313057	-0.0026447225
0.274	1.274	0.2192	0	0	0.56574248	0	0	0	0.69035883	0.49758021	0.0010915587	0.00043966957	1.2595442e-06	0.00019386214	-9.9112809e-07	-1.2550801e-07	-6.9215295e-07	4.8989044e-06	-8.1647582e-07	-0.00036325037	0.00020701773	0.0014471696	0.0014433534	-0.002644024
0.276	1.276	0.2208	0	0	0.56106145	0	0	0	0.6865212	0.49149042	0.0011008422	0.00044324845	1.2808297e-06	0.0001935159	-9.9266448e-07	-1.6425533e-07	-6.8397234e-07	4.895059e-06	-8.1652004e-07	-0.00036634435	0.00020991653	0.0014593423	0.0014554949	-0.0026433732
0.278	1.278	0.2224	0	0	0.55636633	0	0	0	0.68264577	0.48538583	0.001110177	0.00044688408	1.302323e-06	0.00019316439	-9.9417493e-07	-2.0229059e-07	-6.7589699e-07	4.891685e-06	-8.1654381e-07	-0.00036945542	0.00021283971	0.0014716116	0.0014677327	-0.002642772
0.28	1.28	0.224	0	0	0.55165742	0	0	0	0.67873198	0.47926724	0.0011195643	0.00045057778	1.3240458e-06	0.00019280758	-9.9566114e-07	-2.3963081e-07	-6.679156e-07	4.8887478e-06	-8.1654878e-07	-0.00037258402	0.00021578746	0.0014839799	0.0014800693	-0.002642222
0.282	1.282	0.2256	0	0	0.54693508	0	0	0	0.67477925	0.47313548	0.0011290056	0.00045433092	1.3460191e-06	0.00019244542	-9.9712489e-07	-2.7629358e-07	-6.6001696e-07	4.8862109e-06	-8.1653663e-07	-0.00037573066	0.00021875999	0.0014964499	0.0014925071	-0.0026417249
0.284	1.284	0.2272	0	0	0.54219964	0	0	0	0.67078701	0.4669914	0.0011385025	0.00045814488	1.3682628e-06	0.00019207788	-9.9856805e-07	-3.1229708e-07	-6.5218997e-07	4.8840356e-06	-8.1650907e-07	-0.00037889581	0.00022175749	0.0015090239	0.0015050487	-0.0026412819
0.286	1.286	0.2288	0	0	0.53745145	0	0	0	0.66675468	0.46083588	0.0011480564	0.0004620211	1.3907957e-06	0.00019170492	-9.9999251e-07	-3.4765997e-07	-6.4442357e-07	4.8821808e-06	-8.1646783e-07	-0.00038207999	0.00022478018	0.0015217049	0.0015176968	-0.0026408944
0.288	1.288	0.2304	0	0	0.53269088	0	0	0	0.66268171	0.4546698	0.001157669	0.00046596106	1.4136354e-06	0.00019132651	-1.0014003e-06	-3.8240141e-07	-6.3670673e-07	4.8806032e-06	-8.1641471e-07	-0.00038528374	0.00022782828	0.0015344956	0.0015304543	-0.0026405635
0.29	1.29	0.232	0	0	0.5279183	0	0	0	0.6585675	0.44849409	0.001167342	0.00046996628	1.4367983e-06	0.00019094261	-1.0027933e-06	-4.165409e-07	-6.2902835e-07	4.8792571e-06	-8.1635152e-07	-0.00038850761	0.000230902	0.0015473987	0.0015433239	-0.0026402901
0.292	1.292	0.2336	0	0	0.52313409	0	0	0	0.6544115	0.44230969	0.0011770769	0.00047403834	1.4602993e-06	0.00019055318	-1.0041738e-06	-4.5009826e-07	-6.2137725e-07	4.8780937e-06	-8.1628012e-07	-0.00039175216	0.00023400157	0.0015604174	0.0015563086	-0.0026400749
0.294	1.294	0.2352	0	0	0.51833864	0	0	0	0.65021312	0.43611758	0.0011868757	0.00047817886	1.4841518e-06	0.0001901582	-1.0055438e-06	-4.8309344e-07	-6.1374208e-07	4.8770617e-06	-8.1620241e-07	-0.00039501798	0.00023712723	0.0015735546	0.0015694115	-0.0026399184
0.296	1.296	0.2368	0	0	0.51353235	0	0	0	0.6459718	0.42991873	0.0011967401	0.00048238952	1.5083674e-06	0.00018975762	-1.0069056e-06	-5.1554639e-07	-6.0611119e-07	4.8761067e-06	-8.1612037e-07	-0.00039830569	0.00024027922	0.0015868137	0.0015826358	-0.0026398211
0.298	1.298	0.2384	0	0	0.50871562	0	0	0	0.64168698	0.42371417	0.001206672	0.00048667203	1.5329558e-06	0.00018935143	-1.0082614e-06	-5.4747683e-07	-5.984726e-07	4.8751709e-06	-8.1603598e-07	-0.00040161591	0.00024345778	0.0016001977	0.0015959847	-0.0026397829
0.3	1.3	0.24	0	0	0.50388887	0	0	0	0.63735809	0.41750494	0.0012166735	0.00049102819	1.5579246e-06	0.0001889396	-1.0096137e-06	-5.7890404e-07	-5.9081378e-07	4.8741929e-06	-8.1595134e-07	-0.00040494931	0.00024666316	inf	inf	inf
