lambda	F11	F12	F13	F21	F22	F23	F31	F32	F33	J	P11	P12	P13	P21	P22	P23	P31	P32	P33	p	StrEn	t(1)	t(2)	d
0	1	0	0	0	1	0	0	0	1	1	0	0	0	0	0	0	0	0	0	-0	0	inf	inf	inf
0.002	1.002	0	0	0	0.99906589	0	0	0	0.99914528	1.0002084	4.181617e-06	1.5262679e-07	1.6906199e-07	1.5239603e-07	2.8179292e-09	-6.7087991e-08	1.648031e-07	-7.2024035e-08	-6.4160925e-09	-1.392673e-06	4.1881753e-09	4.1830326e-06	4.152567e-06	-0.0073365616
0.004	1.004	0	0	0	0.9980856	0	0	0	0.9982767	1.0003511	8.1820407e-06	3.068209e-07	3.3506809e-07	3.0444841e-07	5.6368704e-09	-1.300747e-07	3.25845e-07	-1.3918507e-07	-1.2729929e-08	-2.7249825e-06	1.6610268e-08	8.1848739e-06	8.1196805e-06	-0.0080290605
0.006	1.006	0	0	0	0.99705788	0	0	0	0.99736586	1.0003981	1.1775664e-05	4.6263944e-07	4.9608039e-07	4.5663596e-07	8.2152632e-09	-1.8454901e-07	4.8135169e-07	-1.9713994e-07	-1.8403801e-08	-3.9218251e-06	3.6666897e-08	1.1779989e-05	1.1700766e-05	-0.0067707558
0.008	1.008	0	0	0	0.99598381	0	0	0	0.99639838	1.0003358	1.4871335e-05	6.2099426e-07	6.5174511e-07	6.098172e-07	1.0350224e-08	-2.2861551e-07	6.3116497e-07	-2.4359564e-07	-2.3075565e-08	-4.95287e-06	6.3413333e-08	1.4877107e-05	1.4821652e-05	-0.0037414632
0.01	1.01	0	0	0	0.99487584	0	0	0	0.99538665	1.000189	1.7601246e-05	7.8121163e-07	8.0268081e-07	7.634957e-07	1.2149739e-08	-2.6487633e-07	7.7581378e-07	-2.8126537e-07	-2.695389e-08	-5.8621472e-06	9.5953506e-08	1.7608276e-05	1.7578292e-05	-0.0017056999
0.012	1.012	0	0	0	0.99374761	0	0	0	0.99434714	0.99998766	2.0131394e-05	9.4212363e-07	9.496271e-07	9.1673712e-07	1.3772806e-08	-2.9658605e-07	9.1587845e-07	-3.1373615e-07	-3.0379375e-08	-6.7049291e-06	1.337265e-07	2.0139508e-05	2.0121413e-05	-0.00089928438
0.014	1.014	0	0	0	0.99260694	0	0	0	0.99328965	0.99974945	2.2559209e-05	1.1029738e-06	1.093133e-06	1.0689313e-06	1.5311074e-08	-3.256751e-07	1.0518198e-06	-3.4317437e-07	-3.3554215e-08	-7.5136552e-06	1.7643916e-07	2.2568293e-05	2.2553576e-05	-0.00065255161
0.016	1.016	0	0	0	0.9914577	0	0	0	0.99221925	0.99948331	2.4933641e-05	1.2633734e-06	1.2335881e-06	1.2197692e-06	1.6809187e-08	-3.5313594e-07	1.1839934e-06	-3.7070639e-07	-3.657586e-08	-8.3046246e-06	2.2394081e-07	2.4943623e-05	2.4928332e-05	-0.00061338822
0.018	1.018	0	0	0	0.99030184	0	0	0	0.99113863	0.99919388	2.7279914e-05	1.4231373e-06	1.371287e-06	1.3691102e-06	1.8289413e-08	-3.7949705e-07	1.3126854e-06	-3.9693753e-07	-3.9491163e-08	-9.0862374e-06	2.7615249e-07	2.7290742e-05	2.7273082e-05	-0.00064751871
0.02	1.02	0	0	0	0.98914044	0	0	0	0.99004933	0.99888379	2.9611881e-05	1.5821884e-06	1.506466e-06	1.5169043e-06	1.9763542e-08	-4.0506095e-07	1.4381354e-06	-4.2221723e-07	-4.2323696e-08	-9.863107e-06	3.3303313e-07	2.9623513e-05	2.9602644e-05	-0.00070498206
0.022	1.022	0	0	0	0.9879741	0	0	0	0.98895232	0.99855458	3.1937635e-05	1.740509e-06	1.6393233e-06	1.6631508e-06	2.1238137e-08	-4.3001346e-07	1.5605493e-06	-4.4676184e-07	-4.5085935e-08	-1.0637929e-05	3.9456306e-07	3.1950035e-05	3.1925556e-05	-0.00076674861
0.024	1.024	0	0	0	0.9868032	0	0	0	0.9878482	0.99820725	3.4262155e-05	1.8981157e-06	1.7700288e-06	1.807878e-06	2.2716968e-08	-4.5447577e-07	1.6801076e-06	-4.7071355e-07	-4.7784808e-08	-1.1412362e-05	4.6073536e-07	3.427529e-05	3.4247017e-05	-0.00082557812
0.026	1.026	0	0	0	0.98562797	0	0	0	0.98673743	0.99784246	3.6588636e-05	2.0550457e-06	1.8987315e-06	1.9511304e-06	2.420221e-08	-4.7853095e-07	1.7969701e-06	-4.9417058e-07	-5.0424367e-08	-1.2187471e-05	5.3155113e-07	3.6602474e-05	3.6570331e-05	-0.00087893482
0.028	1.028	0	0	0	0.98444855	0	0	0	0.9856203	0.99746067	3.8919192e-05	2.2113481e-06	2.0255631e-06	2.0929622e-06	2.5695077e-08	-5.0223826e-07	1.9112799e-06	-5.1720353e-07	-5.300712e-08	-1.296396e-05	6.0701668e-07	3.8933702e-05	3.8897675e-05	-0.00092621401
0.03	1.03	0	0	0	0.98326504	0	0	0	0.98449706	0.99706219	4.125526e-05	2.367079e-06	2.150641e-06	2.2334329e-06	2.7196185e-08	-5.2564134e-07	2.0231656e-06	-5.3986487e-07	-5.5534751e-08	-1.3742307e-05	6.8714183e-07	4.1270411e-05	4.1230517e-05	-0.00096759911
0.032	1.032	0	0	0	0.98207751	0	0	0	0.98336789	0.99664727	4.3597832e-05	2.5222988e-06	2.274071e-06	2.3726043e-06	2.8705758e-08	-5.4877317e-07	2.1327436e-06	-5.6219458e-07	-5.8008493e-08	-1.4522843e-05	7.7193875e-07	4.3613594e-05	4.3569868e-05	-0.0010035726
0.034	1.034	0	0	0	0.98088598	0	0	0	0.98223292	0.99621608	4.59476e-05	2.6770693e-06	2.3959486e-06	2.5105391e-06	3.0223763e-08	-5.7165913e-07	2.2401199e-06	-5.8422378e-07	-6.0429353e-08	-1.5305798e-05	8.614213e-07	4.5963942e-05	4.5916432e-05	-0.0010347031
0.036	1.036	0	0	0	0.97969048	0	0	0	0.98109227	0.99576876	4.830505e-05	2.8314528e-06	2.5163604e-06	2.647299e-06	3.1749996e-08	-5.9431903e-07	2.345391e-06	-6.059771e-07	-6.2798228e-08	-1.6091334e-05	9.5560448e-07	4.8321943e-05	4.8270701e-05	-0.0010615537
0.038	1.038	0	0	0	0.97849102	0	0	0	0.97994603	0.99530539	5.0670524e-05	2.985511e-06	2.6353854e-06	2.7829445e-06	3.3284137e-08	-6.1676847e-07	2.4486454e-06	-6.2747421e-07	-6.5115977e-08	-1.6879564e-05	1.0545041e-06	5.0687938e-05	5.063302e-05	-0.0010846448
0.04	1.04	0	0	0	0.9772876	0	0	0	0.97879429	0.99482607	5.3044258e-05	3.1393043e-06	2.7530958e-06	2.9175342e-06	3.4825789e-08	-6.3901977e-07	2.5499644e-06	-6.4873095e-07	-6.7383454e-08	-1.7670567e-05	1.1581366e-06	5.3062164e-05	5.3003625e-05	-0.001104442
0.042	1.042	0	0	0	0.97608022	0	0	0	0.97763711	0.99433084	5.5426412e-05	3.2928913e-06	2.8695578e-06	3.0511243e-06	3.6374503e-08	-6.6108266e-07	2.6494228e-06	-6.6976013e-07	-6.9601535e-08	-1.8464395e-05	1.2665186e-06	5.5444782e-05	5.5382678e-05	-0.0011213551
0.044	1.044	0	0	0	0.97486887	0	0	0	0.97647454	0.99381976	5.7817091e-05	3.4463288e-06	2.9848322e-06	3.1837685e-06	3.7929803e-08	-6.8296474e-07	2.7470898e-06	-6.9057209e-07	-7.1771122e-08	-1.9261083e-05	1.3796673e-06	5.7835895e-05	5.7770283e-05	-0.0011357419
0.046	1.046	0	0	0	0.97365353	0	0	0	0.97530664	0.99329284	6.0216357e-05	3.5996712e-06	3.0989751e-06	3.3155178e-06	3.9491193e-08	-7.0467182e-07	2.8430293e-06	-7.111751e-07	-7.3893147e-08	-2.0060652e-05	1.4975997e-06	6.0235568e-05	6.0166502e-05	-0.0011479137
0.048	1.048	0	0	0	0.97243418	0	0	0	0.97413343	0.99275012	6.2624243e-05	3.7529709e-06	3.2120382e-06	3.4464206e-06	4.1058168e-08	-7.2620826e-07	2.9373006e-06	-7.3157571e-07	-7.5968576e-08	-2.0863111e-05	1.6203333e-06	6.2643833e-05	6.2571367e-05	-0.0011581412
0.05	1.05	0	0	0	0.97121082	0	0	0	0.97295495	0.9921916	6.5040756e-05	3.9062776e-06	3.3240695e-06	3.5765225e-06	4.2630226e-08	-7.4757711e-07	3.0299588e-06	-7.5177901e-07	-7.7998398e-08	-2.1668463e-05	1.7478852e-06	6.5060698e-05	6.4984883e-05	-0.0011666595
0.052	1.052	0	0	0	0.96998341	0	0	0	0.97177124	0.99161729	6.7465887e-05	4.0596389e-06	3.4351134e-06	3.7058665e-06	4.4206865e-08	-7.6878032e-07	3.1210553e-06	-7.7178875e-07	-7.998363e-08	-2.2476703e-05	1.8802728e-06	6.7486155e-05	6.7407041e-05	-0.0011736737
0.054	1.054	0	0	0	0.96875194	0	0	0	0.97058232	0.9910272	6.9899613e-05	4.2130999e-06	3.5452111e-06	3.8344929e-06	4.5787595e-08	-7.8981882e-07	3.2106377e-06	-7.9160759e-07	-8.1925307e-08	-2.3287825e-05	2.0175134e-06	6.9920181e-05	6.9837817e-05	-0.0011793625
0.056	1.056	0	0	0	0.96751639	0	0	0	0.9693882	0.99042132	7.2341902e-05	4.3667035e-06	3.6544009e-06	3.9624395e-06	4.7371933e-08	-8.1069269e-07	3.2987508e-06	-8.1123712e-07	-8.382448e-08	-2.4101817e-05	2.1596241e-06	7.2362745e-05	7.2277177e-05	-0.0011838822
0.058	1.058	0	0	0	0.96627673	0	0	0	0.96818891	0.98979964	7.4792714e-05	4.5204904e-06	3.7627184e-06	4.0897416e-06	4.8959409e-08	-8.3140116e-07	3.3854362e-06	-8.3067803e-07	-8.568221e-08	-2.4918664e-05	2.3066221e-06	7.4813806e-05	7.472508e-05	-0.0011873701
0.06	1.06	0	0	0	0.96503293	0	0	0	0.96698446	0.98916216	7.7252003e-05	4.6744988e-06	3.8701971e-06	4.216432e-06	5.0549567e-08	-8.5194275e-07	3.4707331e-06	-8.4993018e-07	-8.7499566e-08	-2.5738351e-05	2.4585244e-06	7.7273321e-05	7.7181479e-05	-0.0011899466
0.062	1.062	0	0	0	0.96378498	0	0	0	0.96577485	0.98850885	7.9719719e-05	4.828765e-06	3.9768677e-06	4.3425414e-06	5.2141962e-08	-8.7231527e-07	3.554678e-06	-8.689926e-07	-8.927762e-08	-2.6560861e-05	2.615348e-06	7.974124e-05	7.9646324e-05	-0.0011917178
0.064	1.064	0	0	0	0.96253284	0	0	0	0.96456011	0.98783971	8.2195812e-05	4.9833232e-06	4.0827594e-06	4.468098e-06	5.3736163e-08	-8.9251592e-07	3.6373052e-06	-8.8786363e-07	-9.1017445e-08	-2.7386177e-05	2.7771097e-06	8.2217511e-05	8.2119561e-05	-0.0011927776
0.066	1.066	0	0	0	0.96127648	0	0	0	0.96334022	0.9871547	8.4680226e-05	5.1382055e-06	4.1878992e-06	4.5931282e-06	5.5331754e-08	-9.1254126e-07	3.7186469e-06	-9.065409e-07	-9.2720109e-08	-2.8214279e-05	2.9438262e-06	8.4702082e-05	8.4601135e-05	-0.0011932089
0.068	1.068	0	0	0	0.96001589	0	0	0	0.96211521	0.98645381	8.7172907e-05	5.2934421e-06	4.2923123e-06	4.717656e-06	5.6928331e-08	-9.323873e-07	3.7987335e-06	-9.2502139e-07	-9.4386674e-08	-2.904515e-05	3.1155142e-06	8.7194899e-05	8.7090992e-05	-0.0011930855
0.07	1.07	0	0	0	0.95875104	0	0	0	0.96088507	0.98573702	8.96738e-05	5.4490615e-06	4.3960225e-06	4.8417037e-06	5.8525503e-08	-9.520495e-07	3.8775934e-06	-9.4330149e-07	-9.6018197e-08	-2.9878769e-05	3.2921902e-06	8.9695905e-05	8.9589073e-05	-0.0011924728
0.072	1.072	0	0	0	0.95748188	0	0	0	0.95964979	0.9850043	9.2182849e-05	5.6050901e-06	4.4990518e-06	4.9652917e-06	6.012289e-08	-9.7152276e-07	3.9552534e-06	-9.6137694e-07	-9.761572e-08	-3.0715119e-05	3.4738705e-06	9.2205047e-05	9.2095322e-05	-0.0011914292
0.074	1.074	0	0	0	0.95620841	0	0	0	0.95840939	0.98425561	9.4699998e-05	5.7615527e-06	4.6014211e-06	5.0884384e-06	6.1720124e-08	-9.9080153e-07	4.0317387e-06	-9.7924294e-07	-9.9180275e-08	-3.1554179e-05	3.6605715e-06	9.472227e-05	9.4609684e-05	-0.0011900068
0.076	1.076	0	0	0	0.95493058	0	0	0	0.95716385	0.98349094	9.7225193e-05	5.9184724e-06	4.7031496e-06	5.2111608e-06	6.331685e-08	-1.0098797e-06	4.1070732e-06	-9.9689413e-07	-1.0071288e-07	-3.2395932e-05	3.8523093e-06	9.724752e-05	9.7132103e-05	-0.0011882523
0.078	1.078	0	0	0	0.95364837	0	0	0	0.95591318	0.98271024	9.9758381e-05	6.0758708e-06	4.8042557e-06	5.333474e-06	6.491272e-08	-1.0287507e-06	4.1812792e-06	-1.0143246e-06	-1.0221454e-07	-3.324036e-05	4.0490999e-06	9.9780744e-05	9.9662523e-05	-0.0011862073
0.08	1.08	0	0	0	0.95236176	0	0	0	0.95465736	0.9819135	0.00010229951	6.2337678e-06	4.9047562e-06	5.4553917e-06	6.6507397e-08	-1.0474076e-06	4.2543777e-06	-1.0315278e-06	-1.0368623e-07	-3.4087443e-05	4.2509594e-06	0.00010232189	0.00010220089	-0.0011839094
0.082	1.082	0	0	0	0.9510707	0	0	0	0.9533964	0.98110066	0.00010484852	6.3921818e-06	5.0046671e-06	5.5769261e-06	6.8100552e-08	-1.0658427e-06	4.3263889e-06	-1.048497e-06	-1.0512894e-07	-3.4937165e-05	4.4579035e-06	0.0001048709	0.00010474716	-0.0011813922
0.084	1.084	0	0	0	0.94977517	0	0	0	0.95213027	0.9802717	0.00010740538	6.5511298e-06	5.1040034e-06	5.6980877e-06	6.9691865e-08	-1.0840481e-06	4.3973313e-06	-1.0652244e-06	-1.0654359e-07	-3.5789508e-05	4.669948e-06	0.00010742774	0.00010730127	-0.0011786861
0.086	1.086	0	0	0	0.94847514	0	0	0	0.95085897	0.97942658	0.00010997002	6.7106273e-06	5.2027789e-06	5.818886e-06	7.1281023e-08	-1.1020155e-06	4.4672229e-06	-1.0817022e-06	-1.0793113e-07	-3.6644455e-05	4.8871085e-06	0.00010999235	0.00010986317	-0.0011758184
0.088	1.088	0	0	0	0.94717058	0	0	0	0.9495825	0.97856527	0.00011254239	6.8706886e-06	5.3010066e-06	5.9393289e-06	7.2867718e-08	-1.1197358e-06	4.5360802e-06	-1.0979218e-06	-1.0929247e-07	-3.750199e-05	5.1094007e-06	0.00011256468	0.00011243282	-0.0011728139
0.09	1.09	0	0	0	0.94586146	0	0	0	0.94830083	0.97768771	0.00011512247	7.0313265e-06	5.3986988e-06	6.0594232e-06	7.445165e-08	-1.1371998e-06	4.6039191e-06	-1.1138741e-06	-1.1062849e-07	-3.8362097e-05	5.3368398e-06	0.00011514469	0.00011501016	-0.0011696948
0.092	1.092	0	0	0	0.94454774	0	0	0	0.94701396	0.97679388	0.00011771019	7.1925526e-06	5.4958668e-06	6.1791742e-06	7.6032524e-08	-1.1543976e-06	4.6707546e-06	-1.1295497e-06	-1.1194007e-07	-3.922476e-05	5.5694413e-06	0.00011773233	0.00011759516	-0.0011664813
0.094	1.094	0	0	0	0.9432294	0	0	0	0.94572187	0.97588374	0.00012030551	7.3543772e-06	5.5925212e-06	6.2985865e-06	7.7610047e-08	-1.1713191e-06	4.7366006e-06	-1.1449385e-06	-1.1322805e-07	-4.0089963e-05	5.8072204e-06	0.00012032756	0.00012018776	-0.0011631918
0.096	1.096	0	0	0	0.9419064	0	0	0	0.94442454	0.97495723	0.00012290839	7.5168095e-06	5.688672e-06	6.4176631e-06	7.9183933e-08	-1.1879534e-06	4.8014706e-06	-1.1600298e-06	-1.1449327e-07	-4.0957694e-05	6.0501923e-06	0.00012293034	0.00012278792	-0.0011598427
0.098	1.098	0	0	0	0.94057871	0	0	0	0.94312197	0.97401432	0.00012551879	7.6798574e-06	5.7843282e-06	6.5364062e-06	8.0753897e-08	-1.2042893e-06	4.8653769e-06	-1.1748127e-06	-1.1573651e-07	-4.1827936e-05	6.2983721e-06	0.00012554062	0.0001253956	-0.0011564493
0.1	1.1	0	0	0	0.93924629	0	0	0	0.94181412	0.97305496	0.00012813667	7.8435276e-06	5.8794985e-06	6.6548168e-06	8.2319659e-08	-1.2203153e-06	4.9283315e-06	-1.1892755e-06	-1.1695858e-07	-4.2700677e-05	6.5517747e-06	0.00012815837	0.00012801077	-0.0011530252
0.102	1.102	0	0	0	0.93790912	0	0	0	0.94050099	0.97207912	0.00013076199	8.0078258e-06	5.9741907e-06	6.7728949e-06	8.3880938e-08	-1.2360192e-06	4.9903456e-06	-1.2034061e-06	-1.1816023e-07	-4.3575903e-05	6.8104152e-06	0.00013078354	0.00013063337	-0.0011495828
0.104	1.104	0	0	0	0.93656717	0	0	0	0.93918256	0.97108673	0.00013339471	8.1727566e-06	6.0684124e-06	6.8906397e-06	8.5437457e-08	-1.2513884e-06	5.0514296e-06	-1.2171919e-06	-1.193422e-07	-4.4453601e-05	7.0743082e-06	0.00013341611	0.00013326337	-0.0011461335
0.106	1.106	0	0	0	0.93522039	0	0	0	0.9378588	0.97007777	0.00013603479	8.3383234e-06	6.1621702e-06	7.0080491e-06	8.6988939e-08	-1.2664099e-06	5.1115935e-06	-1.2306195e-06	-1.2050521e-07	-4.5333758e-05	7.3434687e-06	0.00013605603	0.00013590074	-0.0011426877
0.108	1.108	0	0	0	0.93386875	0	0	0	0.9365297	0.96905217	0.00013868221	8.5045286e-06	6.2554705e-06	7.1251205e-06	8.8535107e-08	-1.2810699e-06	5.1708468e-06	-1.2436753e-06	-1.2164996e-07	-4.6216364e-05	7.6179112e-06	0.00013870327	0.00013854543	-0.0011392548
0.11	1.11	0	0	0	0.93251222	0	0	0	0.93519523	0.96800989	0.00014133691	8.6713735e-06	6.3483192e-06	7.24185e-06	9.0075684e-08	-1.2953544e-06	5.2291982e-06	-1.256345e-06	-1.2277712e-07	-4.7101405e-05	7.8976504e-06	0.0001413578	0.00014119742	-0.0011358434
0.112	1.112	0	0	0	0.93115077	0	0	0	0.93385537	0.96695088	0.00014399889	8.8388584e-06	6.4407215e-06	7.3582332e-06	9.1610393e-08	-1.3092489e-06	5.2866562e-06	-1.2686137e-06	-1.2388735e-07	-4.798887e-05	8.1827008e-06	0.00014401958	0.00014385666	-0.0011324614
0.114	1.114	0	0	0	0.92978435	0	0	0	0.93251009	0.96587509	0.00014666809	9.0069827e-06	6.5326824e-06	7.4742645e-06	9.3138955e-08	-1.3227382e-06	5.3432286e-06	-1.2804659e-06	-1.2498128e-07	-4.8878749e-05	8.473077e-06	0.00014668858	0.00014652314	-0.001129116
0.116	1.116	0	0	0	0.92841294	0	0	0	0.93115938	0.96478247	0.00014934449	9.1757446e-06	6.6242063e-06	7.5899377e-06	9.4661089e-08	-1.3358067e-06	5.3989228e-06	-1.2918856e-06	-1.2605952e-07	-4.9771031e-05	8.7687934e-06	0.00014936477	0.0001491968	-0.0011258139
0.118	1.118	0	0	0	0.9270365	0	0	0	0.92980321	0.96367297	0.00015202807	9.3451414e-06	6.7152975e-06	7.7052458e-06	9.6176513e-08	-1.3484382e-06	5.4537459e-06	-1.3028562e-06	-1.2712265e-07	-5.0665706e-05	9.0698642e-06	0.00015204813	0.00015187764	-0.001122561
0.12	1.12	0	0	0	0.92565499	0	0	0	0.92844155	0.96254654	0.00015471878	9.5151694e-06	6.8059597e-06	7.8201808e-06	9.7684941e-08	-1.360616e-06	5.5077044e-06	-1.3133603e-06	-1.2817125e-07	-5.1562765e-05	9.3763039e-06	0.00015473862	0.0001545656	-0.001119363
0.122	1.122	0	0	0	0.92426837	0	0	0	0.92707438	0.96140312	0.00015741661	9.6858238e-06	6.8961963e-06	7.9347342e-06	9.9186083e-08	-1.3723227e-06	5.5608046e-06	-1.3233802e-06	-1.2920585e-07	-5.2462196e-05	9.6881267e-06	0.00015743622	0.00015726068	-0.0011162249
0.124	1.124	0	0	0	0.9228766	0	0	0	0.92570167	0.96024265	0.00016012153	9.8570991e-06	6.9860103e-06	8.0488965e-06	1.0067965e-07	-1.3835404e-06	5.6130524e-06	-1.3328972e-06	-1.3022698e-07	-5.3363993e-05	1.0005347e-05	0.0001601409	0.00015996283	-0.0011131515
0.126	1.126	0	0	0	0.92147966	0	0	0	0.92432338	0.95906509	0.0001628335	1.0028989e-05	7.0754047e-06	8.1626576e-06	1.0216533e-07	-1.3942508e-06	5.6644533e-06	-1.3418922e-06	-1.3123515e-07	-5.4268145e-05	1.0327978e-05	0.00016285263	0.00016267204	-0.001110147
0.128	1.128	0	0	0	0.9200775	0	0	0	0.9229395	0.95787038	0.00016555252	1.0201484e-05	7.164382e-06	8.2760066e-06	1.0364285e-07	-1.4044346e-06	5.7150126e-06	-1.3503453e-06	-1.3223082e-07	-5.5174644e-05	1.0656035e-05	0.0001655714	0.00016538828	-0.0011072156
0.13	1.13	0	0	0	0.91867008	0	0	0	0.92154999	0.95665845	0.00016827855	1.0374578e-05	7.2529444e-06	8.388932e-06	1.0511187e-07	-1.4140723e-06	5.7647353e-06	-1.3582359e-06	-1.3321447e-07	-5.6083482e-05	1.0989531e-05	0.00016829718	0.00016811153	-0.0011043608
0.132	1.132	0	0	0	0.91725736	0	0	0	0.92015481	0.95542925	0.00017101157	1.054826e-05	7.341094e-06	8.5014213e-06	1.065721e-07	-1.4231433e-06	5.8136259e-06	-1.3655427e-06	-1.3418651e-07	-5.6994652e-05	1.1328481e-05	0.00017102995	0.00017084175	-0.0011015861
0.134	1.134	0	0	0	0.91583931	0	0	0	0.91875395	0.95418273	0.00017375156	1.072252e-05	7.4288327e-06	8.6134616e-06	1.080232e-07	-1.4316269e-06	5.8616891e-06	-1.3722436e-06	-1.3514737e-07	-5.7908145e-05	1.1672898e-05	0.00017376968	0.00017357893	-0.0010988946
0.136	1.136	0	0	0	0.91441588	0	0	0	0.91734737	0.95291883	0.0001764985	1.0897346e-05	7.5161621e-06	8.725039e-06	1.0946486e-07	-1.4395011e-06	5.9089289e-06	-1.3783159e-06	-1.3609742e-07	-5.8823955e-05	1.2022797e-05	0.00017651635	0.00017632305	-0.0010962893
0.138	1.138	0	0	0	0.91298703	0	0	0	0.91593502	0.95163747	0.00017925236	1.1072725e-05	7.6030838e-06	8.8361391e-06	1.1089673e-07	-1.4467437e-06	5.9553495e-06	-1.3837359e-06	-1.3703705e-07	-5.9742074e-05	1.237819e-05	0.00017926995	0.00017907409	-0.0010937729
0.14	1.14	0	0	0	0.91155272	0	0	0	0.91451689	0.95033861	0.00018201314	1.1248644e-05	7.6895992e-06	8.9467466e-06	1.1231848e-07	-1.4533316e-06	6.0009546e-06	-1.3884792e-06	-1.3796658e-07	-6.0662496e-05	1.2739093e-05	0.00018203046	0.00018183202	-0.001091348
0.142	1.142	0	0	0	0.91011291	0	0	0	0.91309294	0.94902217	0.0001847808	1.1425089e-05	7.7757095e-06	9.0568457e-06	1.1372975e-07	-1.4592409e-06	6.0457478e-06	-1.3925206e-06	-1.3888634e-07	-6.1585215e-05	1.3105518e-05	0.00018479786	0.00018459683	-0.001089017
0.144	1.144	0	0	0	0.90866755	0	0	0	0.91166312	0.9476881	0.00018755534	1.1602042e-05	7.8614158e-06	9.1664197e-06	1.1513017e-07	-1.4644471e-06	6.0897328e-06	-1.3958339e-06	-1.3979662e-07	-6.2510224e-05	1.347748e-05	0.00018757212	0.00018736849	-0.001086782
0.146	1.146	0	0	0	0.90721661	0	0	0	0.91022741	0.94633634	0.00019033673	1.1779488e-05	7.9467194e-06	9.2754513e-06	1.1651938e-07	-1.4689246e-06	6.1329127e-06	-1.3983921e-06	-1.4069769e-07	-6.3437517e-05	1.3854992e-05	0.00019035324	0.000190147	-0.0010846452
0.148	1.148	0	0	0	0.90576003	0	0	0	0.90878576	0.94496681	0.00019312496	1.1957408e-05	8.0316211e-06	9.3839222e-06	1.1789698e-07	-1.4726474e-06	6.175291e-06	-1.4001672e-06	-1.4158978e-07	-6.436709e-05	1.4238068e-05	0.00019314121	0.00019293234	-0.0010826087
0.15	1.15	0	0	0	0.90429778	0	0	0	0.90733814	0.94357945	0.00019592002	1.2135783e-05	8.1161222e-06	9.4918137e-06	1.1926258e-07	-1.4755884e-06	6.2168708e-06	-1.4011303e-06	-1.4247311e-07	-6.5298936e-05	1.4626722e-05	0.00019593599	0.00019572448	-0.0010806741
0.152	1.152	0	0	0	0.90282981	0	0	0	0.90588451	0.94217419	0.00019872189	1.2314594e-05	8.2002236e-06	9.5991061e-06	1.2061577e-07	-1.4777198e-06	6.257655e-06	-1.4012514e-06	-1.4334787e-07	-6.6233051e-05	1.5020966e-05	0.00019873759	0.00019852341	-0.0010788435
0.154	1.154	0	0	0	0.90135607	0	0	0	0.90442483	0.94075097	0.00020153055	1.2493817e-05	8.2839263e-06	9.705779e-06	1.2195612e-07	-1.4790126e-06	6.2976469e-06	-1.4004995e-06	-1.4421422e-07	-6.716943e-05	1.5420815e-05	0.00020154598	0.00020132912	-0.0010771183
0.156	1.156	0	0	0	0.89987651	0	0	0	0.90295906	0.93930971	0.00020434599	1.2673431e-05	8.3672316e-06	9.811811e-06	1.2328319e-07	-1.4794372e-06	6.3368493e-06	-1.3988425e-06	-1.4507227e-07	-6.8108068e-05	1.5826283e-05	0.00020436115	0.0002041416	-0.0010755004
0.158	1.158	0	0	0	0.89839109	0	0	0	0.90148715	0.93785034	0.00020716821	1.2853411e-05	8.4501406e-06	9.91718e-06	1.2459652e-07	-1.4789629e-06	6.3752652e-06	-1.3962473e-06	-1.4592213e-07	-6.9048961e-05	1.6237382e-05	0.0002071831	0.00020696083	-0.0010739912
0.16	1.16	0	0	0	0.89689976	0	0	0	0.90000907	0.93637279	0.00020999718	1.3033731e-05	8.5326546e-06	1.0021863e-05	1.2589564e-07	-1.477558e-06	6.4128976e-06	-1.3926793e-06	-1.4676385e-07	-6.9992105e-05	1.6654126e-05	0.00021001181	0.0002097868	-0.0010725923
0.162	1.162	0	0	0	0.89540248	0	0	0	0.89852477	0.934877	0.0002128329	1.3214365e-05	8.6147752e-06	1.0125836e-05	1.2718006e-07	-1.4751899e-06	6.4497495e-06	-1.388103e-06	-1.4759746e-07	-7.0937495e-05	1.7076529e-05	0.00021284727	0.00021261949	-0.001071305
0.164	1.164	0	0	0	0.89389918	0	0	0	0.89703421	0.93336287	0.00021567536	1.3395283e-05	8.6965041e-06	1.0229075e-05	1.2844926e-07	-1.4718247e-06	6.485824e-06	-1.3824814e-06	-1.4842295e-07	-7.188513e-05	1.7504604e-05	0.00021568947	0.0002154589	-0.001070131
0.166	1.166	0	0	0	0.89238982	0	0	0	0.89553733	0.93183035	0.00021852455	1.3576455e-05	8.777843e-06	1.0331553e-05	1.297027e-07	-1.4674276e-06	6.5211241e-06	-1.3757762e-06	-1.4924025e-07	-7.2835004e-05	1.7938365e-05	0.0002185384	0.00021830502	-0.0010690715
0.168	1.168	0	0	0	0.89087434	0	0	0	0.8940341	0.93027934	0.00022138045	1.3757849e-05	8.8587943e-06	1.0433243e-05	1.3093983e-07	-1.4619625e-06	6.5556531e-06	-1.3679478e-06	-1.5004929e-07	-7.3787115e-05	1.8377824e-05	0.00022139405	0.00022115783	-0.0010681279
0.17	1.17	0	0	0	0.8893527	0	0	0	0.89252446	0.92870977	0.00022424307	1.3939432e-05	8.9393602e-06	1.0534117e-05	1.3216006e-07	-1.4553922e-06	6.5894143e-06	-1.358955e-06	-1.5084992e-07	-7.474146e-05	1.8822996e-05	0.00022425642	0.00022401733	-0.0010673015
0.172	1.172	0	0	0	0.88782484	0	0	0	0.89100836	0.92712157	0.00022711239	1.4121167e-05	9.0195435e-06	1.0634147e-05	1.3336277e-07	-1.4476782e-06	6.6224111e-06	-1.348755e-06	-1.5164195e-07	-7.5698036e-05	1.9273893e-05	0.0002271255	0.0002268835	-0.0010665938
0.174	1.174	0	0	0	0.8862907	0	0	0	0.88948577	0.92551464	0.0002299884	1.4303015e-05	9.0993474e-06	1.07333e-05	1.3454732e-07	-1.4387807e-06	6.6546473e-06	-1.3373035e-06	-1.5242514e-07	-7.665684e-05	1.973053e-05	0.00023000127	0.00022975635	-0.0010660061
0.176	1.176	0	0	0	0.88475023	0	0	0	0.88795661	0.92388891	0.0002328711	1.4484938e-05	9.1787755e-06	1.0831546e-05	1.3571305e-07	-1.4286586e-06	6.6861265e-06	-1.3245544e-06	-1.5319919e-07	-7.7617871e-05	2.0192919e-05	0.00023288374	0.00023263586	-0.0010655396
0.178	1.178	0	0	0	0.88320337	0	0	0	0.88642085	0.92224429	0.00023576048	1.4666891e-05	9.2578318e-06	1.092885e-05	1.3685923e-07	-1.4172693e-06	6.716853e-06	-1.3104599e-06	-1.5396375e-07	-7.8581127e-05	2.0661073e-05	0.00023577289	0.00023552202	-0.0010651957
0.18	1.18	0	0	0	0.88165006	0	0	0	0.88487843	0.92058069	0.00023865655	1.4848829e-05	9.3365208e-06	1.1025177e-05	1.3798513e-07	-1.4045688e-06	6.7468309e-06	-1.2949701e-06	-1.5471839e-07	-7.9546604e-05	2.1135007e-05	0.00023866873	0.00023841483	-0.0010649757
0.182	1.182	0	0	0	0.88009025	0	0	0	0.88332929	0.91889802	0.00024155928	1.5030703e-05	9.4148477e-06	1.1120491e-05	1.3908996e-07	-1.3905115e-06	6.7760649e-06	-1.2780334e-06	-1.5546261e-07	-8.0514302e-05	2.1614733e-05	0.00024157125	0.00024131428	-0.0010648811
0.184	1.184	0	0	0	0.87852386	0	0	0	0.88177337	0.91719619	0.00024446868	1.5212462e-05	9.4928183e-06	1.1214753e-05	1.4017288e-07	-1.3750502e-06	6.8045601e-06	-1.2595956e-06	-1.5619585e-07	-8.148422e-05	2.2100264e-05	0.00024448045	0.00024422037	-0.0010649131
0.186	1.186	0	0	0	0.87695084	0	0	0	0.88021062	0.91547511	0.00024738475	1.5394051e-05	9.5704391e-06	1.1307921e-05	1.4123302e-07	-1.358136e-06	6.8323216e-06	-1.2396007e-06	-1.5691744e-07	-8.2456355e-05	2.2591614e-05	0.00024739631	0.0002471331	-0.0010650732
0.188	1.188	0	0	0	0.87537112	0	0	0	0.87864098	0.91373469	0.00025030748	1.557541e-05	9.6477175e-06	1.1399951e-05	1.4226944e-07	-1.3397183e-06	6.8593552e-06	-1.2179901e-06	-1.5762663e-07	-8.3430706e-05	2.3088796e-05	0.00025031885	0.00025005245	-0.0010653627
0.19	1.19	0	0	0	0.87378464	0	0	0	0.87706439	0.91197481	0.00025323686	1.5756477e-05	9.7246615e-06	1.1490799e-05	1.4328116e-07	-1.3197444e-06	6.8856671e-06	-1.1947027e-06	-1.5832257e-07	-8.4407274e-05	2.3591824e-05	0.00025324804	0.00025297842	-0.0010657831
0.192	1.192	0	0	0	0.87219133	0	0	0	0.87548078	0.91019539	0.0002561729	1.5937182e-05	9.8012803e-06	1.1580415e-05	1.4426711e-07	-1.2981601e-06	6.911264e-06	-1.1696745e-06	-1.5900428e-07	-8.5386056e-05	2.410071e-05	0.00025618391	0.00025591102	-0.0010663358
0.194	1.194	0	0	0	0.87059111	0	0	0	0.87389008	0.90839632	0.0002591156	1.6117454e-05	9.8775841e-06	1.1668748e-05	1.4522619e-07	-1.2749086e-06	6.9361533e-06	-1.1428389e-06	-1.5967068e-07	-8.6367052e-05	2.4615468e-05	0.00025912643	0.00025885023	-0.0010670224
0.196	1.196	0	0	0	0.86898393	0	0	0	0.87229224	0.90657749	0.00026206495	1.6297213e-05	9.9535842e-06	1.1755741e-05	1.461572e-07	-1.2499312e-06	6.9603427e-06	-1.1141259e-06	-1.6032054e-07	-8.7350262e-05	2.5136111e-05	0.00026207561	0.00026179606	-0.0010678443
0.198	1.198	0	0	0	0.8673697	0	0	0	0.87068718	0.9047388	0.00026502095	1.6476374e-05	1.0029293e-05	1.1841336e-05	1.4705885e-07	-1.2231669e-06	6.9838409e-06	-1.0834625e-06	-1.6095246e-07	-8.8335685e-05	2.5662652e-05	0.00026503145	0.00026474849	-0.0010688031
0.2	1.2	0	0	0	0.86574835	0	0	0	0.86907483	0.90288012	0.0002679836	1.6654846e-05	1.0104725e-05	1.1925469e-05	1.4792979e-07	-1.1945522e-06	7.0066572e-06	-1.0507717e-06	-1.615649e-07	-8.932332e-05	2.6195105e-05	0.00026799395	0.00026770753	-0.0010699005
0.202	1.202	0	0	0	0.8641198	0	0	0	0.86745512	0.90100135	0.00027095289	1.6832527e-05	1.0179895e-05	1.2008072e-05	1.4876853e-07	-1.1640212e-06	7.028802e-06	-1.0159731e-06	-1.6215611e-07	-9.0313168e-05	2.6733482e-05	0.00027096311	0.00027067318	-0.0010711381
0.204	1.204	0	0	0	0.86248397	0	0	0	0.86582798	0.89910235	0.00027392884	1.7009309e-05	1.0254821e-05	1.2089071e-05	1.4957349e-07	-1.1315049e-06	7.0502863e-06	-9.7898174e-07	-1.6272414e-07	-9.1305229e-05	2.7277798e-05	0.00027393892	0.00027364543	-0.0010725175
0.206	1.206	0	0	0	0.86084078	0	0	0	0.86419331	0.89718301	0.00027691143	1.7185072e-05	1.0329522e-05	1.2168386e-05	1.5034297e-07	-1.0969316e-06	7.0711224e-06	-9.3970849e-07	-1.632668e-07	-9.2299502e-05	2.7828064e-05	0.00027692138	0.00027662428	-0.0010740406
0.208	1.208	0	0	0	0.85919014	0	0	0	0.86255106	0.8952432	0.00027990067	1.7359688e-05	1.0404018e-05	1.2245931e-05	1.5107513e-07	-1.0602267e-06	7.0913235e-06	-8.9805914e-07	-1.6378163e-07	-9.3295987e-05	2.8384295e-05	0.0002799105	0.00027960972	-0.0010757091
0.21	1.21	0	0	0	0.85753197	0	0	0	0.86090112	0.89328278	0.00028289655	1.7533012e-05	1.0478333e-05	1.232161e-05	1.5176797e-07	-1.0213119e-06	7.1109045e-06	-8.5393421e-07	-1.6426586e-07	-9.4294684e-05	2.8946503e-05	0.00028290626	0.00028260175	-0.0010775249
0.212	1.212	0	0	0	0.85586616	0	0	0	0.85924341	0.89130161	0.00028589908	1.7704888e-05	1.0552494e-05	1.2395321e-05	1.5241932e-07	-9.8010558e-07	7.1298812e-06	-8.0722846e-07	-1.6471643e-07	-9.5295593e-05	2.9514702e-05	0.00028590868	0.00028560038	-0.0010794899
0.214	1.214	0	0	0	0.85419263	0	0	0	0.85757785	0.88929953	0.00028890824	1.7875141e-05	1.0626527e-05	1.2466951e-05	1.5302682e-07	-9.3652229e-07	7.1482713e-06	-7.5783026e-07	-1.6512984e-07	-9.6298714e-05	3.0088904e-05	0.00028891774	0.00028860558	-0.0010816061
0.216	1.216	0	0	0	0.85251128	0	0	0	0.85590434	0.88727641	0.00029192405	1.804358e-05	1.0700466e-05	1.2536375e-05	1.535879e-07	-8.9047245e-07	7.1660942e-06	-7.0562106e-07	-1.6550221e-07	-9.7304045e-05	3.0669124e-05	0.00029193345	0.00029161737	-0.0010838755
0.218	1.218	0	0	0	0.85082199	0	0	0	0.85422277	0.88523207	0.00029494649	1.8209991e-05	1.0774344e-05	1.2603455e-05	1.5409974e-07	-8.4186212e-07	7.1833711e-06	-6.5047465e-07	-1.6582915e-07	-9.8311587e-05	3.1255374e-05	0.00029495579	0.00029463572	-0.0010863002
0.22	1.22	0	0	0	0.84912467	0	0	0	0.85253304	0.88316634	0.00029797556	1.8374136e-05	1.0848201e-05	1.266804e-05	1.5455925e-07	-7.9059259e-07	7.2001254e-06	-5.9225637e-07	-1.661057e-07	-9.9321338e-05	3.1847667e-05	0.00029798476	0.00029766064	-0.0010888825
0.222	1.222	0	0	0	0.84741919	0	0	0	0.85083506	0.88107905	0.00030101125	1.853575e-05	1.0922079e-05	1.272996e-05	1.5496304e-07	-7.3656002e-07	7.216383e-06	-5.3082225e-07	-1.663263e-07	-0.0001003333	3.2446016e-05	0.00030102035	0.0003006921	-0.0010916246
0.224	1.224	0	0	0	0.84570543	0	0	0	0.84912869	0.87896999	0.00030405356	1.8694534e-05	1.0996025e-05	1.2789027e-05	1.5530736e-07	-6.7965504e-07	7.2321722e-06	-4.6601792e-07	-1.6648465e-07	-0.00010134746	3.3050435e-05	0.00030406255	0.00030373011	-0.0010945288
0.226	1.226	0	0	0	0.84398326	0	0	0	0.84741381	0.87683897	0.00030710247	1.8850153e-05	1.1070091e-05	1.2845029e-05	1.5558807e-07	-6.1976222e-07	7.2475244e-06	-3.9767755e-07	-1.6657361e-07	-0.00010236383	3.3660937e-05	0.00030711135	0.00030677463	-0.0010975976
0.228	1.228	0	0	0	0.84225255	0	0	0	0.84569031	0.87468576	0.00031015796	1.900223e-05	1.1144334e-05	1.2897729e-05	1.5580057e-07	-5.5675965e-07	7.2624741e-06	-3.2562241e-07	-1.665851e-07	-0.00010338239	3.4277534e-05	0.00031016672	0.00030982565	-0.0011008336
0.23	1.23	0	0	0	0.84051316	0	0	0	0.84395803	0.87251013	0.00031322002	1.9150335e-05	1.1218818e-05	1.2946859e-05	1.5593974e-07	-4.9051828e-07	7.2770595e-06	-2.4965947e-07	-1.6650992e-07	-0.00010440315	3.490024e-05	0.00031322865	0.00031288315	-0.0011042392
0.232	1.232	0	0	0	0.83876492	0	0	0	0.84221684	0.87031183	0.00031628863	1.9293983e-05	1.1293613e-05	1.2992117e-05	1.5599987e-07	-4.2090141e-07	7.2913227e-06	-1.6957963e-07	-1.6633762e-07	-0.0001054261	3.5529067e-05	0.00031629711	0.0003159471	-0.0011078171
0.234	1.234	0	0	0	0.83700766	0	0	0	0.84046657	0.86809057	0.00031936375	1.943262e-05	1.1368796e-05	1.3033158e-05	1.5597458e-07	-3.4776404e-07	7.3053102e-06	-8.5155777e-08	-1.6605625e-07	-0.00010645122	3.6164028e-05	0.00031937206	0.00031901745	-0.0011115702
0.236	1.236	0	0	0	0.83524121	0	0	0	0.83870704	0.86584604	0.00032244535	1.956561e-05	1.1444451e-05	1.3069591e-05	1.5585669e-07	-2.7095216e-07	7.3190731e-06	3.8593687e-09	-1.6565216e-07	-0.00010747852	3.6805136e-05	0.00032245345	0.00032209416	-0.0011155011
0.238	1.238	0	0	0	0.83346537	0	0	0	0.83693807	0.86357792	0.00032553337	1.9692226e-05	1.1520673e-05	1.3100968e-05	1.5563812e-07	-1.9030221e-07	7.3326679e-06	9.7735765e-08	-1.6510968e-07	-0.00010850797	3.7452405e-05	0.00032554124	0.00032517717	-0.0011196126
0.24	1.24	0	0	0	0.83167991	0	0	0	0.83515946	0.86128582	0.00032862777	1.981163e-05	1.1597563e-05	1.3126773e-05	1.5530975e-07	-1.0564038e-07	7.3461566e-06	1.9676877e-07	-1.6441082e-07	-0.00010953956	3.8105845e-05	0.00032863535	0.00032826641	-0.0011239074
0.242	1.242	0	0	0	0.82988459	0	0	0	0.83337096	0.85896933	0.00033172846	1.9922854e-05	1.1675232e-05	1.3146415e-05	1.5486124e-07	-1.678221e-08	7.359607e-06	3.012822e-07	-1.6353482e-07	-0.00011057326	3.876547e-05	0.00033173571	0.0003313618	-0.0011283879
0.244	1.244	0	0	0	0.82807915	0	0	0	0.83157232	0.85662797	0.00033483535	2.0024776e-05	1.1753802e-05	1.3159208e-05	1.5428084e-07	7.6467741e-08	7.3730932e-06	4.1163154e-07	-1.6245773e-07	-0.00011160906	3.9431292e-05	0.0003348422	0.00033446323	-0.0011330562
0.246	1.246	0	0	0	0.82626327	0	0	0	0.82976325	0.85426121	0.00033794833	2.0116091e-05	1.1833402e-05	1.316436e-05	1.535552e-07	1.7431575e-07	7.3866956e-06	5.2820747e-07	-1.6115179e-07	-0.00011264691	4.0103323e-05	0.0003379547	0.00033757058	-0.0011379137
0.248	1.248	0	0	0	0.82443662	0	0	0	0.82794342	0.85186842	0.00034106726	2.0195281e-05	1.1914171e-05	1.3160947e-05	1.5266903e-07	2.7697826e-07	7.4005003e-06	6.5143928e-07	-1.595848e-07	-0.00011368678	4.0781575e-05	0.00034107305	0.00034068367	-0.0011429607
0.25	1.25	0	0	0	0.8225988	0	0	0	0.82611245	0.84944889	0.00034419196	2.026057e-05	1.1996253e-05	1.3147898e-05	1.5160489e-07	3.8468025e-07	7.4145988e-06	7.8179816e-07	-1.5771931e-07	-0.00011472862	4.1466058e-05	0.00034419706	0.00034380231	-0.0011481957
0.252	1.252	0	0	0	0.82074935	0	0	0	0.82426992	0.84700179	0.00034732222	2.0309882e-05	1.2079796e-05	1.312396e-05	1.5034278e-07	4.9765218e-07	7.4290865e-06	9.1979985e-07	-1.5551166e-07	-0.00011577235	4.2156784e-05	0.00034732647	0.00034692625	-0.0011536145
0.254	1.254	0	0	0	0.81888775	0	0	0	0.8224153	0.84452613	0.00035045775	2.0340785e-05	1.2164946e-05	1.308767e-05	1.4885979e-07	6.1612491e-07	7.4440598e-06	1.0660061e-06	-1.5291093e-07	-0.0001168179	4.2853763e-05	0.00035046099	0.0003500552	-0.0011592086
0.256	1.256	0	0	0	0.81701338	0	0	0	0.820548	0.84202077	0.00035359821	2.0350432e-05	1.2251838e-05	1.3037325e-05	1.4712963e-07	7.4032154e-07	7.4596123e-06	1.2210238e-06	-1.4985764e-07	-0.00011786516	4.3557005e-05	0.00035360024	0.00035318879	-0.0011649631
0.258	1.258	0	0	0	0.8151255	0	0	0	0.81866732	0.8394843	0.00035674318	2.0335495e-05	1.2340583e-05	1.2970938e-05	1.451222e-07	8.704449e-07	7.4758282e-06	1.3855012e-06	-1.4628235e-07	-0.00011891401	4.4266518e-05	0.00035674375	0.00035632654	-0.0011708536
0.26	1.26	0	0	0	0.81322325	0	0	0	0.81677241	0.83691508	0.00035989214	2.0292097e-05	1.2431248e-05	1.2886205e-05	1.4280311e-07	1.0066592e-06	7.4927725e-06	1.560118e-06	-1.4210401e-07	-0.00011996428	4.4982311e-05	0.00035989094	0.0003594679	-0.0011768418
0.262	1.262	0	0	0	0.81130558	0	0	0	0.81486227	0.8343111	0.0003630444	2.0215746e-05	1.2523832e-05	1.2780467e-05	1.4013315e-07	1.1490633e-06	7.5104768e-06	1.7455683e-06	-1.3722822e-07	-0.00012101577	4.570439e-05	0.00036304108	0.00036261216	-0.0011828689
0.264	1.264	0	0	0	0.80937124	0	0	0	0.81293566	0.83166996	0.00036619916	2.0101286e-05	1.261822e-05	1.2650691e-05	1.3706791e-07	1.297654e-06	7.5289192e-06	1.942533e-06	-1.3154547e-07	-0.00012206823	4.6432759e-05	0.00036619328	0.00036575845	-0.0011888473
0.266	1.266	0	0	0	0.80741872	0	0	0	0.81099113	0.82898873	0.00036935538	1.9942875e-05	1.2714137e-05	1.2493462e-05	1.3355737e-07	1.4522754e-06	7.5479958e-06	2.1516378e-06	-1.2492925e-07	-0.00012312134	4.7167423e-05	0.00036934641	0.0003689057	-0.0011946493
0.268	1.268	0	0	0	0.80544622	0	0	0	0.8090269	0.82626387	0.00037251181	1.9734018e-05	1.2811068e-05	1.2305011e-05	1.2954569e-07	1.6125542e-06	7.5674829e-06	2.3733941e-06	-1.1723448e-07	-0.00012417471	4.7908382e-05	0.0003724991	0.00037205261	-0.0012000926
0.27	1.27	0	0	0	0.80345154	0	0	0	0.80704081	0.82349109	0.00037566687	1.9467683e-05	1.2908163e-05	1.20813e-05	1.2497109e-07	1.7778182e-06	7.586987e-06	2.6081218e-06	-1.0829613e-07	-0.00012522785	4.8655634e-05	0.00037564966	0.00037519758	-0.0012049232
0.272	1.272	0	0	0	0.80143206	0	0	0	0.80503028	0.82066524	0.00037881866	1.9136539e-05	1.3004123e-05	1.1818175e-05	1.1976599e-07	1.947001e-06	7.6058822e-06	2.8558527e-06	-9.7928409e-08	-0.00012628017	4.9409172e-05	0.00037879601	0.00037833868	-0.0012087955
0.274	1.274	0	0	0	0.79938461	0	0	0	0.80299218	0.81778007	0.00038196485	1.8733355e-05	1.3097051e-05	1.1511621e-05	1.1385713e-07	2.1185377e-06	7.6232354e-06	3.1162215e-06	-8.592468e-08	-0.00012733093	5.0168988e-05	0.00038193562	0.00038147356	-0.0012112501
0.276	1.276	0	0	0	0.79730539	0	0	0	0.80092274	0.81482811	0.0003851026	1.8251602e-05	1.3184291e-05	1.1158134e-05	1.07166e-07	2.2902615e-06	7.637721e-06	3.3883494e-06	-7.2058433e-08	-0.00012837924	5.0935067e-05	0.00038506542	0.00038459941	-0.0012116879
0.278	1.278	0	0	0	0.79518987	0	0	0	0.79881747	0.81180038	0.00038822853	1.7686302e-05	1.3262268e-05	1.0755232e-05	9.9609484e-08	2.4593151e-06	7.6475353e-06	3.6707337e-06	-5.6086324e-08	-0.00012942402	5.1707386e-05	0.00038818174	0.00038771287	-0.0012093367
0.28	1.28	0	0	0	0.79303265	0	0	0	0.79667098	0.8086862	0.00039133856	1.703515e-05	1.3326354e-05	1.0302128e-05	9.1101707e-08	2.6220967e-06	7.6503258e-06	3.9611495e-06	-3.7755393e-08	-0.00013046397	5.2485918e-05	0.00039128018	0.00039080995	-0.0012032046
0.282	1.282	0	0	0	0.79082736	0	0	0	0.79447689	0.80547299	0.00039442797	1.6299952e-05	1.3370842e-05	9.8005735e-06	8.1558838e-08	2.7742674e-06	7.6431724e-06	4.2565682e-06	-1.6819019e-08	-0.00013149757	5.3270626e-05	0.00039435559	0.00039388607	-0.0011920182
0.284	1.284	0	0	0	0.78856673	0	0	0	0.79222794	0.80214639	0.00039749138	1.5488347e-05	1.3389149e-05	9.2558547e-06	7.0910151e-08	2.9108692e-06	7.6226886e-06	4.553099e-06	6.9307672e-09	-0.00013252307	5.4061462e-05	0.00039740221	0.00039693614	-0.0011741709
0.286	1.286	0	0	0	0.78624299	0	0	0	0.78991628	0.79869106	0.00040052324	1.4615549e-05	1.3374453e-05	8.6777803e-06	5.9119357e-08	3.0266319e-06	7.585345e-06	4.8459861e-06	3.3606e-08	-0.00013353866	5.485837e-05	0.00040041408	0.00039995502	-0.0011477767
0.288	1.288	0	0	0	0.78384881	0	0	0	0.78753448	0.79509266	0.00040351861	1.3705372e-05	1.3320953e-05	8.0812077e-06	4.6217288e-08	3.1165655e-06	7.5281218e-06	5.1297555e-06	6.3139878e-08	-0.00013454266	5.5661283e-05	0.00040338602	0.00040293836	-0.0011110122
0.29	1.29	0	0	0	0.78137897	0	0	0	0.78507716	0.79134119	0.00040647456	1.2789146e-05	1.3225665e-05	7.4852947e-06	3.2337101e-08	3.1768535e-06	7.4494502e-06	5.3986594e-06	9.5202209e-08	-0.00013553403	5.6470124e-05	0.0004063152	0.00040588379	-0.0010628848
0.292	1.292	0	0	0	0.77883225	0	0	0	0.7825429	0.78743479	0.0004093916	1.1901343e-05	1.3090073e-05	6.9107947e-06	1.7729351e-08	3.2058099e-06	7.3500896e-06	5.64749e-06	1.2916949e-07	-0.00013651283	5.7284818e-05	0.00040920266	0.00040879216	-0.001004168
0.294	1.294	0	0	0	0.77621243	0	0	0	0.77993527	0.78338172	0.00041227436	1.1072658e-05	1.2920489e-05	6.3758922e-06	2.7336513e-09	3.2043909e-06	7.2333369e-06	5.8725396e-06	1.6420355e-07	-0.00013748043	5.8105293e-05	0.00041205395	0.00041166793	-0.00093771242
0.296	1.296	0	0	0	0.77352755	0	0	0	0.77726219	0.7791989	0.00041513074	1.0323867e-05	1.2726549e-05	5.8925888e-06	-1.2289191e-08	3.1758592e-06	7.1042531e-06	6.0722149e-06	1.9942358e-07	-0.00013843929	5.8931489e-05	0.00041487811	0.00041451848	-0.0008675906
0.298	1.298	0	0	0	0.77078789	0	0	0	0.77453383	0.77490768	0.00041797016	9.6637141e-06	1.2518667e-05	5.4655608e-06	-2.7028208e-08	3.1247726e-06	6.9683266e-06	6.246965e-06	2.3407926e-07	-0.0001393924	5.9763366e-05	0.00041768553	0.00041735263	-0.00079765114
0.3	1.3	0	0	0	0.76800371	0	0	0	0.77176044	0.77052935	0.00042080174	9.0909925e-06	1.2305901e-05	5.0935171e-06	-4.1261418e-08	3.0558949e-06	6.8303369e-06	6.3986728e-06	2.676415e-07	-0.00014034271	6.06009e-05	inf	inf	inf
