lambda	F11	F12	F13	F21	F22	F23	F31	F32	F33	J	P11	P12	P13	P21	P22	P23	P31	P32	P33	p	StrEn	t(1)	t(2)	d
0	1	0	0	0	1	0	0	0	1	1	0	0	0	0	0	0	0	0	0	-0	0	inf	inf	inf
-0.002	0.998	0	0	0	0.998	0	0	0	1.0016244	0.99762194	-2.8079278e-05	2.7168842e-07	1.5427712e-08	2.8264163e-07	-2.8397474e-05	1.5071263e-07	-6.6790246e-09	5.7804392e-08	4.4614295e-10	1.8825435e-05	5.6753424e-08	-5.6477116e-05	-5.4387692e-05	-0.038417213
-0.004	0.996	0	0	0	0.996	0	0	0	1.0032611	0.99525106	-4.8807222e-05	3.1579446e-07	1.8217158e-07	3.3279515e-07	-4.9494155e-05	1.0750706e-06	2.1452741e-07	-2.787175e-07	1.1089549e-08	3.2763429e-05	2.1755077e-07	-9.8310304e-05	-9.5391352e-05	-0.030599761
-0.006	0.994	0	0	0	0.994	0	0	0	1.0048443	0.99282236	-6.0589063e-05	1.2253651e-07	5.1589193e-07	1.3802364e-07	-6.130222e-05	1.9561112e-06	5.8875519e-07	-5.6812131e-07	1.9252125e-08	4.0624011e-05	4.3831883e-07	-0.00012190628	-0.00012144124	-0.00382932
-0.008	0.992	0	0	0	0.992	0	0	0	1.0063768	0.99033918	-7.1025237e-05	5.7753025e-08	1.0053555e-06	7.059678e-08	-7.1690916e-05	2.5905669e-06	1.1108316e-06	-7.2247076e-07	2.384226e-08	4.7564104e-05	7.0331574e-07	-0.00014273411	-0.0001420858	-0.0045628352
-0.01	0.99	0	0	0	0.99	0	0	0	1.0078568	0.9878004	-7.9792192e-05	5.8874245e-08	1.6693748e-06	6.8010992e-08	-8.0372209e-05	3.1073359e-06	1.8156407e-06	-8.2185354e-07	2.6892414e-08	5.3379169e-05	1.006662e-06	-0.0001601839	-0.00015937438	-0.0050793412
-0.012	0.988	0	0	0	0.988	0	0	0	1.009277	0.98519972	-8.6626103e-05	1.5931579e-07	2.3787362e-06	1.6311429e-07	-8.6984205e-05	3.5567286e-06	2.57398e-06	-8.8320895e-07	2.9230095e-08	5.7860359e-05	1.3408133e-06	-0.00017363061	-0.00017292107	-0.0041032396
-0.014	0.986	0	0	0	0.986	0	0	0	1.0106351	0.98253536	-9.1892109e-05	3.4683962e-07	2.8775547e-06	3.4230374e-07	-9.187902e-05	3.9869424e-06	3.1196708e-06	-8.9159727e-07	3.000315e-08	6.1247042e-05	1.6983463e-06	-0.00018379113	-0.000183289	-0.0027395745
-0.016	0.984	0	0	0	0.984	0	0	0	1.011944	0.9798209	-9.61869e-05	5.1455094e-07	3.087613e-06	4.9928539e-07	-9.5718423e-05	4.3981464e-06	3.3658056e-06	-8.7029509e-07	2.8496807e-08	6.3958942e-05	2.0739693e-06	-0.00019192376	-0.00019157897	-0.0017997394
-0.018	0.982	0	0	0	0.982	0	0	0	1.0132233	0.97707554	-9.996316e-05	6.1622454e-07	3.146883e-06	5.8989685e-07	-9.8991918e-05	4.7630766e-06	3.4531879e-06	-8.6179658e-07	2.5908245e-08	6.6309723e-05	2.4646622e-06	-0.00019897152	-0.00019870577	-0.0013374081
-0.02	0.98	0	0	0	0.98	0	0	0	1.0144832	0.97430968	-0.00010345268	6.6995773e-07	3.1569893e-06	6.3318752e-07	-0.00010194196	5.0811715e-06	3.4878465e-06	-8.7416057e-07	2.3248649e-08	6.8457132e-05	2.8687924e-06	-0.0002054092	-0.00020518119	-0.001111246
-0.022	0.978	0	0	0	0.978	0	0	0	1.0157279	0.9715275	-0.00010676524	6.9655786e-07	3.1575108e-06	6.5012729e-07	-0.00010468052	5.3628027e-06	3.5116063e-06	-9.0119912e-07	2.0879891e-08	7.0474959e-05	3.285387e-06	-0.00021145868	-0.00021124998	-0.00098793446
-0.024	0.976	0	0	0	0.976	0	0	0	1.016959	0.96873076	-0.00010995733	7.0846584e-07	3.1623096e-06	6.5309184e-07	-0.00010726386	5.6173683e-06	3.5393415e-06	-9.3638732e-07	1.8876121e-08	7.2400771e-05	3.7137923e-06	-0.00021723275	-0.00021703434	-0.00091415825
-0.026	0.974	0	0	0	0.974	0	0	0	1.0181771	0.9659202	-0.00011306081	7.1243318e-07	3.176149e-06	6.4872812e-07	-0.00010972299	5.8516213e-06	3.5763062e-06	-9.7515327e-07	1.7216246e-08	7.4255528e-05	4.1535243e-06	-0.00022279423	-0.00022260125	-0.0008669482
-0.028	0.972	0	0	0	0.972	0	0	0	1.0193823	0.96309612	-0.00011609497	7.1212712e-07	3.2004944e-06	6.406073e-07	-0.00011207624	6.0702432e-06	3.624236e-06	-1.014545e-06	1.5852381e-08	7.6051787e-05	4.6041973e-06	-0.00022818072	-0.0002279903	-0.00083517326
-0.03	0.97	0	0	0	0.97	0	0	0	1.0205745	0.96025857	-0.00011907213	7.0958582e-07	3.2355709e-06	6.3068885e-07	-0.00011433503	6.276519e-06	3.6835268e-06	-1.0526814e-06	1.4732549e-08	7.7797473e-05	5.0654855e-06	-0.00023341588	-0.0002332263	-0.00081288818
-0.032	0.968	0	0	0	0.968	0	0	0	1.0217534	0.95740746	-0.00012200036	7.0597126e-07	3.2811316e-06	6.2007247e-07	-0.00011650678	6.4728137e-06	3.7540541e-06	-1.0883567e-06	1.3807801e-08	7.9497777e-05	5.5371025e-06	-0.00023851523	-0.00023832536	-0.00079666945
-0.034	0.966	0	0	0	0.966	0	0	0	1.0229186	0.95454263	-0.00012488508	7.0196059e-07	3.3367494e-06	6.0938667e-07	-0.00011859652	6.6608775e-06	3.8354875e-06	-1.1207899e-06	1.3034047e-08	8.1156187e-05	6.018787e-06	-0.00024348914	-0.00024329829	-0.00078442697
-0.036	0.964	0	0	0	0.964	0	0	0	1.0240696	0.9516638	-0.00012772979	6.9795509e-07	3.4019238e-06	5.9899489e-07	-0.0001206078	6.8420403e-06	3.9274068e-06	-1.1494717e-06	1.2372127e-08	8.2775071e-05	6.5102956e-06	-0.00024834466	-0.00024815239	-0.0007748241
-0.038	0.962	0	0	0	0.962	0	0	0	1.0252059	0.94877067	-0.00013053661	6.9419486e-07	3.4761065e-06	5.8910823e-07	-0.00012254327	7.017337e-06	4.0293312e-06	-1.1740689e-06	1.1787371e-08	8.4356033e-05	7.0113965e-06	-0.00025308654	-0.00025289258	-0.0007669731
-0.04	0.96	0	0	0	0.96	0	0	0	1.0263269	0.94586286	-0.00013330655	6.9082372e-07	3.5586919e-06	5.7984869e-07	-0.00012440507	7.1875902e-06	4.1407106e-06	-1.1943653e-06	1.1249096e-08	8.5900124e-05	7.5218659e-06	-0.00025771788	-0.0002575221	-0.00076026486
-0.042	0.958	0	0	0	0.958	0	0	0	1.0274318	0.94293993	-0.00013603956	6.8792652e-07	3.648989e-06	5.7128563e-07	-0.0001261951	7.3534684e-06	4.2608944e-06	-1.2102208e-06	1.0730176e-08	8.7407975e-05	8.0414849e-06	-0.00026224054	-0.00026204289	-0.0007542684
-0.044	0.956	0	0	0	0.956	0	0	0	1.0285199	0.94000135	-0.00013873462	6.8555096e-07	3.7461805e-06	5.6345686e-07	-0.00012791522	7.5155279e-06	4.3890874e-06	-1.2215432e-06	1.0206771e-08	8.8879878e-05	8.5700375e-06	-0.00026665535	-0.00026645586	-0.00074866805
-0.046	0.954	0	0	0	0.954	0	0	0	1.0295902	0.93704651	-0.00014138968	6.8371999e-07	3.8492729e-06	5.5638089e-07	-0.00012956745	7.6742478e-06	4.5242946e-06	-1.2282641e-06	9.6581956e-09	9.0315823e-05	9.1073084e-06	-0.00027096225	-0.00027076101	-0.00074322156
-0.048	0.952	0	0	0	0.952	0	0	0	1.0306417	0.93407467	-0.00014400147	6.824385e-07	3.9570384e-06	5.5006373e-07	-0.00013115411	7.8300598e-06	4.6652549e-06	-1.230316e-06	9.0669628e-09	9.1715505e-05	9.6530815e-06	-0.0002751603	-0.00027495746	-0.00073772936
-0.05	0.95	0	0	0	0.95	0	0	0	1.031673	0.93108493	-0.00014656535	6.8169617e-07	4.0679491e-06	5.4450201e-07	-0.00013267799	7.9833793e-06	4.8103664e-06	-1.2276075e-06	8.419006e-09	9.3078308e-05	1.0207138e-05	-0.00027924764	-0.00027904338	-0.00073200872
-0.052	0.948	0	0	0	0.948	0	0	0	1.0326828	0.92807615	-0.000149075	6.8146747e-07	4.1801073e-06	5.3968361e-07	-0.00013414249	8.1346386e-06	4.9576056e-06	-1.2199933e-06	7.7040842e-09	9.4403263e-05	1.0769255e-05	-0.00028322134	-0.0002830159	-0.00072586761
-0.054	0.946	0	0	0	0.946	0	0	0	1.033669	0.92504694	-0.00015152204	6.8170973e-07	4.291181e-06	5.355863e-07	-0.00013555181	8.2843252e-06	5.1044495e-06	-1.2072376e-06	6.9163649e-09	9.5688978e-05	1.1339202e-05	-0.00028707722	-0.00028687093	-0.00071907356
-0.056	0.944	0	0	0	0.944	0	0	0	1.0346294	0.92199552	-0.00015389566	6.8235979e-07	4.3983627e-06	5.3217474e-07	-0.00013691108	8.4330264e-06	5.2478228e-06	-1.1889712e-06	6.0551274e-09	9.6933563e-05	1.1916739e-05	-0.00029080961	-0.0002906029	-0.00071131295
-0.058	0.942	0	0	0	0.942	0	0	0	1.0355612	0.91891971	-0.00015618229	6.8333051e-07	4.4983853e-06	5.2939651e-07	-0.00013822649	8.5814761e-06	5.3841047e-06	-1.1646437e-06	5.1254262e-09	9.8134552e-05	1.2501613e-05	-0.00029441113	-0.00029420456	-0.00070213979
-0.06	0.94	0	0	0	0.94	0	0	0	1.0364609	0.91581684	-0.00015836557	6.845088e-07	4.5876494e-06	5.2717817e-07	-0.00013950521	8.7305968e-06	5.5092583e-06	-1.1334848e-06	4.1383798e-09	9.928888e-05	1.3093557e-05	-0.0002978726	-0.00029766694	-0.00069092631
-0.062	0.938	0	0	0	0.938	0	0	0	1.0373246	0.91268385	-0.000160427	6.8575805e-07	4.6625234e-06	5.254232e-07	-0.00014075504	8.8815152e-06	5.6191513e-06	-1.094493e-06	3.1105351e-09	0.00010039298	1.3692281e-05	-0.00030118335	-0.00030097963	-0.00067685939
-0.064	0.936	0	0	0	0.936	0	0	0	1.0381482	0.90951751	-0.0001623476	6.8692784e-07	4.7198502e-06	5.2401434e-07	-0.00014198364	9.0355225e-06	5.7101122e-06	-1.0464887e-06	2.0616757e-09	0.00010144306	1.4297476e-05	-0.00030433207	-0.00030413162	-0.00065906805
-0.066	0.934	0	0	0	0.934	0	0	0	1.0389277	0.90631484	-0.0001641108	6.8787188e-07	4.7575923e-06	5.2282269e-07	-0.00014319731	9.1939533e-06	5.7796511e-06	-9.8825744e-07	1.0108266e-09	0.0001024357	1.4908808e-05	-0.0003073085	-0.00030711288	-0.00063695727
-0.068	0.932	0	0	0	0.932	0	0	0	1.03966	0.90307366	-0.00016570599	6.8847006e-07	4.7753905e-06	5.217227e-07	-0.00014439956	9.3579856e-06	5.8271011e-06	-9.1877791e-07	-2.8742624e-11	0.00010336852	1.5525927e-05	-0.00031010554	-0.00030991628	-0.00061066468
-0.07	0.93	0	0	0	0.93	0	0	0	1.0403435	0.89979311	-0.00016713127	6.8864544e-07	4.7747359e-06	5.2060831e-07	-0.00014559012	9.5284241e-06	5.8538454e-06	-8.3746568e-07	-1.0535332e-09	0.00010424082	1.6148473e-05	-0.00031272105	-0.00031253937	-0.00058131543
-0.072	0.928	0	0	0	0.928	0	0	0	1.0409782	0.89647376	-0.00016839404	6.8836788e-07	4.7586051e-06	5.1940335e-07	-0.00014676508	9.7055581e-06	5.8629484e-06	-7.4432867e-07	-2.0708481e-09	0.00010505373	1.6776084e-05	-0.00031515849	-0.00031498501	-0.00055076779
-0.074	0.926	0	0	0	0.926	0	0	0	1.0415656	0.89311749	-0.00016950909	6.8764371e-07	4.7307249e-06	5.1806239e-07	-0.00014791786	9.8891536e-06	5.8583642e-06	-6.3997121e-07	-3.0964656e-09	0.00010581002	1.7408413e-05	-0.00031742608	-0.0003172608	-0.00052096547
-0.076	0.924	0	0	0	0.924	0	0	0	1.0421082	0.88972698	-0.00017049534	6.864989e-07	4.6948172e-06	5.1656401e-07	-0.00014904081	1.007856e-05	5.8441029e-06	-5.2546967e-07	-4.1504669e-09	0.00010651343	1.8045128e-05	-0.00031953507	-0.0003193775	-0.00049335732
-0.078	0.922	0	0	0	0.922	0	0	0	1.042609	0.88630527	-0.00017137268	6.8496391e-07	4.6540905e-06	5.1490158e-07	-0.00015012651	1.0272866e-05	5.8236583e-06	-4.0219662e-07	-5.2531961e-09	0.00010716815	1.8685923e-05	-0.00032149792	-0.00032134731	-0.00046869203
-0.08	0.92	0	0	0	0.92	0	0	0	1.0430711	0.88285542	-0.00017215977	6.8306453e-07	4.6110336e-06	5.1307524e-07	-0.00015116869	1.0471038e-05	5.7997634e-06	-2.716612e-07	-6.4224673e-09	0.00010777829	1.9330517e-05	-0.00032332704	-0.00032318253	-0.00044713459
-0.082	0.918	0	0	0	0.918	0	0	0	1.0434974	0.87938028	-0.00017287302	6.8081826e-07	4.5674254e-06	5.1108671e-07	-0.00015216252	1.0672022e-05	5.7743876e-06	-1.3539493e-07	-7.6721069e-09	0.00010834774	1.9978653e-05	-0.00032503396	-0.00032489475	-0.00042849685
-0.084	0.916	0	0	0	0.916	0	0	0	1.0438903	0.87588245	-0.0001735262	6.7823426e-07	4.5244493e-06	5.0893654e-07	-0.00015310464	1.0874805e-05	5.7488534e-06	5.1179899e-09	-9.0114245e-09	0.00010887995	2.0630096e-05	-0.00032662914	-0.00032649448	-0.0004124369
-0.086	0.914	0	0	0	0.914	0	0	0	1.0442524	0.87236425	-0.00017413063	6.7531497e-07	4.4828346e-06	5.0662302e-07	-0.00015399303	1.1078443e-05	5.7239868e-06	1.4847863e-07	-1.0445174e-08	0.00010937803	2.1284631e-05	-0.00032812184	-0.00032799111	-0.00039858388
-0.088	0.912	0	0	0	0.912	0	0	0	1.0445856	0.86882776	-0.00017469549	6.7205826e-07	4.4429859e-06	5.0414203e-07	-0.00015482675	1.1282077e-05	5.7002573e-06	2.9339275e-07	-1.1973722e-08	0.00010984474	2.194206e-05	-0.00032952032	-0.00032939298	-0.00038660019
-0.09	0.91	0	0	0	0.91	0	0	0	1.0448917	0.86527486	-0.00017522817	6.6845958e-07	4.4050871e-06	5.0148742e-07	-0.00015560579	1.148494e-05	5.6778923e-06	4.386811e-07	-1.3593296e-08	0.00011028252	2.2602203e-05	-0.00033083196	-0.00033070755	-0.00037620486
-0.092	0.908	0	0	0	0.908	0	0	0	1.0451727	0.86170724	-0.00017573461	6.6451392e-07	4.3691798e-06	4.9865173e-07	-0.00015633087	1.168635e-05	5.6569636e-06	5.8328605e-07	-1.5296292e-08	0.00011069359	2.3264891e-05	-0.00033206342	-0.00033194154	-0.00036717709
-0.094	0.906	0	0	0	0.906	0	0	0	1.0454299	0.85812652	-0.00017621956	6.6021747e-07	4.3352201e-06	4.9562705e-07	-0.00015700335	1.1885721e-05	5.637451e-06	7.2627736e-07	-1.7071668e-08	0.00011107999	2.3929969e-05	-0.0003332208	-0.0003331011	-0.00035935111
-0.096	0.904	0	0	0	0.904	0	0	0	1.045665	0.85453418	-0.00017668682	6.5556912e-07	4.3031179e-06	4.9240591e-07	-0.00015762505	1.2082551e-05	5.6192866e-06	8.6685734e-07	-1.8905469e-08	0.00011144359	2.4597295e-05	-0.00033430975	-0.00033419192	-0.00035260745
-0.098	0.902	0	0	0	0.902	0	0	0	1.0458794	0.85093167	-0.00017713945	6.5057152e-07	4.2727643e-06	4.8898232e-07	-0.00015819825	1.227643e-05	5.6023856e-06	1.0043649e-06	-2.078149e-08	0.00011178616	2.5266737e-05	-0.00033533558	-0.0003352193	-0.0003468631
-0.1	0.9	0	0	0	0.9	0	0	0	1.0460745	0.84732037	-0.00017757986	6.4523182e-07	4.2440486e-06	4.8535256e-07	-0.00015872553	1.2467034e-05	5.5866654e-06	1.1382774e-06	-2.2682066e-08	0.00011210936	2.5938172e-05	-0.00033630329	-0.00033618829	-0.00034206133
-0.102	0.898	0	0	0	0.898	0	0	0	1.0462518	0.84370164	-0.00017800998	6.39562e-07	4.2168688e-06	4.8151583e-07	-0.00015920974	1.2654124e-05	5.5720568e-06	1.2682079e-06	-2.4588938e-08	0.00011241477	2.661149e-05	-0.00033721764	-0.00033710365	-0.00033816175
-0.104	0.896	0	0	0	0.896	0	0	0	1.0464126	0.84007678	-0.00017843133	6.3357868e-07	4.1911361e-06	4.7747463e-07	-0.00015965388	1.2837539e-05	5.5585083e-06	1.3938991e-06	-2.6484112e-08	0.0001127039	2.7286587e-05	-0.00033808318	-0.00033796992	-0.00033513146
-0.106	0.894	0	0	0	0.894	0	0	0	1.0465582	0.83644703	-0.00017884511	6.2730261e-07	4.1667767e-06	4.732348e-07	-0.00016006105	1.3017191e-05	5.5459867e-06	1.5152115e-06	-2.8350628e-08	0.00011297817	2.7963369e-05	-0.00033890419	-0.00033879139	-0.00033293783
-0.108	0.892	0	0	0	0.892	0	0	0	1.0466901	0.83281359	-0.00017925227	6.2075787e-07	4.1437297e-06	4.6880526e-07	-0.00016043434	1.3193055e-05	5.5344745e-06	1.6321089e-06	-3.0173173e-08	0.00011323893	2.8641752e-05	-0.00033968471	-0.00033957213	-0.00033154363
-0.11	0.89	0	0	0	0.89	0	0	0	1.0468092	0.82917761	-0.00017965356	6.1397085e-07	4.1219457e-06	4.6419761e-07	-0.00016077678	1.3365159e-05	5.5239658e-06	1.7446406e-06	-3.1938494e-08	0.00011348743	2.9321658e-05	-0.00034042853	-0.00034031592	-0.00033090466
-0.112	0.888	0	0	0	0.888	0	0	0	1.046917	0.82554012	-0.00018004957	6.0696922e-07	4.101383e-06	4.5942546e-07	-0.00016109129	1.3533573e-05	5.5144622e-06	1.8529233e-06	-3.3635614e-08	0.00011372483	3.0003016e-05	-0.00034113914	-0.00034102627	-0.0003309694
-0.114	0.886	0	0	0	0.886	0	0	0	1.0470144	0.82190213	-0.0001804408	5.9978101e-07	4.0820051e-06	4.5450383e-07	-0.00016138058	1.3698399e-05	5.5059684e-06	1.957124e-06	-3.5255868e-08	0.00011395221	3.0685763e-05	-0.00034181975	-0.00034170642	-0.00033168038
-0.116	0.884	0	0	0	0.884	0	0	0	1.0471025	0.81826451	-0.00018082764	5.9243373e-07	4.0637784e-06	4.4944849e-07	-0.00016164721	1.3859763e-05	5.4984894e-06	2.057444e-06	-3.6792791e-08	0.00011417055	3.1369842e-05	-0.00034247331	-0.00034235931	-0.00033297637
-0.118	0.882	0	0	0	0.882	0	0	0	1.0471821	0.8146281	-0.00018121041	5.8495378e-07	4.0466702e-06	4.4427539e-07	-0.00016189351	1.4017805e-05	5.4920277e-06	2.1541052e-06	-3.8241927e-08	0.00011438072	3.20552e-05	-0.00034310246	-0.00034298763	-0.0003347948
-0.12	0.88	0	0	0	0.88	0	0	0	1.0472542	0.81099361	-0.00018158938	5.7736597e-07	4.0306476e-06	4.3900022e-07	-0.00016212157	1.4172673e-05	5.486582e-06	2.2473399e-06	-3.9600566e-08	0.00011458352	3.2741792e-05	-0.00034370959	-0.00034359378	-0.00033707407
-0.122	0.878	0	0	0	0.878	0	0	0	1.0473194	0.80736173	-0.0001819648	5.696932e-07	4.0156767e-06	4.3363805e-07	-0.00016233332	1.4324517e-05	5.4821466e-06	2.3373817e-06	-4.0867477e-08	0.00011477966	3.3429575e-05	-0.00034429684	-0.00034417991	-0.00033975527
-0.124	0.876	0	0	0	0.876	0	0	0	1.0473784	0.80373303	-0.00018233686	5.6195637e-07	4.0017222e-06	4.2820308e-07	-0.00016253043	1.4473488e-05	5.4787105e-06	2.4244603e-06	-4.2042638e-08	0.00011496978	3.4118512e-05	-0.00034486611	-0.00034474794	-0.00034278355
-0.126	0.874	0	0	0	0.874	0	0	0	1.0474318	0.80010805	-0.00018270576	5.5417429e-07	3.9887476e-06	4.2270849e-07	-0.00016271444	1.4619732e-05	5.4762585e-06	2.5087966e-06	-4.3126992e-08	0.00011515444	3.4808567e-05	-0.0003454191	-0.00034529959	-0.00034610879
-0.128	0.872	0	0	0	0.872	0	0	0	1.0474803	0.79648725	-0.00018307165	5.4636371e-07	3.9767153e-06	4.1716633e-07	-0.00016288669	1.4763389e-05	5.4747707e-06	2.5906002e-06	-4.4122224e-08	0.00011533415	3.549971e-05	-0.00034595732	-0.00034583639	-0.00034968601
-0.13	0.87	0	0	0	0.87	0	0	0	1.0475242	0.79287104	-0.00018343469	5.3853946e-07	3.9655865e-06	4.1158755e-07	-0.00016304835	1.4904594e-05	5.474224e-06	2.6700683e-06	-4.503058e-08	0.00011550936	3.6191913e-05	-0.0003464821	-0.00034635967	-0.00035347536
-0.132	0.868	0	0	0	0.868	0	0	0	1.0475639	0.7892598	-0.00018379501	5.3071455e-07	3.955322e-06	4.0598194e-07	-0.0001632005	1.5043472e-05	5.4745919e-06	2.7473842e-06	-4.585471e-08	0.00011568045	3.6885149e-05	-0.00034699464	-0.00034687066	-0.00035744191
-0.134	0.866	0	0	0	0.866	0	0	0	1.0475999	0.78565385	-0.00018415275	5.2290032e-07	3.9458825e-06	4.0035823e-07	-0.00016334404	1.5180142e-05	5.4758457e-06	2.8227179e-06	-4.6597545e-08	0.0001158478	3.7579395e-05	-0.00034749599	-0.0003473704	-0.0003615553
-0.136	0.864	0	0	0	0.864	0	0	0	1.0476325	0.78205348	-0.000184508	5.1510658e-07	3.9372284e-06	3.9472416e-07	-0.00016347982	1.5314715e-05	5.4779546e-06	2.8962261e-06	-4.7262192e-08	0.0001160117	3.827463e-05	-0.00034798709	-0.00034785985	-0.00036578935
-0.138	0.862	0	0	0	0.862	0	0	0	1.047662	0.77845895	-0.00018486089	5.0734179e-07	3.9293207e-06	3.8908648e-07	-0.00016360856	1.5447294e-05	5.480887e-06	2.9680528e-06	-4.7851859e-08	0.00011617243	3.8970835e-05	-0.00034846878	-0.00034833985	-0.0003701216
-0.14	0.86	0	0	0	0.86	0	0	0	1.0476886	0.7748705	-0.00018521152	4.9961321e-07	3.9221209e-06	3.834511e-07	-0.0001637309	1.5577976e-05	5.48461e-06	3.0383302e-06	-4.8369794e-08	0.00011633026	3.966799e-05	-0.00034894181	-0.00034881117	-0.00037453286
-0.142	0.858	0	0	0	0.858	0	0	0	1.0477126	0.77128832	-0.00018555998	4.9192699e-07	3.9155914e-06	3.7782317e-07	-0.00016384742	1.5706849e-05	5.4890907e-06	3.1071793e-06	-4.8819239e-08	0.0001164854	4.0366079e-05	-0.00034940683	-0.00034927446	-0.00037900681
-0.144	0.856	0	0	0	0.856	0	0	0	1.0477342	0.76771259	-0.00018590635	4.8428835e-07	3.9096953e-06	3.7220708e-07	-0.00016395862	1.5833997e-05	5.4942958e-06	3.174711e-06	-4.9203392e-08	0.00011663806	4.1065088e-05	-0.00034986446	-0.00034973033	-0.00038352961
-0.146	0.854	0	0	0	0.854	0	0	0	1.0477536	0.76414349	-0.00018625072	4.7670166e-07	3.904397e-06	3.6660663e-07	-0.00016406496	1.5959497e-05	5.5001926e-06	3.2410265e-06	-4.9525389e-08	0.0001167884	4.1765001e-05	-0.00035031523	-0.00035017933	-0.00038808957
-0.148	0.852	0	0	0	0.852	0	0	0	1.047771	0.76058116	-0.00018659318	4.6917059e-07	3.8996621e-06	3.6102502e-07	-0.00016416685	1.608342e-05	5.5067486e-06	3.3062188e-06	-4.9788282e-08	0.0001169366	4.2465805e-05	-0.00035075961	-0.00035062193	-0.00039267682
-0.15	0.85	0	0	0	0.85	0	0	0	1.0477865	0.75702574	-0.00018693379	4.6169812e-07	3.8954573e-06	3.5546498e-07	-0.00016426464	1.6205833e-05	5.5139319e-06	3.3703728e-06	-4.9995026e-08	0.00011708281	4.3167488e-05	-0.00035119806	-0.00035105859	-0.00039728306
-0.152	0.848	0	0	0	0.848	0	0	0	1.0478002	0.75347733	-0.00018727261	4.5428672e-07	3.8917506e-06	3.4992876e-07	-0.00016435866	1.6326798e-05	5.5217116e-06	3.4335662e-06	-5.0148477e-08	0.00011722714	4.3870039e-05	-0.00035163095	-0.00035148968	-0.00040190132
-0.154	0.846	0	0	0	0.846	0	0	0	1.0478123	0.74993605	-0.00018760973	4.4693834e-07	3.8885115e-06	3.4441825e-07	-0.00016444921	1.6446373e-05	5.5300575e-06	3.4958705e-06	-5.0251384e-08	0.00011736973	4.4573447e-05	-0.00035205865	-0.00035191558	-0.00040652577
-0.156	0.844	0	0	0	0.844	0	0	0	1.0478229	0.746402	-0.00018794519	4.3965454e-07	3.8857107e-06	3.3893496e-07	-0.00016453654	1.6564611e-05	5.5389405e-06	3.5573511e-06	-5.030639e-08	0.00011751068	4.5277702e-05	-0.00035248148	-0.00035233661	-0.00041115155
-0.158	0.842	0	0	0	0.842	0	0	0	1.0478321	0.74287526	-0.00018827905	4.3243648e-07	3.88332e-06	3.3348013e-07	-0.00016462089	1.6681563e-05	5.5483322e-06	3.6180682e-06	-5.0316029e-08	0.00011765009	4.5982794e-05	-0.00035289973	-0.00035275306	-0.0004157746
-0.16	0.84	0	0	0	0.84	0	0	0	1.04784	0.73935592	-0.00018861138	4.2528504e-07	3.8813129e-06	3.2805471e-07	-0.00016470248	1.6797276e-05	5.5582056e-06	3.6780772e-06	-5.0282735e-08	0.00011778805	4.6688714e-05	-0.00035331367	-0.00035316521	-0.00042039157
-0.162	0.838	0	0	0	0.838	0	0	0	1.0478467	0.73584404	-0.00018894221	4.1820082e-07	3.8796638e-06	3.2265943e-07	-0.0001647815	1.6911792e-05	5.5685346e-06	3.7374288e-06	-5.0208837e-08	0.00011792464	4.7395454e-05	-0.00035372356	-0.00035357329	-0.00042499968
-0.164	0.836	0	0	0	0.836	0	0	0	1.0478522	0.7323397	-0.00018927161	4.1118419e-07	3.8783486e-06	3.1729482e-07	-0.00016485812	1.7025154e-05	5.5792942e-06	3.7961701e-06	-5.0096568e-08	0.00011805994	4.8103007e-05	-0.0003541296	-0.00035397754	-0.00042959666
-0.166	0.834	0	0	0	0.834	0	0	0	1.0478566	0.72884295	-0.00018959961	4.0423532e-07	3.8773442e-06	3.1196125e-07	-0.00016493251	1.71374e-05	5.5904602e-06	3.8543444e-06	-4.9948069e-08	0.00011819402	4.8811365e-05	-0.00035453202	-0.00035437816	-0.00043418064
-0.168	0.832	0	0	0	0.832	0	0	0	1.04786	0.72535386	-0.00018992625	3.9735421e-07	3.8766288e-06	3.066589e-07	-0.00016500482	1.7248566e-05	5.6020099e-06	3.9119918e-06	-4.9765391e-08	0.00011832695	4.952052e-05	-0.000354931	-0.00035477534	-0.00043875011
-0.17	0.83	0	0	0	0.83	0	0	0	1.0478625	0.72187246	-0.00019025159	3.9054072e-07	3.8761816e-06	3.0138788e-07	-0.00016507517	1.7358686e-05	5.6139212e-06	3.9691492e-06	-4.9550501e-08	0.00011845877	5.0230466e-05	-0.00035532671	-0.00035516926	-0.00044330386
-0.172	0.828	0	0	0	0.828	0	0	0	1.047864	0.71839882	-0.00019057566	3.8379461e-07	3.8759829e-06	2.9614814e-07	-0.00016514369	1.7467792e-05	5.6261732e-06	4.025851e-06	-4.9305288e-08	0.00011858955	5.0941197e-05	-0.00035571932	-0.00035556008	-0.00044784091
-0.174	0.826	0	0	0	0.826	0	0	0	1.0478647	0.71493296	-0.00019089849	3.7711553e-07	3.8760141e-06	2.9093957e-07	-0.00016521049	1.7575915e-05	5.638746e-06	4.082129e-06	-4.9031568e-08	0.00011871934	5.1652706e-05	-0.00035610897	-0.00035594795	-0.0004523605
-0.176	0.824	0	0	0	0.824	0	0	0	1.0478646	0.71147494	-0.00019122012	3.7050305e-07	3.8762576e-06	2.8576199e-07	-0.00016527567	1.7683082e-05	5.6516203e-06	4.1380128e-06	-4.8731085e-08	0.00011884817	5.2364989e-05	-0.0003564958	-0.00035633301	-0.00045686202
-0.178	0.822	0	0	0	0.822	0	0	0	1.0478638	0.70802479	-0.00019154058	3.6395667e-07	3.8766964e-06	2.8061513e-07	-0.00016533934	1.7789321e-05	5.6647782e-06	4.1935297e-06	-4.840552e-08	0.00011897611	5.3078038e-05	-0.00035687995	-0.00035671538	-0.00046134503
-0.18	0.82	0	0	0	0.82	0	0	0	1.0478622	0.70458254	-0.00019185991	3.5747587e-07	3.8773149e-06	2.754987e-07	-0.00016540157	1.7894658e-05	5.6782022e-06	4.2487055e-06	-4.8056494e-08	0.00011910318	5.379185e-05	-0.00035726152	-0.00035709518	-0.00046580918
-0.182	0.818	0	0	0	0.818	0	0	0	1.0478599	0.70114822	-0.00019217813	3.5106006e-07	3.878098e-06	2.7041236e-07	-0.00016546244	1.7999117e-05	5.6918759e-06	4.3035638e-06	-4.7685574e-08	0.00011922942	5.4506419e-05	-0.00035764063	-0.00035747253	-0.00047025423
-0.184	0.816	0	0	0	0.816	0	0	0	1.047857	0.69772187	-0.00019249527	3.4470867e-07	3.8790315e-06	2.6535574e-07	-0.00016552204	1.8102719e-05	5.7057836e-06	4.358127e-06	-4.7294274e-08	0.00011935487	5.522174e-05	-0.00035801738	-0.00035784752	-0.00047467999
-0.186	0.814	0	0	0	0.814	0	0	0	1.0478535	0.69430351	-0.00019281136	3.3842107e-07	3.8801021e-06	2.6032848e-07	-0.00016558042	1.8205489e-05	5.7199104e-06	4.4124157e-06	-4.6884062e-08	0.00011947956	5.5937809e-05	-0.00035839188	-0.00035822026	-0.00047908635
-0.188	0.812	0	0	0	0.812	0	0	0	1.0478493	0.69089317	-0.00019312643	3.3219666e-07	3.8812969e-06	2.5533016e-07	-0.00016563766	1.8307445e-05	5.7342421e-06	4.4664495e-06	-4.6456365e-08	0.00011960352	5.6654621e-05	-0.0003587642	-0.00035859083	-0.00048347322
-0.19	0.81	0	0	0	0.81	0	0	0	1.0478446	0.68749086	-0.00019344049	3.2603484e-07	3.8826041e-06	2.5036041e-07	-0.00016569382	1.8408608e-05	5.7487651e-06	4.5202463e-06	-4.6012571e-08	0.00011972677	5.7372172e-05	-0.00035913443	-0.00035895931	-0.00048784057
-0.192	0.808	0	0	0	0.808	0	0	0	1.0478394	0.68409662	-0.00019375358	3.1993501e-07	3.8840123e-06	2.4541885e-07	-0.00016574894	1.8508997e-05	5.7634667e-06	4.5738233e-06	-4.5554033e-08	0.00011984936	5.8090458e-05	-0.00035950264	-0.00035932579	-0.00049218835
-0.194	0.806	0	0	0	0.806	0	0	0	1.0478337	0.68071046	-0.0001940657	3.1389662e-07	3.8855109e-06	2.405051e-07	-0.00016580308	1.8608629e-05	5.7783345e-06	4.6271963e-06	-4.5082075e-08	0.00011997129	5.8809476e-05	-0.00035986892	-0.00035969033	-0.00049651655
-0.196	0.804	0	0	0	0.804	0	0	0	1.0478274	0.67733241	-0.00019437689	3.0791912e-07	3.8870896e-06	2.3561881e-07	-0.0001658563	1.8707523e-05	5.7933569e-06	4.6803805e-06	-4.4597996e-08	0.00012009259	5.952922e-05	-0.00036023333	-0.000360053	-0.00050082515
-0.198	0.802	0	0	0	0.802	0	0	0	1.0478207	0.67396247	-0.00019468715	3.02002e-07	3.8887391e-06	2.3075967e-07	-0.00016590862	1.8805693e-05	5.8085229e-06	4.7333897e-06	-4.4103069e-08	0.00012021329	6.0249688e-05	-0.00036059593	-0.00036041388	-0.00050511411
-0.2	0.8	0	0	0	0.8	0	0	0	1.0478136	0.67060067	-0.00019499652	2.9614482e-07	3.8904503e-06	2.2592739e-07	-0.0001659601	1.8903156e-05	5.823822e-06	4.7862374e-06	-4.3598553e-08	0.0001203334	6.0970875e-05	-0.00036095678	-0.000360773	-0.00050938338
-0.202	0.798	0	0	0	0.798	0	0	0	1.047806	0.66724703	-0.00019530499	2.9034717e-07	3.8922147e-06	2.2112171e-07	-0.00016601077	1.8999928e-05	5.839244e-06	4.8389358e-06	-4.308569e-08	0.00012045295	6.169278e-05	-0.00036131593	-0.00036113044	-0.0005136329
-0.204	0.796	0	0	0	0.796	0	0	0	1.047798	0.66390155	-0.0001956126	2.8460868e-07	3.8940244e-06	2.1634244e-07	-0.00016606067	1.9096022e-05	5.8547795e-06	4.8914968e-06	-4.2565713e-08	0.00012057195	6.2415397e-05	-0.00036167345	-0.00036148625	-0.00051786257
-0.206	0.794	0	0	0	0.794	0	0	0	1.0477895	0.66056425	-0.00019591935	2.7892907e-07	3.8958718e-06	2.1158943e-07	-0.00016610984	1.9191452e-05	5.8704195e-06	4.9439315e-06	-4.2039848e-08	0.00012069041	6.3138725e-05	-0.00036202937	-0.00036184046	-0.00052207226
-0.208	0.792	0	0	0	0.792	0	0	0	1.0477808	0.65723515	-0.00019622525	2.7330813e-07	3.8977499e-06	2.0686257e-07	-0.0001661583	1.9286232e-05	5.8861551e-06	4.9962503e-06	-4.1509318e-08	0.00012080835	6.3862759e-05	-0.00036238374	-0.00036219313	-0.00052626178
-0.21	0.79	0	0	0	0.79	0	0	0	1.0477716	0.65391425	-0.00019653033	2.677457e-07	3.8996519e-06	2.0216184e-07	-0.00016620609	1.9380375e-05	5.9019784e-06	5.048463e-06	-4.0975351e-08	0.0001209258	6.4587497e-05	-0.00036273661	-0.0003625443	-0.00053043093
-0.212	0.788	0	0	0	0.788	0	0	0	1.0477621	0.65060157	-0.00019683458	2.6224173e-07	3.9015718e-06	1.9748728e-07	-0.00016625323	1.9473893e-05	5.9178813e-06	5.1005792e-06	-4.0439178e-08	0.00012104275	6.5312936e-05	-0.000363088	-0.00036289401	-0.00053457942
-0.214	0.786	0	0	0	0.786	0	0	0	1.0477522	0.64729712	-0.00019713802	2.5679624e-07	3.9035035e-06	1.9283901e-07	-0.00016629975	1.9566799e-05	5.9338565e-06	5.1526075e-06	-3.9902044e-08	0.00012115922	6.6039073e-05	-0.00036343797	-0.00036324228	-0.00053870693
-0.216	0.784	0	0	0	0.784	0	0	0	1.047742	0.64400091	-0.00019744066	2.5140937e-07	3.9054415e-06	1.8821722e-07	-0.00016634567	1.9659103e-05	5.9498968e-06	5.2045565e-06	-3.9365208e-08	0.00012127523	6.6765905e-05	-0.00036378653	-0.00036358917	-0.00054281304
-0.218	0.782	0	0	0	0.782	0	0	0	1.0477315	0.64071295	-0.00019774249	2.4608136e-07	3.9073809e-06	1.8362222e-07	-0.00016639102	1.9750818e-05	5.9659955e-06	5.2564341e-06	-3.8829952e-08	0.00012139078	6.749343e-05	-0.00036413372	-0.00036393468	-0.0005468973
-0.22	0.78	0	0	0	0.78	0	0	0	1.0477207	0.63743325	-0.00019804354	2.4081254e-07	3.9093166e-06	1.7905439e-07	-0.00016643581	1.9841954e-05	5.9821461e-06	5.3082479e-06	-3.8297584e-08	0.00012150588	6.8221644e-05	-0.00036447956	-0.00036427886	-0.00055095914
-0.222	0.778	0	0	0	0.778	0	0	0	1.0477095	0.63416181	-0.0001983438	2.3560341e-07	3.9112442e-06	1.7451424e-07	-0.00016648007	1.9932522e-05	5.9983425e-06	5.3600051e-06	-3.7769444e-08	0.00012162055	6.8950545e-05	-0.00036482408	-0.00036462172	-0.00055499792
-0.224	0.776	0	0	0	0.776	0	0	0	1.0476981	0.63089865	-0.00019864327	2.3045457e-07	3.9131596e-06	1.7000239e-07	-0.00016652382	2.0022532e-05	6.0145786e-06	5.4117126e-06	-3.7246911e-08	0.00012173478	6.9680131e-05	-0.0003651673	-0.00036496328	-0.0005590129
-0.226	0.774	0	0	0	0.774	0	0	0	1.0476864	0.62764377	-0.00019894195	2.2536679e-07	3.9150588e-06	1.6551959e-07	-0.00016656707	2.0111995e-05	6.030849e-06	5.4633771e-06	-3.6731412e-08	0.00012184858	7.0410398e-05	-0.00036550924	-0.00036530357	-0.00056300324
-0.228	0.772	0	0	0	0.772	0	0	0	1.0476744	0.62439717	-0.00019923985	2.2034098e-07	3.9169384e-06	1.6106673e-07	-0.00016660983	2.020092e-05	6.0471483e-06	5.5150048e-06	-3.6224423e-08	0.00012196197	7.1141345e-05	-0.0003658499	-0.00036564259	-0.00056696797
-0.23	0.77	0	0	0	0.77	0	0	0	1.0476621	0.62115887	-0.00019953696	2.1537823e-07	3.9187948e-06	1.5664485e-07	-0.00016665213	2.0289318e-05	6.0634713e-06	5.5666018e-06	-3.5727485e-08	0.00012207494	7.1872969e-05	-0.00036618931	-0.00036598037	-0.00057090599
-0.232	0.768	0	0	0	0.768	0	0	0	1.0476496	0.61792888	-0.00019983327	2.1047982e-07	3.9206253e-06	1.5225515e-07	-0.00016669397	2.0377198e-05	6.0798131e-06	5.6181739e-06	-3.5242206e-08	0.00012218749	7.2605267e-05	-0.00036652746	-0.0003663169	-0.00057481607
-0.234	0.766	0	0	0	0.766	0	0	0	1.0476368	0.61470718	-0.00020012877	2.0564722e-07	3.9224269e-06	1.4789902e-07	-0.00016673537	2.046457e-05	6.0961691e-06	5.6697267e-06	-3.4770275e-08	0.00012229964	7.3338236e-05	-0.00036686437	-0.00036665219	-0.00057869679
-0.236	0.764	0	0	0	0.764	0	0	0	1.0476238	0.6114938	-0.00020042346	2.0088212e-07	3.9241972e-06	1.4357803e-07	-0.00016677634	2.0551442e-05	6.1125346e-06	5.7212656e-06	-3.431347e-08	0.00012241137	7.4071875e-05	-0.00036720003	-0.00036698624	-0.00058254657
-0.238	0.762	0	0	0	0.762	0	0	0	1.0476105	0.60828874	-0.00020071733	1.9618645e-07	3.925934e-06	1.3929397e-07	-0.00016681688	2.0637826e-05	6.1289055e-06	5.772796e-06	-3.387367e-08	0.00012252269	7.4806181e-05	-0.00036753443	-0.00036731905	-0.00058636364
-0.24	0.76	0	0	0	0.76	0	0	0	1.0475969	0.60509199	-0.00020101034	1.9156236e-07	3.9276353e-06	1.3504884e-07	-0.000166857	2.072373e-05	6.1452776e-06	5.8243229e-06	-3.3452868e-08	0.0001226336	7.5541152e-05	-0.00036786757	-0.00036765061	-0.00059014599
-0.242	0.758	0	0	0	0.758	0	0	0	1.0475832	0.60190357	-0.0002013025	1.8701231e-07	3.9292994e-06	1.308449e-07	-0.00016689671	2.0809164e-05	6.1616469e-06	5.8758515e-06	-3.3053185e-08	0.00012274409	7.6276784e-05	-0.00036819944	-0.0003679809	-0.00059389136
-0.244	0.756	0	0	0	0.756	0	0	0	1.0475691	0.59872348	-0.00020159376	1.8253902e-07	3.9309248e-06	1.2668467e-07	-0.00016693602	2.0894137e-05	6.1780097e-06	5.9273867e-06	-3.2676884e-08	0.00012285415	7.7013075e-05	-0.00036853001	-0.00036830991	-0.00059759723
-0.246	0.754	0	0	0	0.754	0	0	0	1.0475549	0.59555171	-0.00020188409	1.7814552e-07	3.9325105e-06	1.2257095e-07	-0.00016697492	2.0978659e-05	6.1943623e-06	5.9789335e-06	-3.2326386e-08	0.00012296378	7.7750023e-05	-0.00036885925	-0.0003686376	-0.00060126073
-0.248	0.752	0	0	0	0.752	0	0	0	1.0475404	0.59238828	-0.00020217348	1.7383519e-07	3.9340554e-06	1.1850685e-07	-0.00016701343	2.1062741e-05	6.2107014e-06	6.0304968e-06	-3.2004291e-08	0.00012307297	7.8487626e-05	-0.00036918714	-0.00036896396	-0.00060487867
-0.25	0.75	0	0	0	0.75	0	0	0	1.0475257	0.58923318	-0.00020246186	1.6961173e-07	3.9355591e-06	1.144958e-07	-0.00016705153	2.1146393e-05	6.2270235e-06	6.0820815e-06	-3.1713391e-08	0.0001231817	7.9225879e-05	-0.00036951363	-0.00036928893	-0.00060844743
-0.252	0.748	0	0	0	0.748	0	0	0	1.0475107	0.58608642	-0.00020274921	1.6547923e-07	3.9370212e-06	1.1054158e-07	-0.00016708922	2.1229624e-05	6.2433256e-06	6.1336929e-06	-3.1456696e-08	0.00012328996	7.9964781e-05	-0.00036983867	-0.00036961248	-0.00061196296
-0.254	0.746	0	0	0	0.746	0	0	0	1.0474955	0.58294799	-0.00020303545	1.6144212e-07	3.9384418e-06	1.0664833e-07	-0.00016712651	2.1312448e-05	6.2596047e-06	6.185336e-06	-3.1237455e-08	0.00012339773	8.0704329e-05	-0.0003701622	-0.00036993453	-0.00061542066
-0.256	0.744	0	0	0	0.744	0	0	0	1.04748	0.5798179	-0.00020332052	1.5750527e-07	3.9398211e-06	1.0282058e-07	-0.00016716338	2.1394874e-05	6.2758581e-06	6.2370162e-06	-3.1059174e-08	0.00012350499	8.1444519e-05	-0.00037048415	-0.00037025503	-0.00061881537
-0.258	0.742	0	0	0	0.742	0	0	0	1.0474643	0.57669614	-0.00020360436	1.5367391e-07	3.9411599e-06	9.9063225e-08	-0.00016719983	2.1476916e-05	6.2920833e-06	6.2887392e-06	-3.0925643e-08	0.0001236117	8.2185349e-05	-0.00037080443	-0.00037057388	-0.00062214126
-0.26	0.74	0	0	0	0.74	0	0	0	1.0474483	0.57358272	-0.00020388687	1.4995364e-07	3.9424593e-06	9.5381587e-08	-0.00016723584	2.1558587e-05	6.3082779e-06	6.340511e-06	-3.0840959e-08	0.00012371785	8.2926815e-05	-0.00037112295	-0.000370891	-0.00062539173
-0.262	0.738	0	0	0	0.738	0	0	0	1.0474321	0.57047762	-0.00020416795	1.4635047e-07	3.9437208e-06	9.1781354e-08	-0.0001672714	2.1639901e-05	6.32444e-06	6.3923378e-06	-3.080954e-08	0.00012382338	8.3668913e-05	-0.0003714396	-0.00037120627	-0.00062855932
-0.264	0.736	0	0	0	0.736	0	0	0	1.0474156	0.56738086	-0.00020444749	1.4287067e-07	3.9449464e-06	8.8268581e-08	-0.00016730648	2.1720872e-05	6.3405678e-06	6.4442265e-06	-3.083615e-08	0.00012392827	8.441164e-05	-0.00037175423	-0.00037151956	-0.00063163562
-0.266	0.734	0	0	0	0.734	0	0	0	1.0473989	0.56429242	-0.00020472536	1.3952081e-07	3.9461385e-06	8.4849642e-08	-0.00016734107	2.1801518e-05	6.3566602e-06	6.4961846e-06	-3.0925904e-08	0.00012403245	8.5154991e-05	-0.00037206669	-0.00037183072	-0.00063461109
-0.268	0.732	0	0	0	0.732	0	0	0	1.0473818	0.5612123	-0.0002050014	1.3630758e-07	3.9473001e-06	8.1531159e-08	-0.00016737514	2.1881855e-05	6.3727163e-06	6.5482202e-06	-3.1084276e-08	0.00012413587	8.5898963e-05	-0.00037237681	-0.00037213958	-0.00063747498
-0.27	0.73	0	0	0	0.73	0	0	0	1.0473644	0.55814049	-0.00020527546	1.3323766e-07	3.9484347e-06	7.8319891e-08	-0.00016740864	2.1961904e-05	6.3887361e-06	6.6003421e-06	-3.1317083e-08	0.00012423847	8.664355e-05	-0.00037268438	-0.00037244593	-0.00064021518
-0.272	0.728	0	0	0	0.728	0	0	0	1.0473467	0.55507699	-0.00020554733	1.3031755e-07	3.9495466e-06	7.5222581e-08	-0.00016744156	2.2041684e-05	6.4047202e-06	6.6525604e-06	-3.1630459e-08	0.00012434017	8.7388747e-05	-0.00037298917	-0.00037274956	-0.0006428181
-0.274	0.726	0	0	0	0.726	0	0	0	1.0473286	0.55202178	-0.0002058168	1.2755326e-07	3.9506407e-06	7.2245745e-08	-0.00016747384	2.2121219e-05	6.4206702e-06	6.704886e-06	-3.20308e-08	0.00012444089	8.8134548e-05	-0.00037329093	-0.00037305021	-0.00064526855
-0.276	0.724	0	0	0	0.724	0	0	0	1.0473102	0.54897486	-0.00020608363	1.2494995e-07	3.9517225e-06	6.9395389e-08	-0.00016750543	2.2200533e-05	6.4365887e-06	6.7573309e-06	-3.2524681e-08	0.00012454053	8.8880948e-05	-0.00037358936	-0.0003733476	-0.00064754974
-0.278	0.722	0	0	0	0.722	0	0	0	1.0472913	0.54593622	-0.00020634754	1.2251155e-07	3.9527984e-06	6.6676652e-08	-0.00016753628	2.2279653e-05	6.4524797e-06	6.8099087e-06	-3.3118727e-08	0.00012463898	8.9627938e-05	-0.00037388414	-0.0003736414	-0.00064964327
-0.28	0.72	0	0	0	0.72	0	0	0	1.0472721	0.54290583	-0.00020660825	1.2024018e-07	3.9538755e-06	6.4093366e-08	-0.00016756633	2.2358607e-05	6.468349e-06	6.862634e-06	-3.3819445e-08	0.00012473613	9.0375513e-05	-0.00037417491	-0.00037393128	-0.00065152935
-0.282	0.718	0	0	0	0.718	0	0	0	1.0472523	0.53988369	-0.00020686545	1.1813555e-07	3.9549615e-06	6.1647539e-08	-0.00016759551	2.2437426e-05	6.4842039e-06	6.9155228e-06	-3.4632996e-08	0.00012483186	9.1123664e-05	-0.0003744613	-0.00037421686	-0.00065318719
-0.284	0.716	0	0	0	0.716	0	0	0	1.047232	0.53686979	-0.00020711879	1.1619431e-07	3.9560651e-06	5.9338764e-08	-0.00016762374	2.251614e-05	6.5000541e-06	6.9685925e-06	-3.5564921e-08	0.00012492603	9.1872381e-05	-0.0003747429	-0.00037449775	-0.00065459564
-0.286	0.714	0	0	0	0.714	0	0	0	1.0472112	0.5338641	-0.00020736794	1.1440935e-07	3.9571952e-06	5.7163613e-08	-0.00016765097	2.2594782e-05	6.5159114e-06	7.0218612e-06	-3.6619815e-08	0.00012501851	9.2621655e-05	-0.0003750193	-0.00037477354	-0.00065573424
-0.288	0.712	0	0	0	0.712	0	0	0	1.0471899	0.53086661	-0.00020761255	1.1276917e-07	3.9583614e-06	5.5115031e-08	-0.00016767711	2.2673384e-05	6.5317903e-06	7.075348e-06	-3.7800974e-08	0.00012510915	9.3371475e-05	-0.00037529007	-0.00037504382	-0.00065658463
-0.29	0.71	0	0	0	0.71	0	0	0	1.0471679	0.52787732	-0.0002078523	1.1125738e-07	3.9595734e-06	5.3181836e-08	-0.00016770209	2.2751976e-05	6.5477075e-06	7.1290719e-06	-3.9110037e-08	0.00012519783	9.412183e-05	-0.00037555483	-0.0003753082	-0.0006571323
-0.292	0.708	0	0	0	0.708	0	0	0	1.0471452	0.52489619	-0.00020808687	1.0985239e-07	3.9608409e-06	5.1348387e-08	-0.00016772585	2.2830587e-05	6.5636822e-06	7.1830517e-06	-4.0546662e-08	0.00012528442	9.4872708e-05	-0.00037581319	-0.0003755663	-0.00065736863
-0.294	0.706	0	0	0	0.706	0	0	0	1.0471219	0.52192323	-0.00020831602	1.0852755e-07	3.9621729e-06	4.9594516e-08	-0.00016774833	2.2909243e-05	6.5797355e-06	7.2373049e-06	-4.2108288e-08	0.00012536882	9.5624095e-05	-0.00037606484	-0.00037581782	-0.00065729294
-0.296	0.704	0	0	0	0.704	0	0	0	1.0470978	0.51895843	-0.00020853953	1.072515e-07	3.9635781e-06	4.7895786e-08	-0.00016776948	2.2987963e-05	6.59589e-06	7.2918471e-06	-4.3790021e-08	0.00012545093	9.6375979e-05	-0.00037630954	-0.0003760625	-0.00065691409
-0.298	0.702	0	0	0	0.702	0	0	0	1.047073	0.51600178	-0.00020875727	1.0598914e-07	3.9650638e-06	4.6224105e-08	-0.00016778929	2.3066761e-05	6.6121688e-06	7.3466912e-06	-4.558468e-08	0.00012553071	9.7128345e-05	-0.00037654713	-0.00037630018	-0.00065625151
-0.3	0.7	0	0	0	0.7	0	0	0	1.0470475	0.51305329	-0.00020896921	1.0470273e-07	3.9666362e-06	4.4548656e-08	-0.00016780773	2.3145646e-05	6.6285952e-06	7.4018469e-06	-4.7483017e-08	0.00012560814	9.788118e-05	inf	inf	inf
