lambda	F11	F12	F13	F21	F22	F23	F31	F32	F33	J	P11	P12	P13	P21	P22	P23	P31	P32	P33	p	StrEn	t(1)	t(2)	d
0	1	0	0	0	1	0	0	0	1	1	0	0	0	0	0	0	0	0	0	-0	0	inf	inf	inf
0.002	1.002	0	0	0	0.99945858	0	0	0	0.99947075	1.0009275	1.8868077e-05	2.1563841e-08	-4.353658e-08	3.8387282e-08	8.521326e-09	8.4123355e-08	-3.7131699e-08	7.3505036e-08	-5.9564747e-09	-6.2902141e-06	1.8788843e-08	1.8867339e-05	1.8898154e-05	0.0016305798
0.004	1.004	0	0	0	0.99890713	0	0	0	0.99893234	1.001832	3.8039476e-05	4.1799137e-08	-1.0225553e-07	7.4272886e-08	1.6482839e-08	1.8009499e-07	-8.7491262e-08	1.6071821e-07	-1.0643284e-08	-1.2681772e-05	7.5592616e-08	3.8037776e-05	3.8038641e-05	2.2740992e-05
0.006	1.006	0	0	0	0.99834485	0	0	0	0.99838493	1.0027129	5.743774e-05	6.1501421e-08	-1.7182443e-07	1.0839091e-07	2.389519e-08	2.8829609e-07	-1.4779167e-07	2.6177453e-07	-1.4371303e-08	-1.9149088e-05	1.7094341e-07	5.7434917e-05	5.7410731e-05	-0.00042127014
0.008	1.008	0	0	0	0.99777019	0	0	0	0.99782774	1.0035676	7.700007e-05	8.1423602e-08	-2.4855385e-07	1.4150102e-07	3.075039e-08	4.0850361e-07	-2.1476063e-07	3.7627782e-07	-1.7330781e-08	-2.5671163e-05	3.0523554e-07	7.6995999e-05	7.6950614e-05	-0.00058979854
0.01	1.01	0	0	0	0.99718103	0	0	0	0.9972594	1.0043926	9.6671485e-05	1.0188691e-07	-3.2965944e-07	1.739276e-07	3.7012223e-08	5.3942935e-07	-2.8583606e-07	5.0281692e-07	-1.9672765e-08	-3.2229608e-05	4.7874586e-07	9.666608e-05	9.6603011e-05	-0.0006528587
0.012	1.012	0	0	0	0.99657504	0	0	0	0.99667832	1.0051839	0.00011640412	1.2290407e-07	-4.1311407e-07	2.0567325e-07	4.2620534e-08	6.7837417e-07	-3.5914493e-07	6.3860898e-07	-2.153835e-08	-3.88084e-05	6.9164759e-07	0.00011639734	0.00011632023	-0.0006629261
0.014	1.014	0	0	0	0.99595028	0	0	0	0.99608339	1.0059382	0.00013616035	1.4434912e-07	-4.9752177e-07	2.3660695e-07	4.7511807e-08	8.2137392e-07	-4.334106e-07	7.7963099e-07	-2.3062525e-08	-4.5394934e-05	9.4402677e-07	0.00013615222	0.00013606477	-0.00064271379
0.016	1.016	0	0	0	0.99530585	0	0	0	0.99547453	1.0066545	0.00015591674	1.6609753e-07	-5.8202761e-07	2.6663024e-07	5.1647884e-08	9.6405918e-07	-5.078598e-07	9.2146415e-07	-2.4361686e-08	-5.1981341e-05	1.2359067e-06	0.00015590734	0.00015581265	-0.00060768593
0.018	1.018	0	0	0	0.99464201	0	0	0	0.99485287	1.0073339	0.00017566428	1.8809489e-07	-6.6619861e-07	2.9575659e-07	5.5033139e-08	1.1028086e-06	-5.8209554e-07	1.0604383e-06	-2.5519072e-08	-5.8564599e-05	1.5672774e-06	0.00017565376	0.00017555371	-0.00056995494
0.02	1.02	0	0	0	0.99395978	0	0	0	0.99422031	1.0079793	0.00019540403	2.1034983e-07	-7.4986618e-07	3.2409169e-07	5.7708955e-08	1.2354286e-06	-6.559441e-07	1.1943125e-06	-2.6581496e-08	-6.5145054e-05	1.9381215e-06	0.00019539256	0.00019528777	-0.00053659882
0.022	1.022	0	0	0	0.99326027	0	0	0	0.99357904	1.008594	0.00021514108	2.3289361e-07	-8.3298282e-07	3.5177038e-07	5.9734814e-08	1.3611003e-06	-7.2932691e-07	1.3222278e-06	-2.756764e-08	-7.1724415e-05	2.3484285e-06	0.00021512883	0.00021501923	-0.00050971427
0.024	1.024	0	0	0	0.9925443	0	0	0	0.99293108	1.0091808	0.00023488017	2.5574789e-07	-9.1553257e-07	3.7890725e-07	6.1170963e-08	1.4799339e-06	-8.0218622e-07	1.4442667e-06	-2.8479516e-08	-7.8304288e-05	2.7981984e-06	0.00023486729	0.0002347526	-0.00048857033
0.026	1.026	0	0	0	0.99181212	0	0	0	0.9922782	1.0097415	0.00025462367	2.7891257e-07	-9.9749181e-07	4.0557694e-07	6.2068848e-08	1.5925201e-06	-8.7445548e-07	1.5610055e-06	-2.9311085e-08	-8.4885476e-05	3.2874389e-06	0.00025461028	0.00025449027	-0.00047158694
0.028	1.028	0	0	0	0.99106336	0	0	0	0.99162184	1.0102774	0.00027437091	3.0236756e-07	-1.0788188e-06	4.3181482e-07	6.2468005e-08	1.6996258e-06	-9.4605327e-07	1.67321e-06	-3.0052971e-08	-9.1467774e-05	3.8161595e-06	0.00027435712	0.00027423172	-0.00045728904
0.03	1.03	0	0	0	0.99029707	0	0	0	0.99096325	1.0107884	0.00029411821	3.2608007e-07	-1.1594551e-06	4.5762627e-07	6.2396391e-08	1.8020304e-06	-1.0168856e-06	1.7816687e-06	-3.0694433e-08	-9.8049972e-05	4.3843657e-06	0.00029410413	0.00029397344	-0.00044455187
0.032	1.032	0	0	0	0.98951168	0	0	0	0.9903035	1.0112742	0.00031385909	3.5001311e-07	-1.23933e-06	4.8299772e-07	6.1872123e-08	1.9004492e-06	-1.0868501e-06	1.8871134e-06	-3.1223872e-08	-0.00010462991	4.9920532e-06	0.00031384477	0.00031370907	-0.000432559
0.034	1.034	0	0	0	0.98870503	0	0	0	0.98964357	1.0117334	0.00033358429	3.7413354e-07	-1.318365e-06	5.0790704e-07	6.0905689e-08	1.9955035e-06	-1.1558392e-06	1.9901862e-06	-3.1628637e-08	-0.00011120452	5.639202e-06	0.00033356979	0.00033342952	-0.00042069192
0.036	1.036	0	0	0	0.98787438	0	0	0	0.98898434	1.012164	0.00035328189	3.9841916e-07	-1.3964771e-06	5.3233297e-07	5.9502402e-08	2.0877134e-06	-1.223742e-06	2.0914267e-06	-3.1894543e-08	-0.00011776983	6.3257713e-06	0.00035326727	0.00035312305	-0.00040842671
0.038	1.038	0	0	0	0.98701638	0	0	0	0.98832664	1.0125634	0.00037293729	4.2286531e-07	-1.4735811e-06	5.5626377e-07	5.7665121e-08	2.1774969e-06	-1.2904459e-06	2.1912669e-06	-3.2005273e-08	-0.00012432098	7.0516942e-06	0.00037292261	0.00037277526	-0.00039525371
0.04	1.04	0	0	0	0.98612721	0	0	0	0.98767119	1.0129282	0.00039253328	4.4749081e-07	-1.5495905e-06	5.7970561e-07	5.5397402e-08	2.2651738e-06	-1.3558363e-06	2.2900281e-06	-3.1941711e-08	-0.00013085225	7.8168724e-06	0.00039251861	0.00039236926	-0.00038062089
0.042	1.042	0	0	0	0.98520266	0	0	0	0.98701849	1.0132546	0.00041205033	4.7234317e-07	-1.6244172e-06	6.0269064e-07	5.2707126e-08	2.350968e-06	-1.4197951e-06	2.3879171e-06	-3.1681231e-08	-0.00013735712	8.6211713e-06	0.00041203576	0.00041188587	-0.00036390262
0.044	1.044	0	0	0	0.98423842	0	0	0	0.98636876	1.0135382	0.00043146701	4.9750275e-07	-1.6979686e-06	6.2528462e-07	4.9610488e-08	2.435011e-06	-1.4821976e-06	2.4850243e-06	-3.1196891e-08	-0.00014382847	9.4644159e-06	0.00043145266	0.00043130412	-0.00034440066
0.046	1.046	0	0	0	0.98323049	0	0	0	0.98572159	1.0137743	0.00045076076	5.2308536e-07	-1.7701412e-06	6.475933e-07	4.6135935e-08	2.517347e-06	-1.5429046e-06	2.581325e-06	-3.0456449e-08	-0.00015025881	1.0346388e-05	0.00045074682	0.000450602	-0.00032138507
0.048	1.048	0	0	0	0.98217573	0	0	0	0.98507562	1.0139582	0.00046990873	5.4924356e-07	-1.8408078e-06	6.6976733e-07	4.2327361e-08	2.59794e-06	-1.6017503e-06	2.676688e-06	-2.942111e-08	-0.00015664055	1.1266824e-05	0.00046989541	0.00046975722	-0.00029417501
0.05	1.05	0	0	0	0.98107258	0	0	0	0.98442799	1.0140851	0.00048888841	5.7616795e-07	-1.9097964e-06	6.9200578e-07	3.8245811e-08	2.6766837e-06	-1.6585198e-06	2.7708922e-06	-2.8043953e-08	-0.00016296621	1.2225417e-05	0.00048887599	0.00048874782	-0.00026224553
0.052	1.052	0	0	0	0.97992179	0	0	0	0.98377351	1.0141502	0.00050767752	6.0409145e-07	-1.9768575e-06	7.1456058e-07	3.3969306e-08	2.7534119e-06	-1.7129164e-06	2.8636486e-06	-2.6268431e-08	-0.00016922841	1.3221815e-05	0.0005076663	0.00050755193	-0.00022534186
0.054	1.054	0	0	0	0.97872718	0	0	0	0.98310373	1.0141486	0.00052625272	6.3330005e-07	-2.0416196e-06	7.3774482e-07	2.9591019e-08	2.8279032e-06	-1.7645189e-06	2.9546195e-06	-2.4028445e-08	-0.00017541943	1.4255624e-05	0.00052624299	0.00052614639	-0.00018359674
0.056	1.056	0	0	0	0.97749634	0	0	0	0.9824057	1.0140747	0.00054458725	6.6414962e-07	-2.1035436e-06	7.6194539e-07	2.5216335e-08	2.8998793e-06	-1.8127414e-06	3.0434246e-06	-2.1253994e-08	-0.0001815304	1.5326401e-05	0.00054457924	0.00054450429	-0.00013764305
0.058	1.058	0	0	0	0.97624079	0	0	0	0.98166151	1.0139216	0.00056264941	6.9707438e-07	-2.161912e-06	7.8762792e-07	2.0958072e-08	2.9689984e-06	-1.85684e-06	3.1296299e-06	-1.7889523e-08	-0.00018755083	1.6433642e-05	0.00056264315	0.00056259327	-8.8660344e-05
0.06	1.06	0	0	0	0.97497495	0	0	0	0.98085012	1.0136825	0.00058040618	7.3254867e-07	-2.2159325e-06	8.1529873e-07	1.692612e-08	3.0348711e-06	-1.8960467e-06	3.2127393e-06	-1.3930035e-08	-0.00019346972	1.7576774e-05	0.00058040143	0.0005803791	-3.8469309e-05
0.062	1.062	0	0	0	0.97371281	0	0	0	0.97995324	1.013353	0.00059783587	7.7096329e-07	-2.2650176e-06	8.4538543e-07	1.3207587e-08	3.0971326e-06	-1.9298779e-06	3.2922386e-06	-9.4604219e-09	-0.00019927987	1.8755158e-05	0.00059783204	0.00059783784	9.7073974e-06
0.064	1.064	0	0	0	0.9724635	0	0	0	0.97896321	1.0129344	0.00061494403	8.1246323e-07	-2.3091132e-06	8.7807776e-07	9.8445674e-09	3.1555624e-06	-1.9584547e-06	3.367719e-06	-4.6558536e-09	-0.00020498307	1.9968125e-05	0.00061494032	0.00061497146	5.0627347e-05
0.066	1.066	0	0	0	0.97122897	0	0	0	0.97788585	1.0124346	0.00063176688	8.5689351e-07	-2.3487682e-06	9.1326818e-07	6.829113e-09	3.210158e-06	-1.9825145e-06	3.4389985e-06	2.7715817e-10	-0.00021059133	2.1215044e-05	0.00063176253	0.00063181274	7.9480261e-05
0.068	1.068	0	0	0	0.97000586	0	0	0	0.97673582	1.0118654	0.00064835761	9.03908e-07	-2.3848695e-06	9.5065106e-07	4.1213353e-09	3.261096e-06	-2.0030852e-06	3.506132e-06	5.1706599e-09	-0.0002161223	2.2495376e-05	0.00064835205	0.00064841389	9.5374222e-05
0.07	1.07	0	0	0	0.96878889	0	0	0	0.97552964	1.011238	0.00066476948	9.5312292e-07	-2.4183151e-06	9.8987066e-07	1.6730205e-09	3.3086364e-06	-2.0211413e-06	3.5693259e-06	9.92303e-09	-0.00022159369	2.3808699e-05	0.00066476237	0.00066482954	0.00010103184
0.072	1.072	0	0	0	0.96757313	0	0	0	0.97428156	1.0105622	0.0006810467	1.0042075e-06	-2.449841e-06	1.0306122e-06	-5.584498e-10	3.353048e-06	-2.0374445e-06	3.628845e-06	1.4488404e-08	-0.00022702021	2.5154694e-05	0.00068103789	0.0006811061	0.00010014961
0.074	1.074	0	0	0	0.96635484	0	0	0	0.97300241	1.0098452	0.00069722288	1.0569073e-06	-2.4799909e-06	1.0726285e-06	-2.6061856e-09	3.3945744e-06	-2.0525355e-06	3.6849571e-06	1.8855423e-08	-0.00023241304	2.6533124e-05	0.0006972123	0.00069727904	9.5706892e-05
0.076	1.076	0	0	0	0.96513143	0	0	0	0.97169997	1.0090924	0.0007133227	1.1110357e-06	-2.5091483e-06	1.1157344e-06	-4.4946869e-09	3.4334268e-06	-2.0667816e-06	3.7379092e-06	2.3030436e-08	-0.00023778041	2.794381e-05	0.00071331036	0.0007133743	8.9634537e-05
0.078	1.078	0	0	0	0.9639012	0	0	0	0.97037973	1.0083075	0.00072936422	1.1664577e-06	-2.5375793e-06	1.1597923e-06	-6.241962e-09	3.4697865e-06	-2.0804278e-06	3.787922e-06	2.7027444e-08	-0.00024312833	2.9386621e-05	0.00072935013	0.00072941071	8.3048061e-05
0.08	1.08	0	0	0	0.96266313	0	0	0	0.96904553	1.0074936	0.00074536077	1.2230748e-06	-2.5654681e-06	1.2046995e-06	-7.861463e-09	3.5038099e-06	-2.0936372e-06	3.835191e-06	3.0862854e-08	-0.00024846126	3.0861453e-05	0.00074534498	0.00074540203	7.6544599e-05
0.082	1.082	0	0	0	0.96141663	0	0	0	0.96770008	1.0066527	0.00076132239	1.2808147e-06	-2.5929428e-06	1.2503777e-06	-9.3635239e-09	3.5356337e-06	-2.1065182e-06	3.8798894e-06	3.4552978e-08	-0.00025378253	3.2368229e-05	0.00076130492	0.00076135854	7.0420008e-05
0.084	1.084	0	0	0	0.96016138	0	0	0	0.96634531	1.0057866	0.00077725676	1.3396233e-06	-2.6200932e-06	1.2967657e-06	-1.0756349e-08	3.5653787e-06	-2.1191428e-06	3.9221719e-06	3.8112967e-08	-0.00025909471	3.3906887e-05	0.00077723764	0.00077728801	6.480313e-05
0.086	1.086	0	0	0	0.95889726	0	0	0	0.96498258	1.0048966	0.00079316988	1.3994596e-06	-2.6469823e-06	1.3438151e-06	-1.2046671e-08	3.5931531e-06	-2.1315588e-06	3.9621775e-06	4.155644e-08	-0.0002643998	3.5477381e-05	0.00079314913	0.00079319651	5.9733256e-05
0.088	1.088	0	0	0	0.95762429	0	0	0	0.96361288	1.0039837	0.00080906651	1.460292e-06	-2.6736542e-06	1.3914863e-06	-1.3240189e-08	3.6190545e-06	-2.143797e-06	4.0000322e-06	4.489545e-08	-0.00026969939	3.7079674e-05	0.00080904415	0.00080908881	5.5203424e-05
0.09	1.09	0	0	0	0.95634254	0	0	0	0.96223693	1.0030486	0.00082495049	1.522096e-06	-2.70014e-06	1.4397466e-06	-1.434185e-08	3.6431719e-06	-2.1558772e-06	4.0358507e-06	4.8140586e-08	-0.00027499476	3.8713736e-05	0.00082492652	0.00082496875	5.118422e-05
0.092	1.092	0	0	0	0.95505214	0	0	0	0.96085525	1.0020922	0.00084082498	1.5848522e-06	-2.7264611e-06	1.4885684e-06	-1.5356047e-08	3.6655871e-06	-2.1678111e-06	4.0697383e-06	5.1301128e-08	-0.00028028698	4.0379549e-05	0.00084079941	0.00084083947	4.763667e-05
0.094	1.094	0	0	0	0.95375324	0	0	0	0.95946822	1.0011149	0.00085669259	1.6485455e-06	-2.752632e-06	1.5379279e-06	-1.628674e-08	3.6863753e-06	-2.1796048e-06	4.1017922e-06	5.438521e-08	-0.0002855769	4.2077094e-05	0.00085666542	0.00085670356	4.4519118e-05
0.096	1.096	0	0	0	0.952446	0	0	0	0.95807611	1.0001173	0.00087255551	1.7131638e-06	-2.778662e-06	1.5878044e-06	-1.7137553e-08	3.7056067e-06	-2.1912605e-06	4.1321022e-06	5.7399979e-08	-0.00029086526	4.3806363e-05	0.00087252673	0.00087256319	4.1790746e-05
0.098	1.098	0	0	0	0.95113059	0	0	0	0.95667913	0.99909961	0.00088841561	1.7786976e-06	-2.8045565e-06	1.6381798e-06	-1.7911825e-08	3.7233463e-06	-2.2027776e-06	4.1607521e-06	6.0351726e-08	-0.00029615268	4.5567347e-05	0.0008883852	0.00088842021	3.9413285e-05
0.1	1.1	0	0	0	0.94980718	0	0	0	0.95527741	0.99806228	0.00090427445	1.8451391e-06	-2.8303179e-06	1.6890379e-06	-1.8612662e-08	3.7396551e-06	-2.2141535e-06	4.1878201e-06	6.3246012e-08	-0.0003014397	4.7360044e-05	0.00090424241	0.00090427618	3.7351716e-05
0.102	1.102	0	0	0	0.94847593	0	0	0	0.95387104	0.99700555	0.00092013343	1.9124826e-06	-2.8559465e-06	1.740364e-06	-1.9242964e-08	3.7545904e-06	-2.2253841e-06	4.2133797e-06	6.608777e-08	-0.00030672676	4.9184452e-05	0.00092009972	0.00092013246	3.557444e-05
0.104	1.104	0	0	0	0.94713699	0	0	0	0.95246011	0.99592966	0.00093599371	1.9807232e-06	-2.8814406e-06	1.7921449e-06	-1.9805447e-08	3.7682061e-06	-2.2364642e-06	4.2374997e-06	6.8881388e-08	-0.00031201426	5.1040573e-05	0.00093595833	0.00093599021	3.4053178e-05
0.106	1.106	0	0	0	0.94579051	0	0	0	0.95104464	0.99483482	0.00095185634	2.0498575e-06	-2.9067973e-06	1.8443684e-06	-2.0302667e-08	3.780553e-06	-2.247388e-06	4.2602452e-06	7.1630789e-08	-0.00031730256	5.2928413e-05	0.00095181927	0.00095185045	3.2762737e-05
0.108	1.108	0	0	0	0.9444366	0	0	0	0.94962466	0.9937212	0.00096772223	2.1198827e-06	-2.9320124e-06	1.8970232e-06	-2.0737027e-08	3.7916792e-06	-2.258149e-06	4.2816779e-06	7.433949e-08	-0.00032259194	5.4847975e-05	0.00096768344	0.00096771409	3.1680723e-05
0.11	1.11	0	0	0	0.94307541	0	0	0	0.94820017	0.99258894	0.00098359217	2.1907968e-06	-2.9570808e-06	1.9500989e-06	-2.1110796e-08	3.8016303e-06	-2.2687403e-06	4.3018562e-06	7.7010654e-08	-0.00032788269	5.6799269e-05	0.00098355164	0.00098358192	3.0787248e-05
0.112	1.112	0	0	0	0.94170704	0	0	0	0.94677118	0.99143816	0.00099946689	2.2625984e-06	-2.9819966e-06	2.0035856e-06	-2.1426111e-08	3.8104497e-06	-2.2791546e-06	4.3208356e-06	7.9647141e-08	-0.00033317504	5.8782303e-05	0.00099942459	0.00099945464	3.006465e-05
0.114	1.114	0	0	0	0.9403316	0	0	0	0.94533766	0.99026899	0.001015347	2.3352867e-06	-3.0067533e-06	2.0574739e-06	-2.168499e-08	3.8181786e-06	-2.2893845e-06	4.3386692e-06	8.2251538e-08	-0.0003384692	6.0797088e-05	0.0010153029	0.0010153329	2.9497227e-05
0.116	1.116	0	0	0	0.93894917	0	0	0	0.94389959	0.98908149	0.0010312331	2.408861e-06	-3.0313437e-06	2.1117551e-06	-2.1889341e-08	3.8248564e-06	-2.2994223e-06	4.3554076e-06	8.4826201e-08	-0.00034376535	6.2843634e-05	0.0010311872	0.0010312172	2.9071008e-05
0.118	1.118	0	0	0	0.93755985	0	0	0	0.94245696	0.98787576	0.0010471257	2.483321e-06	-3.0557601e-06	2.1664204e-06	-2.2040962e-08	3.8305206e-06	-2.3092603e-06	4.3710993e-06	8.7373275e-08	-0.00034906368	6.4921956e-05	0.0010470779	0.0010471081	2.8773545e-05
0.12	1.12	0	0	0	0.93616371	0	0	0	0.94100973	0.98665186	0.0010630252	2.5586666e-06	-3.0799944e-06	2.2214616e-06	-2.2141553e-08	3.835207e-06	-2.3188905e-06	4.385791e-06	8.9894723e-08	-0.00035436433	6.7032067e-05	0.0010629756	0.001063006	2.8593725e-05
0.122	1.122	0	0	0	0.93476082	0	0	0	0.93955787	0.98540984	0.0010789321	2.6348979e-06	-3.1040379e-06	2.2768705e-06	-2.2192716e-08	3.8389502e-06	-2.3283048e-06	4.3995273e-06	9.2392348e-08	-0.00035966745	6.917398e-05	0.0010788806	0.0010789113	2.8521619e-05
0.124	1.124	0	0	0	0.93335124	0	0	0	0.93810134	0.98414973	0.0010948468	2.7120149e-06	-3.1278814e-06	2.3326393e-06	-2.2195965e-08	3.8417832e-06	-2.3374952e-06	4.4123517e-06	9.4867806e-08	-0.00036497315	7.1347712e-05	0.0010947933	0.0010948245	2.8548334e-05
0.126	1.126	0	0	0	0.93193504	0	0	0	0.93664011	0.98287159	0.0011107695	2.7900177e-06	-3.1515154e-06	2.3887599e-06	-2.2152727e-08	3.8437376e-06	-2.3464532e-06	4.4243059e-06	9.7322627e-08	-0.00037028155	7.3553278e-05	0.001110714	0.0011107458	2.8665898e-05
0.128	1.128	0	0	0	0.93051224	0	0	0	0.93517413	0.98157542	0.0011267006	2.8689062e-06	-3.1749301e-06	2.4452246e-06	-2.2064345e-08	3.8448439e-06	-2.3551704e-06	4.4354303e-06	9.9758225e-08	-0.00037559276	7.5790695e-05	0.0011266431	0.0011266756	2.8867151e-05
0.13	1.13	0	0	0	0.92908291	0	0	0	0.93370337	0.98026126	0.0011426404	2.9486803e-06	-3.1981148e-06	2.5020252e-06	-2.1932085e-08	3.8451315e-06	-2.3636385e-06	4.4457644e-06	1.0217591e-07	-0.00038090688	7.8059981e-05	0.0011425808	0.0011426141	2.914565e-05
0.132	1.132	0	0	0	0.92764707	0	0	0	0.93222778	0.97892912	0.0011585891	3.0293395e-06	-3.2210589e-06	2.5591539e-06	-2.1757136e-08	3.8446286e-06	-2.3718486e-06	4.4553462e-06	1.0457691e-07	-0.00038622398	8.0361152e-05	0.0011585275	0.0011585617	2.9495597e-05
0.134	1.134	0	0	0	0.92620476	0	0	0	0.93074732	0.97757899	0.0011745471	3.1108834e-06	-3.2437511e-06	2.6166025e-06	-2.1540618e-08	3.8433626e-06	-2.379792e-06	4.4642132e-06	1.0696236e-07	-0.00039154416	8.2694227e-05	0.0011744833	0.0011745185	2.9911758e-05
0.136	1.136	0	0	0	0.92475601	0	0	0	0.92926195	0.97621089	0.0011905144	3.1933109e-06	-3.2661794e-06	2.6743626e-06	-2.1283578e-08	3.8413598e-06	-2.3874598e-06	4.4724018e-06	1.0933333e-07	-0.00039686749	8.5059226e-05	0.0011904485	0.0011904847	3.038941e-05
0.138	1.138	0	0	0	0.92330083	0	0	0	0.92777163	0.97482482	0.0012064914	3.2766207e-06	-3.2883317e-06	2.7324256e-06	-2.0986997e-08	3.8386457e-06	-2.3948426e-06	4.4799476e-06	1.1169081e-07	-0.00040219403	8.7456166e-05	0.0012064233	0.0012064606	3.0924281e-05
0.14	1.14	0	0	0	0.92183925	0	0	0	0.9262763	0.97342075	0.0012224782	3.360811e-06	-3.3101953e-06	2.7907827e-06	-2.0651791e-08	3.8352449e-06	-2.4019313e-06	4.4868857e-06	1.1403574e-07	-0.00040752385	8.9885068e-05	0.0012224079	0.0012224464	3.1512508e-05
0.142	1.142	0	0	0	0.92037127	0	0	0	0.92477593	0.97199868	0.0012384749	3.4458795e-06	-3.3317567e-06	2.8494247e-06	-2.0278816e-08	3.8311814e-06	-2.4087163e-06	4.4932507e-06	1.1636902e-07	-0.00041285701	9.2345952e-05	0.0012384024	0.0012384422	3.2150591e-05
0.144	1.144	0	0	0	0.91889692	0	0	0	0.92327047	0.9705586	0.0012544819	3.5318236e-06	-3.3530023e-06	2.908342e-06	-1.9868864e-08	3.8264783e-06	-2.4151877e-06	4.4990765e-06	1.1869147e-07	-0.00041819357	9.4838837e-05	0.0012544071	0.0012544483	3.2835356e-05
0.146	1.146	0	0	0	0.91741618	0	0	0	0.92175987	0.96910048	0.0012704991	3.6186396e-06	-3.3739174e-06	2.9675247e-06	-1.9422668e-08	3.8211581e-06	-2.4213355e-06	4.5043967e-06	1.2100389e-07	-0.00042353358	9.7363745e-05	0.001270422	0.0012704646	3.3563925e-05
0.148	1.148	0	0	0	0.91592908	0	0	0	0.92024408	0.96762431	0.0012865269	3.7063234e-06	-3.3944871e-06	3.0269621e-06	-1.8940904e-08	3.8152426e-06	-2.4271494e-06	4.5092449e-06	1.2330704e-07	-0.00042887708	9.9920696e-05	0.0012864474	0.0012864915	3.4333688e-05
0.15	1.15	0	0	0	0.9144356	0	0	0	0.91872307	0.96613005	0.0013025652	3.7948702e-06	-3.4146955e-06	3.0866435e-06	-1.8424191e-08	3.8087531e-06	-2.4326187e-06	4.513654e-06	1.2560163e-07	-0.00043422413	0.00010250971	0.0013024833	0.0013025291	3.5142273e-05
0.152	1.152	0	0	0	0.91293575	0	0	0	0.91719678	0.96461768	0.0013186143	3.8842741e-06	-3.4345263e-06	3.1465572e-06	-1.7873092e-08	3.80171e-06	-2.4377325e-06	4.5176571e-06	1.2788836e-07	-0.00043957477	0.00010513081	0.00131853	0.0013185774	3.5987526e-05
0.154	1.154	0	0	0	0.91142952	0	0	0	0.91566517	0.96308716	0.0013346742	3.9745285e-06	-3.4539622e-06	3.2066911e-06	-1.7288113e-08	3.7941335e-06	-2.4424796e-06	4.5212873e-06	1.3016788e-07	-0.00044492903	0.00010778402	0.0013345874	0.0013346366	3.6867491e-05
0.156	1.156	0	0	0	0.90991689	0	0	0	0.91412818	0.96153846	0.0013507451	4.0656257e-06	-3.4729853e-06	3.2670322e-06	-1.6669707e-08	3.7860431e-06	-2.4468481e-06	4.5245775e-06	1.3244083e-07	-0.00045028697	0.00011046936	0.0013506558	0.0013507068	3.7780391e-05
0.158	1.158	0	0	0	0.90839787	0	0	0	0.91258577	0.95997154	0.0013668271	4.1575569e-06	-3.4915767e-06	3.327567e-06	-1.6018269e-08	3.7774577e-06	-2.4508259e-06	4.527561e-06	1.3470783e-07	-0.00045564861	0.00011318685	0.0013667353	0.0013667882	3.8724612e-05
0.16	1.16	0	0	0	0.90687242	0	0	0	0.9110379	0.95838636	0.0013829203	4.2503121e-06	-3.5097166e-06	3.3882811e-06	-1.5334142e-08	3.7683959e-06	-2.4544005e-06	4.5302712e-06	1.3696946e-07	-0.00046101399	0.00011593651	0.0013828259	0.0013828808	3.9698688e-05
0.162	1.162	0	0	0	0.90534054	0	0	0	0.9094845	0.95678288	0.0013990248	4.34388e-06	-3.5273843e-06	3.4491591e-06	-1.461761e-08	3.7588757e-06	-2.4575586e-06	4.5327419e-06	1.3922631e-07	-0.00046638314	0.00011871837	0.0013989277	0.0013989846	4.070129e-05
0.164	1.164	0	0	0	0.9038022	0	0	0	0.90792554	0.95516106	0.0014151407	4.438248e-06	-3.544558e-06	3.5101849e-06	-1.3868901e-08	3.7489147e-06	-2.4602868e-06	4.5350072e-06	1.4147895e-07	-0.0004717561	0.00012153245	0.0014150409	0.0014151	4.1731211e-05
0.166	1.166	0	0	0	0.90225739	0	0	0	0.90636096	0.95352084	0.0014312681	4.5334018e-06	-3.5612147e-06	3.5713412e-06	-1.3088185e-08	3.7385298e-06	-2.4625707e-06	4.537102e-06	1.4372791e-07	-0.0004771329	0.00012437877	0.0014311656	0.0014312268	4.2787357e-05
0.168	1.168	0	0	0	0.90070608	0	0	0	0.9047907	0.95186217	0.001447407	4.6293256e-06	-3.5773302e-06	3.6326096e-06	-1.2275574e-08	3.7277379e-06	-2.4643954e-06	4.5390615e-06	1.4597375e-07	-0.00048251357	0.00012725736	0.0014473017	0.0014473652	4.386874e-05
0.17	1.17	0	0	0	0.89914824	0	0	0	0.90321473	0.950185	0.0014635576	4.7260016e-06	-3.592879e-06	3.6939705e-06	-1.1431117e-08	3.716555e-06	-2.4657453e-06	4.5409221e-06	1.4821701e-07	-0.00048789814	0.00013016823	0.0014634495	0.0014635154	4.4974464e-05
0.172	1.172	0	0	0	0.89758385	0	0	0	0.90163298	0.94848929	0.00147972	4.8234102e-06	-3.6078342e-06	3.7554031e-06	-1.0554798e-08	3.7049968e-06	-2.4666039e-06	4.5427208e-06	1.504582e-07	-0.00049328662	0.00013311142	0.001479609	0.0014796772	4.6103722e-05
0.174	1.174	0	0	0	0.89601286	0	0	0	0.90004541	0.94677496	0.0014958941	4.9215295e-06	-3.6221671e-06	3.8168851e-06	-9.6465366e-09	3.6930788e-06	-2.466954e-06	4.5444958e-06	1.5269787e-07	-0.00049867906	0.00013608694	0.0014957803	0.001495851	4.7255787e-05
0.176	1.176	0	0	0	0.89443526	0	0	0	0.89845195	0.94504196	0.0015120802	5.0203353e-06	-3.6358476e-06	3.8783926e-06	-8.7061799e-09	3.6808157e-06	-2.4667773e-06	4.5462863e-06	1.5493653e-07	-0.00050407548	0.00013909482	0.0015119634	0.0015120366	4.8430004e-05
0.178	1.178	0	0	0	0.892851	0	0	0	0.89685256	0.94329022	0.0015282782	5.1198009e-06	-3.6488434e-06	3.9399002e-06	-7.7335021e-09	3.6682219e-06	-2.4660546e-06	4.5481332e-06	1.5717472e-07	-0.0005094759	0.00014213509	0.0015281585	0.0015282343	4.9625789e-05
0.18	1.18	0	0	0	0.89126005	0	0	0	0.89524718	0.94151969	0.0015444883	5.2198966e-06	-3.6611203e-06	4.0013804e-06	-6.7281976e-09	3.6553111e-06	-2.4647654e-06	4.5500786e-06	1.5941296e-07	-0.00051488034	0.00014520776	0.0015443655	0.001544444	5.0842617e-05
0.182	1.182	0	0	0	0.88966235	0	0	0	0.89363575	0.93973028	0.0015607105	5.3205896e-06	-3.6726419e-06	4.0628039e-06	-5.6898768e-09	3.6420969e-06	-2.4628878e-06	4.5521667e-06	1.616518e-07	-0.00052028883	0.00014831286	0.0015605846	0.0015606659	5.2080025e-05
0.184	1.184	0	0	0	0.88805788	0	0	0	0.89201821	0.93792194	0.0015769449	5.4218439e-06	-3.6833691e-06	4.1241392e-06	-4.6180587e-09	3.6285918e-06	-2.4603989e-06	4.5544434e-06	1.6389178e-07	-0.0005257014	0.00015145042	0.0015768158	0.0015768999	5.3337601e-05
0.186	1.186	0	0	0	0.88644658	0	0	0	0.8903945	0.93609458	0.0015931915	5.5236195e-06	-3.6932602e-06	4.1853521e-06	-3.5121642e-09	3.6148082e-06	-2.4572737e-06	4.556957e-06	1.6613346e-07	-0.00053111806	0.00015462046	0.0015930592	0.0015931463	5.4614986e-05
0.188	1.188	0	0	0	0.88482841	0	0	0	0.88876457	0.93424812	0.0016094505	5.625872e-06	-3.7022702e-06	4.2464059e-06	-2.3715073e-09	3.6007576e-06	-2.4534858e-06	4.5597583e-06	1.6837741e-07	-0.00053653883	0.00015782301	0.0016093149	0.0016094049	5.5911865e-05
0.19	1.19	0	0	0	0.88320331	0	0	0	0.88712835	0.93238248	0.0016257218	5.7285527e-06	-3.7103509e-06	4.3072609e-06	-1.1952854e-09	3.5864507e-06	-2.4490066e-06	4.5629008e-06	1.7062422e-07	-0.00054196374	0.00016105808	0.0016255829	0.0016256759	5.7227971e-05
0.192	1.192	0	0	0	0.88157122	0	0	0	0.88548577	0.93049758	0.0016420055	5.8316073e-06	-3.7174501e-06	4.367874e-06	1.7432263e-11	3.5718976e-06	-2.4438053e-06	4.5664412e-06	1.7287449e-07	-0.00054739281	0.00016432571	0.0016418633	0.0016419594	5.8563079e-05
0.194	1.194	0	0	0	0.8799321	0	0	0	0.88383677	0.92859331	0.0016583017	5.9349758e-06	-3.7235114e-06	4.4281982e-06	1.2677176e-09	3.5571075e-06	-2.4378486e-06	4.5704399e-06	1.7512886e-07	-0.00055282605	0.00016762592	0.001658156	0.0016582554	5.9917007e-05
0.196	1.196	0	0	0	0.87828586	0	0	0	0.88218128	0.92666959	0.0016746105	6.0385916e-06	-3.7284736e-06	4.4881825e-06	2.5567991e-09	3.5420885e-06	-2.4311005e-06	4.5749613e-06	1.7738798e-07	-0.00055826348	0.00017095873	0.0016744613	0.0016745639	6.1289612e-05
0.198	1.198	0	0	0	0.87663246	0	0	0	0.88051923	0.9247263	0.0016909318	6.1423803e-06	-3.73227e-06	4.547771e-06	3.886079e-09	3.5268476e-06	-2.4235215e-06	4.5800742e-06	1.7965255e-07	-0.00056370512	0.00017432418	0.001690779	0.001690885	6.2680798e-05
0.2	1.2	0	0	0	0.87497181	0	0	0	0.87885054	0.92276334	0.0017072658	6.2462592e-06	-3.7348279e-06	4.6069025e-06	5.2571542e-09	3.5113907e-06	-2.4150687e-06	4.5858525e-06	1.8192327e-07	-0.00056915098	0.00017772227	0.0017071093	0.0017072187	6.4090513e-05
0.202	1.202	0	0	0	0.87330384	0	0	0	0.87717514	0.92078058	0.0017236124	6.3501361e-06	-3.7360675e-06	4.6655094e-06	6.6718398e-09	3.4957219e-06	-2.405695e-06	4.5923761e-06	1.8420093e-07	-0.00057460108	0.00018115305	0.0017234522	0.0017235651	6.5518753e-05
0.204	1.204	0	0	0	0.87162847	0	0	0	0.87549294	0.9187779	0.0017399717	6.4539073e-06	-3.7359012e-06	4.7235175e-06	8.1321968e-09	3.4798439e-06	-2.3953486e-06	4.5997311e-06	1.8648632e-07	-0.00058005542	0.00018461653	0.0017398077	0.0017399242	6.6965575e-05
0.206	1.206	0	0	0	0.8699456	0	0	0	0.87380385	0.91675515	0.0017563437	6.5574565e-06	-3.7342324e-06	4.7808439e-06	9.6405645e-09	3.463757e-06	-2.3839722e-06	4.6080115e-06	1.8878031e-07	-0.00058551403	0.00018811275	0.0017561758	0.001756296	6.8431101e-05
0.208	1.208	0	0	0	0.86825514	0	0	0	0.87210779	0.91471218	0.0017727284	6.6606527e-06	-3.730954e-06	4.8373969e-06	1.1199598e-08	3.4474596e-06	-2.3715023e-06	4.6173192e-06	1.9108382e-07	-0.0005909769	0.00019164172	0.0017725565	0.0017726805	6.9915534e-05
0.21	1.21	0	0	0	0.86655697	0	0	0	0.87040465	0.91264882	0.0017891259	6.7633478e-06	-3.7259473e-06	4.8930737e-06	1.2812315e-08	3.4309471e-06	-2.3578684e-06	4.627766e-06	1.9339783e-07	-0.00059644403	0.00019520347	0.0017889499	0.0017890777	7.1419182e-05
0.212	1.212	0	0	0	0.86485099	0	0	0	0.86869433	0.91056488	0.0018055361	6.8653735e-06	-3.7190798e-06	4.9477589e-06	1.4482143e-08	3.4142114e-06	-2.3429917e-06	4.6394747e-06	1.9572342e-07	-0.00060191544	0.00019879803	0.001805356	0.0018054877	7.2942483e-05
0.214	1.214	0	0	0	0.86313706	0	0	0	0.86697671	0.90846015	0.001821959	6.9665386e-06	-3.7102033e-06	5.0013222e-06	1.6212987e-08	3.3972407e-06	-2.3267839e-06	4.6525804e-06	1.9806172e-07	-0.0006073911	0.00020242542	0.0018217746	0.0018219103	7.4486045e-05
0.216	1.216	0	0	0	0.86141503	0	0	0	0.86525165	0.90633439	0.0018383946	7.0666239e-06	-3.6991513e-06	5.0536163e-06	1.8009299e-08	3.3800185e-06	-2.3091454e-06	4.6672328e-06	2.0041399e-07	-0.00061287102	0.00020608567	0.0018382059	0.0018383457	7.6050703e-05
0.218	1.218	0	0	0	0.85968475	0	0	0	0.86351903	0.90418734	0.0018548429	7.165378e-06	-3.6857361e-06	5.1044728e-06	1.9876169e-08	3.3625223e-06	-2.289964e-06	4.683598e-06	2.0278158e-07	-0.00061835518	0.0002097788	0.0018546496	0.0018547936	7.763759e-05
0.22	1.22	0	0	0	0.85794602	0	0	0	0.86177867	0.90201869	0.0018713036	7.2625111e-06	-3.669745e-06	5.1536995e-06	2.1819424e-08	3.3447228e-06	-2.2691124e-06	4.7018612e-06	2.0516597e-07	-0.00062384354	0.00021350484	0.0018711057	0.001871254	7.9248243e-05
0.222	1.222	0	0	0	0.85619864	0	0	0	0.86003041	0.89982809	0.0018877768	7.3576869e-06	-3.6509365e-06	5.2010746e-06	2.3845757e-08	3.326582e-06	-2.2464455e-06	4.7222294e-06	2.0756875e-07	-0.00062933609	0.00021726382	0.0018875741	0.0018877268	8.0884741e-05
0.224	1.224	0	0	0	0.85444235	0	0	0	0.85827403	0.89761512	0.0019042623	7.4505145e-06	-3.6290348e-06	5.2463419e-06	2.5962873e-08	3.3080513e-06	-2.2217976e-06	4.7449351e-06	2.0999169e-07	-0.00063483275	0.00022105575	0.0019040546	0.0019042118	8.2549901e-05
0.226	1.226	0	0	0	0.85267689	0	0	0	0.85650931	0.89537931	0.0019207598	7.5405362e-06	-3.6037242e-06	5.2892032e-06	2.8179673e-08	3.2890691e-06	-2.1949787e-06	4.7702399e-06	2.1243672e-07	-0.00064033348	0.00022488067	0.001920547	0.0019207088	8.4247546e-05
0.228	1.228	0	0	0	0.85090193	0	0	0	0.85473597	0.89312008	0.0019372691	7.6272144e-06	-3.5746416e-06	5.3293098e-06	3.0506463e-08	3.2695572e-06	-2.1657698e-06	4.7984396e-06	2.1490594e-07	-0.00064583818	0.00022873859	0.001937051	0.0019372175	8.5982877e-05
0.23	1.23	0	0	0	0.84911706	0	0	0	0.85295368	0.89083675	0.0019537899	7.7099142e-06	-3.5413678e-06	5.3662518e-06	3.2955223e-08	3.2494164e-06	-2.1339182e-06	4.8298692e-06	2.1740161e-07	-0.00065134676	0.00023262954	0.0019535662	0.0019537376	8.7762987e-05
0.232	1.232	0	0	0	0.84732184	0	0	0	0.85116207	0.88852851	0.0019703217	7.7878822e-06	-3.5034177e-06	5.399545e-06	3.5539915e-08	3.2285214e-06	-2.0991308e-06	4.8649088e-06	2.1992623e-07	-0.00065685905	0.00023655354	0.0019700921	0.0019702687	8.9597576e-05
0.234	1.234	0	0	0	0.84551569	0	0	0	0.84936066	0.88619435	0.0019868639	7.8602207e-06	-3.4602277e-06	5.4286148e-06	3.8276867e-08	3.2067127e-06	-2.0610672e-06	4.9039911e-06	2.2248241e-07	-0.00066237489	0.00024051061	0.0019866283	0.0019868101	9.1499948e-05
0.236	1.236	0	0	0	0.84369796	0	0	0	0.84754891	0.88383305	0.0020034159	7.9258556e-06	-3.4111419e-06	5.4527761e-06	4.118523e-08	3.183787e-06	-2.0193308e-06	4.9476084e-06	2.2507294e-07	-0.00066789404	0.00024450078	0.0020031738	0.0020033611	9.3488392e-05
0.238	1.238	0	0	0	0.8418678	0	0	0	0.84572611	0.8814431	0.0020199766	7.9834969e-06	-3.3553952e-06	5.4712094e-06	4.428752e-08	3.1594837e-06	-1.9734592e-06	4.9963212e-06	2.2770065e-07	-0.0006734162	0.00024852406	0.0020197277	0.0020199208	9.5588107e-05
0.24	1.24	0	0	0	0.84002421	0	0	0	0.84389141	0.87902263	0.002036545	8.0315913e-06	-3.2920951e-06	5.4829315e-06	4.7610276e-08	3.1334672e-06	-1.9229131e-06	5.050766e-06	2.3036828e-07	-0.00067894099	0.00025258046	0.0020362889	0.0020364881	9.7833848e-05
0.242	1.242	0	0	0	0.8381659	0	0	0	0.84204375	0.87656927	0.0020531195	8.0682659e-06	-3.2202014e-06	5.4867613e-06	5.1184807e-08	3.105302e-06	-1.8670645e-06	5.1116626e-06	2.3307826e-07	-0.00068446791	0.00025667001	0.0020528555	0.0020530614	0.00010027355
0.244	1.244	0	0	0	0.83629129	0	0	0	0.84018177	0.87408005	0.0020696981	8.0912619e-06	-3.1385057e-06	5.4812803e-06	5.5048068e-08	3.0744205e-06	-1.8051846e-06	5.1798189e-06	2.3583223e-07	-0.00068999631	0.00026079271	0.0020694257	0.0020696388	0.00010297321
0.246	1.246	0	0	0	0.83439838	0	0	0	0.83830375	0.87155119	0.0020862783	8.0978629e-06	-3.0456135e-06	5.4647899e-06	5.9243606e-08	3.0400767e-06	-1.7364347e-06	5.2561305e-06	2.386304e-07	-0.00069552538	0.00026494856	0.0020859967	0.0020862179	0.00010602324
0.248	1.248	0	0	0	0.8324846	0	0	0	0.83640749	0.86897785	0.0021028568	8.0848207e-06	-2.939934e-06	5.4352697e-06	6.3822546e-08	3.0012861e-06	-1.6598611e-06	5.3415709e-06	2.4147037e-07	-0.00070105405	0.00026913758	0.0021025652	0.0021027955	0.00010954641
0.25	1.25	0	0	0	0.83054672	0	0	0	0.83449019	0.86635386	0.0021194295	8.0482931e-06	-2.8196866e-06	5.3903437e-06	6.8844466e-08	2.9567425e-06	-1.5744015e-06	5.4371654e-06	2.4434528e-07	-0.0007065809	0.00027335974	0.0021191266	0.0021193676	0.00011370696
0.252	1.252	0	0	0	0.8285806	0	0	0	0.8325482	0.86367128	0.0021359908	7.9838164e-06	-2.6829387e-06	5.3272726e-06	7.4377956e-08	2.9047098e-06	-1.4789123e-06	5.5439396e-06	2.4724087e-07	-0.00071210415	0.00027761505	0.0021356752	0.0021359288	0.00011871922
0.254	1.254	0	0	0	0.82658098	0	0	0	0.83057689	0.86091998	0.0021525337	7.8863523e-06	-2.5276994e-06	5.2429952e-06	8.0500421e-08	2.8428835e-06	-1.3722313e-06	5.6628291e-06	2.5013077e-07	-0.00071762144	0.00028190346	0.0021522036	0.0021524724	0.00012485194
0.256	1.256	0	0	0	0.82454121	0	0	0	0.82857029	0.85808708	0.0021690489	7.7504767e-06	-2.3521046e-06	5.1342637e-06	8.7296421e-08	2.7682264e-06	-1.2532985e-06	5.7945346e-06	2.5296924e-07	-0.00072312973	0.00028622494	0.0021687023	0.0021689896	0.00013242015
0.258	1.258	0	0	0	0.82245302	0	0	0	0.82652092	0.85515647	0.002185525	7.5708074e-06	-2.1547425e-06	4.9979328e-06	9.4853351e-08	2.676801e-06	-1.1213663e-06	5.9393035e-06	2.5568009e-07	-0.00072862519	0.00029057942	0.0021851593	0.0021854691	0.00014174996
0.26	1.26	0	0	0	0.82030637	0	0	0	0.82441955	0.85210852	0.0022019476	7.3428044e-06	-1.9351838e-06	4.8314844e-06	1.0325249e-07	2.5636633e-06	-9.7633771e-07	6.0966294e-06	2.5814084e-07	-0.00073410301	0.00029496681	0.0022015597	0.0022018968	0.00015309408
0.262	1.262	0	0	0	0.81808971	0	0	0	0.82225536	0.84892045	0.0022182997	7.0640874e-06	-1.6947653e-06	4.6338735e-06	1.1255252e-07	2.4229684e-06	-8.1926165e-07	6.264877e-06	2.6016252e-07	-0.00073955748	0.00029938701	0.0022178863	0.0022182556	0.00016647455
0.264	1.264	0	0	0	0.81579096	0	0	0	0.82001667	0.8455682	0.0022345628	6.7363297e-06	-1.4375975e-06	4.4067177e-06	1.2276226e-07	2.2485654e-06	-6.5296068e-07	6.4409099e-06	2.6147038e-07	-0.00074498234	0.00030383984	0.0022341206	0.0022345261	0.00018145581
0.266	1.266	0	0	0	0.81339982	0	0	0	0.81769296	0.84203091	0.00225072	6.3674092e-06	-1.171499e-06	4.1556082e-06	1.3380304e-07	2.0354438e-06	-4.825964e-07	6.6199238e-06	2.6170259e-07	-0.00075037184	0.00030832511	0.0022502468	0.00225069	0.0001969354
0.268	1.268	0	0	0	0.81091159	0	0	0	0.81527827	0.83829838	0.002266762	5.9726464e-06	-9.0806814e-07	3.8907799e-06	1.4547462e-07	1.7820816e-06	-3.1566446e-07	6.7958586e-06	2.6045745e-07	-0.00075572263	0.0003128426	0.0022662574	0.002266736	0.00021116475
0.27	1.27	0	0	0	0.80833088	0	0	0	0.81277488	0.83437861	0.0022826928	5.5731431e-06	-6.608333e-07	3.625903e-06	1.5745807e-07	1.4926617e-06	-1.6076013e-07	6.9626868e-06	2.5740806e-07	-0.00076103588	0.00031739205	0.0022821593	0.0022826666	0.00022222967
0.272	1.272	0	0	0	0.80567201	0	0	0	0.81019424	0.83029905	0.0022985319	5.1904188e-06	-4.4153408e-07	3.3745745e-06	1.6938415e-07	1.177054e-06	-2.518475e-08	7.116172e-06	2.5243719e-07	-0.0007663179	0.00032197326	0.0022979747	0.0022985009	0.00022892094
0.274	1.274	0	0	0	0.80295462	0	0	0	0.80755341	0.82609822	0.0023143084	4.8402373e-06	-2.5678475e-07	3.1464388e-06	1.8093723e-07	8.4773024e-07	8.7140544e-08	7.2548985e-06	2.4568511e-07	-0.00077157833	0.00032658606	0.0023137337	0.0023142691	0.00023136949
0.276	1.276	0	0	0	0.80019744	0	0	0	0.80486952	0.82181358	0.0023300515	4.5299435e-06	-1.0748747e-07	2.9456513e-06	1.9192138e-07	5.1583466e-07	1.7596951e-07	7.3798696e-06	2.3746988e-07	-0.00077682695	0.00033123034	0.0023294652	0.002330003	0.0002307893
0.278	1.278	0	0	0	0.79741469	0	0	0	0.80215608	0.81747403	0.0023457844	4.25998e-06	9.3473372e-09	2.7719924e-06	2.0225806e-07	1.8908933e-07	2.4350508e-07	7.493312e-06	2.2815952e-07	-0.00078207162	0.00033590607	0.0023451915	0.0023457278	0.00022863168
0.28	1.28	0	0	0	0.79461555	0	0	0	0.7994223	0.81309874	0.0023615232	4.0269509e-06	9.8349276e-08	2.6228895e-06	2.1194682e-07	-1.2817627e-07	2.9293659e-07	7.597655e-06	2.1808347e-07	-0.00078731775	0.00034061325	0.0023609271	0.0023614608	0.00022598074
0.282	1.282	0	0	0	0.79180542	0	0	0	0.79667386	0.8086993	0.0023772778	3.8260705e-06	1.6429345e-07	2.4949864e-06	2.2102635e-07	-4.340598e-07	3.2748746e-07	7.6950209e-06	2.0750043e-07	-0.00079256878	0.00034535191	0.0023766811	0.0023772122	0.00022344141
0.284	1.284	0	0	0	0.78898723	0	0	0	0.79391412	0.80428232	0.0023930542	3.6525096e-06	2.1142434e-07	2.3849838e-06	2.2954949e-07	-7.2811114e-07	3.499952e-07	7.7870885e-06	1.9660011e-07	-0.00079782677	0.0003501221	0.0023924586	0.0023929881	0.00022127277
0.286	1.286	0	0	0	0.78616243	0	0	0	0.79114497	0.79985142	0.0024088557	3.5019552e-06	2.4327113e-07	2.2899738e-06	2.3757044e-07	-1.0106486e-06	3.6280586e-07	7.8751272e-06	1.8551694e-07	-0.00080309294	0.00035492386	0.0024082626	0.0024087914	0.00021954265
0.288	1.288	0	0	0	0.78333167	0	0	0	0.78836745	0.79540851	0.0024246846	3.3707568e-06	2.6268113e-07	2.2075155e-06	2.4513939e-07	-1.2823495e-06	3.6780518e-07	7.9600798e-06	1.7434458e-07	-0.00080836801	0.00035975727	0.0024240948	0.0024246239	0.0002182313
0.29	1.29	0	0	0	0.78049517	0	0	0	0.7855821	0.79095452	0.0024405418	3.2558984e-06	2.7192419e-07	2.1356039e-06	2.5230088e-07	-1.5440258e-06	3.6649249e-07	8.042644e-06	1.6314775e-07	-0.00081365241	0.00036462236	0.0024399561	0.0024404864	0.00021728713
0.292	1.292	0	0	0	0.77765291	0	0	0	0.7827892	0.78648988	0.0024564281	3.1549109e-06	2.7280517e-07	2.0726043e-06	2.5909371e-07	-1.796508e-06	3.6005743e-07	8.1233383e-06	1.5197092e-07	-0.0008189464	0.00036951921	0.002455847	0.0024563792	0.00021665307
0.294	1.294	0	0	0	0.77480475	0	0	0	0.77998885	0.78201476	0.002472344	3.0657755e-06	2.6676224e-07	2.0171851e-06	2.655515e-07	-2.0405896e-06	3.4944635e-07	8.2025513e-06	1.4084445e-07	-0.00082425013	0.00037444788	0.002471768	0.0024723027	0.0002162773
0.296	1.296	0	0	0	0.77195053	0	0	0	0.77718108	0.77752917	0.0024882897	2.9868372e-06	2.5494647e-07	1.9682579e-06	2.7170339e-07	-2.2770032e-06	3.3541555e-07	8.2805769e-06	1.2978879e-07	-0.00082956374	0.00037940842	0.0024877191	0.0024882568	0.00021611669
0.298	1.298	0	0	0	0.76909005	0	0	0	0.77436586	0.77303309	0.0025042655	2.9167329e-06	2.3828414e-07	1.9249285e-06	2.7757477e-07	-2.5064133e-06	3.1857283e-07	8.3576399e-06	1.1881749e-07	-0.00083488729	0.0003844009	0.0025037006	0.0025042418	0.00021613709
0.3	1.3	0	0	0	0.76622313	0	0	0	0.77154314	0.76852647	0.0025202715	2.8543328e-06	2.1752475e-07	1.8864577e-06	2.8318784e-07	-2.729417e-06	2.9940946e-07	8.4339143e-06	1.0793917e-07	-0.00084022087	0.00038942539	inf	inf	inf
