lambda	F11	F12	F13	F21	F22	F23	F31	F32	F33	J	P11	P12	P13	P21	P22	P23	P31	P32	P33	p	StrEn	t(1)	t(2)	d
0	1	0	0	0	1	0	0	0	1	1	0	0	0	0	0	0	0	0	0	-0	0	inf	inf	inf
-0.002	1	-0.002	0	0	1	0	0	0	1	1	-1.5918681e-08	-2.9098483e-06	2.319574e-08	-2.9083444e-06	6.9002682e-08	1.0961844e-08	2.2471111e-08	8.5313593e-09	2.8733272e-08	-2.7272425e-08	2.9080934e-09	-2.9098483e-06	-2.9032401e-06	-0.0022761694
-0.004	1	-0.004	0	0	1	0	0	0	1	1	3.091334e-08	-5.8083914e-06	4.6919189e-08	-5.8046065e-06	2.1625874e-07	2.465849e-08	4.6281383e-08	2.0117239e-08	8.4838143e-08	-1.1067007e-07	1.161296e-08	-5.8083914e-06	-5.7969389e-06	-0.0019756095
-0.006	1	-0.006	0	0	1	0	0	0	1	1	1.2710945e-07	-8.6966319e-06	7.159247e-08	-8.6895445e-06	4.2836566e-07	4.0359563e-08	7.1199914e-08	3.363653e-08	1.7148628e-07	-2.4232046e-07	2.6095849e-08	-8.6966319e-06	-8.6786508e-06	-0.0020718705
-0.008	1	-0.008	0	0	1	0	0	0	1	1	2.7427015e-07	-1.1566207e-05	9.6628329e-08	-1.1554478e-05	7.0689759e-07	5.6593545e-08	9.6562679e-08	4.7708166e-08	2.9356779e-07	-4.2491184e-07	4.6327564e-08	-1.1566207e-05	-1.1541513e-05	-0.0021395276
-0.01	1	-0.01	0	0	1	0	0	0	1	1	4.7844856e-07	-1.4408186e-05	1.2071583e-07	-1.4390054e-05	1.0578996e-06	7.1313603e-08	1.2101668e-07	6.033105e-08	4.5833386e-07	-6.6489401e-07	7.2261902e-08	-1.4408186e-05	-1.4376397e-05	-0.0022111805
-0.012	1	-0.012	0	0	1	0	0	0	1	1	7.4917761e-07	-1.7211752e-05	1.4173897e-07	-1.7184928e-05	1.4909049e-06	8.1674803e-08	1.4239184e-07	6.8687619e-08	6.7602061e-07	-9.7203439e-07	1.0383315e-07	-1.7211752e-05	-1.7172382e-05	-0.0022926657
-0.014	1	-0.014	0	0	1	0	0	0	1	1	1.0997211e-06	-1.9963325e-05	1.5690172e-07	-1.9924861e-05	2.0191914e-06	8.4096145e-08	1.5780879e-07	6.9220626e-08	9.6044216e-07	-1.3597849e-06	1.4095143e-07	-1.9963325e-05	-1.9915937e-05	-0.0023794057
-0.016	1	-0.016	0	0	1	0	0	0	1	1	1.5470543e-06	-2.2646328e-05	1.6350555e-07	-2.2592459e-05	2.6597653e-06	7.5106971e-08	1.6445903e-07	5.8485539e-08	1.3291119e-06	-1.8453105e-06	1.834969e-07	-2.2646328e-05	-2.2590796e-05	-0.0024581342
-0.018	1	-0.018	0	0	1	0	0	0	1	1	2.1106728e-06	-2.5242114e-05	1.6100869e-07	-2.5168088e-05	3.4319669e-06	5.3958574e-08	1.6171281e-07	3.5767458e-08	1.8022639e-06	-2.4483012e-06	2.3131461e-07	-2.5242114e-05	-2.5178829e-05	-0.0025133999
-0.02	1	-0.02	0	0	1	0	0	0	1	1	2.8090141e-06	-2.7731789e-05	1.5801522e-07	-2.763185e-05	4.3507958e-06	3.4881902e-08	1.5841558e-07	1.5390829e-08	2.4011151e-06	-3.186975e-06	2.8421221e-07	-2.7731789e-05	-2.7667802e-05	-0.0023127138
-0.022	1	-0.022	0	0	1	0	0	0	1	1	3.7033515e-06	-3.0089507e-05	6.9594148e-08	-2.995362e-05	5.5380383e-06	-1.5833058e-07	6.5065272e-08	-1.7989541e-07	3.1557436e-06	-4.1323778e-06	3.4198582e-07	-3.0089507e-05	-3.0035778e-05	-0.0017888082
-0.024	1	-0.024	0	0	1	0	0	0	1	1	4.6810924e-06	-3.2355645e-05	9.9409913e-08	-3.2179638e-05	6.7536545e-06	-1.2652922e-07	9.5234278e-08	-1.4870283e-07	4.0233617e-06	-5.1527029e-06	4.0435533e-07	-3.2355645e-05	-3.228395e-05	-0.0022207609
-0.026	1	-0.026	0	0	1	0	0	0	1	1	5.8359076e-06	-3.4495042e-05	9.8749643e-08	-3.4268094e-05	8.1942618e-06	-1.6853208e-07	9.2681707e-08	-1.9167285e-07	5.0457182e-06	-6.3586292e-06	4.7112162e-07	-3.4495042e-05	-3.4429822e-05	-0.0018942757
-0.028	1	-0.028	0	0	1	0	0	0	1	1	7.1148949e-06	-3.6542855e-05	1.0298604e-07	-3.625515e-05	9.7846613e-06	-2.1053294e-07	9.4683728e-08	-2.3463897e-07	6.1841584e-06	-7.6945715e-06	5.4207462e-07	-3.6542855e-05	-3.6484014e-05	-0.0016127783
-0.03	1	-0.03	0	0	1	0	0	0	1	1	8.486721e-06	-3.852422e-05	1.1049944e-07	-3.8165898e-05	1.1493432e-05	-2.4917631e-07	9.9807657e-08	-2.7426038e-07	7.4092794e-06	-9.1298108e-06	6.1705768e-07	-3.852422e-05	-3.8471539e-05	-0.0013693485
-0.032	1	-0.032	0	0	1	0	0	0	1	1	9.9241093e-06	-4.0461029e-05	1.1840887e-07	-4.0022311e-05	1.3293484e-05	-2.8467949e-07	1.0526255e-07	-3.1075951e-07	8.6945787e-06	-1.0637391e-05	6.9596077e-07	-4.0461029e-05	-4.041338e-05	-0.0011790457
-0.034	1	-0.034	0	0	1	0	0	0	1	1	1.1407404e-05	-4.2369298e-05	1.2497151e-07	-4.1840486e-05	1.5165119e-05	-3.1757428e-07	1.0935742e-07	-3.4466212e-07	1.0020556e-05	-1.2197693e-05	7.787112e-07	-4.2369298e-05	-4.2325452e-05	-0.0010359145
-0.036	1	-0.036	0	0	1	0	0	0	1	1	1.2923855e-05	-4.4259776e-05	1.2959697e-07	-4.3631193e-05	1.7095423e-05	-3.4813725e-07	1.1153376e-07	-3.7623567e-07	1.1374335e-05	-1.3797871e-05	8.6526258e-07	-4.4259776e-05	-4.4218733e-05	-0.00092819176
-0.038	1	-0.038	0	0	1	0	0	0	1	1	1.4465515e-05	-4.613951e-05	1.3235166e-07	-4.5401435e-05	1.9076256e-05	-3.7644088e-07	1.1187883e-07	-4.0554482e-07	1.2747754e-05	-1.5429842e-05	9.5558613e-07	-4.613951e-05	-4.6100525e-05	-0.00084565204
-0.04	1	-0.04	0	0	1	0	0	0	1	1	1.6027437e-05	-4.8013166e-05	1.3357045e-07	-4.7155786e-05	2.1102497e-05	-4.0248093e-07	1.1074175e-07	-4.3257992e-07	1.4135649e-05	-1.7088528e-05	1.0496647e-06	-4.8013166e-05	-4.79757e-05	-0.00078094375
-0.042	1	-0.042	0	0	1	0	0	0	1	1	1.7606467e-05	-4.988392e-05	1.336486e-07	-4.8897295e-05	2.317085e-05	-4.2625548e-07	1.0852769e-07	-4.5733581e-07	1.5534681e-05	-1.8770666e-05	1.1474889e-06	-4.988392e-05	-4.9847578e-05	-0.00072905316
-0.044	1	-0.044	0	0	1	0	0	0	1	1	1.9200513e-05	-5.1754012e-05	1.3295063e-07	-5.0628055e-05	2.5279115e-05	-4.4779801e-07	1.0560805e-07	-4.7984426e-07	1.694261e-05	-2.0474079e-05	1.249055e-06	-5.1754012e-05	-5.1718503e-05	-0.00068657841
-0.046	1	-0.046	0	0	1	0	0	0	1	1	2.0808114e-05	-5.3625093e-05	1.3177778e-07	-5.2349554e-05	2.742574e-05	-4.6718589e-07	1.0228848e-07	-5.001819e-07	1.8357856e-05	-2.2197237e-05	1.3543629e-06	-5.3625093e-05	-5.3590196e-05	-0.00065118801
-0.048	1	-0.048	0	0	1	0	0	0	1	1	2.2428184e-05	-5.5498439e-05	1.3036127e-07	-5.4062898e-05	2.9609565e-05	-4.8453811e-07	9.8802634e-08	-5.1846755e-07	1.9779243e-05	-2.3938997e-05	1.4634158e-06	-5.5498439e-05	-5.5463981e-05	-0.00062126443
-0.05	1	-0.05	0	0	1	0	0	0	1	1	2.4059862e-05	-5.737509e-05	1.2886642e-07	-5.5768956e-05	3.1829659e-05	-5.0000851e-07	9.5316387e-08	-5.3485513e-07	2.1205845e-05	-2.5698455e-05	1.5762189e-06	-5.737509e-05	-5.7340933e-05	-0.00059567319
-0.052	1	-0.052	0	0	1	0	0	0	1	1	2.5702431e-05	-5.9255937e-05	1.2740153e-07	-5.7468445e-05	3.4085239e-05	-5.1377687e-07	9.1936816e-08	-5.4952462e-07	2.2636897e-05	-2.7474855e-05	1.6927795e-06	-5.9255937e-05	-5.9221967e-05	-0.00057360945
-0.054	1	-0.054	0	0	1	0	0	0	1	1	2.7355275e-05	-6.1141783e-05	1.2602868e-07	-5.9161993e-05	3.6375618e-05	-5.2603883e-07	8.8723209e-08	-5.6267185e-07	2.4071747e-05	-2.9267547e-05	1.8131067e-06	-6.1141783e-05	-6.1107899e-05	-0.00055449244
-0.056	1	-0.056	0	0	1	0	0	0	1	1	2.9017858e-05	-6.3033365e-05	1.2477517e-07	-6.0850167e-05	3.8700187e-05	-5.3699571e-07	8.5698716e-08	-5.7449834e-07	2.5509834e-05	-3.1075959e-05	1.9372111e-06	-6.3033365e-05	-6.2999478e-05	-0.00053789146
-0.058	1	-0.058	0	0	1	0	0	0	1	1	3.0689713e-05	-6.4931383e-05	1.2364431e-07	-6.2533491e-05	4.1058403e-05	-5.468452e-07	8.2861438e-08	-5.8520198e-07	2.695067e-05	-3.2899595e-05	2.0651046e-06	-6.4931383e-05	-6.4897411e-05	-0.00052347458
-0.06	1	-0.06	0	0	1	0	0	0	1	1	3.2370441e-05	-6.6836498e-05	1.2262463e-07	-6.4212456e-05	4.3449788e-05	-5.5577393e-07	8.0194008e-08	-5.9496965e-07	2.8393838e-05	-3.4738022e-05	2.1968008e-06	-6.6836498e-05	-6.6802363e-05	-0.00051097428
-0.062	1	-0.062	0	0	1	0	0	0	1	1	3.4059706e-05	-6.8749337e-05	1.2169715e-07	-6.5887518e-05	4.5873925e-05	-5.6395231e-07	7.7671121e-08	-6.0397206e-07	2.9838986e-05	-3.6590872e-05	2.3323141e-06	-6.8749337e-05	-6.8714969e-05	-0.00050016583
-0.064	1	-0.064	0	0	1	0	0	0	1	1	3.5757228e-05	-7.0670497e-05	1.2084043e-07	-6.7559099e-05	4.8330455e-05	-5.7153165e-07	7.5264902e-08	-6.1236092e-07	3.1285817e-05	-3.8457833e-05	2.4716606e-06	-7.0670497e-05	-7.0635825e-05	-0.00049085447
-0.066	1	-0.066	0	0	1	0	0	0	1	1	3.7462782e-05	-7.2600535e-05	1.2003381e-07	-6.9227585e-05	5.0819075e-05	-5.7864323e-07	7.2948334e-08	-6.2026805e-07	3.2734088e-05	-4.0338648e-05	2.6148574e-06	-7.2600535e-05	-7.2565495e-05	-0.00048286832
-0.068	1	-0.068	0	0	1	0	0	0	1	1	3.9176188e-05	-7.4539977e-05	1.1925916e-07	-7.0893327e-05	5.3339529e-05	-5.8539886e-07	7.0697162e-08	-6.2780585e-07	3.41836e-05	-4.2233105e-05	2.7619226e-06	-7.4539977e-05	-7.4504509e-05	-0.00047605443
-0.07	1	-0.07	0	0	1	0	0	0	1	1	4.0897304e-05	-7.6489313e-05	1.1850159e-07	-7.255664e-05	5.5891601e-05	-5.9189226e-07	6.8490718e-08	-6.350688e-07	3.5634193e-05	-4.4141032e-05	2.9128754e-06	-7.6489313e-05	-7.6453359e-05	-0.0004702766
-0.072	1	-0.072	0	0	1	0	0	0	1	1	4.2626022e-05	-7.8448999e-05	1.1774957e-07	-7.4217803e-05	5.8475111e-05	-5.9820103e-07	6.6312047e-08	-6.4213531e-07	3.7085739e-05	-4.606229e-05	3.067736e-06	-7.8448999e-05	-7.8412505e-05	-0.0004654138
-0.074	1	-0.074	0	0	1	0	0	0	1	1	4.4362258e-05	-8.0419461e-05	1.1699459e-07	-7.5877066e-05	6.1089908e-05	-6.0438865e-07	6.4147652e-08	-6.490698e-07	3.8538136e-05	-4.7996767e-05	3.2265255e-06	-8.0419461e-05	-8.0382376e-05	-0.00046135888
-0.076	1	-0.076	0	0	1	0	0	0	1	1	4.6105953e-05	-8.2401093e-05	1.1623078e-07	-7.7534647e-05	6.3735863e-05	-6.1050658e-07	6.1987047e-08	-6.5592471e-07	3.9991303e-05	-4.9944373e-05	3.3892655e-06	-8.2401093e-05	-8.236337e-05	-0.00045801735
-0.078	1	-0.078	0	0	1	0	0	0	1	1	4.7857061e-05	-8.4394267e-05	1.1545439e-07	-7.9190738e-05	6.6412865e-05	-6.1659607e-07	5.9822261e-08	-6.6274234e-07	4.1445176e-05	-5.1905034e-05	3.5559789e-06	-8.4394267e-05	-8.4355859e-05	-0.00045530608
-0.08	1	-0.08	0	0	1	0	0	0	1	1	4.9615551e-05	-8.6399326e-05	1.1466332e-07	-8.0845504e-05	6.9120818e-05	-6.2268986e-07	5.7647352e-08	-6.695565e-07	4.2899703e-05	-5.3878691e-05	3.726689e-06	-8.6399326e-05	-8.6360191e-05	-0.00045315214
-0.082	1	-0.082	0	0	1	0	0	0	1	1	5.1381401e-05	-8.8416595e-05	1.1385671e-07	-8.2499093e-05	7.1859636e-05	-6.2881356e-07	5.5457984e-08	-6.763939e-07	4.4354842e-05	-5.5865293e-05	3.9014197e-06	-8.8416595e-05	-8.8376693e-05	-0.00045149156
-0.084	1	-0.084	0	0	1	0	0	0	1	1	5.3154597e-05	-9.0446378e-05	1.1303465e-07	-8.4151631e-05	7.4629241e-05	-6.3498686e-07	5.3251061e-08	-6.8327537e-07	4.581056e-05	-5.7864799e-05	4.0801958e-06	-9.0446378e-05	-9.0405671e-05	-0.00045026827
-0.086	1	-0.086	0	0	1	0	0	0	1	1	5.4935131e-05	-9.2488963e-05	1.1219784e-07	-8.5803226e-05	7.742956e-05	-6.4122459e-07	5.1024441e-08	-6.9021684e-07	4.7266829e-05	-5.9877173e-05	4.2630424e-06	-9.2488963e-05	-9.2447414e-05	-0.00044943309
-0.088	1	-0.088	0	0	1	0	0	0	1	1	5.6722999e-05	-9.4544623e-05	1.1134744e-07	-8.7453973e-05	8.0260525e-05	-6.4753754e-07	4.8776694e-08	-6.9723022e-07	4.8723627e-05	-6.1902384e-05	4.4499854e-06	-9.4544623e-05	-9.4502197e-05	-0.0004489428
-0.09	1	-0.09	0	0	1	0	0	0	1	1	5.85182e-05	-9.6613618e-05	1.1048487e-07	-8.9103955e-05	8.3122072e-05	-6.5393314e-07	4.6506927e-08	-7.0432403e-07	5.0180932e-05	-6.3940401e-05	4.6410512e-06	-9.6613618e-05	-9.6570281e-05	-0.00044875938
-0.092	1	-0.092	0	0	1	0	0	0	1	1	6.0320737e-05	-9.8696196e-05	1.0961168e-07	-9.0753241e-05	8.6014135e-05	-6.6041612e-07	4.4214647e-08	-7.1150406e-07	5.1638728e-05	-6.59912e-05	4.8362665e-06	-9.8696196e-05	-9.8651916e-05	-0.0004488493
-0.094	1	-0.094	0	0	1	0	0	0	1	1	6.2130614e-05	-0.00010079259	1.0872952e-07	-9.2401892e-05	8.8936651e-05	-6.6698893e-07	4.1899648e-08	-7.187738e-07	5.3096997e-05	-6.8054754e-05	5.0356588e-06	-0.00010079259	-0.00010074734	-0.0004491829
-0.096	1	-0.096	0	0	1	0	0	0	1	1	6.3947834e-05	-0.00010290304	1.0784001e-07	-9.4049962e-05	9.1889557e-05	-6.7365222e-07	3.9561945e-08	-7.2613489e-07	5.4555726e-05	-7.0131039e-05	5.2392559e-06	-0.00010290304	-0.00010285678	-0.00044973389
-0.098	1	-0.098	0	0	1	0	0	0	1	1	6.5772405e-05	-0.00010502776	1.0694475e-07	-9.5697493e-05	9.4872789e-05	-6.8040514e-07	3.7201707e-08	-7.3358743e-07	5.6014901e-05	-7.2220032e-05	5.447086e-06	-0.00010502776	-0.00010498047	-0.0004504789
-0.1	1	-0.1	0	0	1	0	0	0	1	1	6.7604332e-05	-0.00010716696	1.0604525e-07	-9.7344526e-05	9.7886284e-05	-6.8724567e-07	3.4819222e-08	-7.411303e-07	5.7474507e-05	-7.4321707e-05	5.6591778e-06	-0.00010716696	-0.00010711861	-0.00045139706
-0.102	1	-0.102	0	0	1	0	0	0	1	1	6.9443623e-05	-0.00010932086	1.0514296e-07	-9.8991092e-05	0.00010092997	-6.9417086e-07	3.2414865e-08	-7.4876141e-07	5.8934531e-05	-7.6436043e-05	5.8755604e-06	-0.00010932086	-0.00010927142	-0.00045246973
-0.104	1	-0.104	0	0	1	0	0	0	1	1	7.1290284e-05	-0.00011148965	1.0423922e-07	-0.00010063722	0.0001040038	-7.0117704e-07	2.9989075e-08	-7.5647788e-07	6.0394959e-05	-7.8563013e-05	6.0962634e-06	-0.00011148965	-0.00011143909	-0.00045368017
-0.106	1	-0.106	0	0	1	0	0	0	1	1	7.3144325e-05	-0.00011367353	1.0333529e-07	-0.00010228293	0.00010710768	-7.0826e-07	2.7542342e-08	-7.6427625e-07	6.1855779e-05	-8.0702594e-05	6.3213168e-06	-0.00011367353	-0.00011362183	-0.0004550133
-0.108	1	-0.108	0	0	1	0	0	0	1	1	7.5005752e-05	-0.0001158727	1.0243232e-07	-0.00010392825	0.00011024155	-7.1541515e-07	2.5075196e-08	-7.7215262e-07	6.3316976e-05	-8.285476e-05	6.5507508e-06	-0.0001158727	-0.00011581983	-0.00045645552
-0.11	1	-0.11	0	0	1	0	0	0	1	1	7.6874574e-05	-0.00011808734	1.015314e-07	-0.00010557319	0.00011340534	-7.2263765e-07	2.2588198e-08	-7.8010279e-07	6.4778536e-05	-8.5019485e-05	6.7845961e-06	-0.00011808734	-0.00011803328	-0.00045799452
-0.112	1	-0.112	0	0	1	0	0	0	1	1	7.8750797e-05	-0.00012031764	1.0063352e-07	-0.00010721777	0.00011659898	-7.299225e-07	2.0081938e-08	-7.8812234e-07	6.6240446e-05	-8.7196743e-05	7.0228839e-06	-0.00012031764	-0.00012026236	-0.00045961912
-0.114	1	-0.114	0	0	1	0	0	0	1	1	8.0634431e-05	-0.00012256378	9.9739602e-08	-0.000108862	0.0001198224	-7.3726466e-07	1.7557025e-08	-7.9620675e-07	6.770269e-05	-8.9386506e-05	7.2656456e-06	-0.00012256378	-0.00012250727	-0.00046131917
-0.116	1	-0.116	0	0	1	0	0	0	1	1	8.2525482e-05	-0.00012482594	9.8850501e-08	-0.00011050588	0.00012307551	-7.4465908e-07	1.5014089e-08	-8.0435147e-07	6.9165253e-05	-9.1588748e-05	7.512913e-06	-0.00012482594	-0.00012476817	-0.00046308538
-0.118	1	-0.118	0	0	1	0	0	0	1	1	8.4423959e-05	-0.0001271043	9.7967016e-08	-0.00011214943	0.00012635824	-7.521008e-07	1.2453778e-08	-8.1255194e-07	7.062812e-05	-9.3803439e-05	7.7647182e-06	-0.0001271043	-0.00012704524	-0.00046490929
-0.12	1	-0.12	0	0	1	0	0	0	1	1	8.632987e-05	-0.00012939903	9.7089895e-08	-0.00011379265	0.0001296705	-7.5958496e-07	9.8767534e-09	-8.2080372e-07	7.2091277e-05	-9.603055e-05	8.0210939e-06	-0.00012939903	-0.00012933866	-0.00046678313
-0.122	1	-0.122	0	0	1	0	0	0	1	1	8.8243222e-05	-0.00013171031	9.621984e-08	-0.00011543554	0.00013301223	-7.6710688e-07	7.2836887e-09	-8.2910241e-07	7.3554707e-05	-9.8270053e-05	8.2820729e-06	-0.00013171031	-0.0001316486	-0.0004686998
-0.124	1	-0.124	0	0	1	0	0	0	1	1	9.0164023e-05	-0.00013403829	9.5357517e-08	-0.00011707811	0.00013638333	-7.7466201e-07	4.6752695e-09	-8.3744379e-07	7.5018393e-05	-0.00010052192	8.5476883e-06	-0.00013403829	-0.00013397524	-0.00047065276
-0.126	1	-0.126	0	0	1	0	0	0	1	1	9.209228e-05	-0.00013638316	9.4503555e-08	-0.00011872036	0.00013978372	-7.8224602e-07	2.0521904e-09	-8.4582377e-07	7.6482321e-05	-0.00010278611	8.8179738e-06	-0.00013638316	-0.00013631873	-0.00047263601
-0.128	1	-0.128	0	0	1	0	0	0	1	1	9.4028002e-05	-0.00013874507	9.3658556e-08	-0.0001203623	0.00014321333	-7.8985476e-07	-5.8484705e-10	-8.5423842e-07	7.7946474e-05	-0.0001050626	9.0929632e-06	-0.00013874507	-0.00013867925	-0.00047464399
-0.13	1	-0.13	0	0	1	0	0	0	1	1	9.5971196e-05	-0.00014112419	9.2823096e-08	-0.00012200391	0.00014667205	-7.974843e-07	-3.2351353e-09	-8.6268397e-07	7.9410835e-05	-0.00010735136	9.3726908e-06	-0.00014112419	-0.00014105696	-0.00047667163
-0.132	1	-0.132	0	0	1	0	0	0	1	1	9.7921869e-05	-0.00014352069	9.1997728e-08	-0.00012364521	0.0001501598	-8.051309e-07	-5.897963e-09	-8.7115683e-07	8.0875388e-05	-0.00010965235	9.6571911e-06	-0.00014352069	-0.00014345202	-0.00047871421
-0.134	1	-0.134	0	0	1	0	0	0	1	1	9.9880028e-05	-0.00014593472	9.1182984e-08	-0.00012528618	0.0001536765	-8.1279102e-07	-8.5726163e-09	-8.7965357e-07	8.2340116e-05	-0.00011196555	9.9464989e-06	-0.00014593472	-0.00014586459	-0.00048076739
-0.136	1	-0.136	0	0	1	0	0	0	1	1	0.00010184568	-0.00014836643	9.0379378e-08	-0.00012692683	0.00015722205	-8.2046129e-07	-1.1258381e-08	-8.8817091e-07	8.3805003e-05	-0.00011429091	1.0240649e-05	-0.00014836643	-0.00014829483	-0.00048282716
-0.138	1	-0.138	0	0	1	0	0	0	1	1	0.00010381884	-0.000150816	8.958741e-08	-0.00012856716	0.00016079637	-8.2813855e-07	-1.3954543e-08	-8.9670574e-07	8.5270033e-05	-0.00011662841	1.0539678e-05	-0.000150816	-0.00015074291	-0.00048488982
-0.14	1	-0.14	0	0	1	0	0	0	1	1	0.0001057995	-0.00015328358	8.8807559e-08	-0.00013020716	0.00016439935	-8.3581979e-07	-1.6660391e-08	-9.052551e-07	8.6735188e-05	-0.00011897801	1.0843621e-05	-0.00015328358	-0.00015320897	-0.00048695195
-0.142	1	-0.142	0	0	1	0	0	0	1	1	0.00010778767	-0.00015576931	8.8040293e-08	-0.00013184683	0.00016803092	-8.4350218e-07	-1.9375217e-08	-9.1381615e-07	8.8200452e-05	-0.00012133968	1.1152514e-05	-0.00015576931	-0.00015569318	-0.00048901037
-0.144	1	-0.144	0	0	1	0	0	0	1	1	0.00010978337	-0.00015827336	8.7286062e-08	-0.00013348616	0.00017169097	-8.5118302e-07	-2.209832e-08	-9.223862e-07	8.966581e-05	-0.00012371338	1.1466394e-05	-0.00015827336	-0.00015819568	-0.00049106217
-0.146	1	-0.146	0	0	1	0	0	0	1	1	0.0001117866	-0.00016079588	8.6545305e-08	-0.00013512515	0.00017537941	-8.5885976e-07	-2.4829001e-08	-9.3096266e-07	9.1131244e-05	-0.00012609908	1.1785297e-05	-0.00016079588	-0.00016071663	-0.00049310465
-0.148	1	-0.148	0	0	1	0	0	0	1	1	0.00011379736	-0.00016333702	8.5818443e-08	-0.00013676379	0.00017909615	-8.6652996e-07	-2.7566572e-08	-9.3954306e-07	9.259674e-05	-0.00012849675	1.210926e-05	-0.00016333702	-0.00016325619	-0.0004951353
-0.15	1	-0.15	0	0	1	0	0	0	1	1	0.00011581566	-0.00016589693	8.5105885e-08	-0.00013840209	0.00018284108	-8.7419133e-07	-3.0310353e-08	-9.4812505e-07	9.4062281e-05	-0.00013090634	1.2438322e-05	-0.00016589693	-0.00016581449	-0.00049715183
-0.152	1	-0.152	0	0	1	0	0	0	1	1	0.00011784151	-0.00016847575	8.4408025e-08	-0.00014004003	0.00018661412	-8.8184167e-07	-3.3059671e-08	-9.5670636e-07	9.5527851e-05	-0.00013332783	1.2772518e-05	-0.00016847575	-0.0001683917	-0.0004991521
-0.154	1	-0.154	0	0	1	0	0	0	1	1	0.00011987491	-0.00017107364	8.3725242e-08	-0.00014167761	0.00019041517	-8.8947886e-07	-3.5813865e-08	-9.6528479e-07	9.6993436e-05	-0.00013576117	1.3111888e-05	-0.00017107364	-0.00017098795	-0.00050113414
-0.156	1	-0.156	0	0	1	0	0	0	1	1	0.00012191587	-0.00017369074	8.30579e-08	-0.00014331482	0.00019424412	-8.9710092e-07	-3.8572284e-08	-9.7385826e-07	9.845902e-05	-0.00013820634	1.345647e-05	-0.00017369074	-0.00017360341	-0.00050309615
-0.158	1	-0.158	0	0	1	0	0	0	1	1	0.00012396439	-0.00017632721	8.2406351e-08	-0.00014495166	0.00019810088	-9.0470591e-07	-4.1334291e-08	-9.8242474e-07	9.9924589e-05	-0.00014066329	1.3806302e-05	-0.00017632721	-0.0001762382	-0.00050503645
-0.16	1	-0.16	0	0	1	0	0	0	1	1	0.00012602048	-0.00017898317	8.1770927e-08	-0.00014658813	0.00020198535	-9.12292e-07	-4.4099257e-08	-9.9098228e-07	0.00010139013	-0.00014313199	1.4161423e-05	-0.00017898317	-0.00017889248	-0.00050695351
-0.162	1	-0.162	0	0	1	0	0	0	1	1	0.00012808415	-0.00018165878	8.115195e-08	-0.00014822421	0.00020589743	-9.1985742e-07	-4.6866568e-08	-9.9952899e-07	0.00010285562	-0.0001456124	1.4521872e-05	-0.00018165878	-0.0001815664	-0.00050884592
-0.164	1	-0.164	0	0	1	0	0	0	1	1	0.00013015539	-0.00018435419	8.0549724e-08	-0.0001498599	0.00020983702	-9.2740047e-07	-4.9635624e-08	-1.008063e-06	0.00010432105	-0.00014810449	1.4887688e-05	-0.00018435419	-0.00018426008	-0.00051071237
-0.166	1	-0.166	0	0	1	0	0	0	1	1	0.00013223421	-0.00018706952	7.9964537e-08	-0.00015149519	0.00021380402	-9.349195e-07	-5.2405836e-08	-1.0165827e-06	0.00010578641	-0.00015060822	1.5258912e-05	-0.00018706952	-0.00018697369	-0.00051255167
-0.168	1	-0.168	0	0	1	0	0	0	1	1	0.00013432062	-0.00018980492	7.9396665e-08	-0.00015313008	0.00021779833	-9.4241295e-07	-5.5176631e-08	-1.0250862e-06	0.00010725169	-0.00015312355	1.5635583e-05	-0.00018980492	-0.00018970735	-0.00051436273
-0.17	1	-0.17	0	0	1	0	0	0	1	1	0.00013641463	-0.00019256054	7.8846365e-08	-0.00015476455	0.00022181984	-9.4987929e-07	-5.7947447e-08	-1.0335719e-06	0.00010871686	-0.00015565044	1.6017742e-05	-0.00019256054	-0.0001924612	-0.00051614456
-0.172	1	-0.172	0	0	1	0	0	0	1	1	0.00013851622	-0.00019533651	7.8313881e-08	-0.00015639862	0.00022586847	-9.5731707e-07	-6.071774e-08	-1.0420381e-06	0.00011018192	-0.00015818887	1.6405428e-05	-0.00019533651	-0.0001952354	-0.00051789624
-0.174	1	-0.174	0	0	1	0	0	0	1	1	0.00014062541	-0.00019813296	7.7799443e-08	-0.00015803225	0.00022994409	-9.6472485e-07	-6.3486977e-08	-1.0504835e-06	0.00011164686	-0.00016073879	1.6798683e-05	-0.00019813296	-0.00019803006	-0.00051961695
-0.176	1	-0.176	0	0	1	0	0	0	1	1	0.0001427422	-0.00020095004	7.7303262e-08	-0.00015966546	0.00023404661	-9.7210127e-07	-6.6254642e-08	-1.0589063e-06	0.00011311166	-0.00016330016	1.7197548e-05	-0.00020095004	-0.00020084534	-0.00052130594
-0.178	1	-0.178	0	0	1	0	0	0	1	1	0.00014486659	-0.00020378788	7.6825539e-08	-0.00016129823	0.00023817594	-9.7944502e-07	-6.902023e-08	-1.0673051e-06	0.0001145763	-0.00016587294	1.7602065e-05	-0.00020378788	-0.00020368136	-0.00052296253
-0.18	1	-0.18	0	0	1	0	0	0	1	1	0.00014699858	-0.00020664661	7.6366456e-08	-0.00016293055	0.00024233195	-9.8675481e-07	-7.1783255e-08	-1.0756785e-06	0.00011604078	-0.0001684571	1.8012274e-05	-0.00020664661	-0.00020653826	-0.00052458611
-0.182	1	-0.182	0	0	1	0	0	0	1	1	0.00014913818	-0.00020952637	7.5926183e-08	-0.00016456243	0.00024651455	-9.9402942e-07	-7.4543241e-08	-1.0840251e-06	0.00011750509	-0.00017105261	1.8428218e-05	-0.00020952637	-0.00020941618	-0.00052617613
-0.184	1	-0.184	0	0	1	0	0	0	1	1	0.00015128538	-0.0002124273	7.5504874e-08	-0.00016619384	0.00025072364	-1.0012677e-06	-7.7299728e-08	-1.0923436e-06	0.00011896921	-0.00017365941	1.8849938e-05	-0.0002124273	-0.00021231525	-0.0005277321
-0.186	1	-0.186	0	0	1	0	0	0	1	1	0.0001534402	-0.00021534951	7.5102671e-08	-0.00016782479	0.00025495911	-1.0084684e-06	-8.0052273e-08	-1.1006326e-06	0.00012043313	-0.00017627748	1.9277479e-05	-0.00021534951	-0.0002152356	-0.00052925359
-0.188	1	-0.188	0	0	1	0	0	0	1	1	0.00015560261	-0.00021829315	7.4719701e-08	-0.00016945526	0.00025922085	-1.0156304e-06	-8.2800442e-08	-1.1088908e-06	0.00012189684	-0.00017890677	1.9710881e-05	-0.00021829315	-0.00021817736	-0.00053074022
-0.19	1	-0.19	0	0	1	0	0	0	1	1	0.00015777264	-0.00022125835	7.4356076e-08	-0.00017108525	0.00026350877	-1.0227528e-06	-8.5543819e-08	-1.117117e-06	0.00012336033	-0.00018154725	2.0150188e-05	-0.00022125835	-0.00022114066	-0.00053219166
-0.192	1	-0.192	0	0	1	0	0	0	1	1	0.00015995027	-0.00022424523	7.4011898e-08	-0.00017271476	0.00026782274	-1.0298344e-06	-8.8282e-08	-1.1253101e-06	0.00012482359	-0.00018419887	2.0595443e-05	-0.00022424523	-0.00022412563	-0.00053360762
-0.194	1	-0.194	0	0	1	0	0	0	1	1	0.00016213551	-0.00022725392	7.3687252e-08	-0.00017434377	0.00027216268	-1.0368743e-06	-9.1014596e-08	-1.1334688e-06	0.00012628661	-0.0001868616	2.1046691e-05	-0.00022725392	-0.00022713241	-0.00053498787
-0.196	1	-0.196	0	0	1	0	0	0	1	1	0.00016432836	-0.00023028455	7.3382212e-08	-0.00017597227	0.00027652846	-1.0438715e-06	-9.374123e-08	-1.141592e-06	0.00012774937	-0.0001895354	2.1503973e-05	-0.00023028455	-0.00023016111	-0.00053633219
-0.198	1	-0.198	0	0	1	0	0	0	1	1	0.00016652881	-0.00023333725	7.3096842e-08	-0.00017760027	0.00028091999	-1.0508251e-06	-9.6461539e-08	-1.1496786e-06	0.00012921188	-0.00019222023	2.1967335e-05	-0.00023333725	-0.00023321186	-0.00053764043
-0.2	1	-0.2	0	0	1	0	0	0	1	1	0.00016873686	-0.00023641213	7.2831189e-08	-0.00017922775	0.00028533716	-1.0577341e-06	-9.9175175e-08	-1.1577276e-06	0.00013067411	-0.00019491604	2.2436821e-05	-0.00023641213	-0.0002362848	-0.00053891246
-0.202	1	-0.202	0	0	1	0	0	0	1	1	0.00017095251	-0.00023950934	7.2585293e-08	-0.0001808547	0.00028977985	-1.0645978e-06	-1.018818e-07	-1.1657379e-06	0.00013213605	-0.00019762281	2.2912474e-05	-0.00023950934	-0.00023938004	-0.00054014818
-0.204	1	-0.204	0	0	1	0	0	0	1	1	0.00017317576	-0.00024262898	7.2359178e-08	-0.00018248113	0.00029424797	-1.0714153e-06	-1.0458109e-07	-1.1737086e-06	0.00013359771	-0.00020034048	2.3394341e-05	-0.00024262898	-0.0002424977	-0.00054134754
-0.206	1	-0.206	0	0	1	0	0	0	1	1	0.00017540659	-0.00024577118	7.215286e-08	-0.00018410701	0.0002987414	-1.0781859e-06	-1.0727273e-07	-1.1816386e-06	0.00013505906	-0.00020306902	2.3882465e-05	-0.00024577118	-0.00024563792	-0.0005425105
-0.208	1	-0.208	0	0	1	0	0	0	1	1	0.00017764502	-0.00024893606	7.1966343e-08	-0.00018573235	0.00030326003	-1.0849087e-06	-1.0995642e-07	-1.1895271e-06	0.00013652011	-0.00020580839	2.4376892e-05	-0.00024893606	-0.00024880081	-0.00054363706
-0.21	1	-0.21	0	0	1	0	0	0	1	1	0.00017989104	-0.00025212375	7.179962e-08	-0.00018735713	0.00030780376	-1.091583e-06	-1.1263188e-07	-1.1973732e-06	0.00013798083	-0.00020855854	2.4877668e-05	-0.00025212375	-0.00025198649	-0.00054472724
-0.212	1	-0.212	0	0	1	0	0	0	1	1	0.00018214463	-0.00025533437	7.1652675e-08	-0.00018898135	0.00031237247	-1.0982082e-06	-1.1529883e-07	-1.2051759e-06	0.00013944123	-0.00021131944	2.5384838e-05	-0.00025533437	-0.00025519508	-0.00054578108
-0.214	1	-0.214	0	0	1	0	0	0	1	1	0.0001844058	-0.00025856802	7.152548e-08	-0.000190605	0.00031696606	-1.1047836e-06	-1.17957e-07	-1.2129345e-06	0.00014090129	-0.00021409105	2.5898449e-05	-0.00025856802	-0.00025842671	-0.00054679866
-0.216	1	-0.216	0	0	1	0	0	0	1	1	0.00018667454	-0.00026182484	7.1417998e-08	-0.00019222808	0.00032158442	-1.1113085e-06	-1.2060614e-07	-1.2206481e-06	0.000142361	-0.00021687332	2.6418545e-05	-0.00026182484	-0.00026168149	-0.00054778007
-0.218	1	-0.218	0	0	1	0	0	0	1	1	0.00018895084	-0.00026510493	7.1330185e-08	-0.00019385058	0.00032622743	-1.1177824e-06	-1.2324601e-07	-1.2283161e-06	0.00014382036	-0.00021966621	2.6945175e-05	-0.00026510493	-0.00026495954	-0.00054872542
-0.22	1	-0.22	0	0	1	0	0	0	1	1	0.0001912347	-0.00026840842	7.1261985e-08	-0.00019547248	0.00033089499	-1.1242047e-06	-1.2587637e-07	-1.2359375e-06	0.00014527936	-0.00022246968	2.7478383e-05	-0.00026840842	-0.00026826097	-0.00054963484
-0.222	1	-0.222	0	0	1	0	0	0	1	1	0.00019352611	-0.00027173541	7.1213334e-08	-0.00019709379	0.00033558699	-1.1305748e-06	-1.2849701e-07	-1.2435118e-06	0.00014673799	-0.0002252837	2.8018218e-05	-0.00027173541	-0.0002715859	-0.00055050848
-0.224	1	-0.224	0	0	1	0	0	0	1	1	0.00019582506	-0.00027508603	7.118416e-08	-0.00019871449	0.0003403033	-1.1368922e-06	-1.3110771e-07	-1.2510382e-06	0.00014819624	-0.0002281082	2.8564727e-05	-0.00027508603	-0.00027493444	-0.00055134651
-0.226	1	-0.226	0	0	1	0	0	0	1	1	0.00019813155	-0.00027846038	7.1174382e-08	-0.00020033458	0.00034504383	-1.1431564e-06	-1.3370826e-07	-1.2585161e-06	0.0001496541	-0.00023094316	2.9117956e-05	-0.00027846038	-0.00027830672	-0.00055214911
-0.228	1	-0.228	0	0	1	0	0	0	1	1	0.00020044557	-0.00028185859	7.1183913e-08	-0.00020195405	0.00034980846	-1.149367e-06	-1.3629848e-07	-1.2659449e-06	0.00015111157	-0.00023378853	2.9677954e-05	-0.00028185859	-0.00028170283	-0.00055291648
-0.23	1	-0.23	0	0	1	0	0	0	1	1	0.0002027671	-0.00028528075	7.1212656e-08	-0.0002035729	0.00035459707	-1.1555234e-06	-1.3887819e-07	-1.2733238e-06	0.00015256864	-0.00023664427	3.0244768e-05	-0.00028528075	-0.00028512289	-0.00055364882
-0.232	1	-0.232	0	0	1	0	0	0	1	1	0.00020509615	-0.00028872698	7.1260509e-08	-0.00020519111	0.00035940956	-1.1616254e-06	-1.414472e-07	-1.2806525e-06	0.0001540253	-0.00023951034	3.0818445e-05	-0.00028872698	-0.00028856702	-0.00055434636
-0.234	1	-0.234	0	0	1	0	0	0	1	1	0.00020743269	-0.0002921974	7.1327361e-08	-0.00020680868	0.00036424582	-1.1676725e-06	-1.4400535e-07	-1.2879302e-06	0.00015548155	-0.00024238668	3.1399036e-05	-0.0002921974	-0.00029203531	-0.00055500935
-0.236	1	-0.236	0	0	1	0	0	0	1	1	0.00020977672	-0.0002956921	7.1413095e-08	-0.00020842561	0.00036910572	-1.1736643e-06	-1.4655249e-07	-1.2951565e-06	0.00015693737	-0.00024527327	3.1986587e-05	-0.0002956921	-0.00029552789	-0.00055563801
-0.238	1	-0.238	0	0	1	0	0	0	1	1	0.00021212823	-0.0002992112	7.1517587e-08	-0.00021004188	0.00037398915	-1.1796006e-06	-1.4908846e-07	-1.3023308e-06	0.00015839277	-0.00024817005	3.2581147e-05	-0.0002992112	-0.00029904486	-0.00055623262
-0.24	1	-0.24	0	0	1	0	0	0	1	1	0.00021448721	-0.0003027548	7.1640709e-08	-0.00021165749	0.00037889601	-1.1854809e-06	-1.5161313e-07	-1.3094528e-06	0.00015984772	-0.00025107698	3.3182766e-05	-0.0003027548	-0.00030258632	-0.00055679344
-0.242	1	-0.242	0	0	1	0	0	0	1	1	0.00021685365	-0.00030632301	7.1782324e-08	-0.00021327244	0.00038382618	-1.1913049e-06	-1.5412635e-07	-1.3165218e-06	0.00016130223	-0.00025399402	3.3791492e-05	-0.00030632301	-0.00030615238	-0.00055732075
-0.244	1	-0.244	0	0	1	0	0	0	1	1	0.00021922753	-0.00030991593	7.194229e-08	-0.0002148867	0.00038877953	-1.1970725e-06	-1.56628e-07	-1.3235375e-06	0.0001627563	-0.00025692112	3.4407376e-05	-0.00030991593	-0.00030974315	-0.00055781483
-0.246	1	-0.246	0	0	1	0	0	0	1	1	0.00022160885	-0.00031353367	7.2120462e-08	-0.00021650029	0.00039375597	-1.2027833e-06	-1.5911797e-07	-1.3304995e-06	0.0001642099	-0.00025985824	3.5030465e-05	-0.00031353367	-0.00031335873	-0.00055827598
-0.248	1	-0.248	0	0	1	0	0	0	1	1	0.00022399759	-0.00031717633	7.2316687e-08	-0.00021811319	0.00039875537	-1.2084372e-06	-1.6159613e-07	-1.3374074e-06	0.00016566305	-0.00026280533	3.566081e-05	-0.00031717633	-0.00031699922	-0.00055870449
-0.25	1	-0.25	0	0	1	0	0	0	1	1	0.00022639373	-0.00032084401	7.2530808e-08	-0.00021972539	0.00040377762	-1.2140338e-06	-1.6406239e-07	-1.3442608e-06	0.00016711572	-0.00026576236	3.6298462e-05	-0.00032084401	-0.00032066472	-0.00055910068
-0.252	1	-0.252	0	0	1	0	0	0	1	1	0.00022879727	-0.00032453681	7.2762662e-08	-0.00022133689	0.0004088226	-1.219573e-06	-1.6651664e-07	-1.3510593e-06	0.00016856792	-0.00026872926	3.6943469e-05	-0.00032453681	-0.00032435535	-0.00055946485
-0.254	1	-0.254	0	0	1	0	0	0	1	1	0.00023120819	-0.00032825484	7.3012085e-08	-0.00022294768	0.00041389019	-1.2250546e-06	-1.6895879e-07	-1.3578027e-06	0.00017001964	-0.00027170601	3.7595883e-05	-0.00032825484	-0.00032807118	-0.00055979733
-0.256	1	-0.256	0	0	1	0	0	0	1	1	0.00023362647	-0.00033199819	7.3278905e-08	-0.00022455776	0.00041898028	-1.2304785e-06	-1.7138875e-07	-1.3644905e-06	0.00017147087	-0.00027469254	3.8255754e-05	-0.00033199819	-0.00033181234	-0.00056009844
-0.258	1	-0.258	0	0	1	0	0	0	1	1	0.00023605211	-0.00033576695	7.3562947e-08	-0.00022616711	0.00042409276	-1.2358445e-06	-1.7380644e-07	-1.3711226e-06	0.00017292161	-0.00027768883	3.8923133e-05	-0.00033576695	-0.00033557891	-0.00056036852
-0.26	1	-0.26	0	0	1	0	0	0	1	1	0.00023848508	-0.00033956124	7.3864034e-08	-0.00022777574	0.00042922751	-1.2411525e-06	-1.7621178e-07	-1.3776986e-06	0.00017437184	-0.00028069481	3.959807e-05	-0.00033956124	-0.00033937098	-0.00056060788
-0.262	1	-0.262	0	0	1	0	0	0	1	1	0.00024092538	-0.00034338113	7.4181983e-08	-0.00022938362	0.0004343844	-1.2464024e-06	-1.786047e-07	-1.3842183e-06	0.00017582157	-0.00028371045	4.0280617e-05	-0.00034338113	-0.00034318867	-0.00056081688
-0.264	1	-0.264	0	0	1	0	0	0	1	1	0.00024337298	-0.00034722674	7.4516608e-08	-0.00023099077	0.00043956333	-1.251594e-06	-1.8098514e-07	-1.3906814e-06	0.0001772708	-0.0002867357	4.0970824e-05	-0.00034722674	-0.00034703206	-0.00056099585
-0.266	1	-0.266	0	0	1	0	0	0	1	1	0.00024582787	-0.00035109815	7.4867722e-08	-0.00023259717	0.00044476417	-1.2567274e-06	-1.8335302e-07	-1.3970877e-06	0.0001787195	-0.00028977051	4.1668745e-05	-0.00035109815	-0.00035090124	-0.00056114514
-0.268	1	-0.268	0	0	1	0	0	0	1	1	0.00024829003	-0.00035499545	7.5235132e-08	-0.00023420282	0.00044998681	-1.2618024e-06	-1.857083e-07	-1.4034371e-06	0.00018016768	-0.00029281484	4.2374429e-05	-0.00035499545	-0.00035479631	-0.00056126509
-0.27	1	-0.27	0	0	1	0	0	0	1	1	0.00025075945	-0.00035891874	7.5618645e-08	-0.0002358077	0.00045523112	-1.266819e-06	-1.8805091e-07	-1.4097292e-06	0.00018161534	-0.00029586864	4.308793e-05	-0.00035891874	-0.00035871737	-0.00056135605
-0.272	1	-0.272	0	0	1	0	0	0	1	1	0.00025323611	-0.00036286811	7.6018063e-08	-0.00023741181	0.000460497	-1.2717772e-06	-1.9038082e-07	-1.415964e-06	0.00018306246	-0.00029893186	4.3809299e-05	-0.00036286811	-0.0003626645	-0.00056141838
-0.274	1	-0.274	0	0	1	0	0	0	1	1	0.00025571999	-0.00036684364	7.6433188e-08	-0.00023901516	0.00046578431	-1.2766769e-06	-1.9269797e-07	-1.4221413e-06	0.00018450905	-0.00030200445	4.4538588e-05	-0.00036684364	-0.00036663779	-0.00056145243
-0.276	1	-0.276	0	0	1	0	0	0	1	1	0.00025821107	-0.00037084544	7.6863818e-08	-0.00024061772	0.00047109295	-1.2815181e-06	-1.9500232e-07	-1.4282609e-06	0.00018595509	-0.00030508637	4.527585e-05	-0.00037084544	-0.00037063734	-0.00056145855
-0.278	1	-0.278	0	0	1	0	0	0	1	1	0.00026070934	-0.00037487358	7.730975e-08	-0.00024221949	0.00047642279	-1.2863009e-06	-1.9729383e-07	-1.4343227e-06	0.00018740059	-0.00030817757	4.6021137e-05	-0.00037487358	-0.00037466323	-0.0005614371
-0.28	1	-0.28	0	0	1	0	0	0	1	1	0.00026321478	-0.00037892815	7.7770779e-08	-0.00024382047	0.00048177372	-1.2910253e-06	-1.9957247e-07	-1.4403266e-06	0.00018884553	-0.00031127801	4.6774503e-05	-0.00037892815	-0.00037871555	-0.00056138844
-0.282	1	-0.282	0	0	1	0	0	0	1	1	0.00026572736	-0.00038300925	7.82467e-08	-0.00024542065	0.0004871456	-1.2956912e-06	-2.0183821e-07	-1.4462725e-06	0.00019028992	-0.00031438763	4.7536e-05	-0.00038300925	-0.00038279438	-0.00056131293
-0.284	1	-0.284	0	0	1	0	0	0	1	1	0.00026824708	-0.00038711695	7.8737304e-08	-0.00024702003	0.00049253834	-1.3002988e-06	-2.0409101e-07	-1.4521603e-06	0.00019173374	-0.00031750638	4.830568e-05	-0.00038711695	-0.00038689982	-0.00056121092
-0.286	1	-0.286	0	0	1	0	0	0	1	1	0.0002707739	-0.00039125134	7.9242382e-08	-0.0002486186	0.00049795179	-1.3048481e-06	-2.0633085e-07	-1.4579898e-06	0.000193177	-0.00032063423	4.9083599e-05	-0.00039125134	-0.00039103194	-0.00056108277
-0.288	1	-0.288	0	0	1	0	0	0	1	1	0.00027330781	-0.0003954125	7.9761725e-08	-0.00025021634	0.00050338585	-1.3093391e-06	-2.085577e-07	-1.4637612e-06	0.00019461968	-0.00032377111	4.9869808e-05	-0.0003954125	-0.00039519083	-0.00056092885
-0.29	1	-0.29	0	0	1	0	0	0	1	1	0.00027584879	-0.00039960052	8.0295123e-08	-0.00025181327	0.00050884039	-1.313772e-06	-2.1077154e-07	-1.4694742e-06	0.00019606179	-0.00032691699	5.0664362e-05	-0.00039960052	-0.00039937657	-0.00056074951
-0.292	1	-0.292	0	0	1	0	0	0	1	1	0.00027839682	-0.00040381547	8.0842365e-08	-0.00025340936	0.00051431529	-1.3181467e-06	-2.1297235e-07	-1.4751288e-06	0.00019750331	-0.00033007181	5.1467314e-05	-0.00040381547	-0.00040358924	-0.00056054511
-0.294	1	-0.294	0	0	1	0	0	0	1	1	0.00028095189	-0.00040805744	8.140324e-08	-0.00025500462	0.00051981044	-1.3224635e-06	-2.1516012e-07	-1.4807251e-06	0.00019894425	-0.00033323552	5.2278719e-05	-0.00040805744	-0.00040782893	-0.00056031601
-0.296	1	-0.296	0	0	1	0	0	0	1	1	0.00028351395	-0.00041232651	8.1977536e-08	-0.00025659903	0.0005253257	-1.3267223e-06	-2.1733481e-07	-1.486263e-06	0.0002003846	-0.00033640808	5.309863e-05	-0.00041232651	-0.00041209571	-0.00056006256
-0.298	1	-0.298	0	0	1	0	0	0	1	1	0.00028608301	-0.00041662275	8.2565043e-08	-0.0002581926	0.00053086096	-1.3309234e-06	-2.1949642e-07	-1.4917424e-06	0.00020182436	-0.00033958944	5.3927102e-05	-0.00041662275	-0.00041638966	-0.00055978513
-0.3	1	-0.3	0	0	1	0	0	0	1	1	0.00028865903	-0.00042094624	8.316555e-08	-0.00025978532	0.00053641609	-1.3350667e-06	-2.2164494e-07	-1.4971634e-06	0.00020326351	-0.00034277955	5.4764189e-05	inf	inf	inf
