lambda	F11	F12	F13	F21	F22	F23	F31	F32	F33	J	P11	P12	P13	P21	P22	P23	P31	P32	P33	p	StrEn	t(1)	t(2)	d
0	1	0	0	0	1	0	0	0	1	1	0	0	0	0	0	0	0	0	0	-0	0	inf	inf	inf
-0.002	0.998	0	0	0	0.999	0	0	0	1.0004823	0.99748283	-1.8174781e-05	-5.2863311e-08	-6.3275255e-09	-5.3745346e-08	-1.0732362e-05	2.6629409e-08	-5.0950094e-09	2.7222125e-08	6.314031e-09	9.6336096e-06	2.3583561e-08	-2.3542466e-05	-2.3450132e-05	-0.0039374607
-0.004	0.996	0	0	0	0.998	0	0	0	1.000953	0.99495533	-3.6008634e-05	-1.0616667e-07	-2.2048625e-08	-1.0974349e-07	-2.1322168e-05	5.6433793e-08	-2.0343089e-08	5.8355954e-08	1.3196252e-08	1.9105869e-05	9.3800529e-08	-4.6672761e-05	-4.6526307e-05	-0.0031477723
-0.006	0.994	0	0	0	0.997	0	0	0	1.0014046	0.99240998	-5.3372072e-05	-1.5745503e-07	-4.5723991e-08	-1.649988e-07	-3.1701342e-05	9.0697105e-08	-4.3981278e-08	9.5032655e-08	2.1189334e-08	2.8350741e-05	2.0968879e-07	-6.9227294e-05	-6.8987596e-05	-0.0034745095
-0.008	0.992	0	0	0	0.996	0	0	0	1.0018122	0.98982251	-6.9958751e-05	-2.0759734e-07	-5.077156e-08	-2.2135182e-07	-4.1677359e-05	1.3959424e-07	-4.9722124e-08	1.4809044e-07	3.0968981e-08	3.7201714e-05	3.6975091e-07	-9.0802971e-05	-9.0405331e-05	-0.00439841
-0.01	0.99	0	0	0	0.995	0	0	0	1.0021202	0.98713847	-8.5195843e-05	-2.8307943e-07	4.6108444e-08	-3.063144e-07	-5.0834686e-05	2.3572019e-07	4.6179873e-08	2.5075755e-07	4.2581193e-08	4.5329316e-05	5.7131011e-07	-0.00011061835	-0.00011012258	-0.0045020095
-0.012	0.988	0	0	0	0.994	0	0	0	1.0022975	0.98432827	-9.8742172e-05	-4.2054331e-07	2.2113964e-07	-4.5569342e-07	-5.8962235e-05	3.8689933e-07	2.2044775e-07	4.1004776e-07	5.3572783e-08	5.2550278e-05	8.1024123e-07	-0.0001282269	-0.00012778567	-0.0034528921
-0.014	0.986	0	0	0	0.993	0	0	0	1.0023897	0.98143771	-0.00011083321	-6.0025555e-07	3.1857638e-07	-6.478423e-07	-6.6388005e-05	5.4773438e-07	3.1660801e-07	5.7951105e-07	6.2516916e-08	5.9052899e-05	1.0824528e-06	-0.00014402947	-0.00014361352	-0.0028963516
-0.016	0.984	0	0	0	0.992	0	0	0	1.0024421	0.97851179	-0.0001216457	-7.9826692e-07	3.2437087e-07	-8.5759282e-07	-7.340032e-05	6.9645186e-07	3.2111794e-07	7.3721481e-07	7.0085276e-08	6.4991977e-05	1.3846953e-06	-0.00015834737	-0.00015790905	-0.0027757736
-0.018	0.982	0	0	0	0.991	0	0	0	1.0024761	0.97557169	-0.00013118688	-1.0026263e-06	2.8055603e-07	-1.0724784e-06	-8.0116803e-05	8.3239017e-07	2.76921e-07	8.8258002e-07	7.6846368e-08	7.0408946e-05	1.714089e-06	-0.00017124641	-0.00017077586	-0.0027553876
-0.02	0.98	0	0	0	0.99	0	0	0	1.0025008	0.97262631	-0.000139435	-1.2048185e-06	2.15065e-07	-1.2837851e-06	-8.6573363e-05	9.5728841e-07	2.1245981e-07	1.0173622e-06	8.299413e-08	7.5308458e-05	2.0677987e-06	-0.0001827226	-0.00018223157	-0.0026945575
-0.022	0.978	0	0	0	0.989	0	0	0	1.0025204	0.9696798	-0.00014642221	-1.3981544e-06	1.4272083e-07	-1.4848033e-06	-9.2774439e-05	1.0719393e-06	1.4269775e-07	1.1422872e-06	8.8570188e-08	7.9702694e-05	2.4430153e-06	-0.00019281023	-0.00019231671	-0.0025661991
-0.024	0.976	0	0	0	0.988	0	0	0	1.0025369	0.96673428	-0.00015225223	-1.5779991e-06	7.1484429e-08	-1.6710569e-06	-9.8712431e-05	1.1768341e-06	7.5465696e-08	1.2577563e-06	9.3585821e-08	8.3623691e-05	2.8370656e-06	-0.00020160917	-0.0002011279	-0.0023928852
-0.026	0.974	0	0	0	0.987	0	0	0	1.0025515	0.96379089	-0.00015707848	-1.7419053e-06	5.4519766e-09	-1.840408e-06	-0.00010437507	1.272673e-06	1.456059e-08	1.3644079e-06	9.8064861e-08	8.7118495e-05	3.2475269e-06	-0.00020926671	-0.00020880562	-0.0022082053
-0.028	0.972	0	0	0	0.986	0	0	0	1.002565	0.96085024	-0.00016107043	-1.8892802e-06	-5.3644767e-08	-1.9926505e-06	-0.00010974864	1.3603776e-06	-3.8650598e-08	1.4631462e-06	1.0204865e-07	9.0239008e-05	3.672288e-06	-0.00021594541	-0.00021550653	-0.0020365421
-0.03	0.97	0	0	0	0.985	0	0	0	1.0025775	0.95791263	-0.00016438744	-2.020786e-06	-1.0547641e-07	-2.128833e-06	-0.00011482013	1.4409018e-06	-8.418957e-08	1.5549439e-06	1.0558744e-07	9.3033993e-05	4.109553e-06	-0.00022179814	-0.00022137998	-0.0018888616
-0.032	0.968	0	0	0	0.984	0	0	0	1.0025891	0.95497818	-0.00016716585	-2.1377657e-06	-1.5045617e-07	-2.2506335e-06	-0.00011957898	1.5150703e-06	-1.2276473e-07	1.6406603e-06	1.0873116e-07	9.5545364e-05	4.557808e-06	-0.00022695595	-0.00022655573	-0.0017665382
-0.034	0.966	0	0	0	0.983	0	0	0	1.0026	0.95204693	-0.00016951614	-2.2418358e-06	-1.8931791e-07	-2.3599293e-06	-0.00012401866	1.5835129e-06	-1.5533656e-07	1.720959e-06	1.1152404e-07	9.780776e-05	5.0157759e-06	-0.00023152606	-0.00023114092	-0.0016662708
-0.036	0.964	0	0	0	0.982	0	0	0	1.0026102	0.9491189	-0.00017152529	-2.334646e-06	-2.2287191e-07	-2.4585544e-06	-0.00012813777	1.6466743e-06	-1.8287727e-07	1.7963061e-06	1.140028e-07	9.9849684e-05	5.4823716e-06	-0.00023559472	-0.00023522227	-0.0015834108
-0.038	0.962	0	0	0	0.981	0	0	0	1.0026195	0.94619407	-0.00017326084	-2.4177568e-06	-2.5187809e-07	-2.5481851e-06	-0.00013194044	1.704862e-06	-2.0625444e-07	1.8670133e-06	1.1619703e-07	0.00010169503	5.956665e-06	-0.00023923158	-0.00023887002	-0.0015136176
-0.04	0.96	0	0	0	0.98	0	0	0	1.002628	0.94327246	-0.00017477511	-2.4925859e-06	-2.7699023e-07	-2.6302985e-06	-0.00013543619	1.7583011e-06	-2.2618686e-07	1.9332926e-06	1.1813059e-07	0.00010336439	6.4378517e-06	-0.00024249369	-0.00024214175	-0.0014534513
-0.042	0.958	0	0	0	0.979	0	0	0	1.0026358	0.94035409	-0.00017610871	-2.5603907e-06	-2.9874017e-07	-2.7061687e-06	-0.00013863912	1.8071814e-06	-2.4323936e-07	1.9953055e-06	1.1982302e-07	0.000104876	6.925232e-06	-0.00024542872	-0.00024508549	-0.0014004268
-0.044	0.956	0	0	0	0.978	0	0	0	1.0026429	0.93743899	-0.00017729334	-2.622269e-06	-3.1754337e-07	-2.7768792e-06	-0.00014156683	1.8516885e-06	-2.5783734e-07	2.0531989e-06	1.212909e-07	0.00010624629	7.4181937e-06	-0.00024807716	-0.000247742	-0.0013528494
-0.046	0.954	0	0	0	0.977	0	0	0	1.0026492	0.93452721	-0.00017835387	-2.6791677e-06	-3.3371452e-07	-2.8433435e-06	-0.00014423919	1.8920204e-06	-2.7028955e-07	2.1071257e-06	1.2254874e-07	0.00010749017	7.9162e-06	-0.00025047384	-0.00025014625	-0.0013095986
-0.048	0.952	0	0	0	0.976	0	0	0	1.0026549	0.9316188	-0.00017931004	-2.7318973e-06	-3.4748652e-07	-2.9063268e-06	-0.00014667718	1.9283935e-06	-2.8081255e-07	2.1572544e-06	1.2360964e-07	0.0001086212	8.4187787e-06	-0.00025264897	-0.00025232853	-0.0012699335
-0.05	0.95	0	0	0	0.975	0	0	0	1.00266	0.92871382	-0.00018017759	-2.7811468e-06	-3.5902917e-07	-2.9664681e-06	-0.00014890186	1.9610401e-06	-2.8955359e-07	2.2037702e-06	1.2448561e-07	0.00010965165	8.9255141e-06	-0.00025462882	-0.00025431516	-0.0012333473
-0.052	0.948	0	0	0	0.974	0	0	0	1.0026646	0.92581232	-0.00018096915	-2.827499e-06	-3.6846557e-07	-3.0243003e-06	-0.00015093368	1.9902031e-06	-2.9660999e-07	2.2468716e-06	1.2518785e-07	0.00011059255	9.4360393e-06	-0.00025643626	-0.00025612904	-0.0011994692
-0.054	0.946	0	0	0	0.973	0	0	0	1.0026686	0.92291436	-0.000181695	-2.8714464e-06	-3.7588563e-07	-3.0802682e-06	-0.00015279192	2.0161292e-06	-3.0204472e-07	2.2867645e-06	1.2572681e-07	0.00011145373	9.9500302e-06	-0.00025809119	-0.0002577901	-0.001168004
-0.056	0.944	0	0	0	0.972	0	0	0	1.0026723	0.92001998	-0.00018236349	-2.9134041e-06	-3.8135662e-07	-3.1347438e-06	-0.0001544944	2.0390627e-06	-3.0589831e-07	2.3236575e-06	1.2611228e-07	0.00011224393	1.04672e-05	-0.00025961091	-0.00025931562	-0.0011386989
-0.058	0.942	0	0	0	0.971	0	0	0	1.0026755	0.91712924	-0.00018298151	-2.9537225e-06	-3.8493112e-07	-3.1880396e-06	-0.00015605737	2.059241e-06	-3.0819771e-07	2.3577565e-06	1.2635339e-07	0.00011297084	1.0987293e-05	-0.00026101039	-0.00026072064	-0.001111326
-0.06	0.94	0	0	0	0.97	0	0	0	1.0026784	0.91424217	-0.00018355474	-2.9926978e-06	-3.8665297e-07	-3.2404194e-06	-0.00015749546	2.0768904e-06	-3.0896268e-07	2.3892613e-06	1.2645867e-07	0.00011364125	1.1510082e-05	-0.00026230265	-0.00026201818	-0.0010856749
-0.062	0.938	0	0	0	0.969	0	0	0	1.002681	0.91135882	-0.00018408792	-3.0305811e-06	-3.8656147e-07	-3.2921067e-06	-0.00015882173	2.0922247e-06	-3.0821027e-07	2.4183632e-06	1.2643611e-07	0.00011426107	1.2035365e-05	-0.00026349894	-0.00026321952	-0.0010615492
-0.064	0.936	0	0	0	0.968	0	0	0	1.0026833	0.90847922	-0.00018458501	-3.0675853e-06	-3.8469447e-07	-3.3432922e-06	-0.00016004779	2.1054438e-06	-3.0595802e-07	2.4452432e-06	1.2629314e-07	0.0001148355	1.256296e-05	-0.00026460904	-0.00026433446	-0.0010387664
-0.066	0.934	0	0	0	0.967	0	0	0	1.0026854	0.90560339	-0.00018504933	-3.1038923e-06	-3.8109062e-07	-3.3941391e-06	-0.00016118391	2.1167338e-06	-3.0222608e-07	2.470072e-06	1.2603672e-07	0.00011536907	1.3092703e-05	-0.00026564141	-0.00026537148	-0.0010171578
-0.068	0.932	0	0	0	0.966	0	0	0	1.0026873	0.90273137	-0.00018548371	-3.1396568e-06	-3.757909e-07	-3.4447877e-06	-0.00016223917	2.1262671e-06	-2.9703877e-07	2.4930094e-06	1.2567338e-07	0.00011586574	1.3624446e-05	-0.00026660341	-0.00026633798	-0.00099656885
-0.07	0.93	0	0	0	0.965	0	0	0	1.0026889	0.89986317	-0.00018589055	-3.1750114e-06	-3.6883987e-07	-3.4953584e-06	-0.00016322158	2.1342035e-06	-2.9042559e-07	2.5142048e-06	1.2520927e-07	0.00011632897	1.4158055e-05	-0.00026750143	-0.00026724038	-0.00097685907
-0.072	0.928	0	0	0	0.964	0	0	0	1.0026904	0.89699881	-0.00018627188	-3.2100692e-06	-3.6028644e-07	-3.5459551e-06	-0.00016413821	2.1406911e-06	-2.8242189e-07	2.5337983e-06	1.2465019e-07	0.00011676181	1.4693408e-05	-0.00026834107	-0.00026808427	-0.00095790242
-0.074	0.926	0	0	0	0.963	0	0	0	1.0026917	0.89413832	-0.00018662948	-3.2449266e-06	-3.5018458e-07	-3.5966663e-06	-0.0001649953	2.1458676e-06	-2.7306935e-07	2.5519207e-06	1.2400164e-07	0.00011716693	1.5230392e-05	-0.00026912721	-0.00026887457	-0.00093958682
-0.076	0.924	0	0	0	0.962	0	0	0	1.0026929	0.8912817	-0.00018696486	-3.2796654e-06	-3.3859366e-07	-3.6475674e-06	-0.00016579838	2.1498611e-06	-2.6241623e-07	2.568695e-06	1.2326889e-07	0.00011754666	1.5768906e-05	-0.00026986412	-0.00026961558	-0.00092181389
-0.078	0.922	0	0	0	0.961	0	0	0	1.002694	0.88842896	-0.00018727936	-3.3143546e-06	-3.2557875e-07	-3.6987214e-06	-0.00016655234	2.1527913e-06	-2.5051744e-07	2.5842369e-06	1.2245696e-07	0.00011790308	1.6308855e-05	-0.00027055559	-0.00027031109	-0.00090449841
-0.08	0.92	0	0	0	0.96	0	0	0	1.0026949	0.88558013	-0.00018757413	-3.3490513e-06	-3.1121074e-07	-3.7501799e-06	-0.00016726152	2.1547707e-06	-2.3743447e-07	2.5986558e-06	1.2157071e-07	0.00011823803	1.685015e-05	-0.00027120495	-0.00027096445	-0.00088756776
-0.082	0.918	0	0	0	0.959	0	0	0	1.0026957	0.88273521	-0.00018785022	-3.3838023e-06	-2.9556622e-07	-3.8019837e-06	-0.00016792981	2.155905e-06	-2.2323519e-07	2.6120551e-06	1.2061481e-07	0.00011855314	1.7392712e-05	-0.00027181517	-0.00027157864	-0.00087096124
-0.084	0.916	0	0	0	0.958	0	0	0	1.0026964	0.8798942	-0.00018810855	-3.4186447e-06	-2.787273e-07	-3.8541636e-06	-0.00016856066	2.1562944e-06	-2.0799344e-07	2.6245332e-06	1.195938e-07	0.00011884987	1.7936465e-05	-0.00027238892	-0.00027215632	-0.00085462938
-0.086	0.914	0	0	0	0.957	0	0	0	1.0026971	0.87705712	-0.00018834994	-3.4536067e-06	-2.6078123e-07	-3.9067406e-06	-0.00016915717	2.1560337e-06	-1.9178852e-07	2.6361837e-06	1.1851208e-07	0.00011912953	1.8481338e-05	-0.00027292856	-0.00027269989	-0.00083853312
-0.088	0.912	0	0	0	0.956	0	0	0	1.0026976	0.87422398	-0.00018857517	-3.4887084e-06	-2.4181979e-07	-3.9597265e-06	-0.00016972212	2.1552127e-06	-1.7470453e-07	2.6470959e-06	1.1737394e-07	0.0001193933	1.9027265e-05	-0.00027343626	-0.0002732115	-0.00082264294
-0.09	0.91	0	0	0	0.955	0	0	0	1.0026981	0.87139477	-0.00018878495	-3.5239625e-06	-2.2193864e-07	-4.0131245e-06	-0.00017025802	2.1539171e-06	-1.5682949e-07	2.6573551e-06	1.1618353e-07	0.00011964226	1.9574184e-05	-0.00027391399	-0.00027369313	-0.00080693798
-0.092	0.908	0	0	0	0.954	0	0	0	1.0026985	0.86856952	-0.00018897994	-3.5593748e-06	-2.0123647e-07	-4.0669296e-06	-0.00017076716	2.1522281e-06	-1.3825449e-07	2.6670425e-06	1.1494489e-07	0.00011987738	2.0122037e-05	-0.00027436354	-0.00027414658	-0.00079140501
-0.094	0.906	0	0	0	0.953	0	0	0	1.0026988	0.86574822	-0.00018916078	-3.5949448e-06	-1.7981404e-07	-4.1211291e-06	-0.00017125158	2.1502227e-06	-1.1907259e-07	2.6762356e-06	1.1366191e-07	0.00012009957	2.067077e-05	-0.00027478659	-0.00027457351	-0.00077603745
-0.096	0.904	0	0	0	0.952	0	0	0	1.0026991	0.86293088	-0.00018932807	-3.6306666e-06	-1.577731e-07	-4.1757035e-06	-0.00017171317	2.1479741e-06	-9.9377738e-08	2.6850082e-06	1.1233837e-07	0.00012030963	2.1220331e-05	-0.00027518467	-0.00027497546	-0.00076083429
-0.098	0.902	0	0	0	0.951	0	0	0	1.0026994	0.86011751	-0.00018948241	-3.6665295e-06	-1.3521538e-07	-4.2306273e-06	-0.00017215362	2.145551e-06	-7.9263676e-08	2.6934299e-06	1.1097789e-07	0.00012050835	2.1770672e-05	-0.00027555923	-0.00027535387	-0.00074579904
-0.1	0.9	0	0	0	0.95	0	0	0	1.0026995	0.85730811	-0.00018962436	-3.7025186e-06	-1.1224139e-07	-4.2858696e-06	-0.00017257452	2.1430182e-06	-5.882278e-08	2.7015669e-06	1.0958393e-07	0.00012069643	2.2321747e-05	-0.00027591163	-0.0002757101	-0.00073093874
-0.102	0.898	0	0	0	0.949	0	0	0	1.0026997	0.85450269	-0.00018975448	-3.7386155e-06	-8.8949433e-08	-4.341395e-06	-0.00017297729	2.1404363e-06	-3.8145011e-08	2.7094811e-06	1.0815979e-07	0.00012087454	2.2873512e-05	-0.00027624313	-0.00027604541	-0.00071626293
-0.104	0.896	0	0	0	0.948	0	0	0	1.0026998	0.85170126	-0.00018987333	-3.7747991e-06	-6.5434532e-08	-4.3971648e-06	-0.00017336324	2.1378615e-06	-1.7316924e-08	2.7172306e-06	1.0670859e-07	0.00012104329	2.3425928e-05	-0.00027655496	-0.00027636101	-0.00070178277
-0.106	0.894	0	0	0	0.947	0	0	0	1.0026999	0.84890381	-0.00018998144	-3.8110462e-06	-4.1787547e-08	-4.4531376e-06	-0.00017373359	2.1353459e-06	3.5792177e-09	2.7248694e-06	1.0523329e-07	0.00012120327	2.3978956e-05	-0.00027684824	-0.00027665804	-0.00068751026
-0.108	0.892	0	0	0	0.946	0	0	0	1.0027	0.84611037	-0.00019007935	-3.8473323e-06	-1.8094375e-08	-4.5092703e-06	-0.00017408945	2.1329371e-06	2.4466175e-08	2.7324476e-06	1.0373663e-07	0.00012135502	2.453256e-05	-0.00027712408	-0.00027693758	-0.0006734575
-0.11	0.89	0	0	0	0.945	0	0	0	1.0027001	0.84332092	-0.00019016758	-3.8836318e-06	5.5646986e-09	-4.5655189e-06	-0.00017443184	2.1306787e-06	4.5272334e-08	2.7400112e-06	1.0222118e-07	0.00012149907	2.5086707e-05	-0.0002773835	-0.00027720065	-0.00065963619
-0.112	0.888	0	0	0	0.944	0	0	0	1.0027002	0.84053548	-0.00019024664	-3.9199193e-06	2.911549e-08	-4.6218394e-06	-0.0001747617	2.12861e-06	6.5932133e-08	2.7476025e-06	1.0068931e-07	0.00012163588	2.5641363e-05	-0.00027762749	-0.00027744824	-0.00064605712
-0.114	0.886	0	0	0	0.943	0	0	0	1.0027003	0.83775405	-0.00019031702	-3.9561692e-06	5.2490264e-08	-4.6781883e-06	-0.00017507991	2.1267665e-06	8.6386349e-08	2.7552598e-06	9.9143207e-08	0.00012176593	2.61965e-05	-0.00027785698	-0.00027768128	-0.00063272992
-0.116	0.884	0	0	0	0.942	0	0	0	1.0027003	0.83497664	-0.00019037921	-3.9923569e-06	7.5627917e-08	-4.7345237e-06	-0.00017538726	2.1251796e-06	1.0658222e-07	2.7630182e-06	9.7584878e-08	0.00012188963	2.6752088e-05	-0.00027807284	-0.00027790064	-0.00061966282
-0.118	0.882	0	0	0	0.941	0	0	0	1.0027004	0.83220325	-0.00019043368	-4.0284585e-06	9.8474033e-08	-4.7908051e-06	-0.00017568449	2.1238772e-06	1.2647344e-07	2.7709089e-06	9.6016151e-08	0.00012200739	2.7308102e-05	-0.00027827593	-0.00027810716	-0.00060686254
-0.12	0.88	0	0	0	0.94	0	0	0	1.0027005	0.82943388	-0.00019048088	-4.0644517e-06	1.209808e-07	-4.8469942e-06	-0.00017597229	2.1228841e-06	1.4602005e-07	2.7789603e-06	9.4438687e-08	0.00012211957	2.7864517e-05	-0.00027846703	-0.00027830162	-0.00059433429
-0.122	0.878	0	0	0	0.939	0	0	0	1.0027007	0.82666854	-0.00019052125	-4.1003155e-06	1.4310685e-07	-4.9030556e-06	-0.00017625126	2.1222214e-06	1.6518816e-07	2.7871977e-06	9.2853992e-08	0.00012222655	2.8421309e-05	-0.00027864688	-0.00027848478	-0.00058208178
-0.124	0.876	0	0	0	0.938	0	0	0	1.0027008	0.82390723	-0.0001905552	-4.1360307e-06	1.6481694e-07	-4.9589562e-06	-0.00017652199	2.1219078e-06	1.8394971e-07	2.7956439e-06	9.1263429e-08	0.00012232864	2.8978456e-05	-0.0002788162	-0.00027865733	-0.00057010734
-0.126	0.874	0	0	0	0.937	0	0	0	1.002701	0.82114995	-0.00019058313	-4.1715798e-06	1.8608168e-07	-5.014666e-06	-0.000176785	2.1219594e-06	2.0228206e-07	2.8043191e-06	8.9668227e-08	0.00012242615	2.9535938e-05	-0.00027897563	-0.00027881994	-0.00055841202
-0.128	0.872	0	0	0	0.936	0	0	0	1.0027012	0.81839671	-0.00019060542	-4.2069471e-06	2.068771e-07	-5.070158e-06	-0.00017704077	2.1223897e-06	2.2016762e-07	2.8132414e-06	8.8069497e-08	0.00012251937	3.0093736e-05	-0.00027912582	-0.00027897322	-0.00054699575
-0.13	0.87	0	0	0	0.935	0	0	0	1.0027015	0.81564751	-0.00019062243	-4.2421188e-06	2.2718423e-07	-5.1254081e-06	-0.00017728976	2.1232107e-06	2.3759337e-07	2.822427e-06	8.6468242e-08	0.00012260857	3.0651831e-05	-0.00027926732	-0.00027911775	-0.00053585746
-0.132	0.868	0	0	0	0.934	0	0	0	1.0027018	0.81290235	-0.0001906345	-4.2770827e-06	2.4698871e-07	-5.1803951e-06	-0.00017753235	2.1244322e-06	2.5455046e-07	2.8318907e-06	8.4865374e-08	0.000122694	3.1210207e-05	-0.00027940069	-0.00027925408	-0.00052499526
-0.134	0.866	0	0	0	0.933	0	0	0	1.0027021	0.81016123	-0.00019064195	-4.3118287e-06	2.6628029e-07	-5.2351008e-06	-0.00017776894	2.1260627e-06	2.7103376e-07	2.8416456e-06	8.326172e-08	0.00012277587	3.1768847e-05	-0.00027952643	-0.00027938271	-0.00051440657
-0.136	0.864	0	0	0	0.932	0	0	0	1.0027025	0.80742415	-0.00019064507	-4.346348e-06	2.8505245e-07	-5.2895096e-06	-0.00017799985	2.1281097e-06	2.8704145e-07	2.8517039e-06	8.1658039e-08	0.00012285442	3.2327737e-05	-0.00027964501	-0.00027950412	-0.00050408824
-0.138	0.862	0	0	0	0.931	0	0	0	1.0027029	0.80469112	-0.00019064416	-4.3806335e-06	3.0330193e-07	-5.3436084e-06	-0.00017822539	2.1305793e-06	3.0257459e-07	2.8620768e-06	8.0055031e-08	0.00012292983	3.2886864e-05	-0.00027975687	-0.00027961873	-0.00049403671
-0.14	0.86	0	0	0	0.93	0	0	0	1.0027033	0.80196213	-0.00019063947	-4.4146796e-06	3.2102839e-07	-5.3973868e-06	-0.00017844586	2.1334772e-06	3.1763674e-07	2.8727745e-06	7.8453345e-08	0.00012300229	3.3446212e-05	-0.00027986242	-0.00027972696	-0.00048424805
-0.142	0.858	0	0	0	0.929	0	0	0	1.0027039	0.79923719	-0.00019063126	-4.4484819e-06	3.38234e-07	-5.4508363e-06	-0.0001786615	2.1368082e-06	3.3223362e-07	2.8838071e-06	7.6853592e-08	0.00012307197	3.4005771e-05	-0.00027996203	-0.00027982919	-0.0004747181
-0.144	0.856	0	0	0	0.928	0	0	0	1.0027044	0.7965163	-0.00019061975	-4.4820375e-06	3.5492307e-07	-5.5039508e-06	-0.00017887255	2.1405767e-06	3.463728e-07	2.895184e-06	7.5256354e-08	0.00012313902	3.4565529e-05	-0.00028005605	-0.00027992576	-0.00046544251
-0.146	0.854	0	0	0	0.927	0	0	0	1.002705	0.79379945	-0.00019060517	-4.5153444e-06	3.7110181e-07	-5.5567259e-06	-0.00017907923	2.1447871e-06	3.6006334e-07	2.9069143e-06	7.3662189e-08	0.00012320358	3.5125475e-05	-0.00028014481	-0.000280017	-0.00045641682
-0.148	0.852	0	0	0	0.926	0	0	0	1.0027057	0.79108666	-0.0001905877	-4.5484017e-06	3.8677796e-07	-5.6091591e-06	-0.00017928173	2.1494433e-06	3.733156e-07	2.9190073e-06	7.2071639e-08	0.00012326579	3.5685597e-05	-0.00028022859	-0.0002801032	-0.00044763647
-0.15	0.85	0	0	0	0.925	0	0	0	1.0027064	0.78837791	-0.00019056754	-4.5812095e-06	4.0196059e-07	-5.6612492e-06	-0.00017948022	2.1545493e-06	3.8614097e-07	2.931472e-06	7.0485239e-08	0.00012332576	3.6245887e-05	-0.00028030767	-0.00028018465	-0.00043909686
-0.152	0.848	0	0	0	0.924	0	0	0	1.0027072	0.78567321	-0.00019054486	-4.6137686e-06	4.1665982e-07	-5.7129966e-06	-0.00017967485	2.1601094e-06	3.9855165e-07	2.9443175e-06	6.8903521e-08	0.0001233836	3.6806336e-05	-0.00028038232	-0.00028026158	-0.00043079334
-0.154	0.846	0	0	0	0.923	0	0	0	1.002708	0.78297255	-0.00019051983	-4.6460807e-06	4.3088664e-07	-5.7644029e-06	-0.00017986578	2.1661278e-06	4.1056049e-07	2.9575533e-06	6.7327019e-08	0.00012343943	3.7366934e-05	-0.00028045275	-0.00028033424	-0.00042272123
-0.156	0.844	0	0	0	0.922	0	0	0	1.0027089	0.78027595	-0.00019049258	-4.6781479e-06	4.4465275e-07	-5.8154708e-06	-0.00018005312	2.172609e-06	4.221808e-07	2.971189e-06	6.5756274e-08	0.00012349332	3.7927673e-05	-0.00028051917	-0.00028040284	-0.00041487583
-0.158	0.842	0	0	0	0.921	0	0	0	1.0027098	0.77758339	-0.00019046327	-4.709973e-06	4.5797034e-07	-5.8662041e-06	-0.00018023699	2.1795578e-06	4.3342625e-07	2.9852347e-06	6.4191839e-08	0.00012354536	3.8488545e-05	-0.0002805818	-0.00028046758	-0.00040725237
-0.16	0.84	0	0	0	0.92	0	0	0	1.0027108	0.77489488	-0.00019043202	-4.7415593e-06	4.70852e-07	-5.9166072e-06	-0.00018041748	2.1869795e-06	4.4431071e-07	2.9997005e-06	6.2634282e-08	0.00012359562	3.9049543e-05	-0.00028064079	-0.00028052862	-0.00039984601
-0.162	0.838	0	0	0	0.919	0	0	0	1.0027118	0.77221041	-0.00019039895	-4.7729105e-06	4.8331059e-07	-5.9666854e-06	-0.00018059467	2.1948797e-06	4.5484818e-07	3.0145974e-06	6.1084188e-08	0.00012364418	3.961066e-05	-0.00028069632	-0.00028058615	-0.00039265181
-0.164	0.836	0	0	0	0.918	0	0	0	1.0027129	0.76952999	-0.00019036417	-4.8040306e-06	4.9535911e-07	-6.0164448e-06	-0.00018076865	2.2032644e-06	4.6505267e-07	3.0299364e-06	5.9542166e-08	0.00012369109	4.0171888e-05	-0.00028074853	-0.0002806403	-0.0003856647
-0.166	0.834	0	0	0	0.917	0	0	0	1.002714	0.76685362	-0.00019032779	-4.834924e-06	5.0701063e-07	-6.0658917e-06	-0.00018093946	2.2121401e-06	4.7493814e-07	3.0457294e-06	5.8008843e-08	0.00012373641	4.0733221e-05	-0.00028079756	-0.00028069121	-0.00037887939
-0.168	0.832	0	0	0	0.916	0	0	0	1.0027152	0.7641813	-0.0001902899	-4.8655953e-06	5.1827821e-07	-6.1150332e-06	-0.00018110716	2.2215137e-06	4.8451846e-07	3.0619884e-06	5.6484874e-08	0.00012378019	4.1294652e-05	-0.00028084352	-0.000280739	-0.00037229037
-0.17	0.83	0	0	0	0.915	0	0	0	1.0027165	0.76151301	-0.0001902506	-4.8960493e-06	5.2917485e-07	-6.1638767e-06	-0.00018127178	2.2313926e-06	4.9380729e-07	3.078726e-06	5.4970938e-08	0.00012382247	4.1856177e-05	-0.00028088652	-0.00028078379	-0.00036589181
-0.172	0.828	0	0	0	0.914	0	0	0	1.0027178	0.75884878	-0.00019020995	-4.9262911e-06	5.3971338e-07	-6.2124298e-06	-0.00018143337	2.2417844e-06	5.028181e-07	3.0959553e-06	5.3467742e-08	0.00012386328	4.2417788e-05	-0.00028092667	-0.00028082567	-0.00035967753
-0.174	0.826	0	0	0	0.913	0	0	0	1.0027191	0.75618858	-0.00019016805	-4.9563256e-06	5.4990647e-07	-6.2607006e-06	-0.00018159192	2.2526975e-06	5.1156409e-07	3.1136898e-06	5.1976019e-08	0.00012390267	4.2979479e-05	-0.00028096405	-0.00028086472	-0.00035364087
-0.176	0.824	0	0	0	0.912	0	0	0	1.0027205	0.75353243	-0.00019012496	-4.9861581e-06	5.5976655e-07	-6.3086972e-06	-0.00018174745	2.2641402e-06	5.2005818e-07	3.1319433e-06	5.0496525e-08	0.00012394064	4.3541247e-05	-0.00028099873	-0.00028090104	-0.00034777467
-0.178	0.822	0	0	0	0.911	0	0	0	1.002722	0.75088033	-0.00019008075	-5.015794e-06	5.693058e-07	-6.3564281e-06	-0.00018189997	2.2761214e-06	5.2831294e-07	3.1507299e-06	4.9030045e-08	0.00012397723	4.4103084e-05	-0.00028103077	-0.00028093467	-0.00034207113
-0.18	0.82	0	0	0	0.91	0	0	0	1.0027235	0.74823226	-0.00019003548	-5.0452386e-06	5.7853609e-07	-6.4039018e-06	-0.00018204945	2.2886501e-06	5.363406e-07	3.170064e-06	4.7577385e-08	0.00012401245	4.4664985e-05	-0.00028106025	-0.00028096569	-0.00033652173
-0.182	0.818	0	0	0	0.909	0	0	0	1.002725	0.74558823	-0.00018998921	-5.0744972e-06	5.8746898e-07	-6.451127e-06	-0.00018219588	2.3017352e-06	5.4415301e-07	3.1899601e-06	4.613937e-08	0.00012404632	4.5226946e-05	-0.00028108719	-0.00028099415	-0.00033111716
-0.184	0.816	0	0	0	0.908	0	0	0	1.0027266	0.74294825	-0.000189942	-5.1035752e-06	5.9611568e-07	-6.4981125e-06	-0.00018233923	2.315386e-06	5.517616e-07	3.2104326e-06	4.4716843e-08	0.00012407884	4.5788962e-05	-0.00028111165	-0.00028102008	-0.0003258472
-0.186	0.814	0	0	0	0.907	0	0	0	1.0027283	0.7403123	-0.00018989388	-5.132478e-06	6.0448702e-07	-6.544867e-06	-0.00018247947	2.3296113e-06	5.5917737e-07	3.2314959e-06	4.331066e-08	0.00012411001	4.6351027e-05	-0.00028113365	-0.00028104352	-0.00032070061
-0.188	0.812	0	0	0	0.906	0	0	0	1.00273	0.73768039	-0.00018984491	-5.1612109e-06	6.1259345e-07	-6.5913996e-06	-0.00018261654	2.3444199e-06	5.6641086e-07	3.253164e-06	4.1921682e-08	0.00012413984	4.6913136e-05	-0.00028115322	-0.0002810645	-0.00031566503
-0.19	0.81	0	0	0	0.905	0	0	0	1.0027318	0.73505252	-0.00018979514	-5.1897794e-06	6.2044502e-07	-6.637719e-06	-0.00018275039	2.3598198e-06	5.7347211e-07	3.2754504e-06	4.0550771e-08	0.00012416833	4.7475285e-05	-0.00028117037	-0.00028108303	-0.00031072695
-0.192	0.808	0	0	0	0.904	0	0	0	1.0027336	0.73242868	-0.0001897446	-5.2181888e-06	6.2805135e-07	-6.6838343e-06	-0.00018288096	2.3758187e-06	5.8037064e-07	3.2983681e-06	3.9198781e-08	0.00012419545	4.8037468e-05	-0.00028118512	-0.00028109914	-0.00030587153
-0.194	0.806	0	0	0	0.903	0	0	0	1.0027354	0.72980888	-0.00018969333	-5.2464442e-06	6.354216e-07	-6.7297545e-06	-0.00018300819	2.3924233e-06	5.8711546e-07	3.3219289e-06	3.7866549e-08	0.00012422122	4.8599681e-05	-0.00028119746	-0.00028111282	-0.00030108264
-0.196	0.804	0	0	0	0.902	0	0	0	1.0027373	0.72719311	-0.00018964136	-5.274551e-06	6.425645e-07	-6.7754885e-06	-0.000183132	2.4096391e-06	5.9371494e-07	3.3461435e-06	3.6554886e-08	0.0001242456	4.9161919e-05	-0.0002812074	-0.00028112409	-0.00029634275
-0.198	0.802	0	0	0	0.901	0	0	0	1.0027392	0.72458137	-0.00018958874	-5.3025145e-06	6.4948828e-07	-6.8210456e-06	-0.0001832523	2.4274703e-06	6.0017689e-07	3.371021e-06	3.5264561e-08	0.00012426859	4.9724178e-05	-0.00028121492	-0.00028113294	-0.00029163296
-0.2	0.8	0	0	0	0.9	0	0	0	1.0027412	0.72197367	-0.00018953548	-5.3303397e-06	6.5620068e-07	-6.8664347e-06	-0.00018336901	2.4459196e-06	6.0650843e-07	3.396569e-06	3.3996295e-08	0.00012429017	5.0286451e-05	-0.00028122002	-0.00028113935	-0.00028693301
-0.202	0.798	0	0	0	0.899	0	0	0	1.0027432	0.71936999	-0.00018948163	-5.3580319e-06	6.6270894e-07	-6.9116652e-06	-0.00018348203	2.4649875e-06	6.1271604e-07	3.4227927e-06	3.2750741e-08	0.0001243103	5.0848735e-05	-0.00028122268	-0.00028114333	-0.00028222136
-0.204	0.796	0	0	0	0.898	0	0	0	1.0027453	0.71677033	-0.0001894272	-5.3855963e-06	6.6901979e-07	-6.9567463e-06	-0.00018359128	2.4846727e-06	6.1880546e-07	3.4496948e-06	3.1528471e-08	0.00012432898	5.1411024e-05	-0.00028122287	-0.00028114486	-0.00027747532
-0.206	0.794	0	0	0	0.897	0	0	0	1.0027473	0.7141747	-0.00018937223	-5.4130381e-06	6.751394e-07	-7.0016875e-06	-0.00018369665	2.5049711e-06	6.2478168e-07	3.4772754e-06	3.032996e-08	0.00012434618	5.1973314e-05	-0.00028122058	-0.00028114393	-0.00027267124
-0.208	0.792	0	0	0	0.896	0	0	0	1.0027494	0.7115831	-0.00018931673	-5.4403626e-06	6.8107343e-07	-7.0464983e-06	-0.00018379805	2.5258758e-06	6.3064892e-07	3.5055314e-06	2.9155572e-08	0.00012436187	5.25356e-05	-0.00028121579	-0.0002811405	-0.00026778475
-0.21	0.79	0	0	0	0.895	0	0	0	1.0027516	0.70899551	-0.00018926073	-5.4675751e-06	6.8682698e-07	-7.0911886e-06	-0.00018389537	2.5473771e-06	6.3641061e-07	3.5344563e-06	2.8005539e-08	0.00012437603	5.3097876e-05	-0.00028120845	-0.00028113457	-0.00026279109
-0.212	0.788	0	0	0	0.894	0	0	0	1.0027537	0.70641194	-0.00018920426	-5.4946809e-06	6.9240458e-07	-7.1357682e-06	-0.00018398853	2.5694619e-06	6.4206933e-07	3.5640398e-06	2.687995e-08	0.00012438864	5.3660138e-05	-0.00028119855	-0.00028112612	-0.00025766545
-0.214	0.786	0	0	0	0.893	0	0	0	1.0027559	0.70383238	-0.00018914733	-5.5216856e-06	6.9781024e-07	-7.1802473e-06	-0.00018407742	2.5921136e-06	6.4762686e-07	3.5942676e-06	2.5778732e-08	0.00012439966	5.4222381e-05	-0.00028118607	-0.00028111512	-0.00025238347
-0.216	0.784	0	0	0	0.892	0	0	0	1.0027581	0.70125684	-0.00018908997	-5.5485949e-06	7.0304744e-07	-7.2246365e-06	-0.00018416196	2.6153121e-06	6.5308412e-07	3.6251213e-06	2.4701641e-08	0.00012440908	5.4784599e-05	-0.00028117098	-0.00028110157	-0.00024692169
-0.218	0.782	0	0	0	0.891	0	0	0	1.0027603	0.6986853	-0.00018903219	-5.5754147e-06	7.0811911e-07	-7.2689466e-06	-0.00018424207	2.6390333e-06	6.5844123e-07	3.6565783e-06	2.3648245e-08	0.00012441687	5.5346787e-05	-0.00028115325	-0.00028108544	-0.00024125807
-0.22	0.78	0	0	0	0.89	0	0	0	1.0027626	0.69611777	-0.00018897401	-5.6021509e-06	7.1302769e-07	-7.3131887e-06	-0.00018431768	2.6632497e-06	6.636975e-07	3.6886115e-06	2.2617922e-08	0.00012442303	5.5908941e-05	-0.00028113288	-0.00028106672	-0.00023537256
-0.222	0.778	0	0	0	0.889	0	0	0	1.0027648	0.69355425	-0.00018891546	-5.6288098e-06	7.1777516e-07	-7.3573742e-06	-0.00018438872	2.6879301e-06	6.6885148e-07	3.7211896e-06	2.1609848e-08	0.00012442753	5.6471054e-05	-0.00028110985	-0.00028104542	-0.0002292476
-0.224	0.776	0	0	0	0.888	0	0	0	1.002767	0.69099473	-0.00018885655	-5.6553981e-06	7.2236304e-07	-7.4015151e-06	-0.00018445516	2.7130397e-06	6.7390098e-07	3.7542772e-06	2.0623004e-08	0.00012443036	5.7033122e-05	-0.00028108415	-0.00028102152	-0.00022286864
-0.226	0.774	0	0	0	0.887	0	0	0	1.0027693	0.6884392	-0.0001887973	-5.6819226e-06	7.2679248e-07	-7.4456236e-06	-0.00018451694	2.7385405e-06	6.788432e-07	3.7878349e-06	1.9656171e-08	0.00012443153	5.759514e-05	-0.00028105579	-0.00028099503	-0.00021622454
-0.228	0.772	0	0	0	0.886	0	0	0	1.0027715	0.68588767	-0.00018873772	-5.7083904e-06	7.3106426e-07	-7.4897124e-06	-0.00018457406	2.7643916e-06	6.8367472e-07	3.8218198e-06	1.870794e-08	0.00012443102	5.8157102e-05	-0.00028102477	-0.00028096596	-0.00020930796
-0.23	0.77	0	0	0	0.885	0	0	0	1.0027737	0.68334013	-0.00018867784	-5.7348089e-06	7.351789e-07	-7.5337946e-06	-0.0001846265	2.7905494e-06	6.8839166e-07	3.8561858e-06	1.7776726e-08	0.00012442886	5.8719004e-05	-0.00028099111	-0.00028093433	-0.00020211559
-0.232	0.768	0	0	0	0.884	0	0	0	1.0027759	0.68079658	-0.00018861767	-5.7611859e-06	7.3913667e-07	-7.5778834e-06	-0.00018467428	2.8169685e-06	6.9298974e-07	3.8908841e-06	1.686078e-08	0.00012442503	5.928084e-05	-0.00028095483	-0.00028090015	-0.00019464824
-0.234	0.766	0	0	0	0.883	0	0	0	1.0027781	0.67825702	-0.00018855723	-5.7875293e-06	7.4293765e-07	-7.6219927e-06	-0.00018471743	2.8436017e-06	6.9746436e-07	3.9258641e-06	1.5958209e-08	0.00012441957	5.9842605e-05	-0.00028091596	-0.00028086346	-0.00018691087
-0.236	0.764	0	0	0	0.882	0	0	0	1.0027802	0.67572144	-0.00018849653	-5.8138475e-06	7.4658183e-07	-7.6661365e-06	-0.00018475598	2.870401e-06	7.0181078e-07	3.9610734e-06	1.5066999e-08	0.00012441248	6.0404294e-05	-0.00028087454	-0.00028082429	-0.0001789124
-0.238	0.762	0	0	0	0.881	0	0	0	1.0027823	0.67318984	-0.0001884356	-5.840149e-06	7.5006915e-07	-7.7103291e-06	-0.00018479	2.8973178e-06	7.0602412e-07	3.996459e-06	1.4185037e-08	0.0001244038	6.0965902e-05	-0.00028083061	-0.00028078269	-0.00017066546
-0.24	0.76	0	0	0	0.88	0	0	0	1.0027844	0.67066223	-0.00018837445	-5.8664426e-06	7.5339952e-07	-7.754585e-06	-0.00018481956	2.9243038e-06	7.1009954e-07	4.0319675e-06	1.3310142e-08	0.00012439357	6.1527424e-05	-0.00028078424	-0.00028073871	-0.00016218601
-0.242	0.758	0	0	0	0.879	0	0	0	1.0027865	0.66813859	-0.00018831309	-5.892737e-06	7.5657292e-07	-7.7989186e-06	-0.00018484475	2.9513112e-06	7.1403233e-07	4.0675462e-06	1.2440085e-08	0.0001243818	6.2088857e-05	-0.00028073548	-0.00028069239	-0.00015349287
-0.244	0.756	0	0	0	0.878	0	0	0	1.0027885	0.66561893	-0.00018825154	-5.9190414e-06	7.5958943e-07	-7.8433447e-06	-0.00018486568	2.9782937e-06	7.1781794e-07	4.1031433e-06	1.1572622e-08	0.00012436855	6.2650194e-05	-0.00028068439	-0.00028064381	-0.00014460718
-0.246	0.754	0	0	0	0.877	0	0	0	1.0027905	0.66310325	-0.00018818983	-5.9453647e-06	7.6244925e-07	-7.8878779e-06	-0.00018488245	3.0052064e-06	7.2145212e-07	4.1387085e-06	1.0705512e-08	0.00012435386	6.3211432e-05	-0.00028063106	-0.00028059303	-0.00013555183
-0.248	0.752	0	0	0	0.876	0	0	0	1.0027925	0.66059155	-0.00018812795	-5.9717161e-06	7.6515277e-07	-7.9325328e-06	-0.00018489518	3.0320065e-06	7.2493094e-07	4.1741937e-06	9.8365472e-09	0.00012433777	6.3772566e-05	-0.00028057555	-0.00028054011	-0.00012635091
-0.25	0.75	0	0	0	0.875	0	0	0	1.0027944	0.65808382	-0.00018806593	-5.9981044e-06	7.6770055e-07	-7.9773237e-06	-0.00018490402	3.0586539e-06	7.2825086e-07	4.2095532e-06	8.9635726e-09	0.00012432033	6.4333592e-05	-0.00028051795	-0.00028048513	-0.00011702914
-0.252	0.748	0	0	0	0.874	0	0	0	1.0027963	0.65558006	-0.00018800379	-6.0245386e-06	7.7009337e-07	-8.0222649e-06	-0.00018490909	3.0851108e-06	7.3140876e-07	4.244744e-06	8.0845025e-09	0.0001243016	6.4894507e-05	-0.00028045834	-0.00028042816	-0.00010761136
-0.254	0.746	0	0	0	0.873	0	0	0	1.0027981	0.65308028	-0.00018794153	-6.0510274e-06	7.7233221e-07	-8.0673702e-06	-0.00018491055	3.1113425e-06	7.3440199e-07	4.2797264e-06	7.1973387e-09	0.00012428162	6.5455305e-05	-0.00028039681	-0.0002803693	-9.8122037e-05
-0.256	0.744	0	0	0	0.872	0	0	0	1.0027999	0.65058447	-0.00018787916	-6.0775793e-06	7.7441829e-07	-8.1126532e-06	-0.00018490852	3.1373174e-06	7.3722833e-07	4.3144636e-06	6.300183e-09	0.00012426046	6.6015984e-05	-0.00028033343	-0.0002803086	-8.8584905e-05
-0.258	0.742	0	0	0	0.871	0	0	0	1.0028016	0.64809264	-0.00018781671	-6.1042025e-06	7.7635303e-07	-8.1581272e-06	-0.00018490317	3.1630067e-06	7.3988606e-07	4.3489223e-06	5.3912471e-09	0.00012423816	6.6576539e-05	-0.0002802683	-0.00028024615	-7.9022607e-05
-0.26	0.74	0	0	0	0.87	0	0	0	1.0028033	0.64560478	-0.00018775417	-6.130905e-06	7.7813809e-07	-8.2038049e-06	-0.00018489464	3.188385e-06	7.4237389e-07	4.3830724e-06	4.4688596e-09	0.00012421478	6.7136968e-05	-0.0002802015	-0.00028018204	-6.9456445e-05
-0.262	0.738	0	0	0	0.869	0	0	0	1.002805	0.6431209	-0.00018769157	-6.1576944e-06	7.797753e-07	-8.2496988e-06	-0.00018488309	3.2134295e-06	7.44691e-07	4.4168874e-06	3.531471e-09	0.00012419037	6.7697267e-05	-0.00028013312	-0.00028011634	-5.9906188e-05
-0.264	0.736	0	0	0	0.868	0	0	0	1.0028066	0.640641	-0.00018762891	-6.184578e-06	7.8126668e-07	-8.2958206e-06	-0.00018486864	3.2381209e-06	7.4683699e-07	4.4503437e-06	2.5776553e-09	0.00012416499	6.8257434e-05	-0.00028006323	-0.00028004912	-5.0389947e-05
-0.266	0.734	0	0	0	0.867	0	0	0	1.0028082	0.63816507	-0.00018756619	-6.2115627e-06	7.8261445e-07	-8.3421818e-06	-0.00018485146	3.2624424e-06	7.4881185e-07	4.483421e-06	1.6061109e-09	0.00012413868	6.8817464e-05	-0.00027999192	-0.00027998047	-4.0924103e-05
-0.268	0.732	0	0	0	0.866	0	0	0	1.0028097	0.63569312	-0.00018750343	-6.2386549e-06	7.8382094e-07	-8.3887934e-06	-0.00018483168	3.2863799e-06	7.5061595e-07	4.5161022e-06	6.1565804e-10	0.0001241115	6.9377355e-05	-0.00027991927	-0.00027991045	-3.1523293e-05
-0.27	0.73	0	0	0	0.865	0	0	0	1.0028112	0.63322515	-0.00018744064	-6.2658608e-06	7.8488865e-07	-8.4356657e-06	-0.00018480943	3.3099219e-06	7.5225001e-07	4.5483727e-06	-3.9476361e-10	0.00012408349	6.9937106e-05	-0.00027984536	-0.00027983914	-2.2200424e-05
-0.272	0.728	0	0	0	0.864	0	0	0	1.0028127	0.63076116	-0.00018737782	-6.293186e-06	7.8582018e-07	-8.4828086e-06	-0.00018478486	3.3330592e-06	7.5371503e-07	4.5802207e-06	-1.4260996e-09	0.0001240547	7.0496712e-05	-0.00027977024	-0.00027976662	-1.2966731e-05
-0.274	0.726	0	0	0	0.863	0	0	0	1.0028141	0.62830114	-0.00018731497	-6.3206359e-06	7.8661822e-07	-8.5302315e-06	-0.00018475808	3.3557849e-06	7.5501232e-07	4.611637e-06	-2.4791856e-09	0.00012402518	7.1056172e-05	-0.00027969401	-0.00027969293	-3.8318529e-06
-0.276	0.724	0	0	0	0.862	0	0	0	1.0028155	0.62584512	-0.0001872521	-6.3482152e-06	7.8728556e-07	-8.5779434e-06	-0.00018472923	3.3780941e-06	7.5614343e-07	4.6426144e-06	-3.5547534e-09	0.00012399496	7.1615484e-05	-0.00027961671	-0.00027961816	5.1960691e-06
-0.278	0.722	0	0	0	0.861	0	0	0	1.0028168	0.62339307	-0.00018718921	-6.3759286e-06	7.8782502e-07	-8.6259527e-06	-0.00018469841	3.3999834e-06	7.5711009e-07	4.6731479e-06	-4.6534371e-09	0.00012396409	7.2174645e-05	-0.00027953841	-0.00027954236	1.4110288e-05
-0.28	0.72	0	0	0	0.86	0	0	0	1.0028182	0.62094501	-0.00018712632	-6.40378e-06	7.8823951e-07	-8.6742673e-06	-0.00018466574	3.4214514e-06	7.5791426e-07	4.7032345e-06	-5.7757795e-09	0.00012393261	7.2733653e-05	-0.00027945918	-0.00027946558	2.2905333e-05
-0.282	0.718	0	0	0	0.859	0	0	0	1.0028195	0.61850094	-0.00018706341	-6.4317732e-06	7.8853193e-07	-8.722895e-06	-0.00018463132	3.4424979e-06	7.5855802e-07	4.7328727e-06	-6.9222387e-09	0.00012390055	7.3292507e-05	-0.00027937907	-0.00027938789	3.1576898e-05
-0.284	0.716	0	0	0	0.858	0	0	0	1.0028207	0.61606085	-0.0001870005	-6.4599115e-06	7.8870522e-07	-8.7718427e-06	-0.00018459527	3.4631243e-06	7.590436e-07	4.7620627e-06	-8.0931944e-09	0.00012386795	7.3851205e-05	-0.00027929813	-0.00027930933	4.0121719e-05
-0.286	0.714	0	0	0	0.857	0	0	0	1.0028219	0.61362475	-0.00018693758	-6.488198e-06	7.8876233e-07	-8.8211173e-06	-0.00018455767	3.4833327e-06	7.5937333e-07	4.7908057e-06	-9.2889549e-09	0.00012383484	7.4409744e-05	-0.0002792164	-0.00027922996	4.853747e-05
-0.288	0.712	0	0	0	0.856	0	0	0	1.0028232	0.61119263	-0.00018687465	-6.5166352e-06	7.8870619e-07	-8.8707249e-06	-0.00018451861	3.5031265e-06	7.5954962e-07	4.8191045e-06	-1.0509762e-08	0.00012380126	7.4968125e-05	-0.00027913395	-0.00027914981	5.6822651e-05
-0.29	0.71	0	0	0	0.855	0	0	0	1.0028243	0.60876451	-0.00018681172	-6.5452256e-06	7.8853971e-07	-8.9206717e-06	-0.00018447819	3.52251e-06	7.5957494e-07	4.8469627e-06	-1.17558e-08	0.00012376722	7.5526344e-05	-0.00027905081	-0.00027906894	6.4976486e-05
-0.292	0.708	0	0	0	0.854	0	0	0	1.0028255	0.60634038	-0.00018674879	-6.5739711e-06	7.8826581e-07	-8.9709633e-06	-0.00018443649	3.5414881e-06	7.5945183e-07	4.8743849e-06	-1.3027196e-08	0.00012373277	7.60844e-05	-0.00027896702	-0.00027898739	7.2998836e-05
-0.294	0.706	0	0	0	0.853	0	0	0	1.0028266	0.60392024	-0.00018668585	-6.6028735e-06	7.8788734e-07	-9.0216049e-06	-0.00018439357	3.5600665e-06	7.5918283e-07	4.9013764e-06	-1.432403e-08	0.00012369792	7.6642293e-05	-0.00027888263	-0.00027890519	8.0890108e-05
-0.296	0.704	0	0	0	0.852	0	0	0	1.0028277	0.60150409	-0.0001866229	-6.6319343e-06	7.8740714e-07	-9.0726015e-06	-0.00018434953	3.5782511e-06	7.5877052e-07	4.9279431e-06	-1.5646338e-08	0.00012366269	7.7200021e-05	-0.00027879766	-0.00027882238	8.8651176e-05
-0.298	0.702	0	0	0	0.851	0	0	0	1.0028288	0.59909193	-0.00018655995	-6.6611547e-06	7.8682799e-07	-9.123958e-06	-0.00018430441	3.5960486e-06	7.5821746e-07	4.9540918e-06	-1.6994117e-08	0.00012362712	7.7757583e-05	-0.00027871215	-0.00027873899	9.6283316e-05
-0.3	0.7	0	0	0	0.85	0	0	0	1.0028299	0.59668377	-0.000186497	-6.6905357e-06	7.8615264e-07	-9.1756787e-06	-0.00018425829	3.613466e-06	7.5752621e-07	4.9798293e-06	-1.8367328e-08	0.00012359122	7.8314977e-05	inf	inf	inf
