lambda	F11	F12	F13	F21	F22	F23	F31	F32	F33	J	P11	P12	P13	P21	P22	P23	P31	P32	P33	p	StrEn	t(1)	t(2)	d
0	1	0	0	0	1	0	0	0	1	1	0	0	0	0	0	0	0	0	0	-0	0	inf	inf	inf
-0.002	0.998	0	0	0	1	0	0	0	1.0001119	0.9981117	-2.0982699e-06	-1.0388426e-08	3.2677905e-08	-1.4073517e-08	-1.172927e-07	-4.7687192e-09	2.2744149e-08	-8.1631453e-09	-7.1376845e-11	7.3854465e-07	2.2377376e-09	-2.0982678e-06	-1.9604307e-06	-0.070309634
-0.004	0.996	0	0	0	1	0	0	0	1.0001134	0.99611299	-3.3514975e-06	-9.7709359e-09	6.3518476e-08	-1.907903e-08	-1.8049408e-07	-1.3636964e-08	4.4283192e-08	-1.8493961e-08	-6.3636641e-10	1.1775427e-06	7.8417227e-09	-3.3515013e-06	-3.2490279e-06	-0.031539688
-0.006	0.994	0	0	0	1	0	0	0	1.0000884	0.99408791	-3.9396745e-06	-9.618694e-09	8.7365165e-08	-2.3936666e-08	-2.2173962e-07	-1.9698633e-08	6.0194874e-08	-2.6124174e-08	-1.7316701e-09	1.3877153e-06	1.5233849e-08	-3.9396945e-06	-3.9056177e-06	-0.0087250753
-0.008	0.992	0	0	0	1	0	0	0	1.0000671	0.99206659	-4.2277801e-06	-9.0771804e-09	1.0435169e-07	-2.7210247e-08	-2.4626345e-07	-2.3540304e-08	7.0952269e-08	-3.1251738e-08	-2.435054e-09	1.4921595e-06	2.3464194e-08	-4.2278034e-06	-4.2259253e-06	-0.00044443044
-0.01	0.99	0	0	0	1	0	0	0	1.0000501	0.99004956	-4.3942158e-06	-8.4896105e-09	1.1692118e-07	-2.9562986e-08	-2.619374e-07	-2.6271285e-08	7.8610118e-08	-3.4945435e-08	-2.8191485e-09	1.5529908e-06	3.2137551e-08	-4.3942379e-06	-4.4049776e-06	0.0024381023
-0.012	0.988	0	0	0	1	0	0	0	1.0000358	0.98803538	-4.5037468e-06	-7.8716976e-09	1.2674703e-07	-3.1286539e-08	-2.7280865e-07	-2.8301473e-08	8.4439319e-08	-3.7715562e-08	-3.0222255e-09	1.5931926e-06	4.1084104e-08	-4.503767e-06	-4.5203259e-06	0.0036632016
-0.014	0.986	0	0	0	1	0	0	0	1.0000234	0.98602306	-4.5825412e-06	-7.2608668e-09	1.3474533e-07	-3.2589671e-08	-2.8082425e-07	-2.988578e-08	8.9095459e-08	-3.9892034e-08	-3.1206889e-09	1.622162e-06	5.0218854e-08	-4.5825595e-06	-4.6023256e-06	0.0042947895
-0.016	0.984	0	0	0	1	0	0	0	1.0000123	0.98401206	-4.6428533e-06	-6.6838564e-09	1.4143906e-07	-3.3608471e-08	-2.8700175e-07	-3.1173813e-08	9.2936266e-08	-4.1669468e-08	-3.1534069e-09	1.6443361e-06	5.9493406e-08	-4.6428701e-06	-4.6646601e-06	0.0046712849
-0.018	0.982	0	0	0	1	0	0	0	1.000002	0.982002	-4.6911461e-06	-6.1526518e-09	1.4715278e-07	-3.4428486e-08	-2.9192042e-07	-3.2255334e-08	9.6176197e-08	-4.316533e-08	-3.1419246e-09	1.6620695e-06	6.8877494e-08	-4.6911616e-06	-4.7143574e-06	0.0049202527
-0.02	0.98	0	0	0	1	0	0	0	0.99999251	0.97999266	-4.7311506e-06	-5.67032e-09	1.5210254e-07	-3.5104545e-08	-2.9593411e-07	-3.3186751e-08	9.8954224e-08	-4.4454055e-08	-3.099311e-09	1.676728e-06	7.8350836e-08	-4.731165e-06	-4.7554052e-06	0.0050973971
-0.022	0.978	0	0	0	1	0	0	0	0.99998353	0.97798389	-4.765176e-06	-5.2354204e-09	1.5644003e-07	-3.5672974e-08	-2.9927158e-07	-3.400519e-08	1.0136592e-07	-4.5585121e-08	-3.0340762e-09	1.6891605e-06	8.7899115e-08	-4.7651893e-06	-4.7902429e-06	0.0052301289
-0.024	0.976	0	0	0	1	0	0	0	0.99997497	0.97597557	-4.7947315e-06	-4.8444695e-09	1.6027623e-07	-3.6158671e-08	-3.0208766e-07	-3.4736098e-08	1.0348006e-07	-4.6592809e-08	-2.9520659e-09	1.6999237e-06	9.7511808e-08	-4.7947439e-06	-4.8204529e-06	0.0053333131
-0.026	0.974	0	0	0	1	0	0	0	0.99996676	0.97396762	-4.8208479e-06	-4.493219e-09	1.6369504e-07	-3.6579232e-08	-3.0449117e-07	-3.5397541e-08	1.0534797e-07	-4.7501719e-08	-2.8574628e-09	1.7093988e-06	1.0718093e-07	-4.8208594e-06	-4.8471098e-06	0.0054156814
-0.028	0.972	0	0	0	1	0	0	0	0.99995882	0.97195997	-4.8442547e-06	-4.1772949e-09	1.667615e-07	-3.6947434e-08	-3.0656098e-07	-3.6002725e-08	1.0700904e-07	-4.8330033e-08	-2.7533551e-09	1.7178564e-06	1.1690025e-07	-4.8442655e-06	-4.8709716e-06	0.0054827139
-0.03	0.97	0	0	0	1	0	0	0	0.99995111	0.96995257	-4.8654842e-06	-3.8925046e-09	1.6952717e-07	-3.7272774e-08	-3.0835579e-07	-3.6561553e-08	1.0849426e-07	-4.9091529e-08	-2.6420807e-09	1.725494e-06	1.2666481e-07	-4.8654943e-06	-4.8925896e-06	0.0055380449
-0.032	0.968	0	0	0	1	0	0	0	0.99994359	0.96794539	-4.8849343e-06	-3.634971e-09	1.7203366e-07	-3.7562459e-08	-3.0992028e-07	-3.7081614e-08	1.0982847e-07	-4.9796874e-08	-2.5254459e-09	1.73246e-06	1.3647061e-07	-4.8849437e-06	-4.9123753e-06	0.0055841975
-0.034	0.966	0	0	0	1	0	0	0	0.99993622	0.96593839	-4.902909e-06	-3.4011785e-09	1.7431503e-07	-3.7822054e-08	-3.1128908e-07	-3.7568833e-08	1.1103191e-07	-5.0454477e-08	-2.4048697e-09	1.7388677e-06	1.4631431e-07	-4.9029178e-06	-4.9306428e-06	0.0056229918
-0.036	0.964	0	0	0	1	0	0	0	0.99992899	0.96393154	-4.9196453e-06	-3.1879738e-09	1.7639954e-07	-3.8055924e-08	-3.124895e-07	-3.8027912e-08	1.1212136e-07	-5.1071079e-08	-2.2814825e-09	1.7448054e-06	1.5619318e-07	-4.9196535e-06	-4.9476363e-06	0.0056557836
-0.038	0.962	0	0	0	1	0	0	0	0.99992186	0.96192483	-4.9353304e-06	-2.9925461e-09	1.7831092e-07	-3.8267538e-08	-3.1354338e-07	-3.8462639e-08	1.1311085e-07	-5.1652154e-08	-2.1561959e-09	1.7503433e-06	1.6610486e-07	-4.9353381e-06	-4.963549e-06	0.0056836098
-0.04	0.96	0	0	0	1	0	0	0	0.99991481	0.95991822	-4.9501148e-06	-2.8123975e-09	1.800693e-07	-3.8459689e-08	-3.144684e-07	-3.88761e-08	1.1401231e-07	-5.2202207e-08	-2.029753e-09	1.7555376e-06	1.7604737e-07	-4.9501219e-06	-4.9785358e-06	0.0057072819
-0.042	0.958	0	0	0	1	0	0	0	0.99990784	0.95791171	-4.9641206e-06	-2.6453109e-09	1.8169189e-07	-3.8634649e-08	-3.1527904e-07	-3.9270844e-08	1.1483591e-07	-5.2724983e-08	-1.9027649e-09	1.7604341e-06	1.86019e-07	-4.9641272e-06	-4.9927228e-06	0.0057274467
-0.044	0.956	0	0	0	1	0	0	0	0.99990091	0.95590527	-4.9774485e-06	-2.4893182e-09	1.8319352e-07	-3.8794281e-08	-3.1598728e-07	-3.9648992e-08	1.1559047e-07	-5.3223629e-08	-1.7757384e-09	1.7650705e-06	1.9601826e-07	-4.9774546e-06	-5.0062134e-06	0.0057446281
-0.046	0.954	0	0	0	1	0	0	0	0.99989403	0.95389891	-4.9901817e-06	-2.3426711e-09	1.8458709e-07	-3.8940126e-08	-3.1660311e-07	-4.0012328e-08	1.1628364e-07	-5.370081e-08	-1.6490976e-09	1.769478e-06	2.0604386e-07	-4.9901874e-06	-5.0190936e-06	0.0057592564
-0.048	0.952	0	0	0	1	0	0	0	0.99988718	0.9518926	-5.0023904e-06	-2.2038141e-09	1.8588387e-07	-3.9073469e-08	-3.1713491e-07	-4.0362365e-08	1.1692215e-07	-5.4158801e-08	-1.5231995e-09	1.7736828e-06	2.1609464e-07	-5.0023956e-06	-5.0314355e-06	0.0057716893
-0.05	0.95	0	0	0	1	0	0	0	0.99988035	0.94988633	-5.0141336e-06	-2.0713608e-09	1.8709379e-07	-3.9195388e-08	-3.1758978e-07	-4.0700393e-08	1.1751194e-07	-5.4599563e-08	-1.3983468e-09	1.7777072e-06	2.261696e-07	-5.0141383e-06	-5.0432998e-06	0.0057822267
-0.052	0.948	0	0	0	1	0	0	0	0.99987352	0.9478801	-5.0254616e-06	-1.9440726e-09	1.8822561e-07	-3.9306789e-08	-3.1797375e-07	-4.1027523e-08	1.180583e-07	-5.502479e-08	-1.2747984e-09	1.78157e-06	2.3626784e-07	-5.0254659e-06	-5.0547385e-06	0.0057911227
-0.054	0.946	0	0	0	1	0	0	0	0.9998667	0.94587389	-5.0364176e-06	-1.8208404e-09	1.8928715e-07	-3.9408442e-08	-3.1829199e-07	-4.1344713e-08	1.1856596e-07	-5.5435959e-08	-1.1527766e-09	1.7852875e-06	2.4638855e-07	-5.0364215e-06	-5.065796e-06	0.0057985941
-0.056	0.944	0	0	0	1	0	0	0	0.99985986	0.94386771	-5.0470389e-06	-1.7006684e-09	1.9028538e-07	-3.9500999e-08	-3.1854892e-07	-4.1652799e-08	1.1903915e-07	-5.5834367e-08	-1.0324742e-09	1.7888734e-06	2.5653102e-07	-5.0470424e-06	-5.0765107e-06	0.0058048273
-0.058	0.942	0	0	0	1	0	0	0	0.999853	0.94186153	-5.0573577e-06	-1.5826597e-09	1.9122656e-07	-3.9585016e-08	-3.1874837e-07	-4.1952508e-08	1.1948174e-07	-5.6221152e-08	-9.1405955e-10	1.79234e-06	2.666946e-07	-5.0573608e-06	-5.0869157e-06	0.0058099832
-0.06	0.94	0	0	0	1	0	0	0	0.99984612	0.93985536	-5.0674023e-06	-1.4660046e-09	1.9211636e-07	-3.9660966e-08	-3.1889364e-07	-4.224448e-08	1.1989721e-07	-5.6597324e-08	-7.9768052e-10	1.7956979e-06	2.7687868e-07	-5.067405e-06	-5.0970402e-06	0.0058142018
-0.062	0.938	0	0	0	1	0	0	0	0.99983921	0.93784918	-5.0771973e-06	-1.3499693e-09	1.9295987e-07	-3.9729256e-08	-3.1898759e-07	-4.2529279e-08	1.2028875e-07	-5.696378e-08	-6.8346835e-10	1.7989561e-06	2.8708276e-07	-5.0771997e-06	-5.1069096e-06	0.0058176055
-0.064	0.936	0	0	0	1	0	0	0	0.99983226	0.93584299	-5.0867645e-06	-1.2338868e-09	1.9376177e-07	-3.979023e-08	-3.1903269e-07	-4.2807403e-08	1.2065928e-07	-5.732132e-08	-5.715404e-10	1.8021229e-06	2.9730632e-07	-5.0867665e-06	-5.1165464e-06	0.0058203015
-0.066	0.934	0	0	0	1	0	0	0	0.99982526	0.93383679	-5.0961233e-06	-1.1171487e-09	1.9452628e-07	-3.9844183e-08	-3.1903111e-07	-4.3079293e-08	1.2101152e-07	-5.7670663e-08	-4.6200266e-10	1.8052055e-06	3.0754894e-07	-5.0961249e-06	-5.1259703e-06	0.0058223846
-0.068	0.932	0	0	0	1	0	0	0	0.9998182	0.93183056	-5.1052906e-06	-9.9919794e-10	1.952573e-07	-3.9891366e-08	-3.189847e-07	-4.3345344e-08	1.2134795e-07	-5.8012454e-08	-3.5495172e-10	1.8082101e-06	3.178102e-07	-5.1052919e-06	-5.135199e-06	0.0058239383
-0.07	0.93	0	0	0	1	0	0	0	0.99981109	0.92982431	-5.1142818e-06	-8.7952273e-10	1.9595842e-07	-3.9931992e-08	-3.188951e-07	-4.3605904e-08	1.216709e-07	-5.8347277e-08	-2.5047655e-10	1.8111424e-06	3.2808974e-07	-5.1142827e-06	-5.1442481e-06	0.0058250372
-0.072	0.928	0	0	0	1	0	0	0	0.99980391	0.92781803	-5.1231104e-06	-7.576508e-10	1.9663292e-07	-3.9966237e-08	-3.1876369e-07	-4.3861287e-08	1.2198253e-07	-5.8675659e-08	-1.4865995e-10	1.8140076e-06	3.383872e-07	-5.1231109e-06	-5.1531318e-06	0.0058257476
-0.074	0.926	0	0	0	1	0	0	0	0.99979665	0.9258117	-5.1317887e-06	-6.331447e-10	1.9728386e-07	-3.9994252e-08	-3.185917e-07	-4.4111772e-08	1.2228487e-07	-5.899808e-08	-4.9579798e-11	1.81681e-06	3.4870226e-07	-5.1317888e-06	-5.1618625e-06	0.0058261288
-0.076	0.924	0	0	0	1	0	0	0	0.99978932	0.92380533	-5.1403276e-06	-5.0559746e-10	1.9791407e-07	-4.0016158e-08	-3.1838015e-07	-4.4357611e-08	1.2257983e-07	-5.9314977e-08	4.6689856e-11	1.8195537e-06	3.5903465e-07	-5.1403275e-06	-5.1704517e-06	0.0058262342
-0.078	0.922	0	0	0	1	0	0	0	0.99978189	0.92179891	-5.1487372e-06	-3.7462882e-10	1.9852621e-07	-4.0032054e-08	-3.1812994e-07	-4.4599028e-08	1.2286923e-07	-5.9626752e-08	1.4007786e-10	1.8222424e-06	3.6938407e-07	-5.1487367e-06	-5.1789096e-06	0.0058261117
-0.08	0.92	0	0	0	1	0	0	0	0.99977438	0.91979243	-5.1570263e-06	-2.398819e-10	1.9912274e-07	-4.0042017e-08	-3.1784179e-07	-4.4836224e-08	1.2315476e-07	-5.9933771e-08	2.3051513e-10	1.8248792e-06	3.7975029e-07	-5.1570255e-06	-5.1872453e-06	0.0058258048
-0.082	0.918	0	0	0	1	0	0	0	0.99976677	0.91778589	-5.1652032e-06	-1.010202e-10	1.9970599e-07	-4.0046106e-08	-3.1751635e-07	-4.5069381e-08	1.2343806e-07	-6.0236371e-08	3.1793397e-10	1.8274672e-06	3.9013305e-07	-5.165202e-06	-5.1954674e-06	0.0058253527
-0.084	0.916	0	0	0	1	0	0	0	0.99975905	0.91577929	-5.1732751e-06	4.2275001e-11	2.0027813e-07	-4.0044361e-08	-3.171541e-07	-4.5298658e-08	1.2372069e-07	-6.0534862e-08	4.0226736e-10	1.830009e-06	4.0053215e-07	-5.1732735e-06	-5.2035833e-06	0.0058247914
-0.086	0.914	0	0	0	1	0	0	0	0.99975121	0.91377261	-5.1812489e-06	1.9030706e-10	2.0084124e-07	-4.0036809e-08	-3.1675546e-07	-4.5524202e-08	1.2400415e-07	-6.0829533e-08	4.8344847e-10	1.832507e-06	4.1094739e-07	-5.1812469e-06	-5.2116001e-06	0.0058241535
-0.088	0.912	0	0	0	1	0	0	0	0.99974326	0.91176585	-5.1891305e-06	3.4336602e-10	2.0139726e-07	-4.0023459e-08	-3.1632073e-07	-4.5746141e-08	1.2428986e-07	-6.1120649e-08	5.6141009e-10	1.8349633e-06	4.2137856e-07	-5.1891283e-06	-5.219524e-06	0.005823469
-0.09	0.91	0	0	0	1	0	0	0	0.99973518	0.90975901	-5.1969258e-06	5.0173054e-10	2.0194805e-07	-4.0004309e-08	-3.1585013e-07	-4.596459e-08	1.2457923e-07	-6.1408458e-08	6.3608418e-10	1.8373799e-06	4.3182548e-07	-5.1969232e-06	-5.2273609e-06	0.0058227655
-0.092	0.908	0	0	0	1	0	0	0	0.99972696	0.90775208	-5.2046396e-06	6.6566954e-10	2.0249539e-07	-3.9979343e-08	-3.153438e-07	-4.617965e-08	1.2487361e-07	-6.1693191e-08	7.0740146e-10	1.8397587e-06	4.42288e-07	-5.2046367e-06	-5.2351159e-06	0.0058220684
-0.094	0.906	0	0	0	1	0	0	0	0.9997186	0.90574505	-5.2122769e-06	8.3544376e-10	2.0304098e-07	-3.9948536e-08	-3.148018e-07	-4.6391411e-08	1.251743e-07	-6.1975062e-08	7.7529097e-10	1.8421011e-06	4.5276595e-07	-5.2122736e-06	-5.242794e-06	0.0058214013
-0.096	0.904	0	0	0	1	0	0	0	0.99971009	0.90373792	-5.2198417e-06	1.0113071e-09	2.0358644e-07	-3.991185e-08	-3.1422413e-07	-4.6599951e-08	1.2548261e-07	-6.2254272e-08	8.3967974e-10	1.8444087e-06	4.6325917e-07	-5.2198381e-06	-5.2503995e-06	0.005820786
-0.098	0.902	0	0	0	1	0	0	0	0.99970142	0.90173068	-5.2273381e-06	1.193508e-09	2.0413335e-07	-3.9869237e-08	-3.1361071e-07	-4.6805337e-08	1.2579979e-07	-6.2531011e-08	9.0049242e-10	1.8466828e-06	4.7376754e-07	-5.2273341e-06	-5.2579366e-06	0.0058202432
-0.1	0.9	0	0	0	1	0	0	0	0.99969258	0.89972332	-5.2347696e-06	1.3822901e-09	2.0468324e-07	-3.982064e-08	-3.1296139e-07	-4.7007627e-08	1.2612708e-07	-6.2805456e-08	9.5765093e-10	1.8489245e-06	4.8429092e-07	-5.2347653e-06	-5.2654089e-06	0.0058197921
-0.102	0.898	0	0	0	1	0	0	0	0.99968357	0.89771584	-5.2421396e-06	1.577894e-09	2.0523758e-07	-3.9765993e-08	-3.1227599e-07	-4.720687e-08	1.2646573e-07	-6.3077775e-08	1.0110742e-09	1.8511348e-06	4.9482918e-07	-5.242135e-06	-5.2728199e-06	0.0058194507
-0.104	0.896	0	0	0	1	0	0	0	0.99967437	0.89570823	-5.2494511e-06	1.7805575e-09	2.0579781e-07	-3.9705221e-08	-3.1155425e-07	-4.7403106e-08	1.2681695e-07	-6.3348125e-08	1.0606776e-09	1.8533149e-06	5.053822e-07	-5.2494462e-06	-5.2801728e-06	0.0058192363
-0.106	0.894	0	0	0	1	0	0	0	0.99966498	0.89370049	-5.2567069e-06	1.9905165e-09	2.0636534e-07	-3.9638242e-08	-3.1079585e-07	-4.7596366e-08	1.2718195e-07	-6.3616657e-08	1.1063732e-09	1.8554655e-06	5.1594987e-07	-5.2567016e-06	-5.2874703e-06	0.0058191652
-0.108	0.892	0	0	0	1	0	0	0	0.99965538	0.8916926	-5.2639095e-06	2.2080064e-09	2.0694156e-07	-3.9564965e-08	-3.1000044e-07	-4.7786672e-08	1.2756196e-07	-6.3883515e-08	1.1480687e-09	1.8575873e-06	5.2653208e-07	-5.2639039e-06	-5.2947152e-06	0.005819253
-0.11	0.89	0	0	0	1	0	0	0	0.99964556	0.88968455	-5.2710612e-06	2.4332618e-09	2.0752782e-07	-3.9485292e-08	-3.0916761e-07	-4.7974042e-08	1.279582e-07	-6.4148832e-08	1.1856678e-09	1.8596811e-06	5.3712873e-07	-5.2710554e-06	-5.3019099e-06	0.0058195147
-0.112	0.888	0	0	0	1	0	0	0	0.99963552	0.88767634	-5.2781643e-06	2.6665178e-09	2.0812548e-07	-3.9399118e-08	-3.0829689e-07	-4.8158484e-08	1.2837188e-07	-6.4412741e-08	1.2190694e-09	1.8617474e-06	5.4773972e-07	-5.2781581e-06	-5.3090566e-06	0.0058199647
-0.114	0.886	0	0	0	1	0	0	0	0.99962524	0.88566797	-5.2852205e-06	2.9080103e-09	2.0873587e-07	-3.9306332e-08	-3.0738778e-07	-4.8339998e-08	1.2880426e-07	-6.4675365e-08	1.2481675e-09	1.8637867e-06	5.5836496e-07	-5.285214e-06	-5.3161573e-06	0.0058206172
-0.116	0.884	0	0	0	1	0	0	0	0.99961471	0.88365941	-5.2922317e-06	3.1579765e-09	2.0936032e-07	-3.9206815e-08	-3.0643973e-07	-4.851858e-08	1.2925657e-07	-6.4936825e-08	1.272851e-09	1.8657995e-06	5.6900435e-07	-5.2922249e-06	-5.323214e-06	0.0058214857
-0.118	0.882	0	0	0	1	0	0	0	0.99960392	0.88165066	-5.2991995e-06	3.4166551e-09	2.1000016e-07	-3.9100444e-08	-3.0545215e-07	-4.8694217e-08	1.2973009e-07	-6.5197236e-08	1.2930032e-09	1.8677862e-06	5.7965781e-07	-5.2991924e-06	-5.3302281e-06	0.0058225838
-0.12	0.88	0	0	0	1	0	0	0	0.99959285	0.87964171	-5.3061253e-06	3.684287e-09	2.1065671e-07	-3.8987089e-08	-3.0442441e-07	-4.886689e-08	1.3022611e-07	-6.5456712e-08	1.3085013e-09	1.8697471e-06	5.9032526e-07	-5.306118e-06	-5.3372014e-06	0.0058239244
-0.122	0.878	0	0	0	1	0	0	0	0.9995815	0.87763255	-5.3130104e-06	3.9611154e-09	2.1133132e-07	-3.8866615e-08	-3.0335584e-07	-4.9036574e-08	1.3074595e-07	-6.5715362e-08	1.3192165e-09	1.8716823e-06	6.0100662e-07	-5.3130028e-06	-5.3441352e-06	0.0058255208
-0.124	0.876	0	0	0	1	0	0	0	0.99956983	0.87562318	-5.3198559e-06	4.247386e-09	2.1202533e-07	-3.8738883e-08	-3.0224572e-07	-4.9203238e-08	1.3129097e-07	-6.5973293e-08	1.3250132e-09	1.8735922e-06	6.117018e-07	-5.319848e-06	-5.3510306e-06	0.0058273857
-0.126	0.874	0	0	0	1	0	0	0	0.99955785	0.87361356	-5.3266628e-06	4.5433471e-09	2.127401e-07	-3.8603749e-08	-3.0109332e-07	-4.9366844e-08	1.3186253e-07	-6.6230611e-08	1.3257491e-09	1.8754768e-06	6.2241074e-07	-5.3266547e-06	-5.3578887e-06	0.005829532
-0.128	0.872	0	0	0	1	0	0	0	0.99954553	0.8716037	-5.333432e-06	4.8492498e-09	2.1347701e-07	-3.8461064e-08	-2.9989787e-07	-4.9527349e-08	1.3246206e-07	-6.6487418e-08	1.3212742e-09	1.8773362e-06	6.3313336e-07	-5.3334237e-06	-5.3647106e-06	0.0058319726
-0.13	0.87	0	0	0	1	0	0	0	0.99953286	0.86959359	-5.3401642e-06	5.1653481e-09	2.1423747e-07	-3.8310678e-08	-2.9865855e-07	-4.9684703e-08	1.3309102e-07	-6.674382e-08	1.3114311e-09	1.8791704e-06	6.4386958e-07	-5.3401558e-06	-5.371497e-06	0.0058347203
-0.132	0.868	0	0	0	1	0	0	0	0.99951981	0.8675832	-5.34686e-06	5.4918984e-09	2.1502291e-07	-3.8152435e-08	-2.9737453e-07	-4.9838851e-08	1.3375091e-07	-6.6999918e-08	1.2960541e-09	1.8809795e-06	6.5461935e-07	-5.3468515e-06	-5.3782485e-06	0.0058377881
-0.134	0.866	0	0	0	1	0	0	0	0.99950638	0.86557252	-5.35352e-06	5.82916e-09	2.1583478e-07	-3.798618e-08	-2.9604497e-07	-4.9989733e-08	1.344433e-07	-6.7255817e-08	1.2749691e-09	1.8827633e-06	6.6538258e-07	-5.3535113e-06	-5.3849659e-06	0.0058411891
-0.136	0.864	0	0	0	1	0	0	0	0.99949253	0.86356154	-5.3601443e-06	6.1773941e-09	2.1667457e-07	-3.7811754e-08	-2.9466898e-07	-5.0137283e-08	1.3516978e-07	-6.751162e-08	1.2479928e-09	1.8845218e-06	6.7615921e-07	-5.3601356e-06	-5.3916494e-06	0.0058449364
-0.138	0.862	0	0	0	1	0	0	0	0.99947824	0.86155025	-5.3667334e-06	6.536864e-09	2.1754382e-07	-3.7629e-08	-2.9324567e-07	-5.0281428e-08	1.3593203e-07	-6.7767433e-08	1.2149327e-09	1.8862547e-06	6.8694918e-07	-5.3667246e-06	-5.3982995e-06	0.0058490433
-0.14	0.86	0	0	0	1	0	0	0	0.9994635	0.85953861	-5.3732872e-06	6.9078345e-09	2.184441e-07	-3.743776e-08	-2.9177413e-07	-5.0422094e-08	1.3673178e-07	-6.8023366e-08	1.1755865e-09	1.8879619e-06	6.9775241e-07	-5.3732784e-06	-5.4049162e-06	0.0058535235
-0.142	0.858	0	0	0	1	0	0	0	0.99944828	0.85752663	-5.3798058e-06	7.290571e-09	2.1937702e-07	-3.7237876e-08	-2.9025347e-07	-5.0559198e-08	1.3757081e-07	-6.8279529e-08	1.1297416e-09	1.8896432e-06	7.0856884e-07	-5.3797971e-06	-5.4114997e-06	0.0058583907
-0.144	0.856	0	0	0	1	0	0	0	0.99943256	0.85551427	-5.386289e-06	7.6853389e-09	2.2034424e-07	-3.7029196e-08	-2.8868277e-07	-5.0692656e-08	1.38451e-07	-6.8536038e-08	1.0771746e-09	1.8912982e-06	7.1939841e-07	-5.3862804e-06	-5.41805e-06	0.0058636589
-0.146	0.854	0	0	0	1	0	0	0	0.9994163	0.85350152	-5.3927366e-06	8.092403e-09	2.213475e-07	-3.681157e-08	-2.8706112e-07	-5.0822378e-08	1.3937429e-07	-6.8793014e-08	1.0176511e-09	1.8929267e-06	7.3024104e-07	-5.3927282e-06	-5.4245668e-06	0.0058693423
-0.148	0.852	0	0	0	1	0	0	0	0.99939948	0.85148835	-5.3991481e-06	8.5120259e-09	2.2238855e-07	-3.6584855e-08	-2.8538765e-07	-5.0948271e-08	1.4034269e-07	-6.9050582e-08	9.5092514e-10	1.8945283e-06	7.4109667e-07	-5.39914e-06	-5.4310499e-06	0.0058754552
-0.15	0.85	0	0	0	1	0	0	0	0.99938206	0.84947475	-5.405523e-06	8.9444667e-09	2.2346923e-07	-3.6348913e-08	-2.8366149e-07	-5.107024e-08	1.4135832e-07	-6.9308875e-08	8.7673855e-10	1.8961026e-06	7.5196524e-07	-5.4055153e-06	-5.4374987e-06	0.0058820125
-0.152	0.848	0	0	0	1	0	0	0	0.99936402	0.84746069	-5.4118607e-06	9.3899798e-09	2.2459143e-07	-3.6103618e-08	-2.8188182e-07	-5.1188186e-08	1.4242336e-07	-6.9568036e-08	7.948209e-10	1.8976492e-06	7.6284667e-07	-5.4118534e-06	-5.4439128e-06	0.0058890289
-0.154	0.846	0	0	0	1	0	0	0	0.99934532	0.84544614	-5.4181604e-06	9.8488131e-09	2.2575711e-07	-3.5848855e-08	-2.8004785e-07	-5.1302011e-08	1.4354011e-07	-6.9828213e-08	7.0488893e-10	1.8991678e-06	7.7374089e-07	-5.4181537e-06	-5.4502914e-06	0.0058965196
-0.156	0.844	0	0	0	1	0	0	0	0.99932593	0.84343108	-5.424421e-06	1.0321205e-08	2.269683e-07	-3.5584524e-08	-2.7815888e-07	-5.1411614e-08	1.4471094e-07	-7.008957e-08	6.0664624e-10	1.9006577e-06	7.8464783e-07	-5.424415e-06	-5.4566337e-06	0.0059044998
-0.158	0.842	0	0	0	1	0	0	0	0.9993058	0.84141548	-5.4306416e-06	1.0807385e-08	2.282271e-07	-3.531054e-08	-2.7621425e-07	-5.1516897e-08	1.4593835e-07	-7.0352279e-08	4.9978298e-10	1.9021187e-06	7.9556743e-07	-5.4306364e-06	-5.4629387e-06	0.005912985
-0.16	0.84	0	0	0	1	0	0	0	0.9992849	0.83939931	-5.4368208e-06	1.1307565e-08	2.2953568e-07	-3.5026841e-08	-2.7421343e-07	-5.1617762e-08	1.4722492e-07	-7.0616529e-08	3.8397563e-10	1.9035501e-06	8.0649959e-07	-5.4368167e-06	-5.4692053e-06	0.0059219905
-0.162	0.838	0	0	0	1	0	0	0	0.99926318	0.83738254	-5.4429572e-06	1.1821943e-08	2.3089628e-07	-3.4733386e-08	-2.7215598e-07	-5.1714116e-08	1.4857336e-07	-7.0882524e-08	2.5888684e-10	1.9049514e-06	8.1744425e-07	-5.4429544e-06	-5.4754321e-06	0.005931532
-0.164	0.836	0	0	0	1	0	0	0	0.99924059	0.83536513	-5.4490494e-06	1.2350695e-08	2.3231123e-07	-3.4430165e-08	-2.700416e-07	-5.1805871e-08	1.4998649e-07	-7.1150486e-08	1.2416537e-10	1.9063223e-06	8.2840132e-07	-5.449048e-06	-5.4816177e-06	0.0059416247
-0.166	0.834	0	0	0	1	0	0	0	0.99921709	0.83334706	-5.4550955e-06	1.2893974e-08	2.3378293e-07	-3.4117197e-08	-2.6787016e-07	-5.1892947e-08	1.5146721e-07	-7.1420659e-08	-2.0553895e-11	1.9076621e-06	8.3937072e-07	-5.4550957e-06	-5.4877604e-06	0.0059522841
-0.168	0.832	0	0	0	1	0	0	0	0.99919263	0.83132827	-5.4610936e-06	1.3451903e-08	2.3531384e-07	-3.3794539e-08	-2.6564169e-07	-5.1975273e-08	1.530186e-07	-7.1693309e-08	-1.7564969e-10	1.9089703e-06	8.5035236e-07	-5.4610958e-06	-5.4938585e-06	0.0059635252
-0.17	0.83	0	0	0	1	0	0	0	0.99916715	0.82930873	-5.4670416e-06	1.4024572e-08	2.3690652e-07	-3.346229e-08	-2.6335647e-07	-5.2052792e-08	1.5464379e-07	-7.1968729e-08	-3.4151405e-10	1.9102465e-06	8.6134615e-07	-5.4670461e-06	-5.49991e-06	0.0059753625
-0.172	0.828	0	0	0	1	0	0	0	0.99914059	0.82728841	-5.4729373e-06	1.4612031e-08	2.3856359e-07	-3.3120597e-08	-2.61015e-07	-5.2125462e-08	1.5634608e-07	-7.224724e-08	-5.1855174e-10	1.9114903e-06	8.72352e-07	-5.4729443e-06	-5.5059127e-06	0.0059878102
-0.174	0.826	0	0	0	1	0	0	0	0.9991129	0.82526726	-5.4787781e-06	1.5214285e-08	2.4028774e-07	-3.276966e-08	-2.5861808e-07	-5.2193261e-08	1.5812885e-07	-7.2529196e-08	-7.0717949e-10	1.9127011e-06	8.833698e-07	-5.4787881e-06	-5.5118642e-06	0.0060008816
-0.176	0.824	0	0	0	1	0	0	0	0.99908401	0.82324522	-5.4845614e-06	1.5831287e-08	2.4208172e-07	-3.2409739e-08	-2.5616683e-07	-5.225619e-08	1.5999563e-07	-7.2814987e-08	-9.0782488e-10	1.9138787e-06	8.9439946e-07	-5.4845748e-06	-5.5177619e-06	0.006014589
-0.178	0.822	0	0	0	1	0	0	0	0.99905385	0.82122227	-5.4902843e-06	1.6462933e-08	2.4394835e-07	-3.2041162e-08	-2.5366272e-07	-5.2314277e-08	1.6195001e-07	-7.3105042e-08	-1.1209251e-09	1.9150226e-06	9.0544085e-07	-5.4903015e-06	-5.523603e-06	0.0060289437
-0.18	0.82	0	0	0	1	0	0	0	0.99902236	0.81919833	-5.4959436e-06	1.7109051e-08	2.4589048e-07	-3.1664332e-08	-2.5110766e-07	-5.2367586e-08	1.6399572e-07	-7.3399836e-08	-1.3469249e-09	1.9161327e-06	9.1649387e-07	-5.4959653e-06	-5.5293846e-06	0.0060439556
-0.182	0.818	0	0	0	1	0	0	0	0.99898945	0.81717337	-5.5015361e-06	1.7769393e-08	2.47911e-07	-3.1279735e-08	-2.4850399e-07	-5.2416215e-08	1.6613657e-07	-7.3699888e-08	-1.5862752e-09	1.9172088e-06	9.2755839e-07	-5.5015628e-06	-5.5351035e-06	0.0060596326
-0.184	0.816	0	0	0	1	0	0	0	0.99895506	0.81514733	-5.5070583e-06	1.8443631e-08	2.5001284e-07	-3.0887947e-08	-2.4585455e-07	-5.2460309e-08	1.6837644e-07	-7.4005772e-08	-1.8394297e-09	1.9182508e-06	9.3863428e-07	-5.5070906e-06	-5.5407562e-06	0.0060759808
-0.186	0.814	0	0	0	1	0	0	0	0.99891909	0.81312014	-5.5125063e-06	1.9131341e-08	2.5219892e-07	-3.0489643e-08	-2.4316275e-07	-5.2500062e-08	1.707193e-07	-7.4318118e-08	-2.1068424e-09	1.9192586e-06	9.4972141e-07	-5.5125451e-06	-5.546339e-06	0.006093004
-0.188	0.812	0	0	0	1	0	0	0	0.99888148	0.81109176	-5.5178764e-06	1.9831999e-08	2.5447214e-07	-3.0085606e-08	-2.404326e-07	-5.2535726e-08	1.7316915e-07	-7.4637616e-08	-2.3889642e-09	1.9202326e-06	9.6081964e-07	-5.5179223e-06	-5.551848e-06	0.0061107032
-0.19	0.81	0	0	0	1	0	0	0	0.99884213	0.80906212	-5.5231642e-06	2.0544969e-08	2.5683539e-07	-2.9676733e-08	-2.3766875e-07	-5.2567617e-08	1.7573001e-07	-7.496502e-08	-2.6862385e-09	1.9211731e-06	9.7192881e-07	-5.5232183e-06	-5.5572793e-06	0.0061290761
-0.192	0.808	0	0	0	1	0	0	0	0.99880095	0.80703117	-5.5283656e-06	2.1269497e-08	2.5929148e-07	-2.9264046e-08	-2.3487657e-07	-5.2596119e-08	1.7840592e-07	-7.5301154e-08	-2.9990967e-09	1.9220804e-06	9.8304876e-07	-5.5284288e-06	-5.5626285e-06	0.0061481173
-0.194	0.806	0	0	0	1	0	0	0	0.99875785	0.80499883	-5.5334759e-06	2.2004696e-08	2.6184314e-07	-2.8848695e-08	-2.3206216e-07	-5.26217e-08	1.8120087e-07	-7.5646913e-08	-3.3279533e-09	1.9229553e-06	9.9417932e-07	-5.5335493e-06	-5.567891e-06	0.0061678173
-0.196	0.804	0	0	0	1	0	0	0	0.99871274	0.80296504	-5.5384906e-06	2.2749543e-08	2.6449297e-07	-2.843197e-08	-2.2923242e-07	-5.2644908e-08	1.841188e-07	-7.6003268e-08	-3.6731999e-09	1.9237987e-06	1.0053203e-06	-5.5385754e-06	-5.5730624e-06	0.0061881623
-0.198	0.802	0	0	0	1	0	0	0	0.99866552	0.80092975	-5.5434047e-06	2.3502868e-08	2.6724341e-07	-2.8015298e-08	-2.2639505e-07	-5.2666385e-08	1.8716355e-07	-7.6371264e-08	-4.0351994e-09	1.9246117e-06	1.0164716e-06	-5.5435022e-06	-5.5781376e-06	0.0062091342
-0.2	0.8	0	0	0	1	0	0	0	0.9986161	0.79889288	-5.5482134e-06	2.4263353e-08	2.7009673e-07	-2.7600253e-08	-2.2355861e-07	-5.2686873e-08	1.9033881e-07	-7.6752024e-08	-4.4142788e-09	1.9253954e-06	1.0276329e-06	-5.548325e-06	-5.5831118e-06	0.0062307097
-0.202	0.798	0	0	0	1	0	0	0	0.99856439	0.79685438	-5.5529117e-06	2.5029519e-08	2.7305494e-07	-2.7188555e-08	-2.2073247e-07	-5.2707213e-08	1.9364809e-07	-7.7146748e-08	-4.8107227e-09	1.9261516e-06	1.038804e-06	-5.553039e-06	-5.5879798e-06	0.0062528605
-0.204	0.796	0	0	0	1	0	0	0	0.99851027	0.79481418	-5.5574945e-06	2.5799733e-08	2.7611977e-07	-2.6782067e-08	-2.1792686e-07	-5.2728357e-08	1.9709467e-07	-7.7556709e-08	-5.2247658e-09	1.926882e-06	1.0499848e-06	-5.5576391e-06	-5.5927366e-06	0.0062755528
-0.206	0.794	0	0	0	1	0	0	0	0.99845368	0.79277222	-5.5619568e-06	2.6572202e-08	2.7929266e-07	-2.6382793e-08	-2.1515284e-07	-5.2751361e-08	2.0068153e-07	-7.7983248e-08	-5.6565858e-09	1.9275887e-06	1.061175e-06	-5.5621205e-06	-5.597377e-06	0.0062987476
-0.208	0.792	0	0	0	1	0	0	0	0.9983945	0.79072844	-5.5662936e-06	2.7344978e-08	2.8257467e-07	-2.599287e-08	-2.1242221e-07	-5.2777394e-08	2.0441133e-07	-7.8427771e-08	-6.1062958e-09	1.928274e-06	1.0723743e-06	-5.5664784e-06	-5.6018958e-06	0.0063224003
-0.21	0.79	0	0	0	1	0	0	0	0.99833265	0.78868279	-5.5705e-06	2.8115967e-08	2.8596644e-07	-2.5614555e-08	-2.097475e-07	-5.280773e-08	2.0828633e-07	-7.8891736e-08	-6.573938e-09	1.9289405e-06	1.0835825e-06	-5.5707079e-06	-5.6062879e-06	0.0063464609
-0.212	0.788	0	0	0	1	0	0	0	0.99826806	0.78663523	-5.5745714e-06	2.8882936e-08	2.8946819e-07	-2.5250218e-08	-2.0714184e-07	-5.2843742e-08	2.1230837e-07	-7.9376644e-08	-7.0594769e-09	1.9295909e-06	1.0947994e-06	-5.5748044e-06	-5.6105484e-06	0.0063708744
-0.214	0.786	0	0	0	1	0	0	0	0.99820063	0.7845857	-5.578503e-06	2.964353e-08	2.9307967e-07	-2.4902313e-08	-2.0461888e-07	-5.2886898e-08	2.164788e-07	-7.9884025e-08	-7.5627943e-09	1.9302282e-06	1.1060247e-06	-5.5787635e-06	-5.6146726e-06	0.0063955814
-0.216	0.784	0	0	0	1	0	0	0	0.99813032	0.78253417	-5.5822909e-06	3.0395286e-08	2.9680012e-07	-2.4573367e-08	-2.0219264e-07	-5.293875e-08	2.2079845e-07	-8.0415422e-08	-8.0836845e-09	1.9308557e-06	1.1172581e-06	-5.5825811e-06	-5.6186557e-06	0.0064205181
-0.218	0.782	0	0	0	1	0	0	0	0.99805704	0.7804806	-5.5859309e-06	3.113566e-08	3.0062823e-07	-2.4265949e-08	-1.9987735e-07	-5.3000913e-08	2.2526758e-07	-8.0972369e-08	-8.6218517e-09	1.9314767e-06	1.1284994e-06	-5.5862533e-06	-5.6224938e-06	0.0064456175
-0.22	0.78	0	0	0	1	0	0	0	0.99798074	0.77842498	-5.5894197e-06	3.1862048e-08	3.045622e-07	-2.3982644e-08	-1.976873e-07	-5.3075056e-08	2.2988589e-07	-8.1556378e-08	-9.1769086e-09	1.9320946e-06	1.1397481e-06	-5.5897768e-06	-5.6261827e-06	0.0064708099
-0.222	0.778	0	0	0	1	0	0	0	0.99790139	0.77636728	-5.5927541e-06	3.2571817e-08	3.0859966e-07	-2.3726022e-08	-1.9563663e-07	-5.3162879e-08	2.3465246e-07	-8.2168911e-08	-9.7483761e-09	1.932713e-06	1.1510041e-06	-5.5931484e-06	-5.6297192e-06	0.0064960238
-0.224	0.776	0	0	0	1	0	0	0	0.99781895	0.77430751	-5.5959316e-06	3.3262333e-08	3.1273771e-07	-2.3498612e-08	-1.9373915e-07	-5.3266088e-08	2.3956577e-07	-8.2811359e-08	-1.0335686e-08	1.9333355e-06	1.162267e-06	-5.5963656e-06	-5.6331001e-06	0.0065211871
-0.226	0.774	0	0	0	1	0	0	0	0.9977334	0.77224565	-5.59895e-06	3.3930991e-08	3.1697294e-07	-2.3302865e-08	-1.9200814e-07	-5.3386376e-08	2.4462371e-07	-8.3485022e-08	-1.0938186e-08	1.9339655e-06	1.1735365e-06	-5.5994265e-06	-5.6363231e-06	0.0065462278
-0.228	0.772	0	0	0	1	0	0	0	0.99764473	0.77018173	-5.601808e-06	3.4575252e-08	3.2130146e-07	-2.3141123e-08	-1.9045616e-07	-5.3525396e-08	2.4982357e-07	-8.4191085e-08	-1.1555142e-08	1.9346064e-06	1.1848123e-06	-5.6023293e-06	-5.6393861e-06	0.0065710753
-0.23	0.77	0	0	0	1	0	0	0	0.99755293	0.76811576	-5.6045044e-06	3.5192671e-08	3.2571892e-07	-2.3015595e-08	-1.8909484e-07	-5.3684737e-08	2.5516209e-07	-8.49306e-08	-1.218575e-08	1.9352617e-06	1.196094e-06	-5.6050732e-06	-5.6422878e-06	0.006595661
-0.232	0.768	0	0	0	1	0	0	0	0.99745803	0.76604777	-5.607039e-06	3.5780927e-08	3.3022059e-07	-2.2928324e-08	-1.8793475e-07	-5.3865899e-08	2.606355e-07	-8.5704463e-08	-1.2829143e-08	1.9359343e-06	1.2073814e-06	-5.6076577e-06	-5.6450273e-06	0.0066199194
-0.234	0.766	0	0	0	1	0	0	0	0.99736005	0.7639778	-5.6094121e-06	3.6337851e-08	3.3480137e-07	-2.2881166e-08	-1.8698523e-07	-5.4070271e-08	2.6623956e-07	-8.6513404e-08	-1.34844e-08	1.9366272e-06	1.2186741e-06	-5.6100829e-06	-5.6476044e-06	0.006643789
-0.236	0.764	0	0	0	1	0	0	0	0.99725902	0.76190589	-5.6116242e-06	3.6861449e-08	3.3945589e-07	-2.2875774e-08	-1.8625429e-07	-5.4299111e-08	2.7196962e-07	-8.7357973e-08	-1.415056e-08	1.937343e-06	1.2299719e-06	-5.6123496e-06	-5.6500195e-06	0.0066672125
-0.238	0.762	0	0	0	1	0	0	0	0.99715499	0.7598321	-5.6136768e-06	3.7349922e-08	3.4417854e-07	-2.2913575e-08	-1.8574849e-07	-5.4553532e-08	2.7782069e-07	-8.823853e-08	-1.482663e-08	1.938084e-06	1.2412742e-06	-5.614459e-06	-5.6522734e-06	0.0066901377
-0.24	0.76	0	0	0	1	0	0	0	0.99704802	0.7577565	-5.6155718e-06	3.7801684e-08	3.4896357e-07	-2.2995768e-08	-1.8547291e-07	-5.4834482e-08	2.8378748e-07	-8.9155243e-08	-1.5511601e-08	1.9388521e-06	1.2525809e-06	-5.6164126e-06	-5.6543676e-06	0.0067125178
-0.242	0.758	0	0	0	1	0	0	0	0.99693817	0.75567913	-5.6173113e-06	3.8215369e-08	3.5380513e-07	-2.3123314e-08	-1.8543112e-07	-5.5142739e-08	2.8986451e-07	-9.0108087e-08	-1.6204455e-08	1.9396489e-06	1.2638917e-06	-5.6182126e-06	-5.656304e-06	0.0067343114
-0.244	0.756	0	0	0	1	0	0	0	0.99682552	0.75360009	-5.618898e-06	3.8589838e-08	3.5869734e-07	-2.3296938e-08	-1.8562518e-07	-5.5478905e-08	2.9604613e-07	-9.1096846e-08	-1.690418e-08	1.9404758e-06	1.2752062e-06	-5.6198617e-06	-5.6580848e-06	0.0067554826
-0.246	0.754	0	0	0	1	0	0	0	0.99671014	0.75151944	-5.6203351e-06	3.8924181e-08	3.6363436e-07	-2.3517134e-08	-1.8605568e-07	-5.5843402e-08	3.0232664e-07	-9.2121123e-08	-1.7609777e-08	1.9413335e-06	1.286524e-06	-5.6213627e-06	-5.6597129e-06	0.0067760009
-0.248	0.752	0	0	0	1	0	0	0	0.99659211	0.74943727	-5.621626e-06	3.9217714e-08	3.6861041e-07	-2.3784169e-08	-1.8672178e-07	-5.6236473e-08	3.0870029e-07	-9.3180346e-08	-1.8320272e-08	1.9422227e-06	1.297845e-06	-5.6227187e-06	-5.6611913e-06	0.0067958414
-0.25	0.75	0	0	0	1	0	0	0	0.99647154	0.74735366	-5.6227742e-06	3.9469971e-08	3.7361987e-07	-2.4098099e-08	-1.8762133e-07	-5.6658191e-08	3.151614e-07	-9.4273784e-08	-1.903472e-08	1.9431434e-06	1.3091688e-06	-5.6239334e-06	-5.6625234e-06	0.0068149839
-0.252	0.748	0	0	0	1	0	0	0	0.99634851	0.74526869	-5.6237837e-06	3.9680697e-08	3.7865726e-07	-2.4458784e-08	-1.8875093e-07	-5.7108463e-08	3.2170436e-07	-9.540056e-08	-1.9752217e-08	1.9440956e-06	1.3204951e-06	-5.6250104e-06	-5.6637129e-06	0.0068334129
-0.254	0.746	0	0	0	1	0	0	0	0.99622312	0.74318245	-5.6246585e-06	3.984983e-08	3.8371735e-07	-2.4865899e-08	-1.9010608e-07	-5.7587045e-08	3.283237e-07	-9.6559669e-08	-2.0471903e-08	1.9450788e-06	1.3318237e-06	-5.6259536e-06	-5.6647636e-06	0.0068511172
-0.256	0.744	0	0	0	1	0	0	0	0.99609546	0.74109502	-5.6254027e-06	3.9977491e-08	3.887951e-07	-2.5318958e-08	-1.9168128e-07	-5.8093548e-08	3.3501412e-07	-9.7749993e-08	-2.1192964e-08	1.9460923e-06	1.3431542e-06	-5.626767e-06	-5.6656794e-06	0.0068680895
-0.258	0.742	0	0	0	1	0	0	0	0.99596563	0.7390065	-5.6260206e-06	4.0063968e-08	3.9388577e-07	-2.5817329e-08	-1.9347013e-07	-5.8627456e-08	3.4177053e-07	-9.8970318e-08	-2.1914639e-08	1.9471351e-06	1.3544864e-06	-5.6274545e-06	-5.6664643e-06	0.006884326
-0.26	0.74	0	0	0	1	0	0	0	0.99583373	0.73691696	-5.6265164e-06	4.0109694e-08	3.9898486e-07	-2.6360253e-08	-1.9546552e-07	-5.9188142e-08	3.4858805e-07	-1.0021936e-07	-2.2636218e-08	1.948206e-06	1.36582e-06	-5.6280205e-06	-5.6671226e-06	0.0068998256
-0.262	0.738	0	0	0	1	0	0	0	0.99569985	0.73482649	-5.6268943e-06	4.0115236e-08	4.0408816e-07	-2.6946864e-08	-1.9765969e-07	-5.9774878e-08	3.5546206e-07	-1.0149576e-07	-2.3357048e-08	1.9493037e-06	1.3771549e-06	-5.6284688e-06	-5.6676583e-06	0.0069145903
-0.264	0.736	0	0	0	1	0	0	0	0.99556409	0.73273517	-5.6271586e-06	4.0081274e-08	4.0919176e-07	-2.7576208e-08	-2.0004438e-07	-6.0386854e-08	3.6238819e-07	-1.0279813e-07	-2.4076526e-08	1.9504265e-06	1.3884907e-06	-5.6288037e-06	-5.6680756e-06	0.006928624
-0.266	0.734	0	0	0	1	0	0	0	0.99542654	0.73064308	-5.6273134e-06	4.0008587e-08	4.1429201e-07	-2.8247258e-08	-2.0261096e-07	-6.102319e-08	3.6936233e-07	-1.0412505e-07	-2.4794106e-08	1.9515728e-06	1.3998272e-06	-5.6290291e-06	-5.6683786e-06	0.0069419326
-0.268	0.732	0	0	0	1	0	0	0	0.99528729	0.7285503	-5.6273627e-06	3.9898036e-08	4.1938555e-07	-2.8958928e-08	-2.0535049e-07	-6.1682953e-08	3.7638064e-07	-1.0547509e-07	-2.5509291e-08	1.9527408e-06	1.4111642e-06	-5.629149e-06	-5.6685712e-06	0.0069545235
-0.27	0.73	0	0	0	1	0	0	0	0.99514644	0.7264569	-5.6273105e-06	3.9750546e-08	4.2446931e-07	-2.9710096e-08	-2.0825383e-07	-6.2365167e-08	3.8343954e-07	-1.068468e-07	-2.6221635e-08	1.9539287e-06	1.4225014e-06	-5.6291672e-06	-5.6686574e-06	0.0069664057
-0.272	0.728	0	0	0	1	0	0	0	0.99500405	0.72436295	-5.6271607e-06	3.95671e-08	4.2954046e-07	-3.0499606e-08	-2.1131174e-07	-6.3068825e-08	3.9053572e-07	-1.0823875e-07	-2.693074e-08	1.9551344e-06	1.4338388e-06	-5.6290876e-06	-5.6686411e-06	0.006977589
-0.274	0.726	0	0	0	1	0	0	0	0.99486023	0.72226852	-5.6269169e-06	3.9348717e-08	4.3459643e-07	-3.1326288e-08	-2.1451496e-07	-6.3792906e-08	3.9766611e-07	-1.0964954e-07	-2.7636253e-08	1.956356e-06	1.445176e-06	-5.6289138e-06	-5.6685259e-06	0.006988084
-0.276	0.724	0	0	0	1	0	0	0	0.99471503	0.72017369	-5.6265828e-06	3.9096448e-08	4.3963491e-07	-3.2188968e-08	-2.1785425e-07	-6.4536375e-08	4.0482789e-07	-1.1107778e-07	-2.8337865e-08	1.9575916e-06	1.4565129e-06	-5.6286491e-06	-5.6683155e-06	0.0069979022
-0.278	0.722	0	0	0	1	0	0	0	0.99456855	0.7180785	-5.6261618e-06	3.8811363e-08	4.4465378e-07	-3.3086471e-08	-2.2132045e-07	-6.52982e-08	4.1201849e-07	-1.1252212e-07	-2.9035304e-08	1.9588392e-06	1.4678493e-06	-5.6282972e-06	-5.6680132e-06	0.0070070554
-0.28	0.72	0	0	0	1	0	0	0	0.99442086	0.71598302	-5.6256571e-06	3.8494541e-08	4.4965117e-07	-3.4017636e-08	-2.2490456e-07	-6.6077356e-08	4.1923554e-07	-1.1398125e-07	-2.9728338e-08	1.9600967e-06	1.479185e-06	-5.627861e-06	-5.6676226e-06	0.0070155558
-0.282	0.718	0	0	0	1	0	0	0	0.99427201	0.7138873	-5.625072e-06	3.8147064e-08	4.5462539e-07	-3.4981319e-08	-2.2859773e-07	-6.6872833e-08	4.2647689e-07	-1.1545391e-07	-3.0416768e-08	1.9613622e-06	1.4905198e-06	-5.6273439e-06	-5.6671466e-06	0.0070234159
-0.284	0.716	0	0	0	1	0	0	0	0.99412208	0.71179141	-5.6244094e-06	3.7770009e-08	4.5957494e-07	-3.5976399e-08	-2.3239134e-07	-6.768364e-08	4.337406e-07	-1.1693889e-07	-3.1100427e-08	1.9626337e-06	1.5018535e-06	-5.6267487e-06	-5.6665885e-06	0.0070306483
-0.286	0.714	0	0	0	1	0	0	0	0.99397114	0.70969539	-5.6236722e-06	3.7364444e-08	4.6449848e-07	-3.7001782e-08	-2.36277e-07	-6.850881e-08	4.4102491e-07	-1.1843501e-07	-3.1779176e-08	1.9639095e-06	1.5131861e-06	-5.6260783e-06	-5.6659511e-06	0.0070372656
-0.288	0.712	0	0	0	1	0	0	0	0.99381924	0.7075993	-5.6228631e-06	3.693142e-08	4.6939485e-07	-3.8056406e-08	-2.4024658e-07	-6.9347407e-08	4.4832824e-07	-1.1994117e-07	-3.2452904e-08	1.9651875e-06	1.5245173e-06	-5.6253353e-06	-5.6652372e-06	0.0070432806
-0.29	0.71	0	0	0	1	0	0	0	0.99366643	0.70550316	-5.6219848e-06	3.6471971e-08	4.7426301e-07	-3.9139243e-08	-2.4429221e-07	-7.0198522e-08	4.5564916e-07	-1.2145631e-07	-3.3121522e-08	1.9664662e-06	1.5358471e-06	-5.6245224e-06	-5.6644494e-06	0.0070487057
-0.292	0.708	0	0	0	1	0	0	0	0.99351278	0.70340704	-5.6210395e-06	3.5987107e-08	4.7910208e-07	-4.0249302e-08	-2.4840631e-07	-7.1061283e-08	4.629864e-07	-1.2297943e-07	-3.3784965e-08	1.9677436e-06	1.5471751e-06	-5.6236419e-06	-5.6635903e-06	0.0070535536
-0.294	0.706	0	0	0	1	0	0	0	0.99335833	0.70131098	-5.6200298e-06	3.5477814e-08	4.8391129e-07	-4.1385628e-08	-2.5258157e-07	-7.1934851e-08	4.7033884e-07	-1.2450957e-07	-3.4443186e-08	1.9690182e-06	1.5585014e-06	-5.6226961e-06	-5.6626622e-06	0.0070578366
-0.296	0.704	0	0	0	1	0	0	0	0.99320313	0.699215	-5.6189577e-06	3.494505e-08	4.8868996e-07	-4.2547308e-08	-2.5681101e-07	-7.2818425e-08	4.7770548e-07	-1.2604585e-07	-3.5096156e-08	1.9702883e-06	1.5698258e-06	-5.6216873e-06	-5.6616675e-06	0.0070615667
-0.298	0.702	0	0	0	1	0	0	0	0.99304723	0.69711916	-5.6178254e-06	3.4389745e-08	4.9343754e-07	-4.3733464e-08	-2.6108789e-07	-7.3711237e-08	4.8508544e-07	-1.2758742e-07	-3.5743863e-08	1.9715524e-06	1.5811481e-06	-5.6206174e-06	-5.6606082e-06	0.0070647561
-0.3	0.7	0	0	0	1	0	0	0	0.99289068	0.69502348	-5.6166348e-06	3.3812799e-08	4.9815357e-07	-4.4943262e-08	-2.654058e-07	-7.4612561e-08	4.9247795e-07	-1.291335e-07	-3.6386308e-08	1.972809e-06	1.5924682e-06	inf	inf	inf
